171823
365454
2103774
209425
253545
230766
191419
409569
189095
186919
234728
257788
334119
275365
271684
229469
220172
225859
202778
315451
213545
227876
218276
168417
264605
218681
2963355
682257
204521
335710
227941
182089
222722
191342
195394
238242
180160
200470
303666
419468
194419
211476
206630
283842
173926
312111
947747
247144
222887
1250170
240256
388055
287983
249115
234862
187084
197223
196062
217798
234811
256854
172898
187926
187638
168164
231531
260068
202072
184435
330642
305713
539525
329709
165555
235814
214996
242522
417343
340419
255158
214158
227923
200720
179685
181954
248029
185172
197878
243679
277900
282346
183521
254436
174200
219143
342082
174074
189272
215371
258263
294419
267375
370469
4879783
188322
195048
202918
374215
250383
208032
173692
202659
217531
210731
263076
457646
270848
272770
489834
180617
210168
330196
219801
218370
170448
201937
330429
210297
228786
1256192
208642
363534
314752
171954
544126
177406
318004
1006259
238616
3540203
413963
226795
157048
197785
187830
198064
193273
214343
204162
184766
192585
506553
224934
179424
197519
440119
209975
204302
282049
188621
234395
207330
165312
181234
196143
208165
204785
220964
238898
218683
228929
227157
249713
159996
204715
270006
240553
201908
192745
191216
316718
209510
1422794
180120
241960
254003
214100
2585998
188079
184615
193967
195896
207019
211459
268812
3012522
197683
211003
215865
229144
181659
208802
226643
300839
194989
201807
250447
223172
295535
462140
283249
248221
196376
175996
185890
221826
1486809
889616
192490
1418995
288619
244388
201438
179897
207809
213933
190870
212468
229284
440160
187263
198757
196823
193971
169981
239184
1402825
444194
220621
185934
209273
285956
222531
208005
247295
233411
393795
185460
236084
284574
192159
312776
200984
218378
196017
1024002
234924
176407
184858
191242
246435
168456
284772
242409
220334
178834
200205
235762
218426
200287
198216
243701
211753
204154
198461
186994
243829
369002
551755
200408
323302
197249
222113
244604
264150
205580
231458
191791
175500
227457
271000
223566
258664
365665
239809
209462
256054
246267
204186
1079526
239734
208616
653814
201143
205626
201355
191561
184501
238789
280879
227106
380292
243959
452222
205844
218179
912066
206530
191687
211852
267346
194127
291883
300583
273350
302632
216339
194342
196367
235862
235282
290940
156955
203525
203344
188103
212270
253443
207414
205820
9501627
199463
178586
213524
181199
202124
231522
211223
190788
418182
489367
201881
224891
218910
241404
398965
176548
326010
211037
191663
230996
1347176
311218
198245
238928
182542
218276
185323
208459
213468
193937
191590
201141
224554
459419
224869
237905
1006812
187280
616097
329127
214321
220484
266269
543643
197473
198417
228684
223309
316125
541960
337920
255921
301716
204046
178233
189121
253239
265667
239626
217048
287494
182496
183598
1245455
6975936
189744
183319
252315
221022
232960
208915
197103
224141
209627
180318
231360
252698
176871
220454
202639
267568
420913
239503
200534
1031813
362558
220057
197789
219527
989120
188984
249720
160446
411287
170593
197202
334935
588400
227173
1053086
193687
193020
258924
204767
227722
168198
211799
500225
199611
201305
393204
228208
220448
207209
175785
222949
200439
840755
207462
305991
222417
257663
191336
245247
324299
252725
193265
208992
240380
206931
192012
181252
172509
236009
223256
886387
226993
166840
195579
230007
215976
189942
234251
183799
209550
167302
195133
197342
188901
145295
166187
274143
205011
167214
181773
153250
205656
199196
191235
211386
151689
192716
226249
170761
161703
186883
192255
183697
226869
419346
201958
260490
166173
203154
192367
218035
169525
194816
173983
249997
184610
181814
212154
175039
190759
164132
168596
208785
193163
198602
221204
163829
175446
179681
536942
187975
237551
214559
204629
277425
191869
200750
395939
351433
199687
190843
185556
197841
183174
211666
555248
177507
210329
488287
198981
188147
188563
174083
214958
211332
240758
243504
213049
208467
206732
282759
244208
180372
214007
328560
267255
206804
247592
310067
173528
228471
3827768
206045
202179
160527
200041
173611
187148
181927
341888
142707
208572
197412
214546
222880
262954
2455181
153535
234789
186980
207250
195980
283739
153767
156351
161950
862747
166925
215119
186466
304454
164050
211133
205893
220596
152593
172871
209342
198317
204535
246115
190769
1080777
283888
212755
172149
204952
238480
244187
199508
992680
211858
238530
200462
185866
220738
192110
187232
226191
187097
199156
296580
190818
264569
204388
252253
149962
196261
379957
190798
202750
207980
445015
231399
176261
314796
161679
372394
184058
311529
192736
193808
240928
267894
195377
3476133
226222
222263
172438
331419
189643
269302
181103
253372
235961
250148
306726
190874
206325
204265
183333
219486
191836
286284
1360178
222762
305002
223980
222191
229270
179577
219687
2788170
219938
229473
262066
362434
204650
204808
191247
219146
242505
180128
210977
179215
234880
213304
136383
1208735
215382
222332
221290
209120
210788
201999
224926
220281
272772
206274
305865
895435
198971
222134
284320
201801
207618
183019
629253
220078
311586
245302
189432
228283
413581
221308
202147
237024
227022
181530
261893
205727
193405
157481
277065
273210
134651
228788
277782
243204
180036
183118
180687
217776
195784
163923
208746
216872
247330
152551
197428
217226
186640
363247
253275
190562
163704
204789
339189
286451
183079
265741
197972
188595
165261
208126
213517
208799
195623
280236
280180
1231145
172403
205099
283869
184955
223122
157428
192475
244657
205148
243454
185993
273758
198232
229635
192888
194809
248427
187042
193654
578338
206582
230212
169186
293266
198715
210848
224000
197190
199623
229967
224979
209003
187775
194095
182137
173263
229508
169393
231879
409818
193665
209843
199712
246420
220415
217640
164067
193956
827446
204820
206347
208358
260863
213079
201702
208557
235875
155835
268568
178275
157372
217577
222223
307262
223489
291055
207913
207223
183699
153261
190733
224758
177326
270599
184909
258646
162356
200150
272962
205563
173220
226006
213200
163052
204386
200034
259465
701852
265920
230510
235008
278226
232734
330425
249966
203772
207522
169166
176207
1014162
181943
189546
196733
253893
170642
234505
164058
224238
275672
700742
241449
426005
190250
167095
410670
298822
191232
141205
175570
189697
1933789
252621
230102
290721
182430
206870
211902
304984
147572
188360
239589
258627
244417
198528
196287
275431
203970
206204
237904
155541
236206
223059
171311
185019
206843
237593
161408
236936
196493
161079
178098
245188
197523
224538
171732
180154
224106
195150
196458
176188
187116
192185
201440
189013
208935
178676
221562
204512
236557
150364
164589
211560
174894
189225
276861
188854
238276
174796
200127
188558
201411
213800
193514
175653
190738
185233
210695
208429
197261
237188
219919
198154
221639
228352
212147
219252
217264
282118
204151
188763
234550
187929
163461
215004
257224
300770
436809
560365
535476
202592
232977
202761
484863
219815
238989
208587
308402
197140
206595
215136
188084
7457182
255256
286886
248701
263752
233065
198650
189844
205192
1411018
392086
4919435
284090
330421
211699
169644
217282
236349
168497
256462
185175
1051564
231016
234048
176272
207016
247210
217452
197530
275747
199080
224311
246821
173087
230286
216273
327769
262971
215332
210775
212118
521727
220693
189401
220217
279780
194508
246955
176414
205556
237071
199324
216726
194255
244575
212820
332820
483319
212748
210349
333244
193375
179837
188683
296149
229051
190932
182732
159994
349405
209640
194264
403659
385694
251517
246296
249803
275302
239232
241012
184030
259445
361355
361155
268423
218893
283254
218223
196606
218411
266255
211672
195961
345273
188574
210716
197474
238675
222874
360969
271310
262498
206068
198096
245377
202658
190267
187299
253832
277716
236351
226653
252639
198366
205547
173621
169262
222127
1428819
153979
200345
196069
185861
172460
169304
251008
203569
267562
178473
228930
229545
181185
199643
332896
255316
189871
185422
204743
197707
264312
221837
211850
184699
240489
204991
163981
222166
254413
232031
219937
199250
183318
207938
196760
285905
198110
313346
365643
193535
456475
189437
235756
248210
220975
261823
296681
199189
664053
205653
435065
214332
218324
241476
226257
255819
372202
243597
247691
195045
275000
233153
483117
206874
185474
187835
208631
217085
219268
162696
202644
258506
219973
188321
190883
215129
166993
203282
198807
504504
265651
235238
204398
206186
202858
156765
235760
200729
194201
254406
251405
194433
213155
430186
164555
213560
238124
215957
231751
217028
214066
150912
265529
202838
305845
344907
177577
213154
189344
203629
201189
226750
336365
193140
209965
278797
231730
273315
190051
178702
214435
329313
235325
215622
169780
217275
162468
217514
187959
393486
200841
295152
200812
573539
202689
182610
252291
206926
184247
241089
237427
182453
235724
349885
212356
194540
304053
638647
2211435
477658
189308
232459
205485
292308
334708
197678
197427
162616
230792
276684
195237
181397
182520
220715
238582
157218
221148
289130
221727
228322
215182
210560
187549
335126
401036
162961
206411
221486
238519
225361
259571
274595
337628
446111
348275
205647
233383
286060
214583
252682
276694
235141
228698
223126
210453
215883
180729
262503
332609
329296
308054
300831
295076
387051
225227
290290
233110
285201
189909
174946
192846
251670
8226710
203440
177072
319482
268235
191948
181774
193637
187760
236298
212437
215178
191206
213667
352743
201539
198495
174301
227656
2012829
216373
234487
208401
399081
210442
195112
169884
194080
195784
182307
218685
272106
186360
296412
290381
186047
175346
229164
334498
954138
3342989
233050
250623
154375
369106
550144
227714
212687
232797
171828
395719
230050
3359521
219025
182829
321111
179687
211111
199467
207396
258638
200958
168354
278286
257966
239697
244844
218112
178939
260132
251550
235735
190992
188151
184949
176223
174574
231936
168828
219317
474771
177731
210180
201210
144317
226653
180493
221923
246449
202166
170434
195198
194357
292684
291257
261144
275478
187351
168763
223000
162811
226137
907944
223508
278100
277751
259417
220684
231773
250286
234022
443610
222635
225562
248629
217045
187284
267652
206792
613266
218192
328468
191802
181810
274138
346661
189887
343389
240259
255066
179929
217655
175242
156782
190555
180617
224359
199972
336367
245357
171749
202395
240235
199511
198398
183865
193188
195926
160881
183518
236407
177203
300442
681723
420637
182356
736429
194570
183307
235946
283465
213256
180980
245962
172015
240440
199061
153259
178885
206792
194236
185225
175651
174573
179430
209587
198365
200435
221845
215830
194290
232206
217260
204926
264795
241912
203678
213562
361067
209515
418816
200855
215344
229336
200689
165971
220066
215558
196480
207271
202561
204010
281775
244142
253055
263274
252135
162910
242229
202239
184589
245054
200118
216567
234215
168844
221797
346037
180669
227578
193084
264165
252173
240652
221726
185190
180880
243125
213720
201296
188084
160809
276776
155249
182019
252817
181842
186648
195545
150950
248463
287712
183525
219161
201908
224947
212939
221477
231432
229519
193709
229781
217468
211343
157980
180964
754837
190994
201446
194042
191186
189137
215172
250169
193881
226087
182924
210647
241483
235968
160729
350786
182195
184995
208485
177009
201441
209031
189918
218573
287471
190403
228304
216387
323505
308811
203823
168668
227773
198049
241022
233699
201358
138807
200147
227346
183301
216805
270360
196037
182106
231890
201994
203806
223131
186930
179507
192198
177693
414775
174935
235986
187747
175904
247235
250838
192064
162250
241544
245274
182160
192845
233003
224025
257759
407811
159602
253444
169580
304191
202872
175159
225501
216366
268611
232432
474941
197741
212828
150577
316717
179209
248246
199603
277778
220163
193829
185692
228875
304954
157001
231754
291316
215822
162913
182635
201724
240202
150399
545090
190479
179582
226808
202549
191025
211799
185380
175093
264919
190981
240646
209923
218748
200633
215895
220388
230581
181580
289111
178358
259949
167924
236490
177591
184184
249870
247955
339410
204555
189413
188331
166639
210603
181953
342614
237556
230186
187692
254609
608743
189759
205905
229184
221481
168431
183262
197096
424840
190162
242623
208997
193876
240664
431590
259662
158957
186305
201015
199206
184400
175374
170370
199549
312643
326199
192904
224327
239107
204790
223441
182676
356082
172957
417308
303908
167877
226998
187735
282734
204157
220551
214825
256406
140767
164042
267415
204432
214333
196081
247317
185052
207074
170201
274259
218741
262363
192484
180780
178975
252619
219864
191446
244114
169554
261657
250756
178280
238477
203842
180663
240432
210394
183667
182780
200018
253130
770018
180993
178883
216729
475377
245963
339671
192010
240968
592851
219937
381180
160087
584847
195143
244821
215823
161415
185879
199103
225350
179123
193340
214034
173594
188674
233646
259664
171519
168873
276163
200056
268953
199059
178506
197973
212514
192400
176033
182873
216133
291411
216735
220857
148638
247911
155752
244901
237304
260534
176304
283616
210950
251020
180465
220079
187181
263670
202931
177774
243990
211313
323313
217995
170812
157293
201608
311800
197810
259545
199208
214921
167431
233211
258085
419470
202323
199214
241007
180262
269438
217663
233734
177233
210853
174314
202693
298568
342335
212869
277546
220045
213284
196032
188426
196096
196841
149611
172205
239717
157184
172556
441451
215693
193157
331621
272267
215917
264858
178331
197329
274808
207030
228993
484468
246163
184095
207092
208888
206855
297881
195047
259568
766270
215946
187568
172353
155712
214763
248302
177212
192927
212482
215090
192327
262542
228013
284777
261493
207905
178987
249039
233569
244780
216714
203345
187436
264013
226648
231972
154892
179241
212941
212952
300716
222128
208964
234545
210984
191021
176356
177221
239753
167291
208055
283745
180837
257226
196256
159920
201696
231144
277689
206359
229795
561914
219149
167235
501672
216106
191151
159062
588315
194117
172472
172646
210895
193788
187490
191226
175280
221073
178529
286666
200670
150822
186150
198922
191537
188324
251218
179251
187236
231791
302931
170795
154099
214508
179645
157079
299858
183124
232757
181953
180256
176510
190210
216895
219038
242394
224747
215092
223954
144113
177318
225267
176545
183842
316322
279707
206421
253112
232864
186344
255324
231884
176106
192288
224547
255096
205797
292499
246336
181859
184095
195103
224097
182321
276243
219853
176139
202670
173850
202912
295697
206243
243301
145480
172917
171143
170055
220884
489031
190421
179569
173577
162383
258369
234045
187546
204568
152624
183575
209523
200766
210376
212576
160456
267128
333494
203093
239162
167500
397145
367885
839678
168577
217409
201643
164653
249606
211698
232025
177385
303720
233608
198579
349042
255181
205419
234209
192350
249211
234546
232138
163105
207306
172248
205754
194483
240106
233019
201743
232806
199890
168915
294000
189766
167834
231695
164175
588517
287209
235718
1463392
424490
298252
218336
184852
283651
144884
179736
201794
200366
186392
192949
171127
211505
206798
213360
601213
189127
274109
148621
173540
294975
218144
211943
184264
195278
196476
182576
187985
234932
213302
210167
209170
155351
228538
275959
171962
219281
213735
1296577
191567
536126
166527
198657
176900
311666
367869
238387
197431
197933
216700
202461
214561
221242
289504
221356
248933
184878
191108
231083
197828
180771
263783
253803
334429
258770
199580
168162
195116
228090
207428
274688
190841
329164
250150
212702
387922
201954
232255
204044
235211
228625
422936
231668
155539
305407
220992
227740
183603
419540
239634
360239
194115
256452
244023
266961
186167
167166
198414
178215
261366
190466
233223
253783
192109
188587
205331
177871
193432
716015
191137
304263
188163
188924
235852
217362
324420
209776
181790
220947
182027
178524
212102
212135
230530
193185
210634
272498
193499
226253
181733
217704
231941
192944
187569
397316
168704
163508
202993
193227
231566
216607
191167
179400
149555
263727
182957
201262
198260
186078
177686
207974
235470
233545
236664
175283
182861
234434
204637
184832
209766
180199
175243
282708
228966
197212
181560
245129
192317
177524
160011
241239
187167
285693
250826
249998
193690
208675
206072
190269
197669
205087
234210
207960
200601
173569
220302
199330
247872
410358
199228
169405
196843
190508
197145
1135052
180868
207570
213194
162214
185877
191890
178266
301719
177792
179285
187119
196171
213078
172811
236956
209668
262940
164353
173683
801989
194326
183969
333515
227309
254112
196301
170481
240344
169147
193542
209183
226414
181135
246323
187067
209781
202994
163021
195784
216078
193734
213415
184631
230622
200811
255080
207380
194357
193036
200090
217841
233143
209929
208862
179221
173264
179936
169685
210872
213205
199332
180222
195708
158989
177101
190970
183343
177717
243538
157685
253608
189688
191720
288254
243194
184280
170439
248949
210524
207925
166607
218547
256229
261608
287731
184168
169342
142524
167889
188532
154278
220722
195229
163313
172277
212586
196318
265646
282303
850922
191887
174429
249724
223008
211084
327096
194704
196190
199888
184283
201415
271264
157610
241561
256632
239119
258415
240725
353734
231661
210013
210204
255539
174874
212052
171180
179193
225411
179469
198066
175945
245132
165311
467269
250784
208940
181492
177528
158793
204614
191054
185167
206530
295215
204238
227085
165887
240655
375364
210158
197343
181421
215693
201185
204815
199359
172898
169618
220298
225221
170081
212656
204775
201931
203367
229578
140616
175960
201535
310974
230090
204655
202284
189135
187510
175422
161812
265626
205936
236484
658307
162162
564267
239919
274950
220005
238599
247830
262419
339697
205248
210748
200779
220053
226693
258832
186621
223988
275064
201410
186526
935037
245128
205609
243330
272566
214080
237884
290181
191488
489376
205582
314940
207205
198721
202044
205496
182596
195877
201327
635541
167004
169851
219414
202481
298895
195303
221422
188950
214014
222317
250716
216499
502769
182642
212337
186105
201406
219943
198851
172108
226046
284361
207519
228217
222547
188446
191277
211380
197184
238596
168369
200027
169075
199254
179525
279101
269350
302957
216473
214219
292547
327889
188513
234147
175503
171527
227837
149221
229500
192546
205723
181364
209764
226443
172846
210299
170581
218548
225508
200072
222107
189706
199753
161275
167838
174254
280658
246254
173192
176736
185718
155230
164750
164912
318936
298277
194256
196025
430038
207219
161729
155710
229568
224038
297213
198584
267732
301056
176719
183040
335625
226357
253851
190755
567289
224300
206017
210706
241202
224812
172009
200011
281214
267921
218579
214406
200766
194312
219439
200620
251871
183176
212095
237339
290623
188798
404506
213560
191550
175269
254828
200673
198044
192322
237804
182082
412709
173929
212139
305243
279323
183395
196491
209456
209921
594985
227712
189399
186726
226632
610230
197480
250014
344549
189993
444635
319719
433273
227202
304717
164266
199600
191926
863028
271526
206855
249292
200521
172711
268184
204623
282496
144794
174542
402848
5379458
235358
203109
274762
204046
152644
205075
1112777
714096
193293
196357
178375
172452
596225
262126
185987
167353
226441
233431
189758
245583
214916
236570
196514
255266
209023
250874
591124
183268
290259
191013
431547
236075
234916
322505
187880
200397
262084
177016
227954
215785
226023
168260
221713
208716
197638
407435
334767
272615
207418
239949
190513
270589
204393
219252
886822
280602
3923820
285101
235830
193281
209775
222661
300498
262621
254541
176167
209777
303213
208361
178370
192927
244584
196034
429404
211644
191952
735160
194263
205770
199275
174775
214728
187106
159939
191482
768942
160360
166429
215963
208944
183317
346182
522363
199633
259909
196928
524884
199518
533004
172520
185447
205628
240666
3891720
173337
150177
194587
531374
183893
191243
169798
189422
218432
182392
166579
172590
200577
260028
403017
246087
233858
201606
205134
287660
145732
171372
189229
239237
150142
194014
162539
175631
466906
222986
226617
182710
203600
196163
244202
187934
198982
186586
195668
177656
172578
224122
178726
220252
205764
255815
374133
410057
147142
190955
188017
151359
238043
215569
248072
224004
166667
164879
290530
194406
205160
287599
155352
296686
225217
537874
164239
224422
230037
188701
208797
273164
207020
217504
191884
206152
226842
213696
228775
234291
240182
240544
201205
204611
303120
927625
299873
191083
427158
272080
152374
229348
205459
239236
255308
271212
188463
217087
207500
303587
243599
216585
313238
209628
185763
161151
258709
204420
176842
209380
233122
190310
246155
193829
200159
315120
163388
174638
285183
189934
209707
175375
3902966
273056
209807
193269
174876
197988
283639
175130
472612
198757
193737
192269
202451
208634
198598
229502
231293
192412
159687
1440420
194255
187434
205022
175089
264353
221530
320674
205919
227938
171758
182576
215809
204861
165086
185771
236885
184903
218033
207394
339499
183354
185417
288175
224063
229110
166631
192963
342561
185340
219798
246289
281181
679195
220532
202224
394830
225376
3578996
187325
214186
206415
226550
187664
163178
185676
161456
167347
215595
210842
195866
194057
194280
218430
220570
180053
237009
189680
217480
290692
183379
201834
3754798
230411
233025
232445
225894
193352
206071
383300
209206
226883
227814
284203
318674
202556
215611
232742
195112
255057
215877
296784
206496
236953
263405
195386
194105
223737
199134
232007
178408
218027
241778
270768
607746
176279
217970
205011
218579
3608806
205881
209345
197086
277012
254222
213584
234688
193106
211437
170489
206396
172828
201986
200517
246082
250113
196734
256621
228587
187383
203533
226642
197390
158394
602185
225043
211110
224088
191214
224518
180032
296162
740719
186019
195973
196087
264200
248749
194932
215355
203845
225007
202756
173071
227180
177924
262340
180192
218961
216300
252734
213501
192933
206396
275846
228350
391797
236683
193606
245255
332837
190212
284903
239889
172652
183936
222484
388616
259943
217503
146293
637580
197026
228150
148463
195411
212075
177584
202561
177790
212598
179439
255120
303480
204283
174590
167213
206027
176698
242533
217881
190535
301436
222266
175041
224419
308795
252251
320372
232691
178629
379019
203714
182669
247222
232202
219518
210023
195693
172308
223891
156393
193747
198888
202869
195775
206886
219968
187607
202035
263008
184813
185171
193448
175197
3333403
169173
243853
246204
188765
190480
186959
230856
210846
207864
196997
519657
190296
187543
3568357
195870
242543
257424
325857
173414
217669
199382
195676
235717
179214
242304
212723
204712
201528
192744
233779
215917
203175
211155
200146
238048
183680
179507
222027
191953
791554
227697
241991
181291
411478
425479
337543
290244
172942
183368
542489
179566
212031
408885
220240
200387
189013
204739
479921
209767
907493
206366
214949
226611
210198
227866
184156
893780
210691
214214
226170
230438
212829
215185
318900
218747
206710
258110
201736
199164
199069
507382
679596
214025
683112
216321
216954
277330
561110
227303
249816
617109
216694
716967
522487
204871
265276
254102
196745
178670
517709
246668
206225
272304
231637
185839
223560
202449
193357
245911
277020
239202
412871
192480
197467
240979
204991
2396423
401331
542308
237290
218554
198086
207516
237686
266229
444782
262144
181549
161887
254875
225191
243033
261971
249855
180400
215565
239741
185122
203920
680713
1210667
179726
819571
187244
214261
239800
621289
216187
210597
240418
196143
247977
217939
237769
222013
291176
436145
209105
177866
237895
267527
201627
191807
196281
195002
257254
5619448
222413
207467
310781
409675
205206
301483
186747
193134
205803
209984
239386
266178
279490
197721
200269
187092
179004
288820
186706
217396
183683
193290
188196
153333
185132
222902
333151
182166
1076770
685472
313322
147235
204869
400032
159089
237348
221501
184097
217698
220628
185097
214962
259928
171908
178799
242687
761182
209358
183834
242703
242902
250402
194589
165516
196554
234455
179282
208822
163397
2609615
187169
228681
203024
256917
506972
201765
172992
2047878
189733
206138
214510
199570
1143561
222093
176405
170644
164705
220970
185147
184772
206646
211501
222659
307423
431959
177523
170804
190618
417673
234164
224710
193270
205978
195007
187115
3215768
3899391
168015
411860
148378
178573
357765
172196
329214
426464
630423
297732
259984
218925
193267
251874
173903
201065
204892
182169
231412
197416
200767
554711
272470
227833
239542
202374
172061
194856
293345
184816
190718
188585
177434
261694
203994
207761
244859
167926
236499
238223
215870
175886
210708
237825
187023
237902
274512
190747
178642
184893
199399
190409
223721
5109666
177315
170245
215824
305826
212385
186217
181908
165221
289461
202408
205234
257865
229103
230611
198073
565455
206895
2131735
177269
211076
178878
920806
237351
257425
212986
192549
187029
251664
186329
253727
153222
207709
261729
190379
152808
228209
244250
198609
188384
181648
206345
308135
206245
161170
206027
268974
203572
243664
384970
197391
212172
185296
191736
199430
170280
195919
191605
439832
171661
215165
233773
232295
185524
683916
618150
187817
651644
208631
205164
201177
155151
243093
181916
237017
221182
213500
214427
412709
222292
203507
179814
285356
231876
169640
225906
175070
294416
217514
1468964
215247
199723
188882
202640
189418
176079
224792
179278
177131
194060
345288
229405
210063
189844
243212
2137785
357349
230447
196638
330851
356345
5440352
255169
252403
183450
173157
217092
182799
332617
439636
167664
186652
212416
213898
196033
207452
178100
198362
222704
210624
182530
507142
205586
226458
257174
223803
180961
198381
214126
248901
277225
179277
188885
227275
226170
763382
203068
307916
228751
199479
250913
206214
204073
153746
228921
168454
209778
197646
241115
202940
192533
161827
211250
181725
187400
226377
137804
261841
274067
196945
180252
438654
179888
202787
181866
249320
218667
192491
199567
278961
336591
194255
230249
172391
385347
210558
223459
225747
239008
224774
208995
222743
244966
198087
185635
166911
197816
262574
195501
218513
285081
197023
647261
182359
295987
300244
289638
233920
237685
183765
196648
286940
211535
178997
220571
249160
195633
200365
244101
255567
210270
187822
246359
223155
171305
244039
245830
240711
289077
219442
177056
201564
203059
582687
225174
218783
186561
178231
201584
243541
599118
227443
234770
183943
222570
205052
236304
195389
225405
307722
227297
281203
176213
166539
217441
170301
176080
163359
262396
227188
184866
155677
172713
193664
198054
197076
184361
190470
169600
216853
223490
197618
250925
152874
212625
3002837
196557
214332
196538
200361
639664
201371
216239
188115
239859
233496
265450
163988
197728
164897
193357
203755
302216
339834
210805
261584
190102
211728
291305
199892
280771
221068
234449
243996
169360
213426
210268
212543
343436
280890
223912
232274
270524
198487
246447
232315
630530
509506
220461
208555
247239
240519
220138
347825
235799
221194
196968
179151
199772
186537
237442
178376
198761
261536
222668
315725
198213
198858
275831
227064
199192
358852
232997
959498
484659
216551
222593
181060
139812
205071
365431
178072
206321
192877
207226
193818
250872
210935
212826
224993
196967
383514
221275
290058
194818
213543
581081
184487
200052
212884
239088
207610
204457
202965
213955
209016
214647
232691
690724
206046
329145
217580
189161
231799
158348
205934
202698
199431
203878
183082
344833
215181
187182
197973
762680
381462
186822
234073
226744
203104
226612
195629
246860
153301
206437
953694
198248
188214
188937
240349
219961
382494
293559
176750
200125
186816
194658
219513
177257
353748
194789
204558
235739
175753
192872
199244
247157
179331
225445
317975
212028
208915
215327
342855
214192
244104
491261
698597
182426
179167
813239
286031
301152
215450
371174
244781
213058
255828
236787
184304
195105
232947
246750
330423
228239
205201
219380
164980
196845
181216
213436
222747
193919
209146
231670
201570
211685
420784
265797
197833
213302
191814
533054
207963
188366
250732
191545
169740
187880
851644
219574
457470
224853
592380
264539
176263
502842
441720
276036
212438
237903
241913
215950
234406
211624
256251
196240
219660
197422
246748
194997
216170
219937
185453
211609
199348
217007
8269219
213384
193249
195338
217615
241901
170536
197601
214018
265536
199460
187889
247685
203921
210566
282665
240326
1399150
186459
370404
192880
210319
220249
194482
200351
215365
435992
232499
284761
7999869
173391
264405
222788
238365
238705
226767
1012577
221667
1834777
215563
686879
233965
219454
986692
4499978
227461
216166
3508503
186311
200445
175366
202865
215302
236560
206166
206372
164549
152235
281069
198600
1187812
255806
198908
182421
204685
211793
236708
226678
198942
206011
303852
212283
176828
166075
191586
1113961
196474
239918
202002
214647
3810351
216149
188782
180364
800913
364693
184977
190613
192327
153719
158253
173610
201760
208388
211007
227006
215263
215163
169753
156479
313310
157905
2370986
204546
212921
166335
209248
214369
236408
185785
216790
208586
171410
936985
193851
233946
182904
211094
189859
226108
211356
199233
209108
486008
235847
176282
222697
222500
196792
431518
3576528
238048
150387
264808
356158
188723
193620
251508
383093
527717
251516
278670
204247
201318
217008
192859
187059
284769
200717
217021
206079
198336
183827
233823
227443
184956
582717
202276
180788
209043
226570
173245
160587
234811
185043
323137
195414
168956
186091
220677
3639133
224826
205515
204014
205776
192910
147304
203249
512515
3345788
211395
278119
222466
228718
243419
187733
238077
209993
282063
219693
214675
234812
192163
202470
219061
205360
197663
197624
405076
205984
641238
257219
195037
212192
177059
217802
191671
768115
203540
260495
1309196
357871
259889
157461
209596
193050
190046
458733
189928
608519
253503
188789
1075330
191900
262157
181096
227013
274330
179557
180447
223951
142762
236346
199826
208617
274996
223390
282635
184576
535999
236578
197074
211387
230837
195489
188357
222487
184479
370453
193610
240259
193078
406474
281179
930547
202097
253643
4010158
171022
169174
164446
168868
197876
211974
205664
223519
192242
354215
228194
218753
222845
256060
207732
351286
193706
226712
277731
184565
194522
234608
238870
237598
209432
159065
189920
208183
209300
205241
203572
201442
207574
211489
189805
229043
265397
1934879
229246
189869
196143
243025
274084
197560
225496
217564
168047
204839
213674
220570
181862
209385
255847
2667785
733616
222123
229536
204370
177932
203316
243210
236131
189945
338937
153934
191011
244600
237841
228436
192200
246471
201604
207934
303609
245199
172551
181346
196689
251696
253626
188269
156436
198859
402593
179015
255390
212686
186853
255453
197739
394859
230410
182619
231258
189479
438888
205512
216316
177557
156043
198787
214125
206349
254905
166786
217464
238935
535813
181887
214177
192859
252320
257232
207646
191857
235121
213737
230482
201986
167539
245637
221637
217225
299243
737177
312548
172429
187051
235645
178992
907687
786702
915248
169269
173397
229934
164589
279326
333401
192766
167494
182006
213273
157103
900089
213697
199667
201878
248957
156126
181406
228409
215502
205289
849267
229667
196589
219891
254967
176033
211371
223710
202884
209103
323099
170817
205016
225761
260927
194302
230011
264502
273024
232797
190584
190512
287283
172125
241069
256368
200917
217712
170639
283427
676940
2754742
238539
197491
169364
187840
247755
194899
239181
763833
193653
239826
188772
2977373
191849
247539
187887
666116
211308
200262
270366
226961
184660
253280
294253
264570
242542
237742
194857
294574
212513
171394
203221
261988
261751
149275
237280
216797
187163
207610
247962
212308
183551
202765
164429
196615
200692
189633
241968
614837
246278
196352
219310
192828
182863
237579
170774
210136
215385
206440
190416
216981
178703
255936
200476
200812
176296
188662
273835
189630
190724
198292
202218
207453
217958
197812
218639
547889
189591
150744
186968
204998
301570
328959
208089
230125
288342
321295
829781
241471
247661
262347
209621
217137
207686
201759
239066
210443
247162
190671
190929
209676
201898
483634
205225
189289
1236629
222144
444539
210655
220738
371317
186880
240772
204415
199838
235157
236495
251688
204176
271272
201090
224380
201283
228007
168880
303273
190627
215747
229427
190291
340012
176479
219300
250246
180591
165982
152746
188507
206856
272682
214495
395829
229403
263652
226161
259652
174343
221464
196968
186624
200815
177964
202990
2936303
254266
255810
412892
215306
247598
166220
187263
226395
204913
236469
199969
210435
245370
212661
217191
210053
282696
171033
1446690
323699
194444
229379
212222
176870
267716
216668
218471
178049
195538
203122
215644
461295
283239
194646
155640
262822
232710
157853
189575
227920
151692
241578
184557
190374
214447
184427
218421
183320
160076
218340
271561
164736
300532
221873
237702
226276
238415
187748
241628
185481
189679
234570
220855
256577
202869
201832
179103
240622
200403
352323
293862
302862
228360
217382
167165
269799
202023
195969
196533
226457
226191
292138
206240
246556
240095
258395
204854
235035
216770
178144
211149
170379
200683
199095
199669
201971
241284
179980
176968
145334
195709
269227
214981
185730
198000
205402
309609
199013
211719
163037
265988
205327
534129
177781
225860
188228
188572
174329
169652
277379
213437
382004
310502
337826
188944
199206
213318
208444
191730
129184
215017
144909
218961
284751
180888
771984
174554
245880
232318
212417
184793
219151
272423
260213
250710
180786
280626
280007
199483
227997
204432
203977
253179
178707
237839
183606
214612
221583
187023
219371
201095
145737
223851
207546
223120
471433
204622
205908
197794
246624
189836
225583
250300
207278
186530
336786
5597682
209067
177407
231441
176931
234179
223443
206603
215921
346627
199528
197803
275655
225137
325009
259417
276735
207200
225160
178330
162860
478320
240536
150248
208929
186721
211727
181361
184451
159749
171792
297944
177239
188860
244013
208899
255699
283691
239002
196516
230571
207856
182512
235012
158338
211315
177972
208000
251585
278292
170742
242130
210269
212653
364986
191983
166061
181148
170871
164285
282700
158982
232071
216460
172370
173964
197267
190589
293841
235701
248708
409415
257410
273305
243013
219406
205222
196131
288258
183953
181087
221172
196403
190093
4017430
185540
195244
200340
169965
196885
255984
182932
166178
247486
244972
237365
178031
269008
287874
244361
235160
294406
237691
266237
188063
237220
206163
234905
260801
211919
223673
203088
230823
211458
313797
203273
203036
261130
163308
307550
223618
194473
173071
268755
186251
178779
231798
329249
250045
437573
162973
250848
211942
224952
194901
190915
182749
218202
205190
255425
266572
198632
247616
235731
196100
174800
199505
199125
187590
202265
211717
241920
222413
213269
277228
211154
279353
168458
205501
210482
182960
217779
275846
173571
190967
185083
287715
215588
251747
174702
182502
262678
226234
176679
224626
188079
177868
182264
318993
244453
214759
215019
220244
191844
207028
170868
174332
457262
227223
194618
208777
346247
166230
194760
227980
231119
162112
235918
162202
208415
278096
175480
177227
231630
353039
191358
239000
214926
189973
206171
401968
147129
208016
251383
212039
208050
210774
170084
249835
279965
177456
212376
190715
333078
189150
540466
212126
225577
159531
222584
225523
163527
203779
190438
196474
206558
173269
217689
210014
170363
214614
178195
281713
169554
243424
205529
217230
243638
208546
295307
2509668
262111
227285
307556
254541
229274
172557
198196
161932
197229
179043
164739
257466
282217
180603
290604
204982
256653
198871
793115
333704
246495
182227
173001
195521
283643
198003
213583
183434
214843
366036
187594
266806
207116
182534
348922
296182
206822
218601
234313
331061
241150
302666
170998
170159
216700
204316
298357
198848
188052
189006
183140
327825
306673
165445
218640
214573
239203
211265
262323
207585
367314
184805
1060478
162805
250856
194394
255261
270967
258617
285421
231144
185270
237444
227606
234245
227975
231587
139197
226262
239123
307274
199312
225773
157342
192471
184402
216381
188167
215042
282557
166340
200625
225592
185145
217016
208328
463915
251873
266019
191716
156013
199606
207412
366838
254528
294865
193001
182379
200415
190790
205761
237028
183561
189316
233409
190034
221991
234350
203591
235375
217448
291525
200858
238070
177801
196044
502050
215751
180342
254393
262186
284098
296752
163648
200134
206768
321106
268094
219085
194740
222891
180630
188832
467959
288328
263930
589156
194583
201481
186473
146960
233835
320152
209221
184569
235927
242869
193353
314428
210097
220616
197268
192028
227112
203951
274105
244219
207428
174381
255517
218250
215165
225290
219975
188074
273129
275121
196595
203607
357057
215172
176527
176757
301724
211267
182838
207384
223821
1604017
446933
237446
256953
487101
166231
200906
232357
212269
193442
196368
260560
296959
165943
190539
440490
159278
286376
214131
205872
171405
226990
237887
2465991
168653
389399
209153
202622
278813
365531
345021
173279
212842
265067
281096
169799
330353
193563
251091
165353
191452
316457
401273
192030
145428
158248
248484
306268
190096
212965
169185
150216
196095
166720
227951
317698
216911
221708
164911
228414
177077
249721
206045
170297
217337
268505
252202
193076
247965
228471
218468
305380
218568
209940
163935
186558
253092
223263
233386
290821
2593340
216397
192689
254618
222208
215278
230610
185198
204437
167660
233778
255206
189323
281970
277207
204640
185467
370803
199134
202027
255903
180825
156411
201245
184600
194554
251955
225131
226825
167674
197115
217119
234553
230349
241307
206871
194303
208700
183561
193233
587192
239376
225907
607728
172610
242973
222987
185121
224889
208408
188577
190957
209522
196891
219801
220846
228357
219887
218245
201862
193287
247187
234051
259662
159402
181694
216297
197133
228151
168464
175938
227523
208734
148810
174766
213866
163940
206533
176296
298475
227619
173765
183709
160156
208190
265968
191706
220115
225402
203443
188828
174752
226044
278552
351023
237101
240349
175096
256207
184067
192741
202281
214781
216915
270313
173308
211346
216002
180914
391994
199908
374062
215732
232573
252322
233139
204003
176404
202301
164598
224163
185759
225443
231301
211532
207693
272591
212882
220103
209838
206063
288906
214831
222840
190564
184117
223915
230015
205554
230314
232042
192548
205301
250846
203429
269971
344463
196754
210490
192568
342321
287726
162935
223555
208815
287721
254004
258649
192853
199651
188478
368676
3948912
172051
156127
272393
230253
165960
376435
265011
232400
274869
226565
294683
219678
189353
230365
241328
198326
175506
222827
169198
278712
231501
196942
237303
195121
225197
220678
211582
197260
220990
195647
197794
406510
183910
176161
187040
212510
405043
242162
487200
146104
174792
184763
225608
209751
393910
229734
183570
212880
253671
284802
211776
309271
237292
289329
187289
766966
222629
197625
238275
239152
156598
175235
222866
173489
156906
186075
211387
197229
221719
237358
227749
235906
260172
217489
230236
4207055
372520
222972
248200
259793
205368
286834
253919
221053
194676
493044
205630
223915
220173
169005
251274
212856
201533
195914
184766
195071
187536
174737
3073627
230874
218302
243520
277925
186651
195463
182995
327513
185007
216105
203426
192960
200115
437201
186872
203600
174197
221442
668456
179147
260276
218907
231931
182484
198834
236377
242450
188014
281017
195419
188031
249081
155853
219660
217660
3456347
238879
397736
5472210
210774
436476
222882
334611
473778
176379
191544
214877
191794
210361
277269
186537
211017
187461
204291
198198
173329
197231
200731
1159301
195575
241633
212176
185818
223682
203824
215125
195686
154049
301337
272210
200048
558222
192595
215835
205379
201864
194694
172239
360940
270260
263648
221304
247546
226485
176000
215754
209704
222289
214211
204438
224027
319191
238919
258892
231662
314392
208536
575618
236764
189226
218429
333977
422769
305858
302924
233847
199687
208543
194061
200628
187937
208699
319283
259629
205633
217203
186762
263177
412379
218854
240975
189906
260009
178578
416855
170052
221861
182349
341141
212436
256699
169548
192035
174498
191424
372039
223645
167242
221633
209186
4425306
178529
246645
216393
216585
748928
307816
173607
166050
221166
199956
192412
184706
219589
293514
206758
171174
185536
239224
319650
155725
224042
245811
258397
164715
215026
211876
183943
223985
242699
3140648
292943
169250
203145
207068
237966
196888
187980
717197
190100
255146
218599
365730
220734
178766
259076
203305
194817
201965
210698
195527
212120
246015
221387
222613
278982
221616
263310
197899
262561
242346
198883
223104
163116
207931
178509
221381
204380
221210
274881
217130
178612
203359
182699
195242
188374
190411
191453
171423
216077
201675
235358
220726
211158
258935
208842
252458
176569
192779
236031
265458
271318
169438
269604
251950
181427
216974
211880
233584
182345
191980
873052
351713
251901
164748
217108
233020
151601
261412
227175
2161199
165571
217041
290464
194552
200688
253620
244252
193575
184822
241570
180365
278226
187856
266200
239849
254593
774892
219503
193838
194726
191210
219401
142248
191222
158324
168087
202396
234788
212627
561504
224109
312246
202610
240278
184558
198625
308740
252165
159193
201659
169900
236174
508949
341678
238064
173490
164654
195616
209383
172820
242029
237335
201428
172420
184044
199289
230217
240534
222335
240487
179963
137593
164685
229092
176982
218480
210646
370514
213562
199292
205498
217742
143351
203298
211393
165298
208217
253193
171982
188880
153766
221081
314027
197303
199915
195304
285761
186025
222692
226287
181381
226780
172421
174979
298298
249638
222444
358093
227887
256552
479707
264683
213153
185519
177779
190407
196946
162205
237201
169675
178036
165463
185739
220893
165994
222528
203113
248930
191580
209948
586360
189656
179452
165081
210781
211512
393493
198660
176699
191338
177258
167417
157970
184550
245566
187623
179124
217196
183231
230089
210840
302639
229515
237044
227247
424377
214198
232397
224879
191990
194484
255779
206960
178701
254150
211801
227109
192889
208054
189239
226191
180370
237527
184327
160053
183446
246281
208674
194191
138188
294598
207313
158561
212107
219571
340150
215212
456227
177975
192633
222885
215838
236662
168778
260440
218344
201330
273252
209019
211409
204925
186680
199433
170674
168011
156926
193055
795872
256257
170458
241391
198329
193902
298657
196059
284984
243811
271586
245125
197847
238872
163916
181882
211347
662418
326741
175858
227230
199401
221905
196417
218642
187366
235411
175882
223486
345518
162716
217664
204967
846201
223549
180923
194457
318375
197346
322687
194601
169162
218560
301598
201578
184860
189540
177159
148144
231512
239704
187345
167926
200145
287394
169379
290010
224291
235289
198297
345806
189500
223909
187902
281954
214478
247391
218062
169533
190100
187368
319863
277357
199903
188560
271630
268738
273373
188964
296314
262945
271802
209094
243749
190788
442769
209506
377955
193410
187967
246340
236144
426217
210189
236496
242350
201333
193731
222491
219257
186877
230018
181110
210469
244798
254412
200934
296038
240901
277457
168956
231390
184443
213687
174084
426137
210980
200251
252943
231935
200107
220154
246990
187004
190726
235916
232271
238017
286647
630747
198285
303070
421510
362282
194694
180956
171281
367930
235914
226215
186269
264260
201630
184776
166667
193196
267266
204707
239296
397710
331238
166525
380570
262599
316477
400690
208765
260312
333158
195450
3526912
419871
207572
224695
212573
165471
340569
297699
224042
230153
232265
192298
194118
284059
274935
241488
218426
192264
227156
288526
227177
180826
293460
197396
257789
188614
202911
243023
218068
161437
480457
189467
241660
915540
291223
167876
196240
354232
200152
322500
190648
251224
202801
336414
193883
197943
174286
241439
160867
203500
489320
190670
186243
304833
233182
699406
203957
208047
252714
254115
162708
265459
213800
213186
335637
181560
199083
213581
178930
217594
196225
326295
194709
245846
230168
468860
191367
188195
248198
245330
209260
178642
264885
239584
169149
279411
173803
171582
211715
179452
248046
210735
177626
267445
173872
245601
187981
199907
197489
224430
170108
239164
216064
225071
275575
209763
217623
172649
641598
186352
255928
220411
199072
192475
256016
189095
196059
3619266
202542
154146
155357
274496
208160
190118
205512
211845
186104
153257
220927
318212
452474
177509
508623
284611
199573
249892
235581
241071
275073
368239
261611
241492
225456
217934
265715
170114
181635
200673
607245
195197
185093
217142
166285
317481
225350
159647
2768124
234289
261798
247976
208767
243031
205465
261829
234723
156196
195104
194963
224972
230950
821769
200722
213281
182584
236455
235699
175849
4294752
298997
231598
187098
188355
193168
177155
262343
235848
233622
199719
195354
224156
264291
258167
210647
215172
208525
226094
183416
192433
280203
661548
312419
207797
204783
283434
218617
204841
472226
303026
206736
194886
205309
188156
250362
165018
220364
415345
178647
854585
196393
195577
231076
196316
231994
176314
166747
183610
265341
222543
276781
185794
226089
260930
184292
176170
172069
208310
286649
483820
241368
243550
950559
286208
188850
161225
153170
285108
427189
249197
195332
230820
237222
226061
212448
207577
215038
171563
172791
243581
202670
181760
191688
364605
181142
205819
203245
175579
238508
177740
216146
188782
189933
217255
201169
200838
178594
178288
162719
224180
199267
261455
294792
183987
210358
258841
146245
130008
255087
231645
214262
203728
331531
190306
176575
188115
181405
200215
180050
241252
281759
177278
168625
198676
235595
185348
192782
143593
174646
183667
199279
192564
203963
211824
184156
170211
196537
158326
170415
181925
169721
192480
697082
229809
166657
178107
220522
230959
198196
270754
249677
193240
224445
199266
201949
166984
168329
186397
251623
405148
197591
204027
268580
191638
169220
169356
199032
171497
159154
172507
188606
165645
247555
172208
192202
218666
133503
180547
213497
188436
192089
209187
209142
196692
188619
204929
168629
174271
151408
174289
171746
176600
194356
232387
174369
241342
169922
201094
214746
301379
190233
180611
181823
191851
284734
176970
204289
173283
161424
172567
241804
202486
216029
187949
262016
234602
141589
191804
205030
178607
190732
181217
173268
153614
202844
164771
190658
164544
207463
231642
246176
230538
167459
192688
193426
159019
170545
188832
189652
754463
165369
192592
186178
184980
184827
