82483
62203
53260
69318
88029
63442
96453
58464
60050
119044
83107
70827
65622
52709
72948
149840
75227
63923
68727
124158
57601
86378
61469
68996
54421
94780
77974
76530
58398
135020
49842
73908
92669
72717
103175
70647
105790
67510
78125
55485
56963
92244
59716
87616
67024
106347
86598
73150
68839
80150
63596
57505
56114
80706
87294
58146
75521
59631
69483
124082
91487
78426
81238
104874
92537
67857
85131
94910
94555
64085
406698
55170
43764
75241
76396
78190
68179
66001
71447
62170
96334
106471
68865
76111
99564
80526
87965
87520
80336
79322
50076
80474
58910
60140
77879
46837
298878
99687
94245
74391
89142
101768
78665
82616
76628
66235
92607
75689
54227
64416
77443
69414
96785
74287
166103
72737
619892
75411
81142
69936
85543
119891
109211
58509
86364
87934
46527
66040
73032
74256
153693
109793
50957
67247
71729
85012
56194
81362
95360
130750
69488
76822
62490
74663
73839
48287
62299
82694
65838
61335
74759
65928
64057
58707
49029
81000
70074
65942
85961
45974
89242
76938
74375
80758
89044
72166
84038
81202
62906
70206
67825
72217
59183
81349
123440
111964
158714
54764
64763
68486
66140
73188
72681
69671
83188
51277
61649
51335
72510
80008
74717
121205
108820
86326
79698
67679
79776
929737
61676
52369
58745
52577
50026
64659
64156
94711
80466
76430
3177112
63749
80631
77138
87133
66974
65875
69639
50702
62462
81083
76655
84292
64489
54253
73849
89625
103396
95326
81901
78825
102841
82069
116865
103089
74671
110905
75032
69925
74272
78892
84453
145772
54836
83270
84771
55396
104158
59803
66937
64573
66751
61579
71320
62635
63938
80207
56682
59646
65709
75799
65258
56565
86659
48852
88105
56528
77405
127701
47871
92657
72138
57496
98002
83921
63299
98145
65653
67013
72958
62644
72085
57870
60001
40543
86131
73940
67865
66725
73472
93346
90145
107285
64115
61494
127492
111448
91031
75399
64939
69012
95160
36408
75907
63596
108843
72958
91687
61507
97240
90704
73567
567787
603053
87594
64061
101809
113605
85751
161787
83010
72198
67066
66011
49685
109738
42241
59877
81070
62891
75800
69936
92320
109735
104868
99724
84223
106964
76450
88124
99943
57321
72747
49238
55871
86608
87098
52442
76129
75863
88146
68572
63995
86222
96330
74467
76739
66774
84564
63157
84843
70097
73127
80089
63581
61524
127754
65208
38825
60607
83853
66628
55572
65392
100892
57335
56641
102344
72293
81053
98006
129290
70595
66461
67995
70278
52161
59367
120096
48175
43399
97263
39616
65800
57292
819143
147508
67300
79070
81885
70551
57503
61482
64835
51792
84451
63367
52693
153712
679954
56716
82488
63399
67892
71285
105539
55780
66621
69733
49410
103768
102644
67093
78170
64830
60657
82916
94488
72435
94598
760782
81476
46570
78297
74665
102028
2833290
75827
153803
119629
85740
58017
63277
105507
68522
95842
66530
58800
96567
60134
83063
80443
67063
68580
89548
79570
89963
68999
66136
79506
64247
91413
123943
82599
83227
53226
82499
65115
102259
54799
88047
97736
81884
77677
60637
139037
59706
68593
80378
106802
71079
104543
71436
89033
71518
55084
64902
83987
83970
147633
72314
70847
82036
90683
63531
98352
110831
93844
51194
65476
115718
49861
56474
93910
307507
81698
73476
81844
68209
89087
84235
78266
65113
83596
59933
91826
76562
84774
90546
69091
89250
75016
69409
89004
124277
89162
121464
262820
82269
85581
88490
93663
69569
72348
58377
156445
66176
58173
92196
72964
100445
101259
74945
67423
75673
72937
66743
73902
64916
124478
56282
77747
59433
59314
101334
93373
52226
108844
116717
78177
82258
75790
132667
82482
61377
89022
63287
81232
89246
75941
83732
63390
90896
69689
100046
82806
57722
107198
130663
73825
94592
81818
52111
116503
118645
61706
66660
89302
53380
100558
42925
129582
663535
76645
121852
69123
101737
86138
79866
92921
119416
89189
52205
89331
74192
105745
62068
52185
57242
65896
60472
103041
66798
58911
109273
93168
63299
110517
66742
62400
63607
69907
84244
46600
83950
86344
94200
100052
52873
115273
71624
87724
61394
56749
67617
51915
93401
81385
132927
128764
105373
148897
90865
75778
1523871
148958
89639
58438
85049
88414
60200
69910
64944
70017
87555
97051
52614
62471
63082
107059
75922
63540
85413
100636
98746
51678
71750
47563
34345
118814
88840
65526
78227
52733
82810
44986
94532
68162
103663
81796
60472
94259
97875
97032
85172
45896
90537
86548
101551
73108
101717
66151
50666
69215
69709
70858
134253
63821
65151
40022
93733
49104
81824
62876
63719
45585
62773
68876
106301
114418
78746
96652
65884
59297
63319
94353
90890
95907
72981
49374
99703
57945
62881
100923
86301
121469
64692
58506
59402
69400
53994
59987
71946
77069
87177
87136
89143
107136
98696
69659
86366
59471
69699
82334
108142
59206
53672
50231
62553
54072
64653
69801
104181
61321
54612
107444
90294
66853
2113522
96613
85080
66764
77243
64349
82225
78504
63346
75521
100945
75722
67436
94280
59445
59567
75635
86225
76806
72272
78508
42774
147527
110151
59968
103668
70216
85851
88447
81754
57997
89997
50578
101544
69116
77035
74194
65522
67283
58725
77396
56024
78250
74919
54908
65272
59294
66588
148020
97075
90973
43464
46478
63438
61662
51995
44485
79218
110685
84148
43169
80929
68468
77025
82296
112125
82196
113186
69087
139003
72553
56234
103764
63341
75964
116522
54779
54812
87298
78875
88021
113806
88464
68579
88984
93526
83505
79800
84038
80566
55900
106133
65524
81219
89339
96779
51453
100497
55773
100360
442131
99385
85333
95369
92527
61734
109482
52941
91516
1145509
72549
104122
68974
98612
50932
117021
74867
95985
100931
106254
88442
108693
90858
63168
89102
99323
60504
72375
99962
112497
58188
103371
67278
87487
61322
82507
93494
118786
95261
65406
78482
121216
68382
66733
104862
90195
67936
81248
94655
79553
75019
66356
98914
89216
59743
88047
53621
76437
68092
46146
102824
83481
70096
69358
78228
108496
56909
71923
69008
103444
73605
61536
92860
107590
56202
80152
56423
77289
59880
76559
43998
92115
100666
110649
83641
77504
114952
80840
121371
76308
113056
69164
83979
62770
66071
103287
83158
68836
40801
96087
46264
121419
67251
95009
1112743
63814
64758
61791
66419
68082
58390
82639
74129
73929
78398
66468
65280
72658
65000
115474
79355
67616
64174
60068
53948
178863
113780
55343
69635
61200
62811
38108
71799
72540
45993
57136
45640
47336
73994
71860
100212
50210
62306
43503
74239
42023
69292
90474
828180
59963
76630
69951
64703
84527
75471
116475
90505
112959
77888
65532
82899
130148
106359
56617
70937
61433
90431
73523
127062
53192
86439
48124
130868
77916
63249
116329
88725
56752
71698
57424
94689
60568
55902
74528
102625
45087
51903
144135
87415
59952
94404
61993
68471
55979
51724
96153
68562
74325
88436
64642
78204
85478
88338
85877
219016
128160
113258
72336
48478
61993
102176
86014
115707
47022
51374
52566
63830
83053
76076
78776
64760
54039
96880
78729
93143
92995
59975
46418
89046
45147
92511
83954
73836
68715
115819
71420
72633
61429
58929
77453
1279589
79897
77476
61215
88355
58373
78567
57808
79528
78534
84878
65859
90275
54574
75668
75968
116869
57555
88763
73600
107901
82046
63084
73776
73049
81320
45672
51593
70885
64418
67787
110758
51183
81523
64791
113206
86209
52886
56852
78869
94550
55915
55057
69833
61131
58854
54775
70497
47150
76140
61950
78211
64106
44652
75283
134992
68473
54842
91024
58308
80593
173664
63893
88350
65927
87062
65058
77178
149252
62468
104119
70343
75337
86292
59058
89249
79677
71745
54812
96284
148209
49639
60265
81282
63154
103058
58420
94043
60348
64287
88698
43787
62407
45012
78577
85393
75278
54430
53521
64281
80420
59007
68853
104403
56140
71375
78455
93949
68134
72635
123419
51118
1333503
70696
66110
62539
72249
49967
60063
90766
55062
97618
72260
79921
48808
59406
53763
47653
76975
56879
97720
88800
96224
65780
37416
86789
67419
56332
65102
70776
64554
62342
65727
130436
91474
89103
203824
87595
82823
54527
94730
99453
71860
99418
618547
60381
90006
58350
84561
69131
65263
65225
61740
44828
43043
62597
123744
71093
66405
78742
54765
133720
62261
47536
85870
92655
102938
79885
80485
59473
61079
86875
55636
83923
72206
77013
45907
58041
63491
63530
97341
49896
87929
58521
81501
96933
96091
58444
66675
58290
112638
52928
72300
76245
103617
58959
1036003
60531
81338
95177
70803
131192
42361
78519
69934
96306
55057
62712
57814
50084
58514
61091
54995
103056
61131
85342
79778
62879
75992
87555
72148
74778
82026
63829
102724
70264
101600
52249
69565
64013
73777
60603
93878
60533
57064
67991
68822
62651
54570
82579
78892
82496
61376
49861
58006
78481
71160
70656
50355
62768
56444
50036
65422
86355
101215
79013
50324
62995
57786
80630
75029
82203
80216
91299
52231
51823
71337
54415
51245
56619
50456
67996
65679
67929
122779
62536
77221
62145
78642
70270
53076
83382
61268
66501
68319
80361
70339
121206
53850
81290
101388
81018
53752
55993
63661
77547
69628
46426
127922
48015
58794
86258
86406
84884
137121
109279
60027
54470
86070
90681
101131
52634
52297
52589
77864
75906
59936
71755
55610
59970
64457
58995
73865
60385
62532
98092
73704
64353
56095
77345
78360
90581
53412
59977
69034
107142
59568
65638
73622
60879
57330
67837
51806
52175
73810
50498
58213
65920
51940
82893
83349
70866
59426
46480
76092
56128
58719
50759
37743
77562
70879
48025
69293
68168
56969
67891
68566
72857
70651
64171
53927
63984
77220
76232
106999
69620
65269
58615
95784
62242
107932
51682
70169
64848
70558
72096
55914
91188
95400
61892
58680
91707
54044
97583
62689
66217
83688
49294
104210
67930
56591
107618
71963
61056
73814
103360
89299
57260
74787
45487
76481
61460
42152
65662
63008
122985
81296
77574
85159
52686
57175
79746
76673
63898
95088
63429
55192
34754
61212
56183
69884
45486
79429
62419
58608
75671
60733
96235
60305
69569
67556
57984
55540
69194
59568
72399
51333
67920
49402
77727
69065
51395
61692
76610
75005
73727
115654
63545
69898
91883
91813
85762
95579
58319
143897
80299
47283
74241
61339
69539
147710
68954
68286
88496
76175
127573
87168
69347
72706
72665
153749
44733
84716
71985
63314
59940
73454
72536
74547
52354
58900
62352
60068
99371
103206
65581
67740
52412
59652
119511
66631
69321
48020
73935
113089
54008
78639
67180
73781
96210
76134
75806
102357
73320
76283
81828
81667
69584
57941
64807
50724
55856
64426
58113
78866
80751
54400
52252
72344
97768
59481
54880
53991
88227
67123
67924
81269
125257
74228
86363
81206
42265
52663
98014
65436
62418
78970
53338
71419
56576
71667
49138
49081
92932
68916
99998
50994
126028
64665
71557
101975
121050
75989
47170
587901
65171
128981
76756
42190
77133
88417
84976
74070
67862
78348
71968
45397
49406
78094
62370
58941
68568
58965
93129
62375
64554
53398
60340
66538
47319
77614
55765
86810
78930
85425
55874
56973
130871
82504
73150
88502
77747
55777
55982
79579
61362
59470
51593
57433
81071
60865
63051
60488
61671
51656
52304
79491
71243
65231
70071
79669
79041
78773
91003
73193
63667
119050
51010
77690
58624
49268
70435
75394
56587
92777
59212
88453
72131
61476
61361
53531
51881
74167
48782
51532
63447
53649
73314
70223
40541
63363
113888
75573
94093
67338
100785
68754
72799
70547
97218
75965
48379
69270
60082
57158
83513
69282
60172
78409
77761
72003
42911
62526
75682
65212
80728
67795
44157
72160
61234
85439
66272
89120
56056
60436
41256
47298
73522
70062
75271
59873
72211
59860
58865
66588
66749
951585
47101
66830
83209
71346
103397
73699
70508
65695
71943
49755
61409
65451
60575
69973
74839
67033
60362
66964
110978
70867
61787
67946
70869
54208
74383
68794
84004
49399
68548
63628
43098
52674
62886
128740
62108
66012
56398
50696
68715
53390
71821
590592
100381
56535
57286
44508
51893
58367
95520
42122
64278
422119
69253
50481
58084
62556
110119
61769
65804
62347
74714
50747
61279
81874
42633
66862
108281
70621
64282
56698
71377
137266
81302
51389
95126
58403
58368
46494
67910
60363
60343
58191
44282
121780
66716
76002
57134
46889
351963
59606
43788
59843
53335
71322
50309
114185
44917
59595
79539
50949
67723
52690
53841
55778
59648
57054
50124
60956
70866
45678
63192
60014
92653
74490
50189
42677
52535
57580
74288
57215
71440
53032
69792
56195
79038
88209
59326
57200
108351
48678
50914
77898
74237
60444
78436
65937
73445
59720
50103
98085
53515
32792
70593
105378
52771
66361
56730
48687
54813
49997
60489
45672
68271
48131
46052
45165
56718
65737
68448
51410
55254
75657
70058
54951
55539
72576
88510
76351
53079
54813
61330
50306
69798
64634
57355
55580
43424
51602
54799
53427
46894
51079
57489
56903
43642
50379
74684
81724
48453
50801
40830
53942
44030
75810
67587
54766
62148
60984
75910
45259
64735
63150
69063
85026
58968
104997
49442
56424
77405
74178
91940
65742
53023
100728
69389
81014
69638
62984
77349
61015
57979
63336
48894
62203
47184
57740
91091
67505
50983
74074
62597
60331
51683
52879
52886
79946
68084
55981
58630
75463
45601
102118
80204
56066
60750
72913
68227
76488
61751
49983
40368
54153
47152
49194
55834
59387
58718
58641
50548
43923
50454
56835
53639
57338
65573
108204
54783
78581
62975
68949
81675
52496
44167
68259
48635
65597
70871
55078
52709
64125
46211
119594
112723
73044
89445
64876
60706
66975
75030
55079
49594
53054
48549
53851
75875
61128
86008
86018
65464
73564
61368
61415
69039
47416
63246
65603
83411
51781
47434
54063
41483
57160
70482
59178
54194
48787
61154
57712
57294
70354
48844
70269
53176
71357
72020
54723
94919
70347
54096
42792
40807
63942
49315
99568
96523
58406
60089
81410
66088
60900
77150
126065
86372
113368
50528
82063
65369
67901
77316
62352
78103
56207
80083
96766
56208
94040
70213
40341
81198
50297
76041
56901
53871
67739
52195
78595
59822
57985
58262
51482
56028
66225
51328
62364
70523
40920
87993
61832
72668
65775
58450
74178
71650
81811
55278
58500
129899
65332
52697
57579
48355
54963
70385
74982
77386
47000
83382
95539
47714
98150
64950
66712
55394
70649
78121
72366
68465
64899
57729
68839
43339
90100
84090
64302
98862
72849
63344
80619
59900
73440
76363
86466
94463
104779
68892
78004
56489
67690
57884
56904
56995
114999
78946
64727
48624
41508
58989
60563
54423
62684
82842
68346
102944
55576
65193
101591
57881
83115
59236
47266
49175
88565
70914
43438
62432
63398
59813
58310
61567
71631
65050
50125
81986
77766
65066
65753
87359
271167
61205
68107
104099
90472
80620
78381
53184
70574
59549
50445
49425
109099
52486
81139
64501
63789
43840
100117
95177
70600
44392
60732
58339
63879
40056
56546
50888
53089
49790
49884
52262
96637
56505
64667
69925
60221
50358
59536
63369
69803
45051
55170
53415
59312
73591
58767
53394
71649
69044
56283
54084
78831
54021
69018
54513
43929
71372
51585
45314
80530
102473
58501
40124
77875
69836
62394
47504
60306
66744
63603
61514
57953
79792
62034
51569
47454
39157
63997
54943
88446
48540
67925
62903
51689
40673
63584
42805
50414
52760
87911
50367
59245
76278
38964
80275
74079
55438
70804
69150
66672
57953
59711
59105
42714
77694
54668
52313
54953
52491
63113
48434
66841
56135
59065
103978
69364
72183
111414
76008
79727
48592
53110
44467
47003
57448
90395
76558
72352
62717
65617
54771
67626
72980
65223
76000
50133
67748
69947
77635
65277
38363
45105
60826
70851
70058
63912
42907
58453
82131
116919
68645
65014
54458
39577
79164
61081
65118
57071
65107
68005
53968
75548
78027
78755
77061
111028
59491
96221
49399
53862
66966
64770
60585
97156
72338
63557
67895
93504
59524
70453
65817
62627
128799
69694
58279
84375
69744
61684
80866
66191
53837
59850
58967
55467
54780
66090
70714
76394
67298
75613
71329
69722
68769
74601
77722
79161
66991
62579
51380
89811
635657
94357
55709
55483
99796
59034
77804
57724
63821
73921
52654
79053
67907
78786
67319
76778
116513
57304
80165
78669
91115
75949
66008
78401
71468
102520
68492
120124
89279
77221
54167
83091
75808
92151
61693
81463
67383
89976
76862
48601
82713
110370
70472
61238
73368
70214
140131
73858
75638
74743
53766
60013
84154
74033
67001
77262
68812
60087
90940
59655
74129
77166
78974
58433
70894
72110
45377
95045
78992
56105
57177
61549
31749
88367
82597
68097
48768
97353
37494
68674
53525
64342
50822
97985
80992
84848
74379
72289
88240
77003
78011
79282
74669
72304
45528
103915
46487
106395
105489
67241
80312
91972
49704
62059
67482
68288
93712
72543
61875
167783
90612
75013
78813
76934
55400
64702
70370
99067
75816
84063
66827
73837
40441
59184
89878
68706
75757
74265
96684
45134
65706
57860
76448
85803
74135
98872
72118
61318
138545
76396
84624
81231
79424
93900
47596
91921
126885
128403
71824
126483
54521
86427
42336
97432
109632
75734
61688
79051
61095
95676
66041
114161
78789
82572
77942
141876
96360
57806
81636
65107
85032
52821
68515
66732
57217
81835
103076
83287
100448
115648
109931
111382
79391
56881
62736
72157
72286
65001
94998
557951
71842
93644
78796
87956
69196
59042
91648
78196
100662
101790
86765
50119
79021
61691
81541
76794
133171
62535
70623
103093
124672
60111
96352
54434
98152
67685
61107
77874
120999
62092
84336
89815
55702
57125
84250
81755
108269
93906
87728
82974
79421
72495
63272
58996
51901
88646
52160
80979
72703
96425
87000
65363
67140
60120
75100
101501
94413
63084
92036
79847
99518
85319
71428
94711
72918
83328
64314
64875
74076
59617
87663
92015
43557
67543
110309
86574
69742
78053
66356
82165
53847
101543
93755
294157
69968
122271
47654
55174
80597
79502
90461
83473
55905
58137
75193
70283
98788
56510
93929
73784
93080
60026
93539
80775
78495
73848
53385
61915
75662
76781
66343
61079
43400
124197
78793
83372
59330
93890
57253
70927
109602
83922
61622
83388
65510
57264
107660
71335
50725
82139
46716
93171
69702
75468
60567
68667
93239
67086
78083
97260
72645
78129
73289
64506
64574
84655
74495
74313
110829
76358
93304
93990
90881
104042
78412
47933
987395
87127
36643
89327
76003
78255
66874
71698
50738
51020
53684
63011
78749
68602
50617
72803
104467
104264
62968
63205
58243
65659
86786
55855
64494
69590
97617
79219
76827
69615
74245
65896
48818
50709
59382
65709
42808
88896
98191
135145
63849
80881
51535
57708
59717
92533
74837
60775
61008
73061
51420
64916
81751
65018
62312
92387
56903
57494
45968
58707
83415
108409
77224
79354
54224
50218
108814
78096
130683
92303
83925
64975
58530
87629
77620
93543
78070
90885
84831
76412
107552
75086
48865
130481
89957
63994
77099
68703
105901
124282
58981
73862
70623
60280
129891
52642
76652
84391
67580
99635
86363
83877
76885
62525
72044
74958
65032
90544
74752
115978
50122
88428
84344
52980
76772
80211
95754
60526
84656
69770
43525
90224
67240
107935
87914
67917
84304
92193
178530
81834
73861
82400
53436
78629
87842
69324
75645
97519
121209
69372
91531
91455
107860
74389
136674
78689
118943
94184
72339
80913
86405
111276
62028
78059
93334
219448
107616
86730
53319
71868
75269
71647
67938
101303
107838
85381
70324
113744
137494
79276
72421
97912
84146
81807
76307
69732
59364
98610
1282023
49744
91566
78462
100406
78918
96500
71945
58969
66810
39957
63097
131762
69965
638133
83148
87264
65052
57612
71416
79182
91100
81351
92096
68222
95235
58152
74756
88189
58764
63447
55081
67695
49280
82501
111858
54869
98941
80263
57299
128180
75718
101422
65752
92088
63275
53851
65467
81663
46023
73002
96476
62128
97296
56850
72501
73412
62363
63403
67039
62062
76031
78764
70602
82763
64276
58747
69105
57253
84031
58784
70077
63592
71603
76767
91611
80350
95105
64725
77290
56534
83946
67430
107702
78676
73359
70611
72608
75682
82456
110252
68195
113218
75811
77360
88238
82027
83296
86187
83651
99754
86182
74973
93200
52215
90495
101223
61401
79910
40858
54683
97002
63641
83344
71028
73984
55536
97798
64280
51390
108314
71311
50606
86016
82170
63574
69273
75250
98289
65087
58883
83675
78482
35722
80462
90334
58667
75874
65223
68891
56549
75748
69045
81895
87200
65740
53136
55280
70466
59391
74858
57452
50578
80358
64703
72322
61354
46199
69985
68927
68219
60627
73870
82060
51321
62040
55352
51622
57124
74605
124293
59055
58069
47767
61187
90541
65205
160566
66969
67710
78094
84369
52081
93805
92932
98726
57415
71162
130478
58453
54051
61105
74836
110978
93969
66487
89860
51989
57380
81765
57726
109223
59470
95144
68863
87528
68893
1685069
60675
54538
64393
108584
49412
107277
65768
87659
91208
95000
64691
70860
83747
77437
71804
64404
61043
74059
73173
61942
112316
80972
66603
72507
91054
76637
70674
66669
75165
81158
69816
66042
82507
62617
74584
76578
49762
96525
64896
96557
64325
86724
48137
80723
83602
2116848
65179
74058
60724
61244
71486
132270
57988
120174
99731
62322
85639
87379
65962
70730
82427
96144
122637
42892
84893
65922
75472
128711
58309
113728
165987
75802
107563
71075
77587
72066
68019
59621
93238
63624
69463
67906
70416
69646
87137
69334
62124
347553
97700
91941
98856
92629
78396
60392
102862
76296
87851
77189
47008
48343
48830
117159
65867
49546
66607
446951
75214
57347
84372
65683
83897
59279
107958
108043
43393
188547
852069
639217
85508
70191
95423
73132
314443
102828
64950
81880
52921
104345
67345
60785
75227
112315
57981
67412
59847
35040
84879
61653
95801
77860
66026
55359
87009
94306
70737
73738
62546
57503
55129
99174
92407
66506
69503
72493
68582
124953
64557
77993
86202
65987
56591
140187
56904
63168
99657
80734
64702
82970
67001
122034
78546
80247
102429
95003
81552
101230
82100
64801
53484
91982
80891
77939
89343
59962
83298
63734
66715
56409
78774
69386
89966
112783
74243
105476
79626
46472
1890267
54127
49041
70569
54705
81085
53725
113636
58974
97060
59634
64289
75538
90505
74734
73128
99282
41582
75571
73336
60933
87961
86078
56929
90599
55250
72113
111630
65590
54395
87458
77492
48022
92014
66187
91194
78956
56340
58184
73549
103738
47708
66783
88932
62768
73212
81703
73147
85487
56802
98582
99853
63856
90335
78492
49451
77407
52232
58334
62304
74270
76417
58499
78701
82479
83156
64346
120414
543324
53157
62680
99525
69494
63534
52381
64805
58668
61418
78384
71004
85474
91864
70155
59172
51373
46018
55460
74439
47317
53302
108527
64157
50091
110379
86737
58587
115006
75907
69875
101438
216187
114691
67601
43268
89889
78635
61190
56933
80610
102185
56915
55919
62683
55627
46547
78724
69790
55147
105778
60271
113088
74177
78998
71787
69949
103843
133945
86648
63686
72899
67421
65186
99015
71636
97632
97923
55819
59934
73457
76572
64280
65720
84953
48135
63545
100054
50311
103895
53511
64795
74755
64885
75843
67829
82848
82383
54820
72571
96660
72875
58056
62094
109473
88457
89447
56403
68350
72457
86251
93133
82087
98175
51318
79746
67993
86266
68867
62718
51500
56831
84620
90149
66838
88287
59507
56357
124019
59785
71184
74099
83842
52983
57900
93463
54387
76400
78465
57516
56295
78689
685222
58342
68321
59481
40746
57419
120191
73315
75229
89767
86114
89771
50475
107605
65852
39036
76905
97077
47204
51120
64785
47250
59942
48074
57624
56293
80736
87012
52876
87677
56085
76526
51450
54645
93009
56494
64392
108133
64341
68182
74055
60711
53358
53718
92099
62200
76166
71236
46415
41845
81528
78834
58230
86627
58384
64840
85667
57352
59248
73087
46163
49069
58361
107613
84096
112230
66239
64210
102989
60403
53438
82533
68141
71123
109578
65800
75951
69214
54966
62103
84639
50220
115287
76254
54132
92360
49324
34419
56684
54892
58804
48115
84650
77127
115826
61552
58681
77751
43154
59902
64696
59089
60608
87040
68831
59220
80390
66108
62467
78985
86610
60302
68234
92423
65819
88057
55821
94936
61327
59461
71451
495488
84337
81667
66976
65857
68315
52221
63608
50910
64980
103328
46672
56669
74096
111018
65337
71540
3325109
61781
69990
66870
80736
53350
72256
86965
71486
70037
75219
67300
85258
58260
53796
45557
87508
54708
59011
75560
71021
55746
71833
77872
69168
89394
56310
86038
110992
56297
71722
62571
59062
80334
83771
58309
62109
50675
67107
61228
99844
140558
62784
74310
56248
174191
93893
75808
60334
67371
55227
800282
107915
66883
123724
91270
62476
68627
59333
67091
64459
68964
80358
65569
73895
77755
65802
70945
61908
76840
72835
86668
60812
72979
70897
112848
70070
65896
60084
219194
61158
67194
382351
61052
61716
94671
63607
57052
68412
89339
59742
59551
70265
60845
88116
100249
117362
63195
84387
54664
103197
69580
50367
61491
82242
107342
80421
96167
95198
77193
92079
112892
71012
93985
40717
92150
105127
96199
87126
89867
65656
72443
59533
54375
65250
81966
48969
68861
76849
44279
68037
97987
64862
56450
94120
55224
53160
69653
551253
58555
69693
184896
89559
60293
51254
42213
61583
65354
86947
70001
58247
68911
73574
61799
46971
61576
50646
74116
54846
49933
60214
58397
51034
54327
70556
81047
65833
71844
67468
58505
64940
65698
88070
123495
56488
100942
59621
63885
69277
61273
54804
46386
107576
81418
72359
59737
49401
85660
79779
49430
83023
74623
108958
79854
67110
84587
74933
112890
71581
66897
68056
69491
143255
71279
68575
65026
71610
52349
70461
78885
69105
88694
64403
46815
77728
113675
730197
93426
85125
70745
54626
82702
57774
117665
48801
68673
60417
63240
44786
62866
128944
137966
74696
88829
52014
58115
69305
40965
59662
112441
64175
67374
69962
83952
90721
66903
50400
92785
79889
53416
122854
68145
123231
80537
65011
85899
71865
70196
63578
1564094
95253
53275
70352
53450
96617
60263
54883
84211
75020
65721
77506
89135
90674
63806
90811
76991
55636
55247
94359
66545
65642
101067
36510
76167
66285
56191
57205
64408
63522
66931
57879
60066
51187
72036
71310
58481
62007
36271
67980
57529
76884
70431
59946
66702
70662
77540
78151
81449
86516
53685
78567
102261
91268
65253
61451
55760
66725
86617
56718
72047
57213
43447
84432
64449
72694
114581
54126
57606
85069
105540
91792
64154
72067
76095
67051
784857
60654
79890
78188
60943
100640
58916
57843
52288
53051
58786
52603
58515
71922
94921
77357
71232
64586
68474
49152
88144
51172
47170
74361
56619
73845
60549
77253
61936
77680
53536
89674
101270
69312
44152
62672
54625
61089
71995
61683
121867
60056
74487
54561
93940
72549
59350
67356
78595
133843
61264
80556
67149
79519
47519
56657
71444
56201
54838
68054
80385
54407
59014
52690
91610
58186
57777
80743
44581
66152
97948
99069
62919
59358
57158
61828
65003
68148
54584
61761
63217
53177
82934
83322
60925
36124
90074
69773
79937
64249
67463
73443
61173
54427
90294
116792
99282
52073
53108
63240
63024
58568
63931
63072
113164
78734
59813
58360
84296
74093
58127
74777
60047
74704
73879
83712
74500
55884
67552
47840
58063
77048
117414
53718
54337
188356
92592
37318
81896
63695
65307
103511
75888
63951
89265
61109
70166
75583
67345
109415
70978
66081
59108
86497
83276
51760
77499
58940
51797
73186
79770
53810
57759
958117
55449
56623
63236
52191
55637
56692
49267
51102
60806
87878
70587
108971
54036
51949
75787
66117
68821
56278
64406
90212
64718
74857
54391
78870
46938
53730
142230
28254
74110
64347
81631
70750
63431
113041
67187
81116
57552
53650
53908
44959
87972
46253
80162
86277
67661
94599
105785
55647
70973
77585
52190
55812
64178
82359
68606
52864
63514
39256
70992
114309
66095
69906
82124
48928
78527
99356
65239
49761
76972
91081
104473
117575
88734
69511
66749
62852
69846
74623
57183
83197
71075
69087
64458
1118701
84213
66350
96908
65860
59360
55435
47137
57413
110260
53119
70299
63798
63340
69646
82496
83841
63522
55342
48149
57288
56872
87292
75931
55134
56514
86786
115085
93302
64159
65925
64698
84174
69018
36609
54168
59894
57769
93063
60735
69996
72320
63431
49292
94692
50189
79822
53569
58009
63081
66137
59082
71570
64127
51257
49011
58877
67347
62676
76635
64356
85946
43784
58553
93633
59470
53848
56400
92199
74729
73087
67983
73089
53772
80291
74843
60518
71329
78397
67650
87479
73754
113200
98778
83888
63094
73668
47392
63824
52178
72676
6644598
68588
81155
56055
74069
42990
44587
52811
87332
66670
54566
87147
92293
60224
71643
43754
69469
107613
71689
87028
65591
49329
85774
50273
78660
68826
61487
81569
57863
86030
62109
48418
66241
55597
81789
91699
60518
77336
87516
60940
112208
67950
63202
66997
61933
85756
61871
56479
63871
68632
54611
65795
70284
64999
53043
82373
77010
78375
65166
97458
65906
63884
82622
69938
52476
61971
48778
48716
60345
58268
94291
56618
82431
76612
124265
70167
65223
115102
51319
73523
64668
72441
56600
55373
62508
65940
83644
59070
70359
129275
63958
44741
72324
52905
63302
83272
54987
57394
75945
55634
72343
61709
52638
52669
70231
58477
49266
55703
53842
56120
62159
43548
52966
65470
92748
68177
91943
70148
86795
75349
49518
66762
74252
62589
65862
69382
66701
54535
51513
53954
59977
70824
48875
53593
98097
62901
84909
57367
58235
82579
71648
66850
46413
60252
61348
52375
112744
58357
57508
57523
57983
46886
46071
51495
104341
71843
55847
74511
78409
54414
50590
83179
51407
60210
108617
46890
69492
61140
62423
51390
85914
93194
46625
58472
110912
53134
69883
80052
72244
70609
54485
77547
46421
62198
55104
69578
80701
56535
63527
63319
89719
56776
57284
59505
63884
62915
79630
71386
70895
110107
96429
45793
47078
68317
108667
61226
82312
63221
65789
53624
67696
69380
44901
60231
74700
96596
71143
63626
58046
74134
60928
58155
46432
63497
52244
80536
107940
57703
74414
55843
71333
77694
84270
51397
65908
61267
73888
61469
74233
62259
57172
56614
51352
78128
81937
55113
85675
52978
40075
52848
60615
70626
58536
60784
68613
35647
127728
49088
58364
42430
59303
62838
44999
71703
45738
55977
75871
55884
76521
57214
70832
124903
59551
60829
57014
55831
81243
64347
69371
64366
54976
73550
40822
63531
57673
71505
85743
68565
64137
81082
64860
77521
61680
99057
53788
79447
104429
42267
103311
96624
89086
61207
67521
67312
77027
68639
75057
76266
80886
41833
88240
41698
67541
79139
52310
62772
100440
66510
78526
62899
57491
50480
66533
43850
53310
47368
67803
73462
49946
68199
57382
91337
76461
40642
74267
56387
56864
88372
54400
51059
65481
43867
58890
73428
70007
598303
59828
70743
71217
84871
83040
54616
51601
69411
46482
86630
64155
61554
86776
54630
61135
65509
58345
83158
54200
51694
83474
69089
76277
46343
87762
57886
58868
112375
90837
53787
50289
64707
65324
69378
53955
47686
76141
48481
52681
57172
52806
59181
53806
42584
72195
84274
76877
43419
81575
73221
73485
109838
65409
117094
69887
42466
50708
54168
64735
67091
53032
94287
43787
75738
71857
77342
57100
47555
70084
55167
99444
70683
55563
57454
63495
52796
60563
50061
95326
84081
81293
74176
52345
113265
66628
72543
50191
54147
104884
53084
99189
67016
72056
77167
60445
53948
63071
79437
63550
56626
62016
58157
67920
80156
68244
61092
44089
49317
73106
48142
68797
51621
53301
66971
64712
60144
58811
68366
87534
53012
62644
44187
45180
95161
54668
57167
52306
61117
58260
53597
72726
48637
86149
49959
94086
52573
49056
65912
53447
75704
55679
58748
67951
59402
70218
80113
49001
83195
53583
54173
69843
43842
57650
59178
67855
49161
53045
44475
55518
98575
79851
53681
70034
57117
48209
85771
73860
57326
68861
106280
71643
60217
62378
58921
137191
91751
105089
66159
56775
57344
111849
55888
83346
169398
53613
53611
49004
58845
60639
63150
73073
59682
80704
64112
81226
63982
59121
46156
67175
44454
71915
47873
55311
42604
75302
56132
73187
42416
96753
46230
79317
60818
64832
67707
69446
49530
59289
61412
74290
80017
67509
50862
57721
70849
82661
70828
62738
66212
60268
57390
40821
51529
80803
47495
70900
57106
61669
76170
73192
60747
54410
48243
57768
48374
59993
100830
58262
60192
50343
72416
73806
60848
76646
51601
79693
49351
60671
69213
47021
60898
93885
38218
65738
38249
72454
54109
50088
44803
57429
59799
83135
55408
71488
83204
66220
77664
86199
74157
53159
64201
64298
66044
51017
134516
49363
63719
45286
59245
64527
79851
69014
46915
57934
50509
455740
59899
87259
63307
76248
55236
58010
56067
77122
63206
57749
1068173
49369
65679
68754
63421
64612
53736
53816
57208
46279
80242
39599
118110
59391
54244
46030
86222
67552
67585
69732
57495
83933
75782
43148
58063
962969
49015
82432
83087
58690
33370
57935
64861
98782
65696
57283
49036
68341
61420
63392
110615
52666
44861
95014
50470
45032
38938
63395
54403
50774
80953
50550
153061
54867
54136
92119
36906
74561
64874
59276
65792
64247
67637
78737
88874
59317
67706
78378
61068
51715
68288
50139
63993
59930
66296
72028
50512
70446
49666
58499
76821
60059
51107
72995
56183
102629
89032
73604
55629
63521
80758
55933
62832
64627
55774
77614
41257
59487
49903
83826
96664
57487
54066
82644
42662
57975
57715
61321
66736
54012
62476
53612
388260
51419
64040
108707
86605
82940
66210
66454
63863
48479
37901
142866
68983
71720
64067
57247
72137
39959
70554
55700
50312
60048
67066
248168
90130
51125
404117
54072
64616
58328
99140
96777
60012
62082
62709
57438
60442
91190
44849
65313
58742
70984
60264
76270
55244
67687
74296
50423
48431
57199
46648
51301
60291
53906
80592
46576
70936
65554
81990
95392
40671
78811
85744
65905
53397
59817
111141
69336
56683
46050
56608
46113
63552
96043
44610
78950
81558
50606
66040
63517
79654
45854
64641
56056
45214
66221
47732
66650
79072
51659
71911
59540
63603
73655
52894
113529
51743
51939
50582
69944
43588
184080
101818
58782
63365
124323
56540
65906
75492
64479
65686
57121
41577
115836
51245
42497
57608
74689
61415
48431
72837
72222
44727
78643
56444
68518
74890
89591
83192
74266
68701
66320
58895
69034
48540
69441
71712
112133
66785
63736
44735
56466
75045
71201
42390
64699
79834
46729
60666
58119
64349
54998
51852
57367
77145
100492
67481
77173
87254
53539
60122
62379
97117
70514
53768
59462
68832
57032
81545
52593
66526
64469
54426
49782
63488
51516
93280
49110
60700
57252
60990
80133
51116
91877
64749
88086
44921
47038
40375
45875
42059
34620
58746
81213
36401
47468
63325
53880
55560
36760
92975
51721
66936
80382
55102
58194
55857
96774
68020
41235
53276
41631
57250
48073
57491
70247
58063
78478
52609
60362
66411
38563
53110
64582
63416
68422
59024
78453
98741
48518
76078
75112
46920
79595
68684
81324
51168
63058
82810
62651
62497
69189
53462
61688
53314
38475
67513
57179
40093
78038
89305
125493
57064
86776
66485
63242
77658
58328
62656
71353
59078
51950
60766
82929
82022
96365
45387
75558
49974
72850
51783
64632
50056
83854
64999
73575
47726
67518
59700
59204
65899
97273
54986
60244
57158
57308
45458
52939
84714
101760
43867
71994
53175
54705
61312
53628
74890
67185
42751
56715
110150
72085
58278
62755
49275
59831
59480
64894
54000
59532
42649
51141
60380
40930
666268
41786
79401
56687
57140
56828
51350
55212
68899
39406
44437
105721
47959
96642
45287
50702
39338
56159
77742
60323
59997
71483
56095
116689
67798
59918
47400
28261
58699
47480
48337
57643
44893
49051
66152
56793
59034
84258
58505
44794
57156
67474
104524
49269
74353
62095
99883
50850
72264
53155
795143
60654
76506
45896
28278
45660
39930
52503
48068
83654
53975
68113
51026
61065
56127
65500
49796
58488
84528
52029
57253
54969
68602
58510
74202
53627
46830
51178
90965
53860
63368
85436
62519
65600
47506
40392
50993
55010
59255
71103
50054
48259
68334
46206
74775
55473
46505
59765
50541
68408
56446
75688
79916
71969
77080
56981
59408
56338
57886
67061
50527
65963
64534
51195
59293
58435
61759
48578
71722
53357
47957
58036
63601
42657
67142
57478
63346
82324
65794
60079
61811
78000
70937
63919
103701
76551
63821
47214
55764
76161
67799
54015
71006
60467
75156
58216
59833
48944
51917
76574
54773
49047
88321
55093
60261
56473
91021
72948
74443
76923
65229
74469
54429
54757
70264
68252
63777
53302
52341
72138
83837
58568
68598
70483
91543
81928
52616
56463
66893
79851
70659
81293
384788
51802
77637
52330
52764
57883
70127
63902
44047
55799
65001
73059
48430
62008
56945
84442
77017
77558
56230
64880
93366
54680
121334
61498
44610
57325
81167
336071
89412
67538
98672
66979
56178
71619
66618
66691
90604
56919
97528
85353
71813
48640
75081
49838
77659
74350
70000
56562
74256
55165
146742
63755
59143
62543
60558
76543
693270
57962
51214
69546
80001
66906
54604
92220
65565
74337
103673
91250
63183
76899
50608
73645
69962
55748
49057
69373
51977
80815
72140
81832
57227
52247
93000
75263
53699
87706
103260
64327
63990
70527
62622
48693
57716
48052
58939
66193
73476
59842
49717
57544
44635
47886
56752
41522
41098
55161
55656
125307
56830
86521
98770
74377
54473
62488
50495
57157
44890
49774
48541
56570
50952
60435
53541
46799
65468
67639
59481
61292
57628
58464
52260
73277
79700
69018
49379
55468
54775
87573
67312
56844
61284
51792
57041
44956
64940
61840
49322
46958
50480
72104
65962
68679
58331
62127
48291
74111
58035
55189
83862
82632
55715
56025
63235
48447
46333
62515
51842
46873
77417
84667
46386
51681
45112
55149
47826
57411
61390
47280
65468
60222
51059
64759
55083
55413
78746
59850
53054
59498
69803
55322
47626
61445
60125
50802
52159
50909
67541
72778
52071
55126
55748
58840
96427
104807
41170
55191
61328
55689
46489
66685
77062
54480
48935
61442
55867
64497
63045
68852
65093
88430
46785
66411
92550
56466
54963
56664
56565
60616
50738
59492
49649
53287
52876
45653
44162
46211
48456
80037
45794
40960
49329
58825
42242
53949
76335
67747
79812
56027
41965
81942
53784
55359
58921
64172
62660
39613
54519
67310
85166
78950
53948
57635
39013
53323
48783
52951
64698
43615
44691
65416
58833
60555
49071
46757
38019
70174
48464
49691
42712
54641
41707
37191
45684
51353
55363
47100
43511
42780
93126
82961
47775
127912
59356
87078
88549
51531
55245
46477
287803
62248
51167
53779
55755
86129
50429
70994
51555
143204
39765
61943
46240
57432
64737
513879
59110
56718
46562
67664
42840
49603
67191
66021
52236
67375
37794
42723
73457
62597
87999
48933
65819
45213
94629
55414
43239
57900
58995
56773
52767
73009
54213
43673
90149
49220
54042
52421
56473
53476
41475
53692
50972
52144
46761
62064
83247
57645
72795
65714
58515
76191
45194
75834
51172
47764
67768
50812
79093
61449
69683
52684
40777
51463
51915
62002
51077
62432
46415
55455
76322
59317
65505
71574
61445
57179
64359
57874
62678
70993
45908
49273
51743
55758
53792
68151
55366
54867
48024
63164
62821
63488
52331
46142
50798
36617
72459
39860
76766
79415
57707
48656
58385
46806
47041
54131
47015
74023
46938
58147
43627
94514
50529
62499
50595
58875
52046
68300
45937
85992
52200
215983
53361
68704
48746
59426
47542
78983
51427
69037
49995
49292
58997
61555
55020
42253
53667
37781
63732
68014
69458
55653
63746
45842
64003
58988
51860
59194
101813
53028
70863
69449
40955
64773
47935
55873
55294
58441
46102
51236
59982
50027
46524
44579
46426
55908
59677
49587
53241
68172
76833
52363
48815
45191
38126
79293
50304
45121
100740
59132
53491
51863
48467
41291
66171
62185
58156
71903
76646
63988
49489
43494
79495
44064
96214
46464
52771
45754
47215
56799
88084
58778
54555
61868
46135
46011
50829
80479
57535
64961
60726
40360
48401
70295
47854
50056
75168
48848
52702
53925
54709
47137
49633
61894
59741
44225
78606
73777
50936
43700
67722
62641
65982
68008
58747
44198
59234
68235
54745
55943
52611
55782
67973
71026
76272
42354
46863
55462
52585
72600
53490
49159
54926
62990
61001
45380
83676
57377
53843
90538
55976
64629
54379
43892
53957
60851
64380
51301
55988
54666
43684
48129
51055
56636
44356
45829
39247
53968
64862
53704
64163
56659
65117
75532
86479
49933
73398
68616
50840
47502
58026
57937
47852
51872
38232
82880
48500
54960
53516
56451
60114
55824
84227
72272
78729
53520
68122
73177
57502
82705
76036
49914
73644
63814
48607
49647
61634
76857
59232
41979
46306
47349
92674
59973
38720
42496
50404
71764
53712
44835
45375
60133
44259
57788
84621
51735
57536
69729
122777
75334
120888
51709
64446
48421
49293
53983
58318
52997
55844
41514
44070
51959
49667
56192
47357
50269
48539
49239
63302
59385
68850
62802
59028
53840
95300
61723
53654
52175
56194
49717
38168
47616
74668
54933
43696
70995
68032
66691
77046
65462
87853
62807
51861
41317
74343
63229
59999
64997
54292
70574
56820
44781
55751
53112
67101
50395
89343
46886
44705
43796
54003
51942
54194
87721
72219
54779
49567
65738
55343
52890
44223
51477
90327
60475
44902
44330
59736
51744
52265
44088
76398
48323
56945
84811
118046
49400
50143
72392
45741
84423
50601
49096
59731
76632
53326
55865
55053
36146
42045
69125
71444
71724
50858
57708
63840
53792
82763
56495
50142
45161
41259
53553
35348
37167
50030
44003
42122
52436
92441
98321
64096
81702
56019
51149
68968
57884
36638
67929
49599
42401
55833
71804
56881
70121
50386
41123
55077
47339
49417
54925
79691
42077
50314
50328
45875
46866
41383
63493
56277
81232
43974
47919
53715
52501
48457
51249
41240
44760
43003
41197
69084
44963
49774
57821
62138
90646
82534
51145
53613
41904
47198
49303
50053
81024
45031
50271
48919
55558
49093
47591
47234
48496
55798
44409
55363
39594
70525
45879
41677
61298
42907
55123
61020
51408
67001
93908
52905
70640
43668
43941
39551
42945
48140
53292
46544
50777
42123
50263
31102
53436
45941
40809
51709
89480
40272
45929
62160
51388
57966
43546
83152
50662
48222
53475
46822
56310
68308
54988
61555
41926
45805
39716
48283
54482
43629
59438
50073
63117
51588
39412
54299
55447
59231
44039
47647
55151
59391
43761
44221
41113
41515
57983
45251
43806
95065
60505
47981
50283
43020
47512
44138
56939
43314
58810
50411
41541
51767
57343
49091
46662
43110
38531
62749
60001
