214075
131851
124681
92939
111691
91269
99384
97415
114010
93169
83010
79912
149851
101934
84298
113110
127876
136759
86415
145852
114328
91148
73433
91520
791024
80032
150434
78889
71467
123430
357455
845545
82316
104115
70220
93662
106419
122473
115331
116799
83964
112817
100923
81802
141876
133833
60423
171830
1989266
161696
161391
109324
100375
103689
165310
1353188
104715
75325
119378
127296
149951
147210
88149
184806
69039
110567
115071
85431
178349
99504
85379
116916
126856
109886
117951
91523
128194
93263
96979
77742
261428
154923
126406
102713
161026
100613
386442
149420
63180
106975
104401
88136
107471
116620
144552
76924
92541
75408
84885
90893
92001
96774
87592
122951
97676
159622
99433
643952
82052
165612
108094
132811
74354
91056
92572
88499
136025
143297
103999
93025
86635
93919
102400
171215
105861
135874
158274
94990
103032
107138
86211
91702
204927
92169
118105
106688
88846
84226
111847
76507
107126
96063
75757
129095
110434
111852
101298
76111
73570
440567
717626
79176
107503
98566
760571
104899
97564
63802
113799
101531
114449
76429
86622
84814
100906
88338
69413
124528
82200
70305
131969
84441
91155
93581
131316
78925
88353
144164
79869
93678
72092
71432
84469
93876
100737
110144
145240
82095
183253
110728
84264
93759
74448
73730
110937
83864
78352
79580
106545
262832
74818
88191
71925
85148
86125
256916
133965
102829
121573
95112
92978
80721
99360
90559
91927
96036
82330
95808
82783
107607
107327
85781
143162
96083
92798
105141
72556
112039
93926
68971
82764
75984
95050
136478
76167
91212
85109
85342
104862
112149
162500
266182
99510
215140
190139
100887
83846
137554
155241
136409
178578
106230
88549
105816
111583
82250
89451
76937
96377
72765
103559
119704
94790
289712
133607
88070
96445
88657
88472
97733
176146
234171
124820
151213
86310
109636
273612
75329
96518
119540
3758436
115216
174298
80472
121050
213318
87430
178379
128110
99167
178034
81819
79311
116365
88015
108698
121140
84575
96864
131034
540171
818010
162389
136721
77166
99858
90533
111561
113888
127049
119246
104520
91060
69378
186258
101672
80802
106454
116396
86633
116642
112465
116401
93865
101738
72352
112701
158245
106598
106467
266361
83404
114918
127409
63495
112071
119470
81718
115781
94042
146521
103011
90330
68061
126762
96571
78649
163765
112993
70451
1929763
84844
82466
523885
85406
61276
88847
320097
116546
113054
98434
97866
110867
113652
81083
106884
96029
112538
91775
131876
84523
84084
94112
63642
79492
92803
67703
128039
111395
102811
239384
96274
108300
1585919
82988
111780
232867
125196
194382
78251
97156
83694
105512
98446
112447
92696
85969
148832
93144
135248
82200
147962
127451
95624
150928
98505
77526
85189
91845
88543
93341
90332
80059
109712
226441
80381
123325
118143
85040
123637
106474
982314
95777
99967
74832
107107
87772
84069
87967
149627
76292
168714
322051
111835
99644
85137
73263
101560
98481
74529
98882
86596
94136
210562
681423
102979
128674
91484
76259
82239
85016
86065
92621
107660
102314
79409
99153
86319
97740
104158
71418
137850
76658
118085
81621
77672
75401
95712
192141
78356
86306
94516
72780
90102
103151
88575
85574
101675
431273
94888
93562
76961
71443
76517
91209
97247
96731
80923
144303
87644
102460
104098
127629
92080
83113
108890
67692
85463
102734
85499
97048
128463
216310
99284
67110
100515
121447
67899
74735
72405
85179
87687
100077
84823
201633
155491
86772
82852
123389
408860
193370
81076
102542
70029
92919
106091
72534
121835
94482
79213
75524
100421
526456
3014103
92506
76641
105183
87556
128210
113246
121994
101223
89308
85647
133719
83972
86743
83435
81074
79208
90026
94483
84239
75007
91989
75186
68166
117704
75939
79797
91366
85339
93050
89086
83109
93466
86212
105787
83819
122661
120328
150325
98382
117854
95508
129748
102622
98526
73754
87570
125017
92751
85794
72165
168280
80395
77618
87354
98732
78096
89965
88885
81998
88882
89071
85044
112638
101480
76488
109309
88679
79762
89294
99915
78349
85253
227497
84238
81886
94549
76652
84502
121511
87782
84784
280328
102414
122516
207454
88488
112074
85916
97756
103280
81039
137804
85011
81135
86352
83500
84988
824138
91896
84686
77948
117315
80088
77004
84741
87857
76914
87381
80134
76223
84490
177473
79811
81271
91427
86881
83613
90162
102785
84353
91239
82146
87040
92814
82500
