1198
1509
1520
2226
2586
1625
1339
2244
883
1301
1821
1286
2170
2270
1449
2194
1933
1108
2090
2063
2023
8865
2116
1574
1499
1208
2026
1191
2209
1903
2354
951
1262
6186
1255
1771
2319
2402
1730
1971
2587
1424
1904
1865
1211
1177
3684
1130
2977
1916
1466
1548
1864
1417
1568
1325
1815
2319
1381
1908
1849
2164
1736
1040
1181
1748
2253
1551
2247
1855
958
1564
1710
3106
2926
2366
1448
1271
2347
2245
1634
2791
4293
42817
2594
1064
1218
1475
2258
1664
1749
1772
1071
1523
1736
1818
2782
1945
928
1989
2447
4063
1105
1556
1385
1433
1578
3193
1625
1970
1773
2499
1696
1553
2250
2004
1737
2568
2087
1969
1709
1524
3243
1265
1879
1975
1041
1741
1966
2257
1880
2105
2971
2904
1045
1282
1266
2433
2275
1905
1783
1973
1481
1280
2874
1534
1689
2105
2052
1520
2979
1821
1313
1739
1065
1624
1576
1941
1873
1108
1580
2198
2291
1173
2191
2026
2921
926
1056
2037
1734
1855
1565
2809
928
1201
1930
1781
2673
1078
2094
1974
1525
15234
1549
1803
2151
1554
1657
2052
2222
1582
1831
1090
1780
2983
2453
1627
1832
2235
910
1625
1593
1572
1963
1722
1489
2488
2188
1215
1846
2322
2328
937
2020
1231
1426
1381
3153
2149
1534
2742
1994
1667
1777
4074
1393
3046
1983
1926
1380
1448
1492
1706
3782
1674
2110
14445
1329
1675
1836
3090
1087
1809
1670
1952
1733
1815
1454
2466
2477
2445
1865
1448
1614
18263
932
1034
2709
1898
1786
2219
2031
2408
2940
1479
735
3292
1638
1670
1957
1337
2235
1660
1997
1621
1239
1196
1729
2274
1622
2486
2566
937
2060
1880
1859
2291
2544
1635
1820
1924
1945
1875
1886
2265
1891
1512
3258
3478
1520
2310
2939
1503
1148
2316
2263
1604
1592
2254
1867
1915
1722
2335
2242
1423
2646
1660
3424
1645
1970
1263
1540
1910
2472
1837
1384
1182
960
2570
1786
1955
1948
2010
1951
1646
2270
2410
1605
1555
1933
2155
2959
1702
2867
2189
2032
978
1933
1159
1606
1099
2248
4426
1629
1291
1370
2020
1498
2033
1894
1244
1525
1466
1846
3610
1471
1536
1153
1376
1498
1573
2042
2185
1834
2220
3413
1620
1847
1057
1746
1850
1341
1536
1813
1684
2160
2991
1258
3494
1564
1516
2207
2346
1722
2973
1817
2438
1294
989
847
2542
1891
983
1603
2060
1507
1344
1622
1218
1068
1119
2538
1829
2016
1584
959
2390
1597
2636
1394
1571
1225
1875
1390
1948
1851
1411
1632
1790
2042
1668
2375
1335
2537
2778
2074
1710
2006
1757
861
1942
1325
1594
2599
1259
1434
2513
1837
3136
1620
2608
1517
1872
1837
1054
1977
2557
1749
2638
2138
2635
1782
2724
1106
1437
1858
2432
2407
1470
2631
1881
2622
1688
1575
2741
3147
1364
2840
1729
1709
2924
1399
1111
2511
1900
1444
1593
1581
3127
1995
1229
3047
2005
1715
1195
2097
2078
1955
3113
2715
1690
2936
1543
1899
1533
1692
1802
1280
2220
1776
5116
1928
1378
1804
1747
1916
2056
1706
2104
4379
1809
1891
2113
1261
1864
1935
1898
1654
1540
1512
1938
2431
2675
2314
1330
1505
1844
3039
2062
2898
3606
1951
978
2121
20670
1916
1973
1043
1071
1733
1804
1357
1964
1842
1798
2642
1620
4478
1214
1484
1386
1945
1277
1439
3097
1700
1350
1776
1812
3189
1171
2073
1666
873
1260
2613
2104
1859
2133
1857
2003
1165
1627
1876
3824
1462
1637
1618
2032
1461
2206
1111
4171
1006
2762
988
991
1610
1726
1898
1326
3022
1734
1175
3141
2384
2261
2619
2088
3227
1689
1442
1211
1765
2404
3173
1916
1687
1721
1510
1214
1720
2124
2003
1728
3515
1943
1370
2890
1998
2124
2905
1848
2620
2870
2083
1409
1939
1097
2102
1852
1551
2405
1106
1531
1953
1381
3011
1607
2189
1529
1526
1416
3244
1367
1612
2780
2006
1964
2601
1739
1112
2392
2123
1044
896
1690
2082
1293
1923
2187
1942
2503
1367
2808
2361
2664
1656
2799
1654
1637
2506
2162
1643
1710
1715
1398
1657
2324
1557
3537
1696
1648
1886
2799
3517
2237
1673
2135
2032
1292
1984
1511
1732
884
2706
2546
1396
3503
1895
2118
2120
1925
1143
1525
2238
1577
2531
2392
2316
2384
1976
1957
1372
2824
4769
3134
2192
1763
1084
1559
2151
1562
3104
2246
2230
1631
19803
1263
1939
1065
1472
1063
3337
1110
1585
3560
1592
1572
4066
1569
1701
2401
2020
1354
2032
2664
2276
1643
2128
1918
1917
2878
1555
1847
2790
1923
1589
2292
2159
1791
1023
1586
1251
1265
1984
2359
2835
1768
2094
1728
1395
2013
2245
1791
1763
1967
2693
1602
1128
2147
1450
1205
1475
1977
1799
3056
1792
2726
1769
1704
1584
2243
1824
2864
1809
2060
2362
1589
2588
2174
1796
2253
2023
1863
1686
857
1596
1310
1633
3450
1620
3472
1586
1963
1708
1158
1581
1726
2257
2157
1918
1712
1616
1602
2232
1572
2364
1187
1815
1666
1100
2646
1947
2540
3064
1756
1092
1376
1844
1121
2096
2246
1678
2371
2016
1719
1916
1615
1669
1017
3342
3084
1813
2474
3585
1095
1052
1919
2418
2640
2479
2628
1866
1476
1543
1386
2104
1702
1402
2134
1569
1418
1243
5111
2643
1407
1987
1965
2216
903
2952
2271
1909
1616
2336
1646
2124
2178
2526
1092
3139
1630
1583
2063
1416
1350
2102
1795
1632
2239
2140
1693
1531
2383
1866
1835
1222
1418
1973
1894
1514
1604
1803
1770
1677
1793
1837
1268
2011
1753
846
1355
2262
1567
1297
1638
2022
2312
2640
1153
3171
2081
1779
1200
1802
2402
1907
2622
2205
1952
4282
1654
2043
1779
2044
4134
1712
1193
2214
1649
1654
2415
2726
1592
2580
2002
1607
2960
1730
1928
2339
1704
1047
1452
1120
1791
2034
2309
1783
1660
2294
1724
1122
1925
905
1904
1704
1708
3609
1276
1440
3008
1819
1392
1020
1015
2279
1972
1373
1820
1739
1330
3112
1317
1702
1430
2722
2110
1929
2229
1434
1378
4010
1128
1509
1500
1282
1704
3636
1240
2059
1414
1674
1699
1711
3101
1356
2020
2927
1281
1613
2461
2707
1214
3198
1612
2063
2030
1004
1574
2181
1282
1861
1834
1433
2120
3084
876
1180
1259
2331
1956
2097
1438
2697
1598
1190
1731
1744
1563
1772
1795
2157
3403
1459
1148
1987
1792
928
936
1537
1094
1712
2068
2604
1797
1409
1180
1494
850
1763
1240
2429
2189
3043
1472
2271
1480
1665
2018
934
2272
1321
2937
1395
2760
1923
1534
1872
2394
1843
2618
1125
1925
1525
2728
1635
3910
2152
1630
2221
2301
2238
1395
1622
2832
2192
1127
2568
2089
2921
1654
2027
1935
1365
1753
907
1761
1758
2483
2901
1361
1532
2433
1166
1790
2128
2016
2082
1387
1761
1587
1020
1585
2808
1508
2198
1741
2093
2749
2135
1610
2295
1635
1902
1774
1692
1772
3791
2217
1976
1261
1666
1591
2555
1320
1503
1544
1913
1230
1515
1823
4279
1393
1690
1737
2422
1481
3628
2148
2447
2756
1807
1796
1836
2265
769
3118
1791
1625
3074
1369
1441
2141
1793
2010
1599
1184
1379
2129
1752
2182
2590
886
1942
2432
1722
1133
1943
1906
1570
1317
1779
1956
2070
2471
1640
1215
1652
1687
1052
2529
1368
1798
1787
2369
1031
1269
1790
1614
2344
2264
1395
1789
1638
2102
2266
2125
1093
1453
2258
2407
2259
1686
1500
1371
1716
1470
2161
2044
1657
2588
4529
1376
1758
1906
994
2437
1402
2567
2966
2129
2802
1482
2557
1771
1192
1896
1147
1901
2287
1848
2339
1700
865
2128
2205
1474
1810
3073
2041
1741
1325
1739
2329
1718
1324
1768
2395
1580
1981
2186
1017
2178
2158
1421
2440
2159
1259
998
1692
2924
1741
1919
1942
1304
1750
4073
1710
1553
2212
1230
1542
2556
648
2585
2168
2394
16787
1390
2878
1622
1227
2495
3897
1434
1243
1365
2215
1734
1572
2563
1170
3148
1615
1177
3005
1664
1613
2549
1640
1634
2336
1742
1106
2483
1721
1195
1066
1947
2641
1633
3126
1926
1666
2589
2592
2148
1439
2285
1006
3680
1762
1491
1693
1937
1207
2391
1738
2738
2529
2068
2323
1854
1095
1503
1651
1381
1440
1551
1162
1826
2463
1266
2279
1559
1009
2063
1383
1730
2073
3384
1502
2327
1972
1312
1855
1882
1644
3184
3148
1861
2318
1819
2936
2464
1757
1788
2382
1061
1770
1580
3091
1239
1688
1882
3745
1827
1253
2776
1461
2547
2602
1937
1840
3096
2452
1413
2482
1245
1666
2036
1775
1485
1933
5897
1490
2117
1682
4640
2114
3102
2075
1288
1815
1070
2084
17682
1275
1690
2779
2201
1912
1769
1484
2367
1854
2173
1724
1793
1434
2284
1742
1146
1724
1551
1800
1678
1121
1421
1495
2112
1990
3270
1483
2273
1897
1473
1854
1498
1963
1853
3062
1142
1542
3248
2560
1201
1773
634
1884
1545
2979
1327
2393
1771
1458
1890
1793
2008
2320
2125
1955
1591
1483
1356
1554
1517
1833
2330
2190
1692
2648
1576
1893
2226
1178
2562
1790
1159
1754
1993
1603
1669
1913
1691
2176
3899
1376
1240
1235
1475
1302
1976
3945
1791
2274
1697
1634
2019
2394
2352
2817
1505
1797
1984
1638
1886
1776
1646
1802
2458
2090
1372
1763
2561
2037
2266
2430
2512
1754
2638
1892
2889
2889
1865
2072
1151
840
1815
1452
2118
1991
2230
1845
1577
1414
2403
1839
2110
2126
1853
2385
1603
2052
2115
2360
972
2067
2469
2632
1552
3203
1378
2715
2221
2244
1347
2074
733
1960
1616
948
1788
2465
1995
1893
2499
1525
2636
1442
2184
1840
1730
1641
36832
1931
2856
2572
3542
868
2022
1736
1660
1817
1934
2405
1862
2087
2160
1181
2188
911
3001
1238
1473
3484
1748
1582
2144
2036
2354
3113
23254
1549
2737
1701
2045
1289
2435
1473
2608
2201
1566
2009
2089
2302
1874
1759
2079
1825
2381
2506
2144
1809
1934
1456
2867
1618
2087
1608
1707
1549
2980
100010
1038
1571
1780
3610
1906
2051
2772
1476
1698
1705
1310
2207
1463
2057
2101
1698
917
1709
2907
2042
1907
1604
2513
1542
1840
2027
4184
2045
2049
1238
1909
1652
1552
1728
1902
1198
1256
1784
2166
2207
1556
1774
2238
1794
2047
2383
2215
2042
1826
1358
2177
2666
2809
1855
2404
2008
1642
1892
1863
1308
1395
1183
2276
1297
2029
1477
2308
1242
2124
2096
1910
1500
1871
1544
1444
2690
1599
2416
1655
2387
2054
2338
2213
960
2055
1999
2125
3483
2077
2568
1690
2855
2210
1918
1345
1978
1369
1509
1159
2026
1534
2025
1544
1154
1780
2269
2324
1654
1605
2144
1399
1101
1957
1456
2204
1330
1887
1310
1891
2317
1822
1500
3042
2247
1835
3743
3215
2058
2339
3129
1500
3026
2182
2576
1424
1604
1565
1764
1475
2953
1355
2308
887
1616
1854
1570
1665
1111
1625
2910
1628
1091
2914
1878
1948
2441
1141
44101
2143
2140
1588
1658
1976
2189
2313
2141
1274
2016
1559
1486
1569
1462
3514
2546
1845
1599
2241
2152
2926
1825
1294
891
1283
2080
1728
1716
866
1397
1113
2593
1263
2152
2009
1707
947
1677
1801
2086
1404
2409
1868
1487
1384
1920
1000
3095
1306
1441
2279
2640
1696
919
944
2158
1876
2995
1404
1722
1282
1415
2015
2603
1617
2435
787
1039
2179
2815
1376
2278
1944
2409
3734
1905
1105
1854
2540
1956
1741
2009
1683
1239
2967
2137
1912
2759
2390
1512
1569
1626
2275
1631
902
4574
2531
1926
1598
1997
1314
1840
1444
1862
1709
1484
1549
2412
1832
1603
1895
1476
1695
2022
2123
2344
3026
1800
1567
2327
1874
1537
2378
2139
1680
1317
1472
1253
2008
1787
2591
1425
1336
2036
2184
1469
2706
1508
1765
1782
2178
2411
1826
1058
3326
2390
1644
2116
2026
1721
1345
1881
1928
2026
1230
3235
1370
2805
1384
1970
3064
2892
1647
2331
1606
1580
1706
2429
2107
1599
2388
1428
2700
1678
1810
2479
1852
2785
1947
1221
2266
1935
2131
2266
1741
1691
3978
1650
2151
2191
2093
959
2882
1154
2023
3708
1407
1754
1535
2960
2188
3790
949
1148
1509
987
1546
1793
1721
2441
1585
1736
1433
1575
1721
1881
1197
1226
1146
2846
1807
2985
1556
2577
4245
1524
1600
1404
1820
1649
1038
1946
1363
1980
2721
1730
2123
1108
1964
1081
1562
1883
1887
1318
2109
1943
1443
2221
2399
1896
1581
2261
1916
1786
1560
1787
2626
1906
1995
1677
1945
1366
2192
2261
2037
752
1804
1909
2529
2198
2552
1052
1645
1562
1866
2299
1068
1472
1551
2442
2391
1205
2293
1103
1930
3271
1672
1837
2358
1820
1815
2102
1812
1419
2297
1355
1636
3531
2287
1611
3149
2443
1370
1453
1830
2030
2135
1966
2951
2070
1475
1301
2004
1860
1754
1155
1678
1163
1148
1863
1681
1880
2073
1915
1303
1903
1950
1885
2209
1525
2041
1921
2102
1105
2095
2054
1379
3065
1710
2918
1991
1003
1575
1138
1628
1739
1818
1591
2593
1348
1538
2091
1941
1075
2177
1805
822
1831
1976
1188
1310
2265
1724
1545
1686
2031
1833
1537
1510
2865
1660
1458
1686
1659
1383
1772
1771
2446
2925
3854
1929
1748
2516
973
3658
2214
1552
1416
2461
1241
2096
2133
1928
1769
1951
1660
1494
3420
1385
1263
1100
2502
1042
2345
2264
1809
1561
1763
2942
1458
1888
1814
1872
2199
1886
1614
1419
1332
1401
968
4127
1861
1534
2150
1362
2690
3166
1785
1548
1530
1874
850
2724
1501
1533
2533
1680
1366
3198
1394
1403
1375
25284
2561
1884
2066
1634
2716
1476
1291
1826
1813
1451
885
1718
2664
1237
1570
1480
3743
2164
1795
2068
1901
1941
1692
1937
1953
2137
5503
1811
2111
2003
2138
2334
1673
2674
1850
1834
1978
2374
1254
1126
1879
1545
1181
2637
2423
1206
1619
1690
1647
2386
1647
933
1732
1542
1375
1556
2436
2422
2043
2416
1721
2694
1173
1533
3046
1170
2351
1756
1706
1944
1321
1890
2709
1650
1690
3626
1799
2269
2563
1548
2116
1044
2493
1818
2529
1749
2121
1901
1740
1882
1933
2626
997
2006
2745
2897
1954
1875
1678
2436
2013
2013
1632
1799
1718
1806
1353
3092
2004
2386
2675
1463
2207
2018
1450
1713
2241
1895
1249
2102
2130
1101
1734
996
2148
2106
1420
2627
1434
1682
1708
1988
2313
1349
2232
1144
1376
1839
1434
2778
1570
1386
1614
1998
1461
1840
1987
2553
1501
1864
1443
3297
2559
3505
1649
3568
1583
1649
1814
1425
1552
2204
2121
1333
1797
3277
2147
1390
1628
2259
2273
2140
1743
1711
1421
1893
2892
1984
2018
1408
1126
2045
2360
1613
1795
1434
851
1520
2225
1577
2564
1943
1678
1996
1756
1671
901
2843
781
1358
2802
1584
998
1169
1627
1905
1176
1649
1566
1348
1261
1361
1184
1922
1267
2224
2370
2680
1784
1777
1790
1285
900
3006
2878
1636
1320
1699
2666
2571
1229
4155
1165
2414
2156
1648
1246
2954
1900
1727
959
1724
2236
3198
2130
1627
1707
1170
2396
2560
1657
1863
2403
2328
1313
1263
2491
3720
1971
1987
2166
2450
1786
1799
1491
1322
1786
1828
2440
2006
1483
1391
1797
2033
865
2391
1959
1840
2483
2134
2101
1788
4219
1788
1275
1337
974
2021
1118
1814
1398
3325
1974
3437
2692
2122
2047
2394
1505
1063
1955
1500
1375
1833
1442
1899
2166
2861
2880
1361
1618
1897
1876
1931
3001
1796
1604
1820
1675
1331
2051
2538
2072
1698
2003
1130
1596
2214
2216
1454
1076
1994
1345
1934
2065
1755
1853
2658
1100
2658
2177
993
2406
1486
1338
1664
2171
1566
1715
2043
1665
1799
1671
1784
1558
1409
2493
1871
2319
1784
1989
2169
1462
2222
1845
2178
2373
1869
2533
1914
2035
1384
1420
1922
1175
1278
1848
2815
1454
1875
2374
2899
2404
2554
1903
1971
1545
2095
1728
1874
1470
1839
1810
1854
1507
2725
1348
1985
1975
2373
2271
2350
1512
1539
1388
1949
1369
2288
2142
3790
2613
1497
1539
1768
1902
1843
1941
1240
2845
998
1901
1776
2475
1733
2755
2109
1917
1665
1539
2348
3240
2004
1383
2041
1863
2163
1789
1450
2664
2461
1881
1271
2042
2061
2376
1917
1689
1801
2658
1946
1695
1466
2907
2800
2159
2227
2650
1746
1970
2247
1640
1603
2521
1663
1564
1912
2174
2835
2118
2555
1695
2659
2171
1776
18488
1771
1567
2317
1459
1549
1100
1592
1929
2618
1107
1797
1978
1440
2252
3235
988
1859
2968
1259
2279
3061
2297
1960
1025
2383
2850
2885
2633
2673
1642
2426
1900
1213
1215
1545
1879
1128
1618
2723
1977
1717
1343
2087
2309
4647
1952
2059
2580
2371
815
2272
1912
1930
2294
1891
1991
1491
2207
1558
2361
1295
1931
1819
1215
2596
1752
2161
1802
2365
2057
1908
2310
1441
1834
2555
1957
1026
1616
1758
3074
1994
1300
1445
1441
1617
2323
1518
3027
2012
1821
1440
2019
1890
2780
1703
2596
2229
1997
2026
1173
1664
1595
1781
1735
1834
3108
1937
1342
2146
1331
2023
2133
2674
1732
2216
1637
1310
1535
1899
2641
2741
1709
2899
999
1659
2097
911
2613
3254
1980
2154
1727
1769
1655
1141
2081
1697
3676
2752
1690
2160
759
1548
2280
2433
1523
1718
1826
2793
1594
1224
2279
1346
2178
1867
1926
2311
2205
1706
1519
1646
1984
1503
1769
1458
2270
1177
2927
1994
1852
2358
1463
1793
1401
3250
1172
1517
1789
2606
1685
1422
1898
1475
2259
2330
2850
1419
1829
3760
1397
2741
1527
1957
2308
767
1720
1512
1354
1579
2052
1698
3294
1491
1445
1497
2126
1607
1963
2112
1731
1986
1538
1828
966
1863
2399
1640
1898
2443
1728
1365
1860
1555
3247
1025
2721
2439
1781
1405
1572
1338
2125
1696
2275
1243
2374
734
1497
3181
1584
2622
2020
1805
1770
2461
2378
1734
1929
1867
1860
2111
1048
1847
1691
1812
2796
1758
1644
1667
1991
2840
1484
1696
3040
1704
1929
3291
2513
1127
1956
1601
814
1269
1649
1776
2120
3429
1898
1663
1846
1908
1883
2217
3502
1979
1582
3219
1934
2283
1323
1929
1358
3450
1513
1890
2151
1353
1424
1783
1736
1456
1272
1382
2099
2053
2272
2541
1760
2674
1843
3492
1831
1608
2182
2086
1385
1739
1757
1816
1541
1588
3198
2838
1490
2565
4478
1784
1023
2112
2013
2180
1849
1913
1792
1243
1078
1639
1158
1463
1446
3292
3456
1553
26853
2454
1872
2316
2000
3229
2380
2842
1768
1988
3709
1878
1725
2685
1883
1737
2878
1620
1629
1379
1938
3444
2288
1448
2487
1185
2587
1803
1642
2575
1339
2992
3661
2062
3045
1641
1895
3590
1226
1516
2083
1497
1032
2181
1535
2758
1800
2233
931
2493
2163
1462
3348
1810
633
1683
2015
1540
1147
2302
1377
1038
1333
2163
2195
1309
1911
2069
1427
1866
2045
1942
2754
1429
2673
2114
2044
1639
1921
1990
2605
2461
1825
1492
2524
1755
3383
1166
1847
2970
1287
1988
1559
1957
1928
2348
1608
1452
2866
1586
1948
2318
1832
1828
1841
2424
1533
1904
1855
1581
2456
2164
2098
1155
1667
3296
1301
2251
2071
895
2046
2626
2200
2151
1662
2310
1243
2551
1432
1935
1491
1656
4013
3245
2911
2534
2048
1461
655
1627
1679
1856
2787
2078
1598
1884
2358
1622
1860
1918
1586
1760
1139
3099
4010
1717
1774
1429
1828
1813
1920
1717
4111
1569
865
2083
1270
1525
2081
2608
2612
1658
954
1869
1306
1692
1607
1232
1699
18986
2036
1855
1880
1390
1999
2348
1954
1816
1533
1577
2858
1611
2212
1744
951
2825
1446
2152
1338
2265
2474
2221
1633
2238
1811
1901
1966
1922
2613
1624
1260
1443
1685
1299
1443
1420
2063
1147
2466
2491
1378
1693
1567
1886
760
1823
2133
1917
1614
1888
1279
1668
2002
2564
1370
1941
2364
1607
1387
2835
2657
2177
1542
1655
1675
767
2214
3412
2219
2509
1883
2423
1531
2156
1651
2836
1275
3037
1293
1891
2337
2341
1474
2426
1403
1634
2502
1011
1462
2209
1288
2261
3159
1446
3739
1946
1594
1800
1973
1751
2950
1321
2269
1964
1664
1470
1852
1913
2580
2588
1689
2110
1897
2071
1154
1714
1000
1555
2232
1673
3008
2990
1693
1621
2371
1533
1793
2133
1553
2798
1539
1922
18950
1656
1929
1648
1390
1447
1338
1586
1598
1353
1665
1991
2025
1148
2000
2546
2037
1586
1408
1382
2065
1534
1575
1992
1884
1341
1679
1898
960
2018
1632
1769
1356
1596
3223
1945
1442
1828
2148
2106
1872
1006
975
2377
1706
1417
2520
1547
1945
1825
1797
2022
1329
3444
1930
1742
2578
1265
2606
1471
1902
3031
3077
1865
1789
1157
2174
2864
1777
2342
890
1583
2340
1917
1474
1836
1438
1782
1391
1635
1765
1801
1393
3318
954
1626
1668
1216
1866
2613
2016
1646
1599
1315
1900
1293
1993
3904
1836
2056
1733
1990
1533
1765
1135
4364
1295
1184
3467
1795
945
2098
2113
1731
2688
2171
1781
1227
2139
1583
1638
1081
1610
1717
2483
1076
2098
2838
2199
1810
1232
1486
2016
2478
1369
1219
1798
2474
1795
1302
1842
1773
2370
1817
2096
1856
2217
1552
2898
2648
2038
1826
2234
1884
1747
2548
2724
1879
2240
1650
2069
1230
1755
3180
2093
1533
2052
1868
1831
2278
1012
1501
2332
2010
1759
2451
2636
3044
1630
1645
2290
2101
1950
1492
806
1328
1892
3359
3181
1488
1625
1741
2317
1970
2031
2375
1599
1849
2210
1991
1326
2522
1773
1864
3680
2437
2233
1816
2950
1949
1309
2146
1636
1553
2971
2019
2189
1551
1762
1991
1969
1671
1648
2021
1875
1511
1672
1966
2060
1812
1761
1285
1811
1364
1947
1814
1530
2883
1981
1844
4887
3148
1687
1807
1871
1833
1641
1549
1943
1888
1905
1882
2444
2846
2401
2123
1630
1710
1772
1791
2055
3364
1781
1660
2716
933
1372
2340
1666
1750
2775
2882
1151
1860
1443
2320
1971
1863
1909
1632
1823
1580
2184
1776
2806
1053
1617
2940
2000
767
2148
1887
2737
2220
1395
1726
1245
1246
2319
1525
1334
1756
1953
2046
2257
1595
2415
1292
1211
1143
1779
1367
2156
1162
1553
3570
2335
1902
2162
1750
2060
1706
1488
1456
2180
1769
2341
2946
3043
1772
1773
1607
1881
1598
1632
1412
876
1893
1785
1032
1637
5277
2093
1794
2635
1724
1863
3227
1884
1800
1718
2368
2443
857
1544
2596
2031
1968
994
1154
3531
3317
1502
2480
1618
1810
2446
2442
1256
1515
1089
2625
2006
1487
2211
1317
1103
3207
1514
1033
2296
1910
1390
2498
1258
1748
2399
2364
1641
1712
1804
1499
1747
1308
1015
2370
3083
1864
1510
1647
2339
1141
3005
3538
1915
1236
1738
2001
2047
2049
1829
1738
1697
1176
2042
987
2619
1683
2376
1570
1397
2279
1318
2551
1049
1644
1619
1368
3875
2022
1666
2255
1820
1709
1675
2159
1772
2582
2183
2030
1989
1504
1947
1367
2159
1704
1319
2213
1915
1677
1443
1564
1404
1825
1255
1693
2579
1331
1656
1998
1851
1776
1970
2147
1967
1036
2460
2240
1203
1350
4188
1605
1968
2251
1580
1684
3825
2863
1493
1634
1913
2786
2011
1730
2551
3376
21585
1779
1626
1704
1355
25271
2440
949
1496
1677
2559
2311
1842
1587
1678
1770
1687
1702
3218
1414
1886
3351
1497
2567
1655
1312
1565
2477
1976
1630
3007
1918
901
2228
1280
2856
2271
1646
1447
2430
2178
4849
1530
1539
1021
1495
1400
1518
2024
1743
1790
1532
2950
1732
1683
2996
1154
1927
3224
1862
2002
1935
1174
1730
2949
1620
2520
1559
1900
1385
1596
1431
1742
2062
1486
2149
4666
1978
3885
1104
1237
3695
860
1764
1477
1705
1555
1942
1394
1927
2615
1610
1778
1847
1692
2134
2663
1558
1949
1354
3178
1619
1367
2785
1932
1147
2368
1613
1326
2589
1524
2000
3322
1655
1898
1956
1074
1003
1646
1561
2547
2492
1613
1583
1730
1815
1725
1180
1706
2253
1518
1686
2012
1925
1670
1329
2695
2508
2213
1740
1701
1524
1523
1523
1831
1072
2532
1988
2364
1447
1667
806
1243
1411
1836
1826
1234
1883
2457
1888
1619
1618
2541
2238
2253
1367
1469
1187
1113
2348
2366
1785
2408
1640
2049
4547
1731
2380
3244
1742
1837
2297
1875
1627
1436
2160
1799
1078
1432
2088
1758
2520
2066
1563
1975
2246
1758
2762
1984
1258
3559
2054
1473
2786
2863
1021
1590
1514
1536
4067
1517
2261
1109
3589
2086
2505
1865
2116
1496
2159
1116
1872
3005
1786
1214
2827
1839
2047
1795
1793
1584
827
1571
2398
1948
2888
2461
1778
3480
3128
2089
1001
2299
1695
1792
2721
2743
1327
1615
2766
1773
4160
2633
2641
1503
2169
1787
1410
2275
2457
1766
1033
1870
2745
1733
1946
1719
1453
1562
4557
2094
1071
1266
1782
1519
2105
2505
3981
2026
1638
2867
2135
4038
1978
1981
1517
2059
1633
1480
2821
1397
1631
2095
2618
1654
2229
1639
1156
2588
2188
2150
2728
2513
2209
2762
1455
1761
964
1741
2115
1868
1661
2929
1987
2150
1546
879
1158
1667
2164
2288
1255
3508
18583
1490
12956
1553
1477
1898
1492
1955
1258
1807
1624
2216
2058
1839
2450
2423
2182
2137
2545
1391
858
1002
4407
2117
1559
1784
853
1796
2089
1479
1859
1969
1146
1848
2685
2363
2928
1874
2555
1911
540230
2142
1606
1922
1743
2077
1289
925
1888
980
1826
2197
2399
1986
1766
1737
1275
2118
1842
1854
2120
2771
1523
1855
1308
1432
1801
959
1778
2521
2181
1787
2781
1159
1825
2912
1775
1110
3607
1598
1120
1838
1326
1332
2846
1625
1466
5219
2369
2207
2207
2120
2113
3217
3133
2286
2147
2084
1951
902
2204
1718
2436
2173
1586
3867
1406
1767
2677
1655
1913
1649
1753
1730
1798
2711
2254
1575
1427
1308
1151
1568
1310
2337
2195
2992
3362
1495
1457
1688
1776
1275
1997
1860
2398
1767
1777
999
2053
3776
1836
1926
1827
1899
1631
3077
1701
1784
2766
1685
1720
1969
2041
1363
1606
3044
1984
2505
2488
1797
1378
1666
1893
1769
1617
1470
3395
2248
1541
1121
1966
1678
1614
1200
1285
1310
2190
1690
2379
1521
2432
2594
1519
1762
1808
1917
1100
2277
1518
1870
1081
1095
1745
2316
1904
1446
1840
1736
2318
1501
1787
850
1754
1051
2182
1785
1841
3015
1048
2016
1954
2283
2110
3536
1284
1828
1621
2991
2132
2999
1517
3901
1822
1477
2051
1816
1032
2195
19195
1671
1772
1602
1903
1076
1889
2354
1430
1860
3079
1820
2438
1920
1108
1875
1792
1845
2189
1566
1542
1981
2387
1827
1448
1672
1811
1158
2377
929
2298
1496
2453
2074
1201
1183
2175
1103
1376
3313
1923
2755
2422
1181
3631
2022
2252
2352
1665
1596
2725
1289
1814
954
1335
1785
2459
1865
1636
2065
1777
1559
1432
812
1767
1601
1832
1651
1827
1545
1647
1205
2032
2175
2387
1429
2166
1674
1950
1690
945
1618
2858
1700
1940
3268
1353
1954
1886
1298
2272
932
2096
1502
2579
1883
3734
1585
980
1974
3334
3440
1282
2159
2497
2942
2281
1825
1036
3053
1677
2283
2469
1538
1804
1283
1903
1543
1423
1971
1950
1943
1575
2109
3343
1709
2340
884
656
2497
1953
2520
1616
2865
3245
1833
1617
1807
1524
1358
2469
1788
3361
2081
1564
1801
2660
2305
1870
1258
1431
2881
1817
1848
1715
1821
983
1806
2054
994
2228
1508
1174
2183
1298
1911
2713
1718
2139
2768
1597
1850
2038
3852
2077
1323
1645
2267
1216
3220
1447
1814
2434
2659
2912
1948
1396
1311
1805
1740
930
2467
1706
2683
3071
1587
2787
1915
1695
2540
1527
1421
1865
2182
1650
1533
888
1889
1755
2129
2299
3059
845
1506
1740
1475
1160
2781
2086
1788
1608
1657
1232
1395
2693
1864
1550
3173
1903
1699
1519
952
2097
1775
1640
2260
2255
1630
1562
1563
2697
1524
1423
1857
1616
2441
2406
2031
822
1168
2334
2431
1492
2673
2013
1512
2792
2616
1770
1695
3126
4089
3094
2680
1622
2764
1617
1444
2240
1172
1102
2868
1851
1854
2913
1984
2605
1625
1316
2249
918
1253
1596
1683
1544
2260
2612
1998
1489
1601
1658
1534
1433
1390
1517
1157
1209
1699
1468
1286
2111
1209
1952
2191
963
1520
2197
1801
3247
1591
2811
1706
1483
3286
4825
1761
2383
1511
1487
1698
1678
1428
2092
1590
2473
2067
2435
2426
2622
1090
2057
1971
1571
3265
1405
1990
2951
1314
1774
2701
2613
1661
1443
2110
4408
2768
2133
1659
1958
2088
1661
1433
1770
4470
1321
1841
3327
1599
2036
1712
1203
2371
2481
1520
1852
4061
1287
2568
2107
1591
2150
1439
1843
1160
2125
1671
3712
1940
2011
3755
970
2281
2825
1771
1706
2001
1714
3539
1358
912
2525
1195
1706
2466
1807
1890
1901
1742
2249
2432
2030
1318
2238
2201
1527
2362
907
2514
1894
1594
2195
1721
1771
2923
1658
1725
1611
1791
1947
2164
1728
1159
2561
1658
1260
2618
2459
1652
2297
1940
1322
1763
2627
1434
2784
2188
1624
1012
1321
1725
888
1363
3458
1513
1563
2848
1806
1396
1454
2537
2132
1541
1645
1447
2254
2132
1496
1923
1626
1760
1711
1479
939
2039
1904
1282
1898
1892
1573
1503
1330
2068
1219
1291
1809
1857
1288
2153
1638
1785
1665
1771
2818
2337
2740
1667
2175
1986
1606
1976
1961
2239
1353
1625
2034
1876
1779
1999
11948
1693
1734
2262
1554
2012
1913
1416
2275
2299
1805
1895
1141
4863
1457
3540
1256
1501
2282
1939
1648
1624
1927
2174
1929
1489
1838
1896
2413
1776
2066
2592
3009
1981
1718
815
1781
2371
1712
1081
1824
1311
1781
2222
1619
2325
1437
1886
2063
2703
1809
2474
2310
1320
2722
1823
2192
2588
1605
2200
1118
1466
2396
2016
1662
3218
1322
1474
2275
1450
1741
1778
1384
1452
1500
1778
1510
1128
948
1957
2132
2958
1509
2077
1193
2054
1389
2231
1779
1599
1592
1945
1623
2408
1324
988
2624
1166
1615
1681
1661
2381
1637
1526
1443
1382
1556
2052
1858
2850
4029
1554
1779
2910
1996
2121
2339
2136
1670
3265
1724
1790
1773
2291
1808
2940
1575
1740
1967
1973
1679
1756
1909
2285
2975
2070
2381
1584
1783
2215
1726
1183
2076
1153
1006
2072
1684
1752
1617
2382
1622
2292
1657
1499
1805
1646
1306
2245
1451
1558
3144
2407
1081
2598
5161
2129
2480
1032
2771
1230
1763
1786
2024
1979
1313
2746
1726
1377
2565
2010
761
2114
2562
1591
2827
3601
2275
1897
1725
1854
3757
1611
1269
1017
2682
1571
2516
2270
2457
1394
1120
1768
1874
2511
1834
2380
1893
1363
994
1195
2610
1932
2400
1183
1343
2159
1799
1417
1925
1969
1644
1925
1801
2266
1685
1240
1942
2166
1560
2819
1871
2569
1068
2256
1038
1574
3754
1789
2016
1807
1569
1425
34093
2362
2104
3369
1951
2139
2531
1871
3523
1483
1876
1618
1593
1993
2014
1761
1877
1735
1665
2106
1743
1961
1331
1826
1492
2646
1812
2523
1999
1667
3114
1784
1101
2032
1835
2599
1860
2726
1213
2146
1597
1823
958
2794
1756
2375
1837
1827
2449
1954
1549
1531
1182
1717
2544
1905
3518
1934
1607
2007
2171
1193
1894
1507
1569
1880
1641
1923
842
1040
1286
2051
1898
1406
2447
1704
1989
1780
1777
1688
2202
1978
1907
2004
1855
971
1567
1589
999
1555
1664
2024
2006
2089
1630
3178
1690
1333
1529
2077
2066
905
2260
1618
1551
854
1721
1846
1451
1964
867
1613
2591
1529
1584
1934
1673
4500
1649
1731
1992
1875
2228
2732
1779
1397
3049
1533
1547
1444
2117
2852
1552
2936
1426
1957
2847
2019
1584
2451
1641
1863
2664
1728
1868
3874
1331
2779
1979
1720
2040
1576
1516
1848
2962
2049
1473
2212
1197
2484
2400
2648
2704
1648
1425
1381
1578
1897
1704
1962
1818
1819
2467
2210
1750
1633
2717
1452
1032
1628
1887
2687
2578
3939
2654
1894
3517
1918
1614
1958
1820
3602
2163
1624
1333
1328
1126
1251
1249
1979
1070
1354
1781
1672
2855
1944
1806
1635
2991
1667
1828
1686
1969
2055
2081
1787
2189
1596
1738
1584
1895
1272
1851
3872
1297
1716
1695
2225
2438
1581
1607
1439
918
1512
1557
996
1783
2189
1119
1437
2054
2468
1408
1854
2260
1676
1010
1896
1095
2102
2282
1700
2606
1795
1721
2450
2291
2496
2989
1414
2053
1828
2197
1208
1582
1517
1873
2575
2034
1832
1721
1846
1086
2849
1459
2278
1678
923
3006
1411
1362
1742
3845
1515
1474
1701
1626
1776
1844
2531
2324
2181
1677
1555
730
1240
1111
1383
1526
1600
1452
704
1458
2085
1004
1648
2471
1839
1872
2104
1824
1429
3468
982
1519
1710
2694
1379
1366
2463
2092
1575
1731
1849
1362
1746
1680
1311
1988
1131
1525
2036
1835
1249
1624
1876
2354
1581
1514
1533
1433
3097
1744
2449
1981
1270
2817
1765
1752
2128
2253
1917
2717
1901
1022
2092
1770
1339
2722
1855
1702
1513
1202
2846
2466
1660
2286
1511
1680
3308
1645
2715
1413
2020
2139
1854
2322
2192
1333
1905
2398
1715
1704
4900
1140
2947
3322
3230
2272
2443
1584
1909
1950
1377
2100
3194
1069
1708
1501
2530
1732
2101
1623
2367
1330
1780
1577
1972
1865
2038
2089
2553
2130
1322
1398
2266
1153
2103
2445
2015
1757
1913
1197
957
2261
1419
3937
3805
1541
1145
2844
1854
846
2518
2236
1276
3388
962
1787
1935
2527
1278
1346
2218
1823
2212
2177
1424
1604
1675
2154
1670
1504
2159
1740
2164
1721
1952
1734
2007
1157
1225
2114
1947
3056
3103
2265
2155
1251
1927
1148
2839
2214
2174
2325
1801
2100
2279
2289
1960
1980
1963
1628
1834
3336
6240
1806
2603
2140
1542
2225
2471
1506
1769
1798
1453
1412
1455
1725
2302
2131
1665
1956
2012
1755
1425
2386
1450
1658
2410
1778
1730
1829
1863
1966
1588
1496
1719
1375
2223
1612
1886
2161
2657
3604
1810
1914
1399
44821
1962
1484
1514
1828
1723
2151
1374
1855
1683
1745
1847
2067
2047
1205
3535
1215
1215
1780
1811
1671
3096
2186
2414
1082
1239
1272
3024
1325
2389
1838
2376
1585
2006
1672
2544
2051
1386
1523
1218
1838
3659
2369
3048
1858
1728
1581
1803
1708
1490
3598
1683
2437
1166
1930
2458
2997
1348
1230
1983
1605
1552
2527
2062
2627
1766
1701
914
1790
1949
2643
1783
1018
1915
1524
1800
2523
2305
3355
1941
1942
1787
1403
2896
1631
1417
2310
2403
1822
1421
2201
1626
1993
1772
1854
2406
1501
1718
2645
1284
1708
2356
1411
3011
1225
1552
1561
1766
1686
3435
1185
1786
3640
1873
1915
1797
1846
1584
2259
59353
1894
1894
1789
1432
2274
1669
2005
2707
1785
1819
1689
2262
2331
2340
1423
1525
2482
2255
1853
1677
1757
1595
2651
1592
1607
2079
2357
1383
1598
3106
1605
1891
1704
1425
1857
3754
813
1861
2725
1498
1922
1717
2186
2294
1525
1858
1990
1332
2867
2438
877
2013
4029
2252
1444
3583
2329
1481
2107
1556
2146
1844
1405
1545
1934
1687
1669
1586
2136
1284
1802
1847
1222
1507
2149
1535
1803
1758
874
2306
1155
1838
1473
1801
3307
1756
2516
1292
1427
1823
994
1511
2061
1962
2027
1778
1060
1962
2014
1749
1505
1903
1753
2905
1763
1503
2185
1273
2485
2080
1458
2012
1483
1486
2976
1091
2672
3017
32053
1527
1223
1954
2367
1851
1821
1659
1220
2247
1437
2563
1616
2123
2605
1813
1644
1642
1270
1394
1442
1899
1666
1295
1790
1817
1697
1569
1461
1940
1555
1894
1594
1697
3234
1386
1506
2904
1740
1958
1842
1557
1812
2105
2293
1435
2131
1769
1906
1888
1527
1846
2218
2107
1873
1308
523
1292
1401
1121
2195
1404
1512
2087
3379
1800
1712
1887
6603
2479
1424
1565
1748
2019
1429
1482
2450
1904
2484
1912
920
1310
1845
1780
1737
3055
1711
2411
2906
1901
1843
2218
2509
2454
2032
3019
4291
1612
1466
2091
1649
1773
1720
1731
2484
1542
1727
3040
1272
2403
2445
1869
1656
1671
1890
2625
2803
1007
1788
2641
2599
1917
1944
1874
2090
3364
3729
1885
2916
1549
1986
2331
1514
2937
1694
1879
2016
2326
1842
2089
1461
2161
1648
2099
2217
2678
1961
2100
2142
1872
1186
1582
1681
1852
1645
1325
1160
2496
2123
1530
1594
1933
1464
1227
2019
1929
2416
2132
2002
1533
1783
1847
1695
2176
2212
2285
2265
1935
1073
2302
14866
1553
1585
1878
1872
4929
2313
2795
1476
1819
1485
1920
1480
1425
1581
1474
1737
977
1037
1709
1972
1956
1164
1907
1603
1846
2097
1347
1503
1789
1698
1432
2875
1398
961
1717
1587
1475
2939
2109
1891
1271
2243
1698
1742
1686
1258
1450
1552
1491
1389
1878
2430
1941
1848
1597
2534
1487
2121
2297
1625
1910
1723
1791
1630
1709
1559
1944
1350
2131
1768
1578
1477
1310
2116
2362
1719
813
1324
1120
1724
1916
1887
996
2143
1808
1615
1668
1731
1124
1103
3929
1819
2389
1907
1526
1510
1732
2965
2054
1892
1616
1865
2185
1959
2582
2100
1467
2931
1797
1444
1951
1632
1893
1737
1844
1839
2382
3419
1871
1584
2044
1914
1982
1429
1878
1516
2098
1429
2091
1352
1953
1420
1490
1605
1834
3276
1151
1060
1348
1845
1793
2101
1241
2880
1182
1614
2854
1878
1944
3610
11680
1529
2008
2989
1334
2543
1871
1314
1444
1341
1348
3366
1237
1441
2265
2139
2004
1817
1564
2198
2076
4069
2165
1555
2211
3877
1492
1586
1465
1791
1808
1253
1640
1462
3464
1766
1379
2245
1697
1697
3041
1915
1169
3089
2488
1457
2848
1904
1375
1582
1644
1406
2668
1995
2397
1902
2487
2176
1702
1451
1634
1952
2356
1310
2096
2802
1284
1778
1366
1627
1528
2335
1061
1531
1906
1608
1828
2289
917
1875
1752
1863
1844
1782
1955
1596
1889
2226
1224
1877
1236
1781
1928
1949
1996
1307
1569
1834
1351
1277
3540
1543
1873
2264
1766
1111
1739
2142
3133
1532
1733
3791
1498
3364
1795
1532
1811
1742
2517
2161
1527
1739
1552
847
1942
2378
1585
1491
2262
1646
1925
2618
1743
1888
1739
2684
1506
1546
1479
1314
1363
2972
1110
1926
1491
1494
2072
1628
1861
1825
1431
1127
1691
2057
2120
1695
1867
1654
1662
1685
1394
1673
3013
1649
1488
1465
1593
1119
1407
1552
1247
1894
1958
1267
2095
2553
1956
1499
3099
1758
1612
2177
1376
2195
1686
1692
2601
1474
1872
2417
1875
1697
2814
1405
3381
1715
2627
1625
1783
1922
3224
2300
1647
1589
2378
1750
1543
3365
3422
2121
1828
1326
3066
1399
1738
1785
1212
2070
1639
1817
1761
2060
1487
1598
3232
2262
2302
2612
1891
1693
1443
1182
1874
1732
1236
1920
1590
1535
1817
1821
1522
1205
1425
1824
1598
2555
1871
2641
1496
1991
3244
2377
1804
1973
1658
1879
2118
1769
2063
1933
1697
2903
896
1834
1822
2005
1482
3071
25380
1390
1547
1483
2166
1610
1679
1901
2162
1350
1783
1939
1297
1753
2346
2061
1761
2186
1500
1406
1196
1801
1484
1808
19118
2204
2741
1470
1607
2033
1529
1778
2410
1553
1884
809
3996
1850
1739
1454
2085
1699
1915
1833
1973
2037
1848
2497
1624
1765
2586
2042
2500
1280
2593
2156
1828
1469
2260
1748
1941
1596
2555
1343
2035
1758
1306
1211
1879
1660
1858
1714
1871
1903
1509
1904
1352
2486
1292
906
1710
2006
2414
1020
1334
1564
2193
2962
1535
1678
1356
2167
1639
971
2519
2087
1421
1839
1630
2082
2037
1602
858
1790
2688
2284
1659
1168
1044
1257
1581
1799
2698
1654
1952
1609
1645
1287
1656
2154
2068
1639
2060
1804
1028
1532
1516
1074
2047
1226
2343
2427
2105
1669
1089
1825
1457
2618
2121
1809
1687
1629
3357
1718
1480
2361
1543
1035
1984
1663
1627
2302
1438
1609
1772
1808
1537
1806
1681
2478
1765
1653
2531
2275
1627
2047
1923
1854
1608
1839
2247
2252
1703
1894
2660
1450
1373
1588
2118
1581
1237
2281
1605
1989
1499
1946
2355
2065
1372
1856
1738
1557
2577
1402
1558
2430
2028
2184
2006
2437
1528
2383
848
1647
1909
2408
2001
2135
1889
2300
1965
1496
1314
2029
1921
2748
2276
1729
3122
1521
1959
1984
1726
1832
3125
2567
1977
2628
1807
1653
1786
1540
1394
1708
2039
2401
1589
1709
2631
1782
1564
2179
2413
1863
1918
2961
2049
1885
1691
1535
2929
1287
1852
3094
2399
3649
2462
1731
1980
2573
2078
2007
1660
2308
2614
1549
1755
1681
1258
2424
4117
2067
1567
2746
1833
1377
2114
1791
1244
1981
1990
1490
2328
1858
3494
1557
2003
1471
2118
1892
1700
1236
3187
2679
2460
888
2586
1620
2202
3911
1247
1792
3435
1544
1307
2892
2157
1815
1876
1741
2535
1560
1593
2001
1959
2035
1934
1033
1550
1342
1915
1691
810
1920
1473
1227
1803
1366
1997
2120
2555
1786
1758
1276
2198
2071
2242
1349
1839
989
2476
1945
1922
1108
1982
2344
1883
2167
1726
1803
1614
2053
1246
1798
1761
2119
2442
1258
2058
1640
3152
2019
1867
1828
2479
1758
1760
1705
18843
1009
2450
1635
2270
1429
1618
1958
1643
2266
2521
1032
1813
1837
3597
2121
2211
2743
1908
2327
1871
1289
11782
1761
1651
1445
1259
1909
1363
1437
1325
1741
1354
1839
1607
2070
2532
1786
849
1921
2369
1556
1628
1076
1933
2739
2186
18022
4436
2372
5704
1746
1547
1978
1741
1776
3663
3228
1627
1674
66629
1717
1951
1150
1805
1537
1646
2486
1088
2285
2319
2271
1661
1161
2550
1735
972
1741
2809
674
1347
2067
2028
2639
2108
2024
3137
1350
1710
2793
1210
2641
2059
1442
1367
2810
1445
1960
1146
1376
1701
2442
1698
1854
1896
1542
2933
1561
2187
2432
2321
2250
1951
1601
2448
1663
1647
2408
1646
2171
1769
2221
2188
2626
2283
1791
3004
2007
1483
2826
2130
3029
2043
2250
2737
1651
1427
1993
1342
2342
2528
2988
1581
2672
2904
1929
5410
1862
1673
1560
1727
994
1826
1981
1494
2400
1963
2795
2402
2119
2162
2114
1259
1817
1171
1812
930
1624
2287
1927
1036
2733
962
2579
1650
1971
2022
3232
2374
2389
2840
1688
2181
1434
1692
1661
2102
1915
1755
2429
1682
1388
2910
2190
1823
1745
1047
1765
2502
1707
1698
2121
1438
2368
2484
2882
1999
2457
2946
1843
1223
2126
1853
1216
1882
2360
2817
2314
1945
1537
1275
973
2390
2329
1588
1318
1567
2099
1518
1715
3494
1376
1690
1469
1583
2308
1510
1681
1438
1571
1976
1879
1676
2331
1130
1890
1721
940
1509
1183
2085
2086
2234
1439
1995
2740
1681
1370
2095
2114
1652
1648
1640
2171
1838
2584
2351
1314
1291
2091
3232
1791
2543
1157
1715
3062
1579
1700
1337
1016
786
2936
2027
1639
1630
2128
2305
1347
1615
2789
1381
1988
2613
1871
2652
2286
1991
1268
1466
1458
2257
1641
1208
2800
2993
909
2029
1561
1508
3285
1195
1772
1478
1372
1363
1519
1271
1242
2030
1887
1661
1425
1441
3088
1223
2095
1902
1631
2309
1361
1974
1365
1446
1542
2399
1686
1547
1853
1172
1245
1998
1697
1827
1862
4500
1349
3608
1122
2255
629
1715
1562
1912
2097
1119
4068
2253
1154
1407
1519
1103
1747
2515
1744
1524
2780
1282
1989
2247
1350
1851
2423
1635
1725
1873
3155
2617
1540
3206
2399
1773
2254
3130
1733
1980
2008
1471
2343
2981
2104
1777
2266
2684
3211
1083
1997
2843
1265
1640
2075
1356
1093
1866
2143
1718
2470
1803
1868
1572
1680
1777
1627
2063
1618
1817
1842
2346
1484
2136
2053
1612
1614
2177
2260
3009
1718
1757
2219
2038
1909
1177
2118
3184
2353
2103
1631
1590
1704
2252
1731
1388
1744
2725
1927
1208
2045
1802
1835
1617
2328
3443
1778
2779
1684
2178
2642
1700
1839
2044
1763
1875
1748
1790
1870
2603
2191
2493
1825
1968
1402
1913
2534
1899
2245
2002
1565
2073
2869
1740
2399
1966
2000
1010
2374
1391
1701
1714
1409
2164
1757
1848
1833
1738
1163
2121
1288
2078
2195
2224
1436
2354
1925
2472
1687
1374
1812
2577
1767
1614
3032
1156
2732
2264
1849
2392
2511
1398
1607
972
874
1637
1579
1638
1297
1949
867
1514
1641
1683
2114
1632
2137
1470
1184
1876
1958
1501
1725
2062
1456
2127
2611
1741
1595
1915
1548
1987
1736
2570
2073
1842
1612
2300
2137
2052
1501
2216
1744
2209
1379
1409
2017
1164
1276
2069
2380
1622
4146
1883
2833
11265
1592
2589
1359
1509
1392
1630
2164
2998
1272
2746
2034
2015
1459
3705
1936
2092
2386
1873
2758
1774
2038
1808
1814
1786
1982
1660
4474
1980
1821
2053
984
1961
2597
1297
2136
2402
891
1972
3147
1669
1823
2064
1729
1531
2754
2238
1647
2846
2174
1813
2648
1745
1775
1053
1636
939
2820
1592
1781
1450
2056
1877
1640
2396
2148
1814
2002
2200
1948
2117
2754
1580
2486
2687
1734
1595
1800
1598
1511
2549
1900
1836
2699
2368
2216
2201
2220
2406
3307
2027
2751
2304
3763
1924
1416
1134
1911
1636
1502
1843
1887
2349
2038
1871
1463
2901
1916
3249
2205
1738
2518
1458
1385
1869
1729
2317
1845
1080
2459
1713
2206
954
2095
2133
1530
2992
1818
1711
1172
2221
1206
1595
14626
1514
1434
2285
2020
2040
1827
1877
1360
1104
1656
2008
2677
1875
1966
1066
1300
2000
1541
2581
1668
1470
2403
2215
1989
1461
2236
2502
1261
1672
1851
2437
2259
3360
3197
1514
3055
1608
1650
1618
2053
2012
2137
976
1251
3750
2948
2655
1676
1412
1713
1554
2796
1511
2042
2477
1414
982
2219
948
3209
4622
1676
4599
1835
1364
1750
1732
1865
3113
1772
1827
1702
1935
1579
3232
1161
1415
2240
1771
1746
2355
1460
1319
2545
1840
2468
16498
1382
2513
2251
3083
2202
3368
3228
1354
2051
1043
1834
2187
2662
13071
2018
3530
2342
2196
3320
3660
2991
2440
2294
1792
2617
1953
1442
1869
1699
1913
1974
1621
4023
2410
1063
1886
2373
1332
1806
1725
2101
1765
1164
2058
2129
1862
2087
1656
1795
2023
2333
1412
2438
2382
1640
2797
1883
2518
1019
2827
2486
1447
2085
1117
1703
2503
1169
1601
1904
2166
1713
1809
1944
1511
2138
1913
1821
1505
1718
2672
1496
1425
3056
2068
2302
1196
2052
1286
1368
1308
1141
1968
3817
3683
1864
1801
2944
1073
1822
1761
1595
1814
3179
1498
1945
2126
1233
1401
2674
1535
1697
1808
1659
2579
1742
1932
1763
1920
1669
2252
2150
1978
945
1920
2567
2248
1591
1170
1255
1891
2196
2058
1276
878
3001
2095
1716
2388
1828
2828
1433
1746
1146
1246
2019
4561
1543
1552
1312
1953
2360
1163
3228
1305
2156
2032
1620
1851
1331
1291
1882
1580
1612
1464
1824
1799
2552
1844
1722
2414
1759
2060
2337
2737
1353
3197
2115
1766
2230
1470
2001
2580
1157
2133
2827
1508
809
1667
2243
1805
2774
2601
2013
2897
1961
1527
2416
1963
1493
2785
1529
1744
1950
1083
2099
2268
2017
1902
3667
1011
1973
3097
2034
1601
754
1406
2054
2499
2467
2155
1451
985
3227
1635
2208
3701
1516
1770
2303
1122
2068
2181
1644
2346
1793
1171
2089
3142
1193
2064
3431
1706
1816
2365
1588
1499
2120
1896
1712
1770
1500
2561
1583
1584
2741
3796
1960
3674
1688
2251
1202
1810
1743
2632
1576
1426
2032
2768
1332
3535
2142
1286
2031
2030
2041
1950
2358
2107
1588
1511
2647
2246
1655
1368
1572
891
1766
1993
1256
1845
1695
1825
1567
1625
1684
1935
1618
2056
2484
2105
1565
1634
1461
1718
2800
1868
1815
1385
2633
1441
1695
1955
1564
1886
1772
3160
1341
1688
1018
2216
1360
2529
1619
1912
1740
2246
1625
1449
1134
1579
1444
2083
2430
1091
1718
2287
1252
2157
2591
1725
1869
2601
1893
2504
2084
1758
1464
2076
2094
2174
1211
2002
1913
1974
1282
1767
14694
2100
1778
1809
2039
1726
1377
2258
1783
907
695
1346
1283
1593
1299
1726
1927
1490
1963
1392
1622
941
1011
1414
3224
3115
3108
1773
1971
1355
3649
1722
1415
1260
2699
2771
1815
1439
1461
2572
1281
1495
2613
2007
1151
2736
1236
1878
1673
1331
1020
1933
3442
757
1919
1856
1908
1858
2354
1818
2191
1621
3205
1233
1904
1386
1908
4252
1494
1778
1960
2162
1572
2600
1687
1911
1263
2406
2014
3663
1460
1749
1562
3292
1435
1552
2217
2253
1137
1932
3829
1948
1523
3478
1998
1942
1760
1336
1783
2512
1157
703
2438
3396
2000
2214
2047
1633
2035
1056
2659
1994
1892
1244
1899
2253
1809
4877
1097
3515
1768
1357
1878
2177
2133
1652
1558
2166
1539
2111
1782
1910
1566
2281
3584
2380
4068
1701
1376
2125
780
1770
2997
2908
1759
1090
1892
1030
795
1128
2491
2181
1776
2502
3668
1989
2003
3947
1695
2163
1806
1753
1908
1505
1913
4298
18474
2374
1535
1227
1915
2097
1656
3274
1549
1740
2916
2115
1845
1420
3084
1615
1487
741
1991
1468
1935
2107
1608
1916
1755
1247
2580
1643
2198
1315
2346
1431
2855
2121
1112
1466
1598
1477
2157
2202
1897
1132
1799
2609
1795
2249
2544
3046
1886
1735
1308
2411
2413
1650
2402
2771
1629
1872
1789
1376
1845
1928
1880
1904
1405
2676
1768
1812
1936
2007
2374
1783
1985
1839
1743
1840
1463
1679
2456
494
2607
2323
2211
2065
1701
1986
2056
881
1064
1646
1933
2107
1916
1831
1768
2353
2135
1901
784
944
2427
1537
1970
1675
2298
2509
1585
1998
1491
1244
2154
1685
1307
2371
1974
6803
1716
2403
1547
1974
1242
1954
1401
1131
2526
2070
3074
1625
1784
1698
2706
1027
1529
1418
1823
1857
1815
1882
1251
2507
2021
1753
855
2790
2013
1121
1542
1862
1092
2035
2354
2566
1623
3660
1137
1427
3759
1048
1543
1400
1598
1782
1415
1497
1740
1790
1081
1736
2764
1833
1302
2661
1249
1480
2771
1795
2113
1572
3592
1272
2332
1311
1483
3085
1765
1659
1933
2037
1939
1381
1366
1422
1127
2367
1587
2049
1272
2314
2313
1202
1436
1815
2147
3625
2208
2049
3018
2781
1697
1904
2117
1515
1176
2823
1556
1366
2155
1651
2135
1362
1606
2146
1957
1751
2150
2610
1747
1890
2350
1943
1592
1816
1690
2379
2864
1402
1863
2581
1882
1773
1328
2204
18304
2753
1698
1341
1335
1672
2438
2033
2075
1651
4025
1783
1333
1703
3118
2241
1891
1640
2516
1833
1243
2452
1457
1448
1811
2635
1626
2637
2465
1271
1784
2075
1375
1528
2393
1962
2258
1273
1505
2051
1641
949
2050
1297
1391
1962
1000
2224
1940
1445
1613
2457
1786
3729
1666
1724
1149
1382
2265
1949
1316
2120
1292
1232
1455
32869
2519
1527
1904
1538
1969
2667
3479
1905
2759
1278
1894
1469
1813
1655
2121
1807
2022
2738
1548
2482
1687
1517
1235
1544
2154
1987
2530
2466
1383
1213
1661
1657
1428
1532
2314
1805
1616
2001
2314
1933
17728
1781
1411
1735
1799
1924
1231
1741
2100
1711
1790
2857
3279
2492
2557
2441
1638
2081
1509
1708
2084
1412
1470
1489
1621
1338
1973
1761
1468
1999
1783
1948
2043
2889
2155
1554
1906
2550
1902
3579
1208
2348
1812
3180
2791
1699
1381
1915
3283
1791
2265
2917
1748
1837
1346
2583
1233
1572
2042
1975
1934
1200
4410
2009
3982
1221
2214
2713
1552
2100
1692
1156
1462
2660
1799
2060
2227
2276
1850
2062
1858
1665
2453
1365
1991
2046
1268
1736
2010
1287
2077
8862
1684
1928
1944
914
2195
1564
1024
1680
1869
1309
2443
1517
1960
1245
1559
2188
3898
1422
1753
2833
1848
1884
1048
2549
2912
2011
1777
1930
1987
1880
2062
3146
2570
1100
2933
2460
1823
1699
2142
1661
2095
1677
1469
1433
2133
1802
2912
2369
1420
2552
1583
1755
2295
1801
2066
2501
1196
2461
2072
1933
2591
1668
1899
3084
1613
1762
1077
1852
2071
999
1626
1706
1765
2372
1975
1562
2497
2124
2213
2149
1177
1371
1704
1856
1451
1483
1944
1582
1692
1243
1804
1773
2431
2096
885
1700
1068
2810
2152
1356
2665
1781
2661
1395
1534
1943
2417
1177
1603
682
1895
1175
4706
1678
1585
2236
1619
1378
1710
2327
2651
2414
1556
3126
1249
1449
1619
2121
2691
1258
1342
1243
1443
1421
2470
1448
2894
1659
2136
2444
2102
1681
1809
1412
1736
2277
913
1306
2367
2874
1860
700
2745
1448
896
3498
1474
1235
2184
1656
2919
3234
1438
1063
3121
1116
1680
2032
926
1701
1534
1767
1962
1201
2246
2799
2340
1836
2617
2076
2744
1715
1755
2736
1689
835
1911
2760
2509
2214
2142
1718
1409
2852
1735
1850
1874
1773
2744
2403
1147
1820
1419
1265
1785
1678
1905
1429
1477
1923
2280
1725
2431
1533
1123
4828
2146
1589
1836
1752
2504
1581
2154
3905
2079
3075
2794
1764
1422
1893
1836
1397
1851
1838
1627
1932
945
939
1596
1891
1498
2190
2070
2391
1308
1522
1870
1611
1836
1545
1686
1629
1470
2881
2020
1511
1703
1593
1753
1235
1297
2097
1452
1519
2107
1409
1380
2469
2117
1676
2157
1821
665
1219
1752
4087
1335
1142
1783
3088
2206
2132
1777
3183
2170
2029
1957
767
2912
1020
2620
1741
1038
1703
1273
1973
1696
1538
1539
1463
2323
1182
1910
2105
1787
1995
3285
2230
2655
1167
2155
2452
1806
1289
2035
1507
2614
1570
1577
1674
2601
1254
1444
1285
1936
1998
1946
3426
2253
1730
2504
1951
2872
1440
2456
2176
1464
2077
1264
1455
2218
2602
672290
1985
969
1235
1837
2003
1227
2781
3266
1853
1860
1901
1958
1728
1759
1625
1170
2285
1397
2923
1697
1360
3542
1814
4321
1412
2206
1915
1659
1034
1651
1562
1179
2256
1804
1265
1830
1805
1949
3044
1661
2025
1981
3353
1450
959
1691
1926
1355
2405
2722
36532
2063
3325
1813
1748
2670
768
1749
3983
1653
1740
1538
2116
2500
1530
2011
3450
1964
1317
991
957
1582
2212
1791
4635
1714
3485
3277
1404
2052
1696
1751
1716
1410
1353
1912
949
1152
2366
1924
2392
1649
1918
1532
784
1685
2113
1494
1957
2810
2602
1895
1787
1838
1615
1206
1109
1936
1463
1890
1979
1678
1695
811
1609
1769
1803
1253
1619
2184
1933
1454
1850
2517
2108
1495
2681
1345
1419
2058
1992
1384
1596
1168
2333
716
2672
2036
2072
2114
1944
1828
1759
1433
1762
1621
1844
1683
1437
2001
1832
2000
1785
1874
873
2263
1867
1176
1332
1965
2797
2913
1812
1562
1221
1763
2233
2633
1354
897
2084
1640
1824
1563
2065
2010
1223
1458
2811
1790
978
1946
2289
2117
2454
1118
1692
2328
1866
2277
1956
1450
2043
2500
1920
1871
2042
2185
1515
1639
2726
2157
1604
1769
1747
2184
1131
2661
2538
1044
1186
1846
1832
1884
1584
1581
2259
1725
1664
891
933
1793
2035
1385
1702
2282
956
1216
1315
1852
1589
1809
1506
1116
1669
1137
1139
1885
1633
1418
1603
2036
1401
2416
2202
1654
1443
1865
1261
1797
2591
4410
1206
1958
2246
1371
3051
1994
1757
1244
2084
1712
942
2590
1662
2359
1726
2008
1803
2164
1724
1883
2186
1667
1640
2779
1821
2128
1113
1930
1487
1803
2669
1688
1402
1474
1167
1527
2485
2216
2245
1912
2098
1287
1744
1271
1841
1578
2719
2351
2628
2061
2405
1897
1065
3342
2713
1467
2402
1930
2069
2037
2166
1412
1122
2175
1931
1508
1393
1456
1660
979
1010
1783
1362
3079
2535
3442
1317
2427
1735
1958
3396
2598
2357
1297
1995
1948
1813
1640
1036
2725
1679
2770
2408
2414
1494
1769
3664
1380
1517
2403
2524
2011
1599
1899
1882
1505
1844
3124
1330
2080
2230
1622
1563
2081
1154
1716
2300
2072
2993
1823
1647
1977
2012
1136
1667
1117
1849
2148
3203
1097
1671
1948
2467
1027
1834
2765
2659
1541
1973
1515
1970
1474
1753
1884
1934
1821
3039
1592
1893
1817
1364
1210
1739
1883
2031
1822
2076
2466
2522
2098
1271
1201
3017
2685
1655
1846
2029
1239
2459
1614
1339
1189
2169
2036
2027
1890
1737
2775
913
3740
1662
1993
1988
2240
2097
2105
1373
2325
1518
2242
2039
1819
1879
2720
2051
2510
1712
1827
1576
1145
1323
1594
3244
2300
1631
1278
3251
1120
1497
1997
3940
1480
1512
1805
1748
2214
1310
2213
1562
1425
1550
931
2105
2222
1497
1734
1952
1458
2255
1701
1199
2487
1924
1342
1422
1987
1097
2301
1221
1627
2535
3175
2011
1890
1414
2369
1353
2453
2241
1978
1756
1663
2737
1352
1673
2274
1829
2611
2528
2546
2097
2301
1467
1291
2949
1361
1813
2473
2316
1906
1257
2237
1342
2519
1356
1282
1636
1078
2812
1955
2312
1674
960
1591
1868
1938
2306
2074
1343
1069
736
2470
1026
1555
2376
1808
1874
3844
2064
1275
3370
1386
1750
1787
1972
1921
1952
2231
1700
1896
3979
2538
1019
1727
2067
874
1698
2277
777
1592
2959
1992
1858
1799
1631
2557
1428
1259
2136
1844
3949
2165
2089
2119
1384
1787
2239
1460
1057
1559
1864
2350
1483
2933
1541
1188
1999
3348
1772
1965
1577
2263
2124
2387
2085
1798
4621
1574
1065
3497
1205
1717
2669
1987
3138
1936
2026
2549
1447
2135
1616
1897
2047
2577
861
1672
1845
1723
1294
2067
1249
1347
1814
1811
1315
2194
2010
1867
1423
2054
2426
1897
2072
1120
1519
2061
3387
1671
1402
1039
1493
1632
1657
2424
1513
1726
1909
2131
1575
1524
1784
1160
1595
1553
1284
2180
1679
1561
1220
1546
2177
1876
2779
3108
2012
1103
2097
1546
1437
2563
2879
1621
1725
1074
2200
1603
1993
2577
2113
2892
2529
1810
1895
3280
1520
1752
1668
1737
1757
1565
1783
2186
1535
1063
1653
1555
2516
1333
1575
1598
1722
1558
2306
1873
2414
1384
1795
2542
1678
1648
1605
1509
1567
1665
1652
1833
1628
1805
1579
2132
1612
2209
2581
1447
1997
1694
1953
1846
2146
2089
2203
1304
1370
1823
1885
2554
1504
1892
3037
1321
2378
1779
1776
1713
1653
1371
2127
1860
1227
1653
1872
1198
873
2460
1898
2103
2783
2562
1678
2318
2181
2196
1879
1995
1711
3005
1882
1458
1513
3647
2590
1783
1556
2169
1078
1725
1490
2299
2094
1871
1865
2074
2903
1602
2395
1974
1081
2733
1788
1933
1181
1636
1902
2089
2255
837
1834
2674
1042
20333
2421
1713
1718
2110
2499
2095
2498
1861
3509
1235
1527
1933
852
1640
2128
2037
1119
2528
1306
1569
2569
1107
2080
2541
2272
2572
1471
1888
2549
1851
2000
2274
1959
1383
2705
1796
1820
1771
2643
3136
1751
2069
2232
1262
1910
1812
1173
1952
1836
1638
1636
1764
2805
1407
2786
2623
1046
1751
2611
1819
3068
2033
1791
2467
2932
1143
1741
1853
1825
1630
2559
1142
1046
1944
3497
2243
1763
2067
1315
3017
3561
1507
1774
3436
1838
1664
2770
2462
1682
1840
1489
1657
2073
1098
1711
3233
1184
1395
1987
1025
2334
1621
1638
1806
2064
2129
2670
1919
1248
1197
1789
1617
2517
2014
1846
1683
1364
1732
858
2147
1704
5716
1843
1830
2605
2416
1200
2386
1968
1170
1709
1670
1549
2124
1957
1661
1122
1573
1885
1419
2052
2329
2671
1609
1309
1887
2556
1982
1963
1782
2023
1319
1671
2171
1483
2068
2062
1648
887
2000
1598
1502
2856
1304
33254
2239
1735
1814
1411
2003
2888
1682
1034
1934
2212
1684
2283
900
1701
4107
1450
1596
1461
2379
2013
1724
1366
1502
1755
2363
1199
985
1921
1332
1686
1768
2708
1580
1488
2686
1333
1748
1684
1683
1933
1596
1916
1386
2127
1847
1763
2959
1557
1866
1665
1105
1768
2443
3402
2400
1984
1626
1683
2749
715
1918
2039
2203
2820
2725
1665
1675
2842
1887
1567
3315
1704
1389
2897
1334
2111
1584
1788
1367
1482
2134
876
1529
1909
1461
1072
2290
2148
1609
2901
2221
1958
2356
1353
1568
1732
1667
1847
1005
1815
1689
2483
3294
1397
2839
1482
1005
2375
1871
1745
2486
852
2017
3588
1642
1521
1951
1571
2360
2012
2597
2054
2007
1712
1900
1738
1751
2482
2372
2152
1912
1104
1866
1412
2129
1909
2393
2200
1435
2860
2170
2412
1729
2302
1642
926
1530
2226
1180
1762
1809
3411
1892
1079
1602
1982
1489
1655
1846
2488
2606
1032
2374
1338
2813
2266
2631
1250
1797
1631
1645
2881
2535
1544
1893
2330
1598
2512
1378
2069
2691
1740
1740
1146
1184
2067
2132
3065
2061
2305
1894
2090
1907
1672
1132
1660
2447
1045
1672
1671
2448
1182
1340
1410
1855
1894
1711
1639
1788
2086
1362
1731
2187
1467
1635
1928
2001
1264
1993
2388
1660
1080
1728
1085
1936
1699
2364
1738
1453
1756
2112
1049
1313
1528
2153
1145
1799
2312
1001
1749
3341
1576
1354
2008
1802
3069
1591
913
1916
1776
2571
2445
1640
1374
1378
1685
2160
1389
2420
1979
2330
1719
1853
1349
2228
1555
1301
1652
2454
1859
985
1063
1701
1736
1123
2075
2670
1667
1222
1514
1227
1992
2644
2553
1669
1569
1525
1858
1000
1225
1329
1440
1507
1786
2398
2201
2113
1647
2596
2283
2426
1233
1955
1901
2046
2109
1399
3922
1431
1154
1114
1541
1444
1783
2264
1853
2277
1832
2591
2372
2462
1535
2867
1415
1896
1413
3320
2277
1441
1875
1373
4080
1596
1744
2295
2492
2340
1685
1820
1843
1312
1237
2715
1519
3692
2837
1419
1422
2201
1670
1854
2111
2361
2951
1528
1397
1421
1961
3413
2217
2781
2788
1694
1998
1097
2710
1764
1601
886
2991
1791
1841
2701
899
2779
9415
1655
2533
2461
2219
1884
2026
1238
902
2369
2670
1683
2596
1699
1709
1620
1575
2934
1934
1667
2100
1546
1662
3458
1439
2323
2979
1704
1898
3315
12989
1239
1822
1405
2207
2705
2417
1783
1715
2131
1987
1052
1010
2457
2704
3016
1264
2243
2696
1170
1368
2041
2099
1933
1283
2040
2848
2272
2454
3016
1274
2015
1827
1263
1564
1633
1649
1718
2364
2048
1851
1043
1627
2228
2185
1955
1806
1849
2061
3402
1596
1185
1049
1632
1036
2066
1465
2555
2322
3176
1983
2299
3348
896
1650
1307
1525
1371
1173
1432
1060
1508
1370
1445
2020
1812
1663
1132
1680
2300
1483
2236
1490
1802
1762
2146
1719
950
1563
1858
2138
1741
1747
2714
1906
1420
3332
1956
1973
1480
2350
1494
1798
638
1212
2302
1614
2020
2212
1795
1855
1541
2062
2071
1109
1805
3187
1825
1790
2442
1796
2313
1527
1778
1713
926
2808
1785
2106
1807
829
2822
1359
1463
1559
2537
3136
1909
2308
2267
1689
1433
1530
2218
1078
1861
2148
1278
1475
2086
2661
2100
1809
2057
2478
2771
1634
2085
1714
2047
2164
1802
1919
2271
3231
1360
1621
1791
1887
1709
1772
1729
1292
1854
1603
1645
2300
2149
1489
1461
2298
1623
1634
1585
1827
2835
1607
1482
2097
1366
953
1681
1760
997
1082
1420
2221
2447
1819
2915
1103
2693
1525
1407
1737
2870
2002
1761
1477
1623
2235
1986
1044
2045
1314
1221
864
1792
2431
2397
2426
1703
1356
2001
1805
1106
990
1889
2187
2049
1583
1916
2149
1071
1945
1282
1796
1005
1563
1579
3090
958
2245
1270
1871
1597
1337
3097
1833
2235
1758
2052
1657
1801
1779
1796
2043
2392
1653
1373
1835
1740
2227
2058
1761
2897
3463
2278
1568
3739
1778
1665
1224
906
2627
1779
1808
1770
2017
2389
2837
1587
1868
2488
2023
2494
1505
2039
2122
1355
1299
1805
1703
1124
2107
1752
1159
1522
2343
1953
1047
1821
1747
1549
2448
1147
1128
1352
2109
1652
2240
1799
1689
3378
1636
1690
1708
1300
1123
1770
1485
1199
1430
3499
2915
1725
2051
2006
2640
1658
2659
1471
1110
2473
2093
1969
1561
1832
1667
2640
1808
2439
1683
1587
2213
4215
865
2427
1323
2558
1973
2158
1936
2663
1694
1621
1939
1481
2099
2126
1202
1984
1631
2462
3522
1229
2865
1477
2319
2587
1194
804
1680
1797
1857
1790
2154
1934
2208
1686
1660
1754
2255
1872
2510
1817
2125
1728
1755
1483
3309
2502
3077
1344
1755
1255
1616
1750
2556
2947
2776
1956
1977
931
1437
1980
1563
2355
2874
1765
1867
1116
1597
1968
3471
1437
1561
1014
1771
2129
1714
1420
1592
1979
1109
2106
1826
2079
1962
1534
1319
3334
1783
2168
1819
1668
2571
2402
1043
1044
1632
1618
1620
1322
1942
1122
893
1471
1352
1877
1698
2825
2016
1947
2248
2795
1088
1076
1913
3824
1758
1836
2090
1110
1321
1676
1300
1396
1629
1978
2408
1594
1704
1971
1659
2936
1164
1312
1322
2069
2163
2167
2387
2178
1837
1760
1651
1733
1387
1744
1987
1526
2044
1834
1239
1875
1511
2320
2680
1622
2127
2090
1703
2949
2932
1295
1489
1859
2849
2108
1005
1616
948
2147
2227
1733
1873
2631
2185
1492
2938
2622
1771
1418
1743
1188
1424
1950
1275
2307
1344
3171
837
1778
1719
1975
2047
877
1101
2026
1128
2649
2148
2050
1802
1241
1709
2647
2051
2185
1956
1172
3837
1855
1272
1673
2058
977
1667
2983
948
779
2018
724
1544
1915
2317
1437
3926
1896
2284
1676
1420
933
2985
1704
1794
3372
1074
1550
3125
1840
2173
1557
2643
1794
2155
1476
1233
1654
2496
2573
2118
2401
1416
2316
1600
1754
1160
1738
1889
1594
2178
2423
1309
1746
1719
1538
1247
1586
1632
1606
2622
1535
1739
1426
2785
2014
2032
1727
1427
2204
1673
2838
1469
2795
2314
1794
1774
1844
1494
1740
1008
1293
1870
3506
1476
2060
1510
1482
1520
1962
1497
1711
1829
1670
2184
2237
1555
1345
2008
1930
1889
2245
1483
733
1518
1778
1141
3039
1602
1477
879
1221
1682
2610
1446
1530
1089
1737
1122
1894
2144
1989
2184
1245
954
1583
2241
1120
2008
1434
1556
1033
1304
1534
1806
2271
1962
1813
2058
2884
2190
1431
1994
2353
1793
1815
2957
1704
1890
1266
1778
2170
1980
1913
2039
1868
1801
1545
2016
2139
1020
1530
1591
1676
2311
1909
2512
1574
3979
1537
1209
2423
1333
1927
2068
2035
1658
1646
1877
1340
1482
2118
19225
1687
1650
2779
1546
1723
1880
1631
2932
2281
1432
1566
2195
2107
1825
1501
2038
1754
2515
2579
1631
1675
1390
2110
1352
2643
2181
1682
1267
2854
2827
2616
1816
1434
1647
1864
1048
1218
2238
1845
1639
2128
2018
1946
1164
2098
1209
1902
1260
1320
1387
1996
2205
1899
1448
4065
2048
1753
1943
2250
2549
1487
1659
1996
1848
3358
2196
1523
2636
2026
1411
868
2492
977
1210
2547
1432
1556
2475
2174
1812
1274
1678
2202
948
1913
1599
1643
1813
2940
2030
1852
2147
1806
1834
2430
1604
1872
2953
1343
2132
2300
1559
1485
2687
1683
1391
1963
2161
1701
2293
1956
1700
2357
2237
1921
1707
1671
1204
2041
2642
2010
1296
1701
1851
1563
1822
2054
2103
1146
1203
1965
3332
1481
1978
2280
2806
1706
2402
1638
2299
2780
1338
1713
3014
1536
3497
1316
1466
2073
1792
2308
2282
1289
1887
3300
1591
1214
1397
1252
1774
1579
942
1934
1780
1637
2710
2130
1974
2081
2252
2071
1260
1555
2924
4318
1264
1863
1949
1564
2885
1127
1349
1900
215498
3087
1621
2297
17148
2524
1909
2577
2069
1734
1947
2181
1393
2087
1680
1300
2692
936
1686
1726
1868
1222
1736
1068
1408
2371
2911
1963
2060
2001
1768
2702
915
781
2123
3537
1925
1133
2273
1770
1330
1247
2179
2592
1537
1695
2267
1270
1835
1593
1491
898
1981
2001
1719
2309
2428
1257
1904
1670
1975
2213
2002
3191
1967
1996
2090
1847
737
2492
10553
1518
2220
1785
984
2633
1328
1878
2033
1780
1898
2802
1549
1717
2279
979
1694
1890
2056
2033
1851
794
1961
2569
1701
1637
1508
1760
1895
2368
1921
1489
1087
2676
1253
1912
2729
1840
1652
1797
2229
1268
2388
1730
2135
1724
2384
1039
1741
1368
2848
2222
2077
2045
963
1983
2196
2987
1911
2162
1775
2477
2782
1321
1312
1027
1247
1787
1458
1258
2009
1499
1561
2466
1457
2128
1003
1964
1498
1762
2906
1357
1810
1725
1401
1814
1849
1475
1385
1764
2298
2672
1396
1732
2426
1575
1602
1591
1634
3587
1924
2179
2173
1755
1429
2793
1437
1415
4452
1793
2538
1661
1781
1770
1930
1406
1385
1876
1410
3068
1695
1715
1201
1799
2215
1468
2381
1278
1929
1421
1819
1148
1682
1459
1847
2011
2056
2477
1928
2404
1997
1753
1668
1930
2651
1949
2007
2270
1915
1768
1609
1847
1390
995
1628
1333
1789
2402
2050
2895
1791
1841
2174
2129
2325
904
2346
2304
946
1929
2314
1646
873
2213
2510
1480
1249
1671
1282
1338
1646
1649
2081
1945
2765
3193
2005
1545
2004
1677
1543
2515
2000
1597
1080
1520
1906
1042
1728
88016
1152
1285
1494
872
1350
1559
1976
1682
1443
1590
1834
2484
1811
1247
1995
1280
1889
4495
2124
2477
1592
1687
3071
2255
1157
2034
1465
1177
1160
1874
4835
1844
1757
4877
2237
1428
2067
920
2811
1134
1383
3929
2651
2798
1992
2307
1279
1861
1053
1296
1645
3642
1880
1885
2620
2186
1245
2259
1488
2113
1686
1901
2032
1612
1595
1867
3864
2205
1090
1264
3573
1891
1807
2037
2116
1478
1936
1523
2361
2666
899
882
1787
1663
1318
2347
1712
1346
1733
1910
1509
2024
2102
2453
2763
1329
2215
2031
1728
1803
2440
1447
1444
1890
1342
1662
2216
2152
1662
1459
1864
982
1859
2068
903
2363
1997
2054
1680
1865
1617
2848
1347
1832
1806
1087
2022
1460
1478
1769
1544
3266
2531
2250
1590
1110
2737
1818
1660
1900
2125
1175
1718
1790
2228
2033
1900
1531
2096
2145
1660
1844
2056
1715
1461
1270
2439
1778
1053
1946
1855
3663
1753
1680
1701
3289
2157
2470
2045
1954
2475
1296
1723
1934
1324
1555
2709
1461
2098
1750
1630
1522
1437
1860
1791
815
2117
1985
1931
2329
2091
2011
1504
1369
1943
1338
1699
1721
2119
3025
1887
1661
2035
1657
1841
2087
1753
1858
2055
2039
2021
1617
1516
1498
1982
2920
1708
1786
1866
1719
1944
1688
1677
1750
1249
881
1386
1446
1705
854
2813
1979
2093
1947
1852
2333
1616
1854
2324
1881
2087
3290
1799
1933
1566
1259
1876
1590
1423
1402
2715
1623
1814
1212
1484
1336
1295
1613
1450
2750
2094
2343
2600
2052
1470
2129
1814
745
1473
2862
2067
3342
1725
1664
886
1066
1122
1377
1467
1274
1776
1782
994
1410
2835
4794
1217
1746
1617
2441
1107
1915
2950
1652
1439
2492
1627
1604
3924
1465
1005
2511
1623
1311
2107
1748
1271
1831
2807
1644
1816
1883
4297
1732
1891
1887
2361
2463
1858
1489
1787
1019
1729
1699
1856
1863
1820
1898
1899
1262
3788
2343
1493
2375
1255
1367
1278
16916
1826
2220
1899
2485
2602
1950
2562
1957
1819
2199
2828
1538
2129
1601
2205
1002
3354
2255
1915
2114
2432
1812
1417
1160
1531
1721
1611
1430
1830
1343
1938
1416
1527
1449
1981
1825
1889
1453
1113
2083
1462
2291
1715
2828
1719
1677
2448
1761
1611
1568
1816
1628
1386
2361
1743
1649
3179
1946
1731
3148
1821
1988
1697
2265
1404
1497
1743
1552
1458
2564
1306
1130
1661
2088
1594
1080
2043
1478
1519
2557
2679
1907
1274
1788
2069
1575
1085
1880
1513
890
2367
1224
1533
1805
1967
1548
1964
1269
1194
1895
1277
2525
2062
2044
2115
973
2054
933
1717
1319
1977
1710
1421
1502
1570
957
1491
1648
1078
1544
1279
1689
2117
1702
3787
2161
1763
1863
753
1950
1496
1046
1649
1841
2898
1945
1506
1621
2306
1187
1270
1665
880
1437
1606
2850
1868
2044
2563
1337
1713
1573
2238
1344
1548
2876
1263
1876
1837
1478
1203
1607
2250
1426
1605
2170
2056
1553
1349
1050
2208
3107
2591
1699
1805
1810
1291
1621
519
1444
1761
1880
1137
2692
2195
1751
1848
2308
1869
1971
1647
2636
1318
1568
3072
1688
1587
2612
2701
1756
1823
1950
2524
1729
1238
889
2578
1514
2357
1838
2302
1025
1679
2134
2169
1837
1593
1143
1936
1612
1881
1482
2862
2107
1819
1170
1630
1483
2892
2032
2755
1159
2500
1116
1371
1895
1439
1466
1981
1793
1561
1215
3431
1698
1315
1461
1353
1197
2029
2130
1336
1402
3400
1713
2451
1621
1716
3533
1798
2163
1685
1214
1919
1548
1454
1669
1257
1254
1428
2035
1935
2036
2243
1520
1473
1875
1755
2053
1707
1757
5575
1767
1909
1505
1725
1291
2129
1507
2791
1396
1922
1509
1345
2603
1782
1550
1201
1330
1384
1121
1077
2151
1829
1571
1444
1608
1187
1284
2222
1647
1844
2596
1375
1865
2090
2048
3525
1072
1780
2050
2369
2923
2198
1682
1270
2052
1807
1929
1758
1765
2267
1352
1466
1291
1538
1577
1362
2021
1597
1718
1275
1557
2322
1295
2477
1783
883
1922
2204
2277
3082
1559
1851
2175
1750
1297
1892
1172
2223
2591
1714
3008
1533
2390
4029
1572
1888
2598
2332
3864
2241
2318
1684
1158
1452
3760
2220
2087
2142
2133
849
1675
2592
1494
2307
1353
938
958
1486
1303
1978
1719
3265
2071
1888
1173
2115
1579
3041
2569
2576
2907
1653
1667
1932
2044
2664
1230
1559
2469
2083
2371
4055
3415
1491
2360
1512
2069
2109
1792
1903
3522
3252
1268
2021
1792
2614
1428
1876
2554
1910
1062
1620
1463
1682
1512
1978
1474
3140
2081
1707
1779
2995
2934
3612
771
2031
1780
2010
894
1613
2189
1564
776
1912
3282
4493
1550
2041
1337
1928
1195
2130
1336
1682
2899
1971
1982
2388
2279
1996
2043
1962
1795
3021
2033
1443
2130
1710
1932
1865
1421
2215
1771
1719
626
1272
1927
2130
1663
2659
1442
2031
990
687
1409
2858
1550
1019
1635
859
1226
2685
1485
864
2448
1362
1215
1477
1683
1571
2372
1895
1389
1797
3053
1359
1854
1586
1455
1777
1684
1926
2067
3270
1389
1378
1405
2162
1801
1505
2196
1704
1558
2562
1701
1531
1655
1537
1832
2486
3709
2104
1665
1154
2951
1448
2272
2302
1823
1934
2221
1388
2261
1833
1582
1327
1504
1725
871
2029
1586
1241
1553
1826
2363
2233
1906
1718
1748
2009
1581
1690
1799
1169
2591
1491
2304
1793
1381
1821
1000
1791
1658
2073
2351
1487
1968
3000
1842
1800
1319
1890
957
1624
1646
1776
2971
1730
1789
1994
1609
3793
1529
3489
2466
2882
1969
1605
2378
1820
2267
2992
1880
1048
1689
1660
2555
2712
1756
2564
2459
1453
1566
2148
1903
1752
2341
2040
1976
1691
2025
1548
2193
2291
2081
1664
1197
1530
2303
1536
2212
3147
2513
2003
1551
2055
2770
1839
1839
1735
2083
2076
2177
2162
2066
2331
1890
2205
2199
1981
1625
1839
1663
2104
2015
1248
2457
1349
1790
1989
1601
1493
1788
3097
1580
1603
1514
1520
1679
1642
1586
2086
1914
2336
1604
2042
2355
774
2261
2765
1711
738
2375
1527
2288
1124
1005
1974
1619
1913
1807
660
1216
2590
2486
1971
2131
2432
1345
2188
1778
12376
1816
1452
1622
2252
1523
2537
1425
1983
1733
2125
1686
2232
2133
1992
1765
3196
2413
1495
3371
1658
1652
2266
1067
3033
1603
1075
2217
2375
1499
3018
1880
1671
1518
2185
1897
2873
1996
1644
1526
2643
1609
1921
2484
1844
1031
2890
1558
1708
1495
2329
1380
1292
2552
1407
2520
1981
3108
1764
2486
1773
879
2208
2045
2120
2137
1584
1414
2039
1759
1518
2113
1848
2084
1157
1643
1753
1522
1332
1859
1253
1274
1313
1489
2013
1378
2394
1670
1751
1388
1573
1717
1968
1499
2327
1174
2802
2377
1577
1237
1649
1581
963
2304
2196
1470
1864
2121
1678
1208
943
1482
1693
1964
1738
2143
1390
1986
1504
1380
1391
1656
2067
1977
1207
1653
3356
1811
2439
1785
1875
1202
1707
2037
2230
3215
1860
1636
2518
1371
5358
2129
3766
1379
1488
1469
2292
2017
1377
1854
1871
1701
1708
2018
1529
3770
2084
1364
1053
1927
1160
2229
1868
1626
2237
2017
2066
1816
1389
997
1044
1477
1869
3506
2434
2527
1726
1302
2379
1576
1418
1399
1276
1575
2711
4527
1489
1721
3597
1652
2239
2445
2073
2232
2937
1620
1770
1717
1684
1733
2614
1556
1165
2388
1618
1273
1773
2091
2446
1949
3012
1848
1631
1468
2889
1627
1325
1454
1589
1955
2822
1696
2269
1732
1698
3726
2046
1564
1196
1035
1249
1585
1851
1419
1027
1171
2653
1884
1428
1417
1909
1414
2383
2144
1819
1357
1606
2717
2308
1845
1697
1975
2456
1814
1343
2381
1977
2492
2227
2090
2354
2314
1537
912
1519
2964
2672
2509
1751
1668
1625
1766
2810
1586
2302
2398
1758
1273
2272
2299
1447
1747
1549
2107
3116
1507
1631
1774
1965
1632
2014
1742
1872
1484
936
2160
2337
1176
2147
1999
2548
12183
1866
2622
1870
1740
1728
1995
3011
1013
1684
1719
2164
1937
1703
3051
1988
1103
1632
1040
1375
1761
2557
2683
1517
1265
1515
1825
2180
1917
946
2452
1727
2023
1375
2084
2156
1008
2288
1412
1285
1723
1430
1937
2104
1741
3287
1870
1853
1630
1830
1699
1459
1629
1820
2783
1666
1280
1585
1450
1978
1659
1806
2098
1918
2068
1942
1624
2615
1901
2353
4112
2364
1661
979
1758
1868
1340
4151
1431
2434
2068
1565
1545
2114
1978
1813
1982
1792
2037
2178
2559
1516
1560
2674
1813
1709
1322
31502
2363
3145
1586
2713
2391
1671
1421
2116
1312
2786
1041
2332
3481
1229
1884
1355
1293
1265
1644
1378
2469
2205
1511
1411
853
2022
1476
1701
1968
2723
1501
1815
2302
1419
1816
2764
1656
1161
2699
1130
1872
3255
1813
1851
2082
1516
1057
1219
1415
1818
1595
1989
1649
1568
2601
829
1207
2181
1583
1817
2098
4649
1789
1550
1502
1178
2266
1624
1894
4404
1851
2626
3471
1323
1577
1592
1568
1949
2263
2172
2060
1510
1378
2119
2599
1779
5078
1993
1512
1937
1552
1354
2200
3299
1727
1445
3318
2008
2358
2317
2263
2915
1591
1816
2073
2109
2374
1785
1908
2913
1804
2419
1466
1702
2151
1997
1905
1473
1157
2657
1993
2306
2068
2104
1546
34389
2415
2066
2258
1884
2126
2003
1396
973
1977
1747
1330
1671
2048
1801
1726
1824
1317
2343
1084
2141
3397
1849
1939
1765
2579
1607
1904
1546
2470
1289
1620
1758
2004
2531
1206
1866
1810
2722
2117
1709
1532
2259
1895
1150
2168
1980
1298
1234
1822
2107
2193
1815
958
1143
1496
1775
2284
2295
1913
1388
1874
1192
1113
2737
1343
1975
1831
1819
1633
1724
2700
2213
2794
1404
1540
2499
2488
1051
1392
1766
1788
1694
1244
2037
1638
1562
2067
1097
2415
1516
3500
1976
1857
2213
2239
2822
1412
1552
3116
2321
2278
1737
1028
1968
3050
1927
1350
1503
1470
2098
3134
1287
1587
1721
1578
1706
2937
2542
3892
1444
1236
2613
2834
1824
2430
2003
2422
1959
2055
1926
2250
2585
1888
1293
1583
3106
2040
1722
1823
2111
1649
3047
1903
2245
2251
1975
1865
1097
2312
1837
2068
1921
1138
1453
1814
2083
2352
2731
2513
2408
1600
2988
1516
1269
1982
1816
2046
1338
1545
2173
2079
2884
1077
2056
2152
1128
1549
955
4179
1729
1572
2173
1441
1385
1097
2283
1308
2388
1808
3857
1535
1354
1823
2300
1065
1254
1414
2018
1861
1737
1849
1352
2995
1302
1996
957
2448
1680
2105
1375
2313
1619
2041
2456
2439
1638
1323
3321
1559
1805
1556
2163
1733
1195
2527
1602
1281
1784
2653
2015
2015
2192
1970
1585
1852
1668
1313
1982
1090
1442
1953
2403
2375
2179
2543
1759
1236
2323
2444
1874
3114
1374
1619
2095
1886
1682
1547
1243
1330
1542
3004
1301
1979
1134
1894
2096
2140
1932
1478
1048
2005
1291
1619
1757
2036
1471
2213
1931
2214
1108
1698
1262
2459
2457
3906
2410
1636
1170
1921
1943
1337
1275
1893
1429
1840
1792
1516
1730
2067
2540
2876
2122
3463
2697
2755
1691
1629
1615
1742
1995
1730
2011
1344
2109
1521
2240
1849
1442
3082
2258
1780
2137
2272
1844
2035
1754
2764
2273
2020
1597
2597
1856
1741
2096
1754
2836
2375
1001
2151
1465
2086
3331
1168
1564
2383
2014
1564
1974
2288
1336
1721
1764
2595
1989
1547
1412
1727
1779
1595
1772
1919
1353
1982
2511
1616
765
1648
946
1652
984
1543
1294
1857
1522
1731
782
926
3252
1251
37474
2067
1470
2590
3500
2192
2120
2470
1805
1644
2182
1812
1601
1398
1510
1670
1119
2203
2790
1244
1898
2254
1900
2458
917
2758
1845
2743
909
3125
2599
763
2342
2371
1612
2806
2094
3592
1740
1805
2003
1823
1746
2082
2430
2198
1971
4155
1939
2180
2327
3114
4213
1508
1515
1597
2000
1636
1692
3617
2620
1793
2087
2686
1659
3687
1280
2307
2082
1957
1511
1559
1156
903
3175
2088
1383
2104
4674
1145
1956
2008
2050
1772
1897
818
1984
2637
2191
1136
3303
2028
2212
2043
2314
1435
3010
1867
1912
1312
1090
1141
2491
2538
2232
858
2784
1131
1864
1982
1936
1901
1945
1605
2172
1816
1749
1744
2321
1088
2047
1803
1715
1598
762
1521
2678
1660
1480
1615
1924
1568
2236
1907
1332
1331
1136
1288
1991
1947
902
1743
1526
2256
1954
1857
1470
1363
1678
1440
2973
1637
1503
2467
1639
1962
2380
1712
2165
3172
3128
1777
1814
1751
3197
1379
2001
1900
1599
1989
2351
1731
1942
3250
2439
1612
2095
1904
2883
2470
2877
1747
1954
2473
2236
1136
2434
1323
1620
3193
1253
1978
2317
1101
1042
2303
2301
2168
2770
1978
2501
1985
2328
1182
1731
1537
2263
1715
1845
1508
1337
2199
1703
1730
4751
1711
2105
1816
2668
1531
1922
2055
1948
2978
1777
1452
2305
2748
2925
1118
1922
2355
979
1774
2391
2196
1763
2010
1990
2083
2107
2678
2054
1393
1832
2908
2743
1561
1963
2491
2146
3432
1425
1811
2266
2042
1551
1607
2001
2486
1521
1614
1558
1413
1309
2239
1397
1748
4045
1562
1737
1391
1234
1609
1511
1794
3288
2056
1358
1346
2594
1909
1685
1492
1879
1281
2239
1771
2537
1003
1572
1980
2457
1628
2699
1555
2323
2421
1873
2273
2118
1716
937
2121
1244
1910
1135
1990
1026
2109
2277
2566
1717
3135
2487
3930
2237
1383
1452
1799
1976
1869
2150
1634
1634
1589
1729
1959
2418
2072
1472
2166
1157
1318
3020
1436
2076
2279
1267
1884
1686
1579
2431
1109
1777
2034
1896
3012
2555
1496
1586
1073
893
1867
1429
891
2820
1766
1353
1676
1864
2112
623
2541
1581
2016
2145
906
1986
2340
2460
2317
1185
1457
2299
2733
2293
1451
1596
2383
1661
2740
809
1610
2139
1756
1779
2153
1709
2835
2174
1456
1769
1898
1268
1426
1441
1448
4189
3356
1406
1665
1934
2165
1831
1732
2383
1648
1647
2047
3099
2268
1534
1935
1602
2124
1662
1802
1889
1501
1383
2750
2404
1106
2032
1439
1304
1946
1859
2277
1984
2014
1428
1603
1453
1775
1153
1727
1572
2270
1972
1617
2545
1851
1702
1380
1425
1079
1914
2011
2065
2419
1865
3144
2550
1667
2030
1881
2055
1017
1441
1988
2872
1557
2622
1713
2396
1526
1535
2956
2160
1399
2146
2462
1983
1024
1520
1512
1680
2705
1869
1748
906
3066
1263
1629
1083
1829
2559
1348
2833
1255
1618
2105
1800
1476
1778
1138
2739
1569
1781
1165
1608
2204
2066
2317
1255
1324
1503
1179
2118
1469
1707
2455
1817
1322
1676
1682
2089
1277
1508
1908
1488
1556
2312
965
1356
2465
2125
1668
1206
1677
2885
1692
1548
1968
1516
2602
1659
1538
1550
2256
2040
1902
3361
1547
2002
3122
4327
1734
1760
1760
2663
2997
1720
1907
3313
1660
2238
1689
1839
2150
3625
1395
2092
3029
1918
1882
1681
1461
3648
3230
2827
1962
1010
1858
4925
1445
1768
2829
1548
2146
2757
2239
2250
2424
2032
2742
1785
3468
2322
1368
1880
1651
1326
1914
1778
1947
1340
1534
2541
992
1669
1892
2252
1701
1736
1734
1994
2270
1736
3051
2629
1176
1922
1784
2374
1452
1247
2100
1912
2072
889
1605
1992
3333
906
1477
1430
1324
1826
2534
1785
1959
3119
1461
2434
2292
1440
1845
2603
1239
1657
2984
1175
2144
2962
1449
1357
1482
2055
1496
1780
1379
1941
1716
1829
1947
1463
1094
2925
1876
2056
2836
1414
2304
1350
1649
1668
1288
2093
1434
1926
1433
1282
1260
2427
2269
2561
1589
1605
2363
1371
1587
2721
2015
1596
2159
2051
1531
1458
41301
3011
1561
1861
2327
1735
1749
1708
1848
1991
3301
1847
1563
1989
2473
1794
1533
2135
1964
1151
1360
1520
2257
1695
1431
1587
1927
1631
2643
1544
2363
1442
1365
2269
2128
1894
1424
2480
2252
1101
1668
964
2376
1556
1731
2576
1793
1850
1643
1041
1426
1309
3122
1948
1603
1680
2250
2069
1794
3025
2646
1633
1739
2102
1680
1707
1887
1418
1799
2254
2169
2520
837
986
1736
1431
3804
2088
1821
1230
1695
2093
2015
1626
2250
1757
2273
2889
3013
1499
1675
1958
1758
2221
2058
1786
2918
1002
1614
2894
1833
2114
1153
1666
1408
1643
2515
1360
1706
4992
1360
1979
1632
1545
1919
1354
1936
2215
1684
2285
1937
2296
1282
1530
3602
2224
1613
1814
1445
2801
2014
1621
1987
1620
4030
2091
1637
2790
1837
1759
2833
1861
1745
1604
2137
1461
2052
1835
1377
1279
1173
1816
1601
1997
1306
1456
2122
1560
1849
1049
1647
1741
3231
1268
2078
1664
1155
1435
2675
2238
1551
2521
1298
1537
1884
943
1935
3190
2055
1258
2075
1962
2412
2505
1695
2584
2006
1635
2690
1409
1521
1771
2305
1438
1358
3231
1751
2006
1503
2287
3057
2042
2563
1874
1849
1953
2256
1276
1780
1391
1406
1709
2649
1861
970
2280
1833
1147
2911
1851
1925
2735
2254
1397
2341
1445
1274
1275
1782
1843
2147
2254
1768
1458
1928
4110
1706
1781
2479
930
1070
1505
1752
2080
2228
2210
2142
1731
3320
1262
1459
1601
2106
2462
1283
1656
1315
1360
2471
1916
1748
3109
1901
1898
1328
1746
1696
2063
1705
2608
1993
3268
1925
1556
1062
1750
1637
1308
1377
1744
1659
1901
1552
2121
4465
1683
1760
1379
2072
1723
2332
2194
1447
1775
1827
1974
1481
1605
1375
2506
3077
2564
1410
2068
2206
1328
2509
1954
1497
1531
2008
1421
2168
2276
901
1979
1332
1341
1660
1986
1891
1584
3178
1322
1153
1492
1354
1823
1304
2226
1848
2504
2190
1166
2394
1907
1416
1377
4671
1612
2489
1340
1773
1725
2274
1495
1247
1476
1557
2416
1832
2127
2242
2142
1694
1081
1783
1522
1352
1975
1785
1410
1175
1645
2191
1853
2156
2035
2165
1551
2937
1723
1436
1945
2496
1981
3871
2416
2581
2022
1968
2020
1913
1821
1972
986
2416
1885
1354
1312
1667
2856
1627
2798
1276
1844
1692
1628
2304
1948
1431
2384
2366
1294
2393
2021
1821
1449
1936
1952
1751
1787
1818
1948
1264
1577
2817
2011
2348
2111
2256
2050
1802
1376
2491
1500
1800
2859
2430
1203
1430
1378
1911
1708
1930
2255
2032
2063
2204
811
3274
2369
1723
1812
3733
2475
1557
2295
1563
1479
2122
1188
1405
1821
1888
2215
1628
1886
1434
3391
1720
1127
800
1786
1188
1015
2359
1983
1802
1110
1500
1580
3893
2843
1438
1917
2057
1765
1396
2178
1865
1132
1779
1801
1802
2546
2659
1135
2312
1304
2048
1883
1516
2378
1595
1839
1831
2122
2127
1298
2485
2000
1572
1803
2757
983
3368
1817
1517
1348
2205
958
2376
1729
1460
1944
2964
1114
1787
2470
2121
2126
2147
1271
2202
2063
1675
2734
2120
1563
2369
1520
1495
1485
1393
1855
2592
2391
1229
2072
2235
3564
3251
1465
1727
2293
1719
3051
1751
1034
1986
1921
2212
2338
1673
2390
1276
1726
1356
1256
1969
1641
2246
1927
1906
1993
1462
1814
1489
1512
1873
2276
1906
1030
1946
1762
1197
1217
1160
1375
2736
965
1442
1898
1204
2181
2149
1351
1925
3274
882
1382
2647
1528
1637
1354
2107
931
1749
2081
3334
2229
1188
1811
2068
1274
1195
1601
1787
1910
1162
1908
2232
1318
2672
877
1532
1770
2445
1840
2345
1873
1789
2143
1828
1573
2093
3066
1795
1646
13072
1759
2377
1977
1367
2409
1582
2195
878
1459
1847
1616
1740
1626
2351
2270
1401
2201
2386
1328
1268
1843
1130
2197
1671
1573
2627
4445
2644
1973
1729
1549
2330
1862
1744
1625
2528
1478
2008
1562
3666
2286
2721
2203
1466
2332
1197
1080
3331
2231
2499
2217
2294
2337
1597
1869
2334
20515
2484
1439
2375
2672
2024
2445
2041
3203
2064
1912
2145
2068
2659
2738
1315
1896
820
1627
2684
1666
1762
2030
1904
3145
1619
1866
2319
1867
1361
2083
1334
1115
2139
1770
1579
1581
1427
2340
1120
1440
1883
1267
1037
2485
2035
1993
1764
2013
1999
1233
1315
2128
2125
2227
1713
2941
1686
2239
1276
1427
2048
2474
1501
2154
1914
2034
1893
2426
1360
1241
1951
2385
1475
1915
1908
1443
1326
1508
1072
2185
2386
2337
1791
1860
1467
1531
3308
1620
1433
1950
2655
1890
1567
1976
1079
1641
2354
2105
1540
2254
1876
1475
3549
2308
1340
1936
2644
1895
1681
2958
1268
2229
939
2278
1473
2459
2377
7665
17554
2443
1163
1127
1701
1488
4766
1096
1740
1636
1164
1437
2469
2913
2028
1892
1396
1463
2498
1818
1198
1570
933
1705
1375
698
1411
2292
1807
2226
1534
1878
1829
2583
2126
2044
2276
2052
2030
2971
1675
1765
3706
1405
1724
1302
1848
2215
2746
1034
1557
1381
2336
1282
2144
876
2249
2353
1094
1715
1835
1526
1954
1994
1894
2824
2369
1407
1814
1852
1443
1478
1463
1226
1859
1865
1712
2042
1318
1834
1414
609
1448
3425
1576
1498
1993
2531
1286
1691
1429
1410
2226
3991
1157
1125
1855
1304
1854
2331
1717
1422
1866
2365
1903
3704
1182
1506
1911
2058
2286
2058
1519
1862
1454
661
2704
1149
1846
985
1789
2331
1538
1842
1400
1245
1657
2030
1003
1139
3382
1587
1944
4516
2163
1019
1074
1566
1602
2036
2243
1157
2598
11872
2127
1200
1687
1458
1279
1915
3533
1732
1718
2251
1879
1799
1251
11097
1672
1463
2492
1005
2117
1716
1189
1519
1144
2853
2275
2132
3151
964
1390
2027
1596
1665
2994
1108
1914
2061
1428
2463
1828
1960
1207
2360
2125
1420
3512
1509
2075
2203
1776
2047
1648
1627
1597
1160
1942
2028
1332
1619
3117
1837
2108
1445
1999
1704
1453
1589
2622
1911
1999
1565
1985
1802
1557
1511
1074
1482
1835
1509
1989
2709
1775
1393
1244
1970
1627
1391
950
1724
1735
834
1975
2242
2469
1482
1353
1134
1835
1639
1207
1976
2437
2264
2146
3254
1646
1915
2102
1650
2314
2430
1579
1607
1771
2405
1519
1861
1553
1019
1891
2489
2360
1549
1425
12187
1745
1957
2756
1593
1197
1614
2154
1688
2828
1622
1319
2013
1655
1699
1133
1951
2021
1592
780
2273
2968
1971
2033
2622
2550
1308
1817
2125
1880
2684
1429
2042
1747
1576
2065
2522
1593
2042
1319
1785
1605
1585
1983
1074
2279
1215
2121
1941
2368
1350
1781
1398
1416
1017
1590
1998
2236
2315
1469
1362
2327
1575
1538
1227
1884
1976
1469
1691
875
2000
1310
3511
1924
2301
1167
1474
2572
1933
2248
1855
1706
2562
4607
1602
2067
1775
1547
1399
2242
1406
1059
1614
1263
3792
2524
2105
2394
2204
1439
2103
1565
1714
1535
2194
1208
2399
1762
2146
1323
1687
2163
721
2281
1697
2117
2871
2146
2684
1514
1959
944
3657
1986
1647
1732
1845
2240
2735
1473
1578
2576
1883
1594
1807
1144
2118
968
1695
1953
2226
1688
2151
1429
1378
1784
1662
1733
1293
2277
2379
1407
1318
2901
1904
1684
1839
2009
1164
1418
1709
2167
1430
2117
2060
2236
1503
1462
1686
2267
3882
1934
1462
1965
1915
1428
1709
1640
1776
1637
1851
2111
1264
1285
1477
1420
2463
1543
1846
1009
1392
1540
1681
1257
1707
1103
1167
2246
2049
2845
2066
1301
1975
1586
1305
2055
2326
1713
1439
1867
2862
1444
1783
2190
1652
1803
1021
2262
3176
1675
2762
1643
1466
2155
2050
1550
2227
1775
1578
1760
1505
1541
1500
1388
3691
2519
2486
1122
1932
1403
1668
1608
2369
1802
2693
2134
2059
1381
2040
1850
1605
1613
952
2006
1700
2112
2184
1886
2301
1526
1639
2489
1704
1936
1232
1783
2178
1741
2372
2046
1243
1460
1380
2177
2228
2370
2543
2477
1806
2161
1365
1886
1988
3147
1950
2226
3379
1798
2846
1291
1753
1893
1473
1439
2236
1627
2173
1730
2232
1805
2606
2194
1515
2843
1268
2273
1669
1143
1297
1656
3262
1752
1262
2305
1992
3233
1380
1085
1616
2925
1655
1680
2069
991
1495
1521
2568
1599
2572
1063
2040
1763
2214
1330
2415
1309
2017
1471
2015
1302
1393
2292
1153
1879
2847
1636
1600
2535
2007
1432
1794
1591
2210
2640
1243
1314
1356
1497
1631
2339
1766
1640
1266
1989
1914
1474
1814
1753
1363
1686
1308
1246
1983
1227
1750
1759
1559
1134
1147
1900
1118
2526
2337
1562
2313
2053
1913
2170
2238
1484
1995
1697
1647
1374
1797
1508
1898
2170
1937
1775
2490
1845
1261
2580
1913
1858
2485
1924
2153
2203
1607
1766
1124
1863
1331
1673
2278
1672
1714
1487
1554
904
1352
1448
2671
2343
17005
1029
5587
1848
1892
1356
1614
1643
1672
2676
1666
2353
2078
1742
2197
1520
3381
1590
1234
1713
1306
1808
1140
1921
1522
2378
2074
1010
2263
3894
1006
1829
1385
2196
2302
2016
2239
1670
1043
3220
1359
1976
2743
2992
2471
1714
1571
1967
1933
2019
1735
1857
1429
2972
5010
1705
1347
1680
1828
2808
1152
1273
1932
1820
2788
1556
1767
1531
2009
1569
1339
1741
1068
3035
2024
2706
6713
1017
2850
2735
1302
1607
1219
1353
1925
1926
1814
1843
1381
1936
1133
2075
1858
2167
1919
2156
1682
1394
1478
1552
1260
1649
2459
1769
1722
1576
2003
1429
3782
2017
2012
10278
1825
2185
1322
1212
3176
1512
1871
2478
1045
818
2190
1561
2942
4265
1649
1889
1286
1574
2256
2283
960
1939
2325
1018
1980
2983
1365
1928
2441
2548
1714
2647
1904
2245
1907
1356
1897
1495
1541
1737
2767
2514
1800
1975
1762
1642
1802
1542
1901
1756
2243
1642
2385
2146
2063
2319
2255
1476
1065
2500
1845
1699
1790
2566
2873
1853
1487
1965
1599
1604
1530
1712
3009
1523
976
1950
2614
2688
2535
2138
1752
1262
1588
2462
1292
1839
1856
2063
2763
1564
2178
1638
1968
1996
1271
1477
1643
1762
2156
1341
1117
2137
2951
1331
1011
3065
1677
1011
2701
2126
2285
1481
2478
1205
2326
1153
1015
953
2091
1531
1774
2518
2149
1623
2392
1015
1091
1532
1823
1381
1265
1931
1075
2239
2169
1828
1599
1989
1868
2518
1540
858
2320
1721
1645
1455
2859
2760
1508
1012
2420
1646
1711
1834
2086
1669
2661
1715
1602
3266
1867
2090
1745
2204
1537
2169
1066
1428
2136
2679
1160
2499
1781
763
2405
1722
3048
1606
1431
2175
2594
1586
2417
2125
2111
2189
3071
1761
2094
1915
701
1810
1785
1074
1369
1369
1895
1852
1737
3116
1977
2068
1757
2304
1544
1985
1008
1982
1374
1631
1654
2727
1676
1692
1364
2393
1280
1490
1970
1545
2862
1253
2083
2294
1879
1354
1852
2100
1811
2221
1519
2285
1271
2398
1817
2531
998
1535
2176
1038
2100
1942
1347
1294
1282
1310
1326
2085
1973
1346
1301
1336
1343
997
1582
1616
1395
2766
1368
2392
2024
1472
1406
1832
1578
1582
1291
1980
2388
1692
2718
1771
1853
2017
1539
1767
1787
1564
1518
2218
840
1928
2205
1688
2061
1031
2093
2046
1543
2097
1913
1257
1875
1801
1436
1460
1010
1336
2076
1686
2901
2132
2206
1795
3109
2845
1843
1822
1438
1677
4681
2320
1871
1342
1686
2758
2463
1912
1675
1781
1103
1725
1749
881
2019
1686
1339
2587
3054
2543
1965
1607
1847
3294
1954
2373
3773
1599
1577
1480
1943
1442
2126
1507
1793
1616
1672
1754
1483
1779
1751
1267
1553
1983
1445
2632
1742
2045
1479
1505
2057
1025
1794
2354
1805
2234
2082
1982
1813
3223
1962
1840
2207
1555
1521
2269
2414
1502
1469
1629
2751
4180
2500
1733
1714
1903
1593
1869
2215
1799
1412
1752
2781
1701
1821
1563
1826
2329
2815
1934
2568
1801
2286
1883
1216
1735
2477
1396
2348
2899
1585
1589
1666
2284
996
1054
2115
1917
1455
1667
2612
1823
1891
2339
1734
1530
1492
2920
1600
1917
1749
1950
1421
2121
1535
1706
127060
1705
825
2307
2679
2184
2633
1531
2177
1629
1580
3563
2007
1110
1393
1616
1476
2024
2041
1394
1448
1214
1368
837
1674
1491
1477
2355
2160
1494
2051
1773
2146
1807
1621
2432
1298
2698
2590
1155
3798
1276
1612
1626
1371
1943
1871
1114
3240
2202
2544
4297
2119
2649
1276
1434
1487
2442
1854
1995
2147
1082
2001
1502
1498
1506
1983
1798
1872
1592
1222
1110
1915
1363
18328
1759
1867
1620
1330
2252
1944
1435
1782
1735
2049
2067
1842
1577
3032
1397
1716
1254
1867
1403
1896
1852
2478
2184
2048
1259
1983
2369
688
2451
2221
1369
1049
3035
1469
1200
2067
2072
1412
1909
1868
1411
1834
1298
1903
2085
1445
2020
1660
1754
3305
1996
3022
2609
2390
1272
1690
983
2179
1801
1762
1900
3340
1722
1328
2260
2635
2216
4244
1902
1787
1805
2045
1759
1223
2327
1641
1506
1411
2339
1696
1821
1916
1589
1759
2770
1757
5141
2084
1906
1783
3443
2084
2585
2304
1275
1589
3474
2641
1231
1519
1720
1304
1572
1573
1984
1653
1238
1397
1529
2595
2056
2425
1632
1473
1353
1796
1311
2009
2007
2143
2077
1791
2137
1593
1336
2598
2654
1856
2076
2441
1781
1729
1600
2163
2999
1791
1415
1179
1875
944
1337
1057
1651
1309
2027
2135
1783
2040
1847
1572
1557
1574
1754
1777
916
1919
2065
1047
1636
2168
2611
2771
2486
1209
2050
2421
1572
2259
1798
1302
3092
2104
1779
1121
1226
1902
2305
1707
2035
2459
1472
2459
1193
1314
3027
2367
1662
2803
1343
909
3852
3042
1840
4226
1826
1763
1652
2356
1502
1316
2572
1105
3243
1858
1731
2422
1693
1608
3844
1488
1814
1805
1544
2608
1819
1069
2274
1886
1467
1678
1988
1714
1073
1623
1985
1468
1698
3822
1506
2097
1482
1673
2194
2007
1665
1552
1638
1508
2484
2759
1691
4899
2142
2048
1906
1562
2614
1243
1839
1637
2302
1721
2196
1884
1841
1443
1609
1274
2449
1015
1483
1921
1269
1888
1676
1001
2707
2050
2829
3120
2282
1750
2164
1852
3026
1835
2037
1680
2654
2331
1645
1485
2376
2238
1751
1568
1776
1222
1442
1865
1687
1763
1410
34993
1949
2522
1498
1221
1886
2036
1785
1793
2204
1094
1795
1655
1907
2120
1685
1925
2152
2036
2410
1938
1857
1791
1323
1789
1906
2480
2362
1875
1782
1428
1725
1852
1557
1646
1971
1701
1957
1698
1804
1733
2293
1155
1781
1826
1902
2237
1595
2016
922
1924
2089
1524
2811
1969
1545
2233
1761
1203
1241
1665
2029
1903
1929
1928
2292
1588
2429
1399
1651
1784
2031
1139
3454
1667
1449
19562
3039
1930
2957
1994
1437
3276
1649
1718
2661
1424
1892
2735
2069
1916
2830
1738
2191
1700
1714
1540
847
1912
1799
2119
1618
997
1609
2596
1102
2070
2713
1855
1448
3135
3140
1841
1974
2156
1981
1861
1445
1845
2508
1976
2016
1852
1502
1572
1411
3884
2518
1804
1807
1879
1445
2354
2134
1414
2157
1016
1708
1460
1941
1730
2448
1804
1743
3294
2097
2076
2145
1849
1868
2690
1649
1797
1666
2521
1762
1608
1379
2615
2181
2988
2006
1919
1733
1594
1726
2086
2002
1581
1584
2743
1984
1639
3376
2505
2092
1512
1958
2399
1272
1482
1975
2897
1997
2054
2026
1426
2500
1876
2098
2682
1748
1660
2516
2504
2307
2212
2733
1587
1365
1156
1717
1631
1364
1531
1587
1501
1902
1263
1598
1348
1777
1952
2982
1570
1557
1885
1230
2324
2625
1670
1572
1575
2107
1928
1305
2127
1803
2209
2071
2608
2589
2504
2392
1371
2107
1899
1687
2114
1636
3778
1552
1540
1184
1415
1066
1652
1820
1263
1328
2130
1735
1819
1957
1429
1750
2654
1751
949
2007
1286
1603
1796
1795
1672
1684
2798
1046
1925
1734
1783
2469
1265
1701
2016
1666
2634
1875
2587
1107
1237
1809
1389
3578
1875
2430
1762
2272
1104
1541
2552
1318
2023
1786
2040
2107
1980
11461
2650
1576
1782
2906
1939
1718
1878
1661
2260
1229
1954
1453
1808
1978
2637
807
1398
1643
1714
2082
1569
2348
1589
1681
3387
1474
1452
1213
2136
2032
1894
1806
2560
1335
2177
1237
1307
1832
1112
2423
1800
1838
2468
1667
1272
1059
1921
1349
1531
2307
1738
3089
3051
1307
2467
1824
1893
2018
1318
1604
1445
1176
2126
2152
1927
2973
3888
1369
1612
1677
2267
2134
1617
1794
2417
1580
1950
1229
1928
1731
2212
1371
3205
2050
1402
3020
2376
2984
1246
2017
2385
2081
1698
1217
1603
1678
2128
2797
1341
1266
3483
3744
1493
1785
2089
1389
3135
1568
2141
2136
1052
2085
1855
2255
3940
1208
2559
1978
1509
2352
1806
1111
1992
1323
2349
1145
1221
1319
1568
1506
1808
2055
1610
3284
3718
1747
1999
2017
1862
1875
2249
1151
2198
795
2256
1767
1837
2015
1641
1330
1893
1789
1154
1823
1764
2078
1865
1709
1842
1360
2475
2120
1362
2869
1892
1194
2092
1814
1785
1891
2506
1133
1962
2156
2134
1985
1399
1494
2390
1318
3021
825
1791
1687
2808
1714
1469
1669
2046
1480
1127
3464
2219
1751
1814
2579
1706
1788
2073
1956
1816
1214
1496
2001
1914
1687
1720
1597
1913
2109
1825
1725
2001
1546
1447
1595
3114
1521
1443
2208
1793
1777
1898
3614
1959
1831
1318
2052
888
1305
2316
1921
1723
1924
1105
1634
1258
1814
1284
1687
1799
1589
1389
1650
1740
1692
1755
1731
1107
1767
1677
1506
1936
1900
1786
1026
2029
1922
2138
2471
1761
2074
2254
1899
1816
2230
1442
1304
1552
1680
1274
1980
2235
1662
2452
1866
1937
3087
2198
1959
1827
1935
1580
1731
1674
1830
1588
1772
1826
2045
2176
2245
1799
1667
2595
2328
1536
2252
1762
2161
2228
2620
982
1628
805
1745
2556
1769
2216
2006
1160
2444
1576
989
1896
1498
1625
2633
1433
888
1414
1583
1985
1529
1814
1524
3638
2089
1669
2363
2302
1596
1715
2026
1733
2187
1673
1671
1526
1718
2265
2218
2880
2080
3610
1584
2403
2316
2100
1599
2104
1473
1388
2074
1763
1198
1844
1754
2263
2543
1647
3224
2578
2419
2561
1856
1683
2336
2789
1208
1102
1658
1862
1116
2119
1615
1651
2556
1523
844
1897
1525
2618
1783
1151
3884
2113
1990
1839
1760
1355
3257
1653
2829
2124
1452
1654
1402
2872
1827
3543
1472
2169
1855
1888
2591
2146
2304
2263
2064
2398
1939
1637
1951
1789
1692
1301
1028
1585
1693
2843
1487
1558
2247
2176
1677
3003
1904
2679
1923
2722
2256
1256
1776
1933
2572
1803
1601
2058
2741
1860
1572
1148
1646
1271
1541
1701
2162
975
1090
2069
1838
1828
1436
2192
2343
1785
956
1254
2449
1480
2042
1520
2430
3487
1985
2172
1580
2285
1822
1136
2434
1362
1803
1661
1123
1776
1945
1593
1346
1718
1518
1181
1989
1858
1501
1322
1516
1497
1512
1588
1579
1721
1288
1497
1360
2143
3039
1543
1462
1505
2327
1634
1541
1744
1534
1182
2027
2519
1784
1418
1028
1712
1914
2244
1235
1321
1647
2005
2468
2087
1282
1661
1785
2056
1850
1763
1884
1069
2298
2011
2453
1825
1336
1638
1973
2066
2211
1568
1421
1993
1775
2328
2811
2338
1041
2221
1968
1183
2505
1602
2719
1723
2209
1878
3091
1829
2712
1355
2724
3227
2221
1993
1887
1760
1847
2766
2047
1721
1604
1259
2377
1539
1154
1577
1681
1174
5666
1378
1771
1535
1963
1610
1949
1829
3442
2210
1685
1571
1056
1435
2893
1125
1293
1692
1689
1395
1638
1885
2227
2583
1628
1791
1299
1509
1794
968
1041
1841
1111
2288
1521
1699
1185
2842
1591
1555
2041
2362
1815
975
1378
1567
1445
1899
2267
1193
1440
3307
3069
1169
2468
1068
1627
2541
1650
1594
1719
1607
1689
1969
1066
1667
2303
2649
1357
2086
2061
963
1460
1011
1915
1395
1760
764
1701
2350
1728
2037
1786
1017
3364
1415
1655
1846
1981
2827
2348
1948
2313
2545
1618
2241
2157
2005
2282
2290
1914
1694
2458
1475
1523
2403
2044
1941
2666
1312
1796
1334
1621
1507
2194
1185
2904
1569
1833
1757
1583
1776
989
2325
2450
1194
1507
1673
1812
2275
1784
2007
1803
1395
1785
1305
1115
1569
2008
1830
1895
1784
1809
1697
1107
1970
1816
1119
1786
1722
3177
1485
1752
1790
2101
1642
1459
1960
1959
2105
2097
1697
1848
1668
1900
1664
1741
1455
1483
1168
2208
2716
1421
1932
1968
1786
2399
1233
1566
1606
3673
2010
2166
2002
2652
2287
3321
1972
1378
1567
1608
1758
1792
2590
1976
1359
1698
2235
1160
2154
1548
2016
1590
2076
2212
13901
1838
2214
1880
1737
894
3499
1490
1190
2459
2069
2018
2228
1711
1647
1605
1166
1656
1750
3006
1660
1456
1224
1584
1581
1706
1772
2279
1878
2422
1961
3059
1706
1829
1985
1854
2118
2189
2342
2003
2055
1332
1663
2172
2219
1568
1599
1699
896
1223
1768
1698
1624
1997
1259
2967
2054
2067
2484
1437
1914
2501
2197
1747
1754
1353
1738
2033
1963
2171
1833
1554
2017
1760
946
2046
1670
1934
3373
2345
2994
1912
2087
1682
2635
2341
1782
2023
2485
2780
1972
2337
3483
1585
1492
2899
1447
1851
2191
2019
1822
1577
1778
2507
1160
2105
1489
2381
3077
1954
2412
1232
1340
1760
1519
1922
1805
1912
1976
1843
1062
1034
2292
3123
1581
2046
1806
2269
2417
1312
2000
2143
1472
2516
1782
2309
1883
1665
2073
1904
1977
2130
2088
1943
1660
1521
2299
1934
1844
1797
1974
3820
2100
2096
1655
2142
2068
1455
1219
2309
1716
1998
2106
1583
2436
1501
2045
1469
1943
2407
1919
2008
1937
1833
1610
1909
2541
4698
1859
1509
1349
1785
1719
2916
1940
1073
1644
1861
1271
1493
2844
2864
1642
1886
2344
2273
1327
1349
1600
1826
2016
1357
1718
1464
2253
1714
1831
1392
2102
1903
2533
1143
3160
1876
1848
1673
1362
1849
2117
1861
1936
2540
2043
1321
3078
1706
2469
2191
979
1583
1677
2373
1873
1379
1724
2632
1897
859
2351
1667
1864
2276
2272
2293
2519
2521
1548
2453
1537
1291
2734
2081
946
1984
2155
1737
1550
2004
1468
3254
2147
2100
2015
791
1887
1516
1726
14304
2791
1510
3367
1583
1685
3337
2592
2059
2948
1805
1524
3375
1971
1220
1292
2356
1889
1081
1639
2141
1934
1259
2418
2334
1698
3069
2064
2165
2821
1341
1564
2248
1472
1765
1775
1347
1473
1214
1764
2084
2591
1640
2092
2762
1675
1182
2685
1485
1058
2239
1584
3199
1301
1386
981
1722
2358
1708
1755
1449
1488
10816
1484
1847
2284
1674
2511
1890
1883
19684
1640
1522
1775
2110
1305
2290
697
2528
1932
1351
1948
2659
2010
1425
1818
1745
2312
1734
5136
3002
1579
1581
2363
2574
2415
2898
1847
1349
1606
1608
2194
1759
2244
1840
1476
2673
2473
2594
1793
1233
1990
1924
1708
26479
1548
882
3380
2784
2585
2028
4966
2233
1357
3283
1361
1885
3087
1424
1793
2388
2282
1717
2461
2140
1334
1957
1910
1590
1112
1507
1549
1486
1397
1353
1197
1068
2153
1632
1637
2000
2270
1788
1767
1753
1738
1382
1929
1806
1635
1116
1563
1439
1592
1625
1628
1906
1871
986
1622
1948
2041
2014
2049
2458
1801
1999
1306
1333
1670
1074
1524
2609
2010
1112
1704
1779
1587
1582
1913
1856
2070
2180
1786
2382
1551
1585
2429
1850
1563
1331
2345
1856
2220
1878
1704
1850
1699
1918
2018
1738
1657
1296
1652
2073
2689
1191
1458
1705
3194
3249
1180
1285
4169
2213
1992
2535
1591
1387
1741
1478
1968
2213
2045
1767
1941
1902
2469
1536
881
1777
2859
1276
1564
1630
1608
1835
2508
1523
1878
1795
1298
1839
1354
1745
1254
2527
1303
1157
2070
1324
2921
1989
2278
1278
2501
1749
2633
2885
3134
1028
2263
1164
1353
1745
1603
2176
2325
2169
1680
1790
1241
1603
2467
3989
1712
1468
1125
1435
1745
1933
1691
1780
1798
1637
1835
1635
739
1518
1475
1808
1554
1451
1928
2658
1107
1886
1539
1797
1740
1981
1691
1865
1944
2117
1700
1192
1932
1769
1980
2441
1642
1803
1957
1752
2469
1265
2430
1971
870
1803
2348
1763
1770
1856
1272
2137
1249
1551
1285
1130
1791
1999
1916
1768
2247
2001
3155
2664
1909
2235
1652
1212
2719
2550
1798
2090
1683
1645
1375
2203
1157
3958
1647
1734
1397
2014
1730
1939
1399
1902
2467
1894
1231
1760
2103
1643
1320
2028
1589
2311
1536
1924
2094
1183
947
1482
1332
567
1683
1322
1570
1510
1968
1316
1597
1766
2397
2350
1983
1914
2090
1783
2191
1408
1972
1451
1410
1839
1271
1664
1732
2010
1649
1948
1577
1475
1942
1408
1552
1805
2209
2583
2397
1737
1750
1502
1350
1182
17661
1647
1556
1904
2426
1534
1927
1633
1793
1620
3186
2469
1440
1266
1907
1350
1883
1355
1651
1555
771
1296
1858
1771
1911
1835
2243
1693
1686
2419
1642
8424
1717
2273
5366
2745
1035
2680
2485
1747
1746
1003
1329
2416
2476
1224
2643
1795
1779
2239
2120
2243
2337
1511
1580
3059
2372
1669
1610
1775
2596
1699
1818
1742
1889
1417
1596
3070
1985
3070
1658
1051
