2208
3630
1980
2737
2348
2267
2440
2771
2997
1334
1814
2216
2058
2117
2036
2718
2462
2122
2558
1994
3325
2707
2394
1989
2883
1565
1941
1962
1955
1950
2053
1918
2750
1299
2137
4202
2629
1673
2303
1931
1644
2648
1332
2238
3041
2004
2526
1492
2186
2731
1789
3403
3535
2668
3626
2516
2996
2143
1861
1462
2699
1484
2080
2545
2640
1930
2066
1711
3404
1996
2569
1820
1380
3450
2477
2686
2492
3284
1582
1715
2444
2285
2267
2811
2095
1786
2474
1792
1994
1890
1046
1512
4301
2071
2185
3110
1826
3141
3163
1854
1971
2312
2138
2439
2789
1836
1890
3450
2318
1665
2399
1648
2609
2326
2040
3013
2247
2507
1761
3610
2190
2283
1756
1625
4355
2098
3582
1539
1714
3184
2872
2321
1396
1946
2012
1876
1755
3572
2865
2832
2216
1788
2871
1949
2324
2323
3208
1889
2471
6390
2261
2870
1981
823
1008
2835
3112
2179
2540
4379
1981
3675
1458
1352
1616
2817
1856
2253
1310
3308
2860
1713
1937
2869
1856
2536
2852
2582
1838
4076
2946
1397
1626
1627
3549
2926
1932
1736
3396
2395
2276
1973
4917
2192
1534
953
3379
3580
2638
2008
2735
1755
1322
3804
3584
1757
3300
2004
2066
1775
3196
1912
2747
2776
3336
2782
2419
3382
1665
1612
2781
3286
1953
1766
2774
1932
2393
1783
3279
2639
2695
2967
2483
2023
2628
1650
2323
2419
2045
2203
1583
2180
2171
2678
2519
3169
2582
1489
1899
1694
1994
3443
1823
1935
2719
2480
1998
2010
2949
1327
1375
2605
2980
1992
3378
2231
2788
3043
1176
2347
2472
3069
1634
2904
2004
2282
2557
1754
1575
2030
2631
1075
2273
2254
2939
2080
2411
2986
2462
3034
1827
3175
1674
2109
3315
2347
2208
1611
2398
2605
3009
2619
3482
2796
2489
2752
1923
1988
1448
2435
1766
2093
2732
1313
2826
16643
1848
2618
2056
1895
2206
2510
1664
2810
3462
1802
2567
1902
1694
1024
2355
3923
1791
3512
2363
1242
1978
4079
2798
3659
3900
1486
1785
2297
2250
1444
2451
2554
2743
2359
2378
1891
3141
3306
3902
2177
1921
2049
2501
1956
2298
1610
2645
2646
3233
2375
2897
2387
2149
2858
1874
2112
1892
1659
2935
3720
1754
2114
2861
2622
2652
2871
2038
2718
3856
3230
2739
2401
1859
4184
2983
2322
2896
2488
7183
2044
1768
1892
1390
1692
3965
2478
2108
1761
2545
2003
1937
2415
3928
2769
1994
3474
2660
2623
3466
2836
2404
2991
1861
2524
4014
1170
2399
2466
3322
1234
3099
2611
2217
2340
2144
1678
1454
2601
2068
1931
2215
1979
2286
2550
2342
2680
3269
1797
2198
1965
2713
3681
2418
2447
951
2081
1916
1965
1498
1926
2086
1878
1965
1938
3506
1586
2201
1870
2196
2707
2070
2593
3990
1894
1696
2788
2284
2166
2511
2041
2368
2532
3024
1948
1183
2591
2373
5339
2111
834
1060
2531
2899
3794
1749
1532
3516
2159
1649
2186
3111
2404
1828
1825
2132
2295
2313
3598
2018
1736
1864
1779
2343
1247
1640
2230
3129
1911
1475
1483
1881
2910
2118
2685
4215
3065
2658
4066
2264
2311
2653
3074
1554
2439
2356
2382
1974
2938
1770
2047
1975
1860
1423
1944
3972
2157
2826
2266
1542
2091
2843
2701
1095
1889
2474
1546
2280
2124
2236
2749
2997
2753
1820
1929
1916
2146
2369
2043
2423
2097
2484
3074
2322
1155
3512
2551
2653
1680
3472
2500
1742
1739
2091
2789
2377
3189
2655
1936
1675
1886
1744
3184
2534
2096
2665
2255
1975
2327
1931
3215
2501
2750
2364
2200
3338
2347
1858
1854
3315
1732
2045
2142
2333
1558
2510
2043
2480
1843
2556
3062
1871
2044
2122
2775
2921
3838
1938
2661
1761
2867
1568
2565
1905
2394
2275
1775
1560
1881
1312
2364
2973
2039
2573
2451
4705
2336
3092
2191
1506
2275
1846
2827
1895
2782
2007
1424
2157
2207
2067
1851
1623
3087
1134
1994
2408
1765
2646
3061
1909
1803
3586
2689
2714
2580
2937
3684
2479
2012
2036
3062
2226
2866
3842
2135
1972
3482
2519
2095
2511
1956
1996
2934
2066
1474
4370
1862
1668
2484
2210
1539
1195
1856
1777
3822
2332
3335
2838
1105
1509
2697
3444
3891
1336
1898
2248
2388
2603
1950
2542
1793
3337
1885
1365
1859
2078
1765
1747
2105
3415
1564
1930
2122
1630
991
3983
2743
2359
2031
1344
3740
1830
2108
3066
1852
2451
2197
4004
2210
2132
2375
3075
1896
2593
3276
1409
2271
1949
2010
3584
1684
2697
1795
2549
3144
1741
2270
2605
2221
2116
1770
2278
2809
2205
1849
2841
2122
1793
1667
2098
2263
2687
2924
3367
2210
1493
3125
1947
1819
3201
1811
1995
2345
3799
1896
1998
2643
1826
2210
3033
2024
1900
2543
2628
1811
1952
1795
2384
3922
3119
2140
4798
1094
2196
2539
1399
2589
2443
1774
2556
2498
1922
1822
2000
2535
2046
1608
2749
1654
1217
1978
2798
2574
1912
1852
5212
1730
1969
1893
2274
2768
1127
4508
2250
2111
1589
1554
2335
1269
1953
3300
1682
2583
2163
2058
2398
2600
2255
2469
2615
3015
12931
1330
1802
3182
1806
1286
3069
2541
1199
2145
1407
2307
3279
2339
2146
1403
3347
2405
2965
1997
2477
1795
1938
2041
2974
4235
1784
1935
2522
2202
2013
3370
4143
41876
1989
1286
1739
1771
1152
3845
2298
3255
2161
1575
2775
1993
1850
1686
1946
2836
1927
11683
3113
2124
2338
27147
1977
3032
2586
2609
2047
2947
2616
3514
2166
1598
1760
1923
1561
2273
1750
2506
3604
4505
2423
1060
3040
2094
1451
2557
2322
1910
3415
971
1697
4819
2101
2207
2193
2129
1661
3099
1044
4134
2946
2412
2753
3648
2021
2455
1765
2212
2486
2251
2553
2380
2069
2276
2768
2113
2473
2277
2298
2452
1898
3470
2510
2158
2656
1451
2459
2044
2738
1642
4077
2054
1636
4954
1628
2588
1721
2186
2145
1298
2188
1043
3235
2121
2437
2305
3490
3941
1424
1731
1450
2208
1271
2623
2214
1635
1826
1832
1946
2576
3934
1802
1984
2241
1882
2264
1691
3026
1953
2026
2047
1232
3120
2550
3042
2321
2569
1761
2301
3032
2863
1536
2712
1411
1657
3173
3130
2718
1912
2534
1757
2690
961
3556
1883
21080
2136
2366
1745
2738
1434
1451
3511
2288
1670
2105
2277
3054
2056
4372
2147
3710
1309
2200
2676
2831
1202
2458
2165
2479
2172
1263
3018
2185
2464
2569
1242
2146
1969
1554
2145
3833
2205
2418
3711
2139
2948
3209
1760
2007
2076
2768
3124
2477
2032
2994
2660
2144
1794
3253
2170
2882
2254
1966
3456
2003
1353
2478
2042
2060
2200
2024
2291
1245
1471
3139
2052
2700
2700
2195
2040
3331
1528
2442
2470
1783
3287
2095
1847
2146
3400
1292
1224
3274
2891
1688
2285
3630
1816
2017
2313
2945
1952
2798
3821
1768
2286
1987
1631
1735
1040
2063
1973
2342
3894
2009
1842
2367
2640
2733
2036
2288
2884
1694
1636
4139
2598
3246
2103
2507
2181
608
3182
2292
2089
3606
2039
1710
1469
1602
2543
1612
2810
1413
1578
3748
2503
2704
2303
1878
2353
2059
2082
3101
1684
2079
1483
2183
980
2235
1864
2257
2095
2663
2634
2722
1783
1913
3078
2571
1962
1795
1973
1635
2082
2051
1387
2823
1995
1740
2420
2818
1508
2114
2066
2191
3688
2587
1991
1762
1768
2393
1805
1933
2077
2778
1785
1696
3756
2093
1807
1198
2442
1680
2735
2666
2426
1786
2449
2249
2167
2724
2911
2079
2239
4152
2340
1591
2429
2738
2455
2186
3548
2532
1799
1958
4094
1925
1277
2941
2552
2008
2847
1219
2275
1161
1729
1524
2323
1712
1948
1961
3026
1962
1191
2856
1763
2115
921
2182
2424
1545
2033
2644
1765
2832
2405
2145
1981
2165
970
3194
2128
1856
3425
1525
1363
1434
1821
1931
2521
1788
1981
919
1459
2373
3030
2552
2546
1561
3638
2809
3387
1399
4258
1033
2092
2737
1415
3668
2752
2104
1224
2614
2579
2314
3431
2637
11458
2762
1754
1447
2232
2473
4040
2172
2577
2172
1933
3355
3111
1528
1801
3942
2125
1445
3021
1980
2076
2540
1723
1681
3703
1512
2577
3482
1701
1614
2931
2078
1816
2462
1945
1979
2061
2145
2294
2104
3763
1679
1781
1615
1957
2894
2333
1236
2777
1673
1944
2025
1861
1829
3340
3443
1824
1859
2757
1073
2060
1717
1899
2997
2013
2754
1979
2179
4098
2328
2151
1903
2333
2288
3592
2170
1857
2084
1932
1457
3273
2225
1767
4974
2307
1988
1939
1927
1994
2619
2186
2721
3130
1699
3095
1289
2781
2641
1450
1987
6432
1187
2435
1568
2271
2013
3034
2099
1802
4317
2028
3085
1923
1771
2388
2581
1877
1758
1651
1824
3993
4039
2839
2786
3067
6007
2988
2142
2124
1999
2253
2421
1762
3253
1704
2037
2594
2148
2507
1962
1914
2894
2174
1783
1520
2504
1919
2601
1786
2186
1113
3489
2909
2250
2368
2886
3138
2584
3951
2124
2360
3904
1629
2152
1902
1774
2521
2993
1688
2230
1336
2065
2308
2064
2344
2749
2117
2368
2082
1459
2551
1433
4102
1436
2070
18345
1955
2482
720
2156
1932
1416
2269
2107
2161
1711
2351
2324
1780
2039
1976
1672
1378
2062
1539
1551
3158
1997
2460
3183
1925
3720
2496
2175
1869
1837
2115
1742
1558
2140
1966
2174
2751
2109
2266
1753
3575
1808
1435
2448
1589
1829
2201
2914
2252
15359
964
2379
4341
1946
1978
2336
2071
2051
2781
3085
2696
2170
2659
2256
1916
1893
2423
2115
2419
1892
2304
2099
2681
1518
1511
1716
1892
2604
1562
2871
2082
3283
2045
2667
2790
2936
1298
2094
3166
2605
1986
2385
2413
1677
1782
3501
1927
3788
2037
1366
1564
5051
3073
1891
2903
2320
1182
1611
1674
2186
2913
1893
3739
3738
1905
1562
1653
1923
2096
2139
1784
1958
3684
2165
1840
1497
4293
2454
2676
2844
5558
1581
1412
2042
1758
2984
3159
2052
2489
1855
2106
1756
1805
2722
2435
1804
3026
2375
1769
4200
2050
2104
2686
2731
1997
1931
2349
2089
2281
2716
3066
1824
2288
1919
2112
2455
2004
1638
3044
2179
1821
1949
3331
2018
6193
2160
2589
2219
2074
2736
2332
1797
1694
1049
1440
2325
2753
2873
1412
2461
1617
2692
2505
1613
2553
3444
2753
1940
1924
2542
1371
1480
4134
3535
2598
4486
2323
2104
3007
1781
2221
1380
2342
2469
4067
1818
1757
2508
2222
2197
1841
2677
3722
1883
3547
1233
2363
2816
2455
3584
2535
1993
1701
3136
1240
2338
1487
2486
3421
1913
1888
2351
2830
2714
2371
2405
2387
2114
2647
1621
2005
1723
2195
1310
3634
1969
2296
3031
1975
2596
3474
2295
2408
36198
2276
2653
1726
3533
2227
2091
1557
1636
2696
1936
2332
1812
1667
1834
2682
2778
2656
1561
5961
3317
1583
1804
2376
2730
908
1011
4098
2047
2049
2948
1451
3163
2788
1857
2855
2309
2859
3778
2327
2410
4580
2379
2019
2042
2057
1818
1108
1996
2394
2711
1640
2649
2203
1999
3448
2526
2056
2389
2034
2109
2676
1771
2639
1753
2312
2009
1935
2663
2530
2041
1330
1912
1550
2500
1260
1888
2575
2076
1705
2051
3106
1972
2413
1946
1735
2922
2891
1861
1875
1511
2534
2416
3435
3191
1792
1572
3564
1778
2097
1632
2142
1165
1915
1456
2718
2035
1874
2591
1872
2028
2312
2477
1544
3050
1116
3803
2519
1491
2855
1737
2814
1801
2664
2894
2315
1869
2609
2386
2280
2729
1592
3209
1799
1784
2942
1712
1680
2820
1613
1896
3019
2576
1891
3212
2685
4894
2591
1585
1697
2179
1914
4820
1468
3008
1970
3319
2142
2820
3202
2472
3838
1400
1965
2515
2364
1983
1245
2193
2530
12878
2047
1341
2754
2780
3135
1470
2267
1664
2744
2006
5079
2250
1530
2273
1591
2237
4206
2678
1896
2103
2211
2633
1659
2162
1857
2350
1640
2546
2348
2426
1650
1547
1493
1542
2969
3179
1726
2095
2183
3717
1694
1698
3549
1611
942
2243
1467
2218
2532
1913
2068
2602
2088
1578
1547
1710
2301
2214
2206
1581
2137
1082
2123
1907
2526
2345
2923
4807
2309
2175
2452
1586
2082
1892
2099
1995
2636
2361
2114
2758
3138
2350
1991
2296
1193
2098
1861
2629
2547
2083
1606
1811
2015
3297
1004
1768
1640
2735
1577
4292
1513
1814
1766
2371
3079
1988
1640
3927
1265
1546
1929
1719
1676
1699
1326
10410
737
2216
2071
1925
1537
2700
2898
1637
3504
2229
1930
2353
2133
1967
3408
1974
1376
2487
2321
2298
2288
3914
2034
2444
950
1733
1573
2034
2523
1126
2419
2311
1305
1834
2082
2050
3178
1931
1283
2173
1493
5520
2033
815
1161
1874
2713
2424
1846
1597
1984
1539
2676
2538
1887
1887
964
2511
1938
2812
1794
2822
2407
2271
2998
2494
3474
3823
2579
1679
2295
1600
2015
3355
2359
2504
4704
1815
2123
2200
3630
2320
2634
3538
2607
793
2608
2500
1796
2725
2563
2027
2160
1651
2010
1665
2160
2167
1930
1738
2266
1965
1133
2956
2115
1708
2274
2281
3015
1704
2516
3142
1438
2011
2314
1624
2513
2963
2002
1937
1590
3917
2164
1585
1459
2818
2072
1454
2947
2356
2517
1971
2060
2236
4616
2991
2683
1852
1747
2647
2340
2109
2257
2082
3353
2646
2476
2126
1582
3290
2270
1814
2102
1885
2503
2431
2059
2219
1775
1981
1800
1357
1750
1784
3117
2159
3923
1543
2287
1666
1410
3318
1744
1672
2729
2248
2856
1404
2540
3492
2305
1273
1732
1682
2022
1683
1717
2123
1544
1736
2836
2253
1962
1875
1595
1171
1630
1748
2624
2946
1442
1699
1954
2325
3698
1922
1516
2250
2084
1744
1000
1728
2661
2095
1753
2405
2867
1770
2921
1884
1774
2993
1693
1697
2885
1872
1134
2183
2537
1429
3733
2512
2813
1964
2991
2322
2111
1883
2452
1868
1938
1851
2088
2037
2025
1584
2933
2062
2034
3066
2346
1863
1812
1609
1909
2162
2135
1933
1924
2867
2047
2738
2449
2058
2048
2631
2282
2049
2118
2571
2349
1971
2319
1623
1979
1997
1611
1835
5842
2035
2910
1869
2041
1513
2105
2286
3206
1844
1607
2673
2076
2317
3119
2384
2336
1280
1685
2195
1705
1791
3451
2053
2240
2549
1004
1795
1918
2668
2488
2184
4982
1585
2451
1520
2094
2591
2133
1380
785
2820
2477
1470
3144
2549
2041
2103
2130
1094
2120
1789
1943
2341
2864
1526
1950
2034
1956
3076
2066
1471
2013
6416
2055
3072
2113
4002
3997
1678
3060
3888
1967
2007
3015
1857
3751
2270
1844
3808
3062
2003
4557
1746
2734
2088
2109
2390
1265
1905
1933
2459
1436
2548
1741
2134
2879
1992
2125
2046
2304
2494
2467
1739
2318
2075
1853
1879
2091
3375
2730
1801
2335
2191
1726
2609
2615
1832
3186
1904
3063
2180
2231
2178
2096
2787
1952
1064
2158
3657
1972
3601
3225
1769
2197
1547
1620
3660
2115
3252
3127
3451
1653
1955
3446
1448
1990
1867
1614
2578
1882
1735
1578
2262
2816
2201
1541
2285
2086
1675
2814
2668
2653
2345
1985
1971
17465
1605
2006
1734
1990
1958
1767
2113
2070
2560
1298
2666
1479
2491
2213
3552
1409
1772
1747
1445
2776
2488
2627
2750
2583
1739
2659
1363
1496
3112
1681
1989
3811
2110
1769
2089
2692
2729
2934
1665
2130
1871
1860
2694
2852
1861
1871
1939
2638
2681
2490
1749
1756
3236
2007
2647
1382
1822
2253
1643
2412
2686
1884
2117
4785
2362
1601
2547
2119
2212
2226
955
2427
1703
2281
2449
2032
2150
2465
1569
2248
2407
1968
3133
2668
2460
1727
1789
2219
1148
1881
3555
2105
3199
1825
2682
1558
3225
3382
1829
2766
918
1675
2691
2721
1645
2343
1910
1997
2445
1442
2392
1962
1372
2065
1387
1881
2314
1910
2550
1274
3210
2531
2670
1935
1335
2767
1497
1903
1479
2848
1879
3134
2182
3114
2134
3648
1964
2556
2728
2235
1439
2447
2647
1556
3252
2382
2080
2067
2477
1687
2745
1797
1519
3036
1874
2013
2906
3227
3089
3052
1667
1169
1878
2342
1678
1760
2400
1567
2431
1773
1884
1802
1651
2242
2254
2078
3209
2067
3145
1897
1618
2573
3382
2287
1998
5423
2077
1937
2103
1394
2289
3156
3185
2130
1649
2136
3977
2493
3470
3013
1964
2340
1873
2284
3063
2990
1959
3129
1629
2343
2160
2418
2179
2958
1791
2673
2687
3106
2243
1816
2717
1251
2199
1516
2558
2908
1634
3099
1945
1756
3168
2378
1884
3371
3034
3930
2497
2011
2374
1524
2035
1940
2433
1673
2723
1734
2256
3319
3684
1320
2451
1942
2539
2732
2194
3594
2282
1733
2586
1683
2546
1737
1537
1919
2657
2343
1677
2251
1340
1689
1446
2897
1932
2989
1376
1620
3460
1778
4610
2144
1856
2152
2552
1379
2053
1719
2234
1785
1621
2067
1627
1468
2378
2052
2905
2469
2207
2554
1994
1383
3391
2198
3992
1737
2372
2216
3441
1641
2473
2200
2914
2177
4049
2432
2936
2587
2571
8558
1987
2911
2129
2026
2169
2323
3163
2088
2319
2214
1304
2419
1239
2301
1785
1944
1941
2370
1958
2384
1738
1639
1753
4093
2502
2255
2234
2735
2103
2277
1950
1699
2435
1703
2047
1875
2694
2843
2165
2688
1711
1696
1403
1732
2554
2127
3977
1857
2683
2141
1944
2987
1603
2407
2786
1789
2305
2030
2072
2700
2521
2263
2125
2239
2212
2001
2086
1847
2274
2156
2134
3725
2384
1683
2171
2518
2484
2253
4451
1702
1745
2753
1749
2428
2285
2428
2314
3632
2076
2707
1441
1682
2391
2132
3218
1427
1989
1741
1258
2490
2230
3616
1084
2146
2345
2061
1515
1837
1594
1619
2044
1811
1825
3390
2663
3477
2437
1654
4271
1839
1736
1978
2236
3044
2030
2540
1975
2034
1957
1835
1215
2642
1908
1832
1557
2227
3848
1900
2805
3539
1978
2224
2061
1783
1894
3497
1715
3406
3207
2521
1957
2451
2178
1622
2829
1235
1829
2393
2794
1709
1917
1692
4015
2501
2875
4461
2145
3416
2321
1901
3579
2550
1587
2534
3526
2872
2163
2368
1908
1997
2190
1921
1902
2006
2143
1068
1781
2023
1836
4111
1612
2344
877
2451
1682
2767
2097
3708
1800
2028
1795
1473
1651
1962
1984
1718
2269
2383
2121
3096
1654
1978
1863
1926
1295
2056
2141
1465
2019
2329
2063
2814
2511
2010
1829
2123
2130
2024
1751
1752
2050
2065
1815
1853
1956
2091
2060
2619
2187
2301
2097
885
1839
4538
2686
2499
1681
1749
1943
1018
2150
2041
2942
2454
2340
2444
2428
1973
3583
2043
3670
1713
2574
2058
2538
2062
4363
1707
1962
2483
3362
1885
2936
3401
1698
3448
2470
2242
2346
1305
3422
3557
2205
2124
3496
3499
6168
2213
1763
1901
1998
1949
2083
1505
2663
2113
2939
2137
2173
1924
2017
1933
4325
2482
1647
2336
3080
3505
1823
2742
1934
2150
2702
1369
1652
1668
2023
1748
3528
1882
2734
1628
1842
2881
1506
1630
1843
3541
4302
2308
1845
2856
2312
1375
3693
1835
2128
1988
2507
2155
2369
1701
1852
2555
1714
3171
2105
3399
3061
1723
2887
2057
2240
3204
1114
2645
2045
1936
2214
2264
1738
4055
2818
2671
2279
1374
2756
2460
2369
1464
3491
1516
3455
1903
3488
3057
1905
1921
1495
1770
3425
1828
1892
2441
2734
3999
2418
2526
4107
3147
1417
2570
1860
1826
2512
3611
2770
2703
2473
3785
1700
2248
2264
1208
1517
2839
2385
3832
2870
1819
2656
1759
2402
2384
2533
1581
2561
1924
3766
2281
1842
2232
2468
1661
1993
1824
1478
1680
2679
1494
2531
1665
1684
3354
1993
1137
2152
2646
3594
2275
1821
1745
1928
1476
2189
1005
2233
3136
1527
1843
2236
1653
1990
3319
1753
2968
3941
2285
2251
2227
1805
1788
2265
2172
3069
2270
1695
4166
2214
1340
1899
3186
3309
2721
1682
1960
1791
1952
1665
2255
2209
2083
2399
1434
2855
2445
1924
1618
2912
1773
1975
2588
1467
2644
2442
2241
3317
1708
3748
2900
1672
1313
2248
1626
4317
1944
1909
2978
1861
1975
2858
3018
2397
1988
1720
2886
2771
1595
3433
2235
1950
1903
2154
1713
4742
2906
1524
3090
2645
1820
2845
981
1815
1463
2108
2626
2537
1752
2553
2311
1555
3466
3017
2057
2711
2176
1396
2901
1794
1777
2698
1685
3481
1765
1887
4241
2603
2364
4273
2228
2565
2410
1663
1905
2041
1444
2405
2064
2002
2561
1637
2069
1984
2856
5881
2686
1497
2712
1832
1449
3704
1631
2415
2752
2375
3195
1530
1743
2589
1753
1950
1784
2000
2438
1947
2088
1746
2598
2123
1708
2665
1931
4379
6269
1946
2291
2568
2574
3221
1024
2247
2587
1954
4425
2708
1537
2859
1750
1723
2689
1755
2212
2099
2214
1449
2663
2437
5569
1835
2077
2087
2254
2044
3801
1410
2065
2834
1718
1526
1817
2322
1997
2019
1708
1279
1752
4306
2085
1460
2174
2217
1894
2031
1650
2529
2180
1922
3846
2206
1928
1723
2894
2609
1984
2042
1459
1917
2490
1455
1593
2057
1957
2192
3581
2185
3339
2978
3450
4092
1382
2933
3157
2711
2921
2254
1142
2926
1854
2491
3303
2537
2125
3581
2202
3350
3017
2085
4441
5579
1676
2376
2923
1781
4212
1840
2129
1978
2152
1888
2664
1825
2491
2146
1900
1293
2124
2261
3804
1924
1101
1168
1792
1616
1956
2071
1473
2254
1427
1568
2598
2186
2413
1798
1671
2641
8224
1968
2112
989
2723
1887
2943
1262
3532
2053
1996
2099
3268
1860
1583
1903
2012
1930
2930
1880
2042
2202
3368
1982
1732
3869
1435
2272
1901
2160
2502
2814
1872
2335
2680
3478
2864
1861
3993
1785
3153
2707
1946
2063
2448
2567
2662
1945
1734
4326
1644
1868
2563
1942
2616
3621
1103
1576
2827
2747
2253
2082
1615
2187
2441
1844
1961
2639
2989
3541
2089
1650
2252
1786
1117
2219
1695
2172
2681
3535
1400
2730
2439
2064
1092
2944
3318
2480
3013
3140
1221
2440
3039
2326
3491
2377
2004
1669
1436
1958
3206
1830
2168
3020
1924
2147
3679
1590
3596
2293
2198
2172
2103
3941
2090
2496
3857
3308
1677
3565
2244
1480
1725
1354
1915
1258
2008
4389
1847
1165
2453
2822
1505
4051
3435
2225
2789
2250
1576
2233
1985
2106
2717
2044
2401
1710
2104
5366
2481
2235
2319
2087
2940
1875
2277
1149
1928
2386
1838
2521
3634
2434
1262
2333
1732
2846
2521
1757
2558
2988
2100
1543
1651
1743
2230
1941
1766
2160
1717
1420
2471
1754
1733
2089
1759
2188
3110
2153
2518
1439
2045
1550
1713
2566
1468
2367
1494
1994
3723
2074
3236
2706
1930
1649
1176
1853
1686
3263
1551
1941
2359
1196
5276
2056
2674
3026
1347
2629
2050
1965
1759
2530
1868
2785
1928
2184
1177
2010
2288
2239
1125
1627
3185
1270
2371
1343
2978
1950
2087
2146
1866
1592
3046
2490
2058
2274
1582
1570
1459
1581
1627
2485
1711
3805
1911
2103
1200
2449
2001
2347
1883
2852
1844
2668
2324
2584
2378
1777
1890
2775
1249
2184
1914
1678
1855
1933
1344
1748
1913
1473
1631
1721
3033
2800
1552
1936
3645
2268
1982
3511
977
2643
2695
2196
1734
3271
2719
1085
2828
1666
2193
2021
1826
1750
2677
2911
1051
1828
2731
2409
1862
1655
1755
1850
4575
2011
1979
2874
2159
1003
2178
2437
2286
2502
1563
2644
2214
1903
2223
3669
1838
1719
1762
2231
839
34128
1417
2240
2562
2341
2555
2922
1922
2534
1608
2544
2128
1084
3246
17538
1823
2175
1687
1620
1348
2295
1626
2419
2209
1918
2871
2081
1883
1914
2024
13035
2365
1434
2209
2550
2270
1825
1847
2247
1900
2453
2956
1778
2671
2149
1575
2029
2059
1915
3938
2001
2168
1912
1426
3531
1947
3437
2166
2106
1984
1808
1319
1311
1898
1918
2593
1899
2857
2487
1962
1997
1693
2097
1924
2072
2687
1692
2860
1344
3086
2485
3000
3324
2257
1873
2103
1938
2211
2097
1836
1960
2223
2315
1837
2115
3236
2193
1626
2476
1720
2061
3055
1835
2068
2039
1746
1827
2504
3699
1327
1743
2341
3718
1779
2653
3295
1761
1768
2439
2090
3903
1962
2304
1854
2031
1678
2512
2006
1786
3024
2382
3086
1847
1829
2831
906
2393
2194
1921
2168
1888
1551
1955
2076
1994
3720
1734
1766
3596
1620
2532
2084
1913
1529
3105
2290
2177
2228
2612
1859
3256
1965
1549
1978
2290
2210
1543
1858
1860
1688
2117
3077
2373
2936
1498
3427
1994
2048
1874
1304
1949
1996
2324
1665
2120
1155
2293
1753
1739
1630
2207
2687
4364
1459
1222
2161
1044
1963
1829
1635
4021
2088
2361
2591
2160
1843
2283
1941
1034
2757
1737
1769
2888
2177
1618
1720
1431
1490
2213
3791
2034
1801
1756
4941
966
2281
2695
1464
2189
1750
1876
2275
1998
1779
1683
2142
2573
1058
2216
1608
2052
3161
1667
1552
1714
2040
3543
2106
1863
2528
1475
1686
1137
2490
1971
2024
1981
2157
2883
2718
2055
2332
3336
1552
1247
2886
2221
1988
2827
1790
2314
1344
1631
2570
2797
2296
1979
1440
2751
2573
2046
1440
3227
2996
1912
2062
2397
895
3826
2665
1209
1401
2647
2953
1937
2382
2040
2948
1800
2915
2878
1343
1663
2129
1996
3040
3443
2622
3036
1469
1753
1805
2081
2912
1888
4503
2410
2122
2490
1942
1507
2309
2086
2190
2004
1604
2046
2693
1901
3386
1690
1826
2515
1568
2474
1278
1748
2201
2521
1957
2572
1764
2210
3519
1855
1732
3087
1932
1835
2181
4012
4221
2667
892
1918
1169
2292
1757
2596
2251
2620
2031
3119
1338
2015
2712
2423
2492
1849
2409
2033
2001
1544
1908
2360
2147
1033
1829
3141
2442
1739
2206
1935
1932
2833
2162
1221
2977
2432
1990
2697
2007
1769
2587
2250
1363
1179
3578
1512
3214
2037
2107
2326
1509
2305
3495
1635
2743
3539
1865
2727
2742
1752
1103
1101
2446
2641
1664
2609
2264
2179
1541
3341
2292
1847
2742
2103
1499
1584
2232
2288
2697
2313
1582
2135
2244
1814
1710
2105
2369
2418
4060
3046
2507
1840
1825
2457
2633
2582
2103
2472
2345
2289
2653
3192
2254
3653
1781
2008
3963
2496
1649
3430
1861
4317
2098
2105
2180
2402
1760
1604
1976
2832
2065
1938
2294
2056
3390
1576
2345
1503
2046
22810
1936
2284
1516
2687
2408
2747
1958
2749
1942
1988
2560
1981
2319
2257
1893
1786
3988
2924
2233
2392
2750
1279
2628
1701
1891
2478
2334
2569
2396
2126
1866
1691
2488
2389
2232
1726
1790
2246
2124
1881
1619
2242
2010
2791
4291
2750
2049
2221
4164
2125
1972
2958
3037
1474
2894
2540
1649
2554
2371
1464
2256
1854
1433
2609
3714
2224
2205
1554
1902
3018
2281
1984
1397
2551
2097
1937
4244
2506
2043
2700
1763
3683
2998
1732
1911
2527
3666
3314
2292
2508
3172
1453
3043
2883
1884
3701
1380
1817
2801
1760
2566
2236
2237
1727
2376
2318
1275
2565
3134
2649
1911
2047
3454
2676
1925
1529
1479
1727
2735
2188
2084
2077
1606
2201
2061
2108
1977
2266
1768
1494
1055
1652
2573
2198
2211
2741
1927
2123
1752
2015
1817
2254
1644
1831
2577
1436
2586
944
1883
2598
1958
1690
2200
1834
2074
2175
865
2015
2227
2554
1796
1996
2298
1315
1730
2047
2683
2428
2035
1703
1874
1572
1748
1906
1630
2779
2203
923
1895
1780
1695
2674
1826
2106
3338
2073
2509
3425
1855
2022
2174
2786
1310
2782
3611
1839
1701
2078
2878
2197
2049
2125
1933
2113
1687
1875
2286
1884
1779
2786
1578
1970
2920
1701
5237
1753
1704
2490
1854
1862
1582
1439
2941
1904
1475
1795
3271
823
2056
4284
1775
2279
1618
2505
1963
3418
1815
1823
2455
2040
1875
2662
1471
2829
1834
2012
2275
1744
2431
2114
2579
2304
1944
2284
3628
1510
2315
2824
1901
2521
2050
2054
1858
2149
1491
2073
2463
2082
1832
1693
2508
2990
1966
1259
1801
1993
1943
2590
2333
748
2411
4701
1885
2024
2805
1863
1938
1493
3413
2970
1924
1923
2032
3914
1816
1597
2447
1859
1518
1662
2860
2531
2177
1627
1050
1947
2018
2263
1935
2269
3696
2188
2428
2784
1101
1641
2804
1697
2140
1789
2954
1861
1758
4055
4537
2745
1936
2978
2000
2361
3195
2175
2327
2101
2442
2272
2017
2399
1857
2305
2017
2084
1942
1817
1963
2685
1180
2838
1934
2308
4795
2877
1616
2033
2081
3269
2491
1639
2140
3851
1676
2278
1690
1946
1941
2213
1924
2255
2219
1761
2793
2444
1666
2004
1871
1681
2253
1311
1755
3176
2100
2242
2358
5501
2474
1629
2865
2471
1903
1682
1913
1834
1886
1663
2261
1628
1487
2081
2819
1781
2077
1849
1811
2761
1624
1587
3727
2808
1967
17016
2291
2328
2833
1768
1700
1418
1801
1278
1956
2217
3236
2697
2651
2495
1629
1969
2937
1565
1983
2373
1585
1637
2533
1541
3207
1682
2034
2314
2565
2278
1849
2179
1942
2708
1773
2280
1839
4570
2610
2041
2250
1606
1936
1610
3394
1980
2021
1888
2267
1741
1901
1628
1528
3175
2244
2440
4345
2196
2565
2114
2477
3910
3168
1775
1890
1873
1511
2419
1778
1772
3121
1603
3605
2051
1648
2465
2296
2913
3188
1040
1770
2420
2145
1787
3808
1980
1840
1059
1559
3056
2129
2138
1380
2560
2546
1984
2034
3081
1881
1110
3004
2224
2318
1815
1873
1984
1609
2020
2144
3149
2147
2429
2366
1794
3736
2826
2222
2283
2382
2577
2101
1751
1969
1895
1773
2485
1992
1114
1883
1848
2562
1793
1578
2311
2362
1595
2383
1009
1862
2503
1769
1057
2204
1472
2625
2134
2045
2223
1869
1755
2755
2145
1832
1788
3943
1817
2253
1573
1616
2236
1628
1837
2187
2689
1864
1250
1437
1944
3840
3061
2065
1912
3839
2138
2503
1688
2238
2051
1818
3436
1892
1851
2284
1543
2447
1884
1733
2224
1672
2998
2154
2131
1824
2473
2113
2237
1297
1888
1806
2542
2599
2690
1856
1815
2736
1587
2049
3257
1829
1815
2035
2729
3508
2806
2177
3009
2171
1907
1878
4038
1229
3187
2826
2218
1853
1668
2104
2132
1736
1919
2291
1740
2084
2345
1455
2202
1654
1840
1755
2031
3033
1687
1353
1840
3665
1765
2045
2215
1948
3736
1867
2359
1462
1921
2229
920
1716
1798
1902
1528
1598
21558
2681
5610
1864
2087
2674
1346
1538
1897
1806
3270
2535
1533
1477
2804
2524
3070
1947
2109
2553
1870
12849
2114
2702
2138
2167
2294
2898
2255
1735
2155
1632
1988
2007
1712
1990
1677
1708
2755
3658
2563
2248
2568
2874
2394
3283
2014
3454
1893
1064
2608
1340
2442
4296
1475
2599
3251
2187
22073
2828
2011
5088
1410
1848
2251
1606
1844
2153
1786
1688
1925
2164
2012
4107
1849
1654
1380
1542
2045
1996
2221
1922
1961
1770
2182
2752
2844
2567
1706
2167
3328
1922
2167
1676
1859
1635
2393
1953
1941
3285
1210
2472
1296
2064
2230
2476
2002
2931
1751
2396
2356
2637
2661
1230
2737
1810
2035
1704
1547
1107
1545
1146
2363
4681
1026
1577
2263
1877
3694
2491
2839
2245
1858
2496
1892
1886
3212
2148
1946
3481
2346
2303
4685
1870
2408
2092
1082
2227
3305
1994
1989
2580
2004
2130
2069
2039
2798
1636
5978
2236
2439
2580
1953
2159
2725
2356
2678
2232
1916
1903
2504
1939
1719
1886
2062
2672
1547
1973
1487
1650
2227
2024
2141
1910
1990
2311
1528
2257
1944
1994
2482
1731
2199
2170
2312
2223
2653
2144
1580
1214
2774
5285
1799
1642
2175
2259
2735
3358
1400
2384
2062
1221
1762
1605
2364
2128
1781
1923
1631
2554
3288
1999
1676
1662
2525
1349
1770
1966
2891
1858
1488
1950
1847
2504
2436
1791
2325
1711
2502
3163
2785
1218
2438
1814
1545
1465
3487
3749
2103
3961
1883
2203
2134
2050
3067
1499
1706
3867
1801
1500
1792
1903
1753
2842
1971
2814
2470
1886
1743
2137
1635
2408
1715
1623
1305
2177
1963
2822
2008
1851
1782
1484
2037
1720
1645
2098
1944
2091
2091
2665
1910
1992
1697
1689
2859
1767
1104
2330
1064
1770
1770
1114
1841
1706
1797
612
1786
4223
1819
1699
2601
1888
2083
1718
2244
1985
1394
1964
2474
3602
1405
2681
1596
1546
2604
2374
2073
1366
1990
1850
1330
2839
1604
2694
1952
1965
2393
2871
2812
1770
1666
3414
1586
2316
10976
2945
1743
19323
2074
1656
1485
891
1572
1988
2175
3794
1498
1143
2833
2197
2432
1871
1226
1348
2108
2364
2340
1840
1827
2052
2770
1972
2465
1176
2141
2341
2403
3432
1571
2221
2640
2724
1950
1955
1112
1923
2166
2423
2026
1631
2120
1278
2072
1748
1744
2294
2508
2687
2577
2209
1393
3160
1387
1708
2095
1013
1460
3182
2476
1630
1932
3428
1772
2196
863
1872
1911
2742
2143
1966
3082
2487
2657
3239
2115
1865
3069
1985
2041
1831
1743
1923
2232
2498
1592
2021
1477
2262
1726
1608
2270
1633
2169
1616
2146
1628
1972
995
1889
2189
1399
1945
2878
2622
1279
1948
2306
1440
1676
2624
3994
1946
4992
2865
2025
2083
1614
2430
1880
1917
2089
2447
2250
1937
1941
1944
1884
2768
2031
1993
1993
3301
2374
1505
1767
2052
1610
1659
850
1773
2010
1299
1424
1824
3153
1724
1870
3337
2881
2182
2486
1660
1860
2535
1583
1814
2028
1603
1701
16351
1686
2614
1808
1682
2833
2028
2096
2919
2857
1510
1750
2497
1994
2512
2118
1321
2195
1423
1788
2281
1285
3355
2534
1931
1496
2383
1974
2708
1416
709
2103
1063
1944
1922
3256
1981
2015
1844
2489
1601
1728
2021
2163
2126
2920
2060
1795
1948
2849
1843
2126
1899
3213
1411
1836
2074
2073
2043
3087
1935
2270
2195
1765
1838
2056
1703
1633
2427
2452
1900
1921
3046
2336
2230
1670
1784
1596
1918
2469
1434
2046
2091
1982
2591
1991
1452
2660
2446
2166
2094
1749
2143
2452
1314
2095
3363
1519
2019
2372
1066
2640
2104
2205
1553
2064
1374
3418
2379
1608
4267
1761
1731
2230
1967
36718
1674
1540
3721
1510
1721
2264
1824
2256
2757
2013
1680
1816
2148
1974
2509
2558
1955
1228
2245
2274
2081
2055
2069
2233
2517
2259
1417
2184
206898
2189
1648
2537
2815
2171
2059
2107
2192
1802
2101
3177
2671
1604
3585
2159
2171
2233
1686
2250
2178
1719
1587
2110
2274
1550
1174
1374
2313
2499
1663
2721
1536
1948
3578
1912
2795
2777
2188
1474
2289
2093
2126
2573
3821
1562
1850
2252
1859
1332
2209
1716
2380
1506
3177
1964
1923
3135
1165
2283
3098
2326
1890
2130
2280
1844
2617
2349
1081
2363
2940
2129
1084
2129
1468
3167
1957
1789
1911
1874
3651
1351
2442
4827
1421
1680
2855
1717
1774
2041
1557
1808
2122
2110
2128
1614
3472
2863
1853
3967
2878
2093
2529
1851
2530
1280
2056
1908
5691
2239
1841
1960
1872
1898
2262
1833
1906
2371
1709
2407
1938
1660
2328
2126
1879
2103
2347
1315
2518
1719
2049
2157
2102
2543
2076
3170
1713
2161
2222
1669
1912
1344
14719
1560
2927
1188
2080
1478
1777
2212
1673
1394
2096
1549
1972
2835
1521
1995
1908
2392
2505
1950
2004
2258
1018
2241
2555
2526
2663
2179
2328
1818
1754
2098
1866
1873
1733
2376
3830
2277
3648
2488
1946
1289
1691
1705
4105
1905
2959
3052
1973
2766
1485
2402
2391
2160
1632
5415
2288
2101
2403
1532
1931
3896
1888
2834
1287
1742
2442
1715
3650
2488
1653
1810
1904
4383
2114
3746
1887
1903
4049
1811
2097
2512
1683
10183
2220
1988
2002
2092
1239
2016
2637
2882
2105
1580
3611
996
2001
1396
2857
2152
2529
1839
2231
1697
3830
1107
2531
2092
2525
762
2575
2002
3536
1903
1878
3799
2171
2366
3806
1652
1428
3159
2240
4380
2172
1784
1632
1420
1998
1502
2959
1695
2536
3593
1585
2001
1050
976
4426
2430
2692
1836
1141
2144
1615
1630
2094
1658
3033
2338
1619
2609
2858
1808
3148
2101
2744
1643
2667
2076
1521
1902
1934
2511
2019
2927
2585
1317
4465
1735
1919
3379
2569
1848
2256
2888
2176
2260
3223
2208
2592
2724
2302
2250
2263
1633
1632
2236
3408
2237
2094
1905
3363
2145
2064
2870
1995
4913
1989
2287
2089
2014
2069
1795
1988
1497
3272
1820
2554
2066
941
1576
2631
1952
3143
1464
1916
2220
1823
2126
3020
2792
1818
3990
1718
2136
1686
1467
2329
2821
2413
1851
2287
2144
2841
1427
1784
2589
2442
1676
1918
2111
2021
2402
1738
2661
2159
2037
3336
1360
1205
3055
1645
3264
2362
1476
1795
1932
2013
1014
2405
2328
1794
2054
2614
2465
1656
1998
2394
1815
4341
1158
1823
1916
2904
2096
1854
2229
1959
1882
1909
2095
2341
1919
3225
1555
2783
3643
914
1361
3401
2069
1763
2774
3077
2798
1558
2339
2223
2464
6071
2775
1849
2397
2512
2364
1525
2318
2056
2163
2846
1661
1817
2407
2441
1694
1930
2068
952
2457
1543
2373
2918
1765
2260
1792
2090
2765
3122
2417
1947
2015
1864
1436
1784
1885
1666
2613
1989
1988
1851
1718
2760
2238
2244
1550
2086
2688
1887
2770
2500
1878
1801
2434
2109
2215
1907
1543
2676
1967
1612
2572
2661
1900
1503
2465
1748
2954
3098
2178
6131
2050
1814
2187
2743
2130
1902
17598
2855
2091
1806
1750
1782
1908
1852
2032
2296
2166
2745
2440
2501
1860
3459
2053
1953
2427
4191
2451
2561
1454
1166
3070
1450
3268
2635
1771
1935
2537
2153
1305
2196
2459
1238
1723
1838
2473
1675
1954
2429
1809
2531
2798
2348
1571
1846
3578
1505
1936
2982
2046
1982
3056
1866
2291
1396
1705
2153
2930
2061
1858
2507
2069
1759
1192
1836
2185
2716
2854
1662
1969
1725
1970
2612
2225
2164
1968
1559
2393
1921
2482
2084
2143
2723
13878
1857
1574
2950
1743
1783
2558
2077
2419
2487
2165
2006
2306
1919
1631
2230
3011
1933
1769
1537
2268
2101
2315
2336
2861
2253
1922
3282
1997
2872
1956
1921
2142
1472
2071
2901
2174
1704
3079
1808
1954
3591
3001
1661
2384
2340
3973
2250
2203
2304
1727
2863
2419
2585
1976
2162
2580
2184
3405
2731
1922
3340
1993
2082
2851
2423
2507
2506
2960
1735
2226
2185
2389
1838
2061
2891
1316
2035
3019
2014
2034
2146
2242
2522
4318
1931
1968
1887
2172
2077
2102
1232
2503
2778
1671
2774
1647
2658
2207
2117
3305
3080
3022
2171
2169
1685
1919
2646
2470
1716
2556
1832
2881
3656
3252
2397
1501
2546
1391
16701
2650
1626
1893
2311
1884
2343
2337
1952
2054
2231
1709
2838
2241
1804
1379
2477
3284
1988
1716
2377
2005
1817
1911
1808
2206
2115
1826
2310
2272
1757
1745
1356
1138
2620
2591
1684
2494
2894
2498
2724
2504
1722
2111
956
2605
1951
2651
2104
2240
2152
2272
1568
2414
4540
2486
2234
2680
1975
2024
2266
1565
1759
3369
2192
2311
1893
1665
2278
2951
3409
1141
2334
2089
2003
1985
2091
2871
1780
2255
2280
2126
1576
2122
2944
2417
2395
1674
1957
1758
2021
2284
2203
2343
2216
3042
2422
2982
2945
3535
1923
1807
2148
3251
1588
1744
2123
1717
2620
1936
2449
2633
2378
2111
2607
2146
1951
2618
2992
1572
1868
2546
2513
1991
1482
1124
1658
3517
2273
2036
3806
1439
2297
1920
2776
3331
1738
1873
2893
4261
2421
1935
1692
1285
1551
2128
2430
2418
1811
1810
2640
825
4343
1871
1811
1707
1964
2456
3162
1904
2457
2179
1446
2661
1868
1972
1349
2337
1902
1859
2342
2537
2710
2009
2520
2261
1173
3644
2309
2308
2382
2024
1780
2381
1582
2913
1904
1395
3283
1873
2047
4083
3307
2006
2405
2457
2560
2148
1451
2204
1523
1359
1897
1814
2585
2190
2332
1527
1656
1551
1833
1770
1663
2870
4304
2096
1297
948
2060
2050
2401
1848
2052
2439
1903
4193
4026
1751
1863
1497
3251
2623
1699
1919
3959
1888
1446
2663
1817
1884
3344
1929
1971
2887
1983
2159
2418
3753
1899
2101
1789
1717
1887
1899
1662
1909
2252
2039
1961
2285
1730
1770
1708
2236
3522
1730
1945
1854
1583
2078
1783
2666
1933
2062
1645
1427
2108
4356
2197
1940
1680
1498
2324
1382
2465
5100
2287
2628
3052
1799
893
2959
2383
1885
1931
1820
1767
3134
3150
1508
936
1969
1953
1690
2027
1893
2555
1936
2451
2221
4203
1412
2144
2235
2257
2469
2134
2817
2024
34039
4395
2745
1825
2036
1930
1779
2389
1665
1813
2565
1311
2335
3928
2948
2231
2462
2287
1344
3203
3075
2051
1539
2422
2165
1719
1780
1459
2115
2226
1667
2020
2549
2793
2780
2259
2172
4696
3433
1918
2515
1781
1975
1499
2083
2362
1905
3678
1759
2036
2424
2638
2670
2801
2605
1786
2281
3386
1940
1710
2152
1808
2523
1810
3230
2196
3020
4261
1803
2041
2564
1818
2302
2237
1054
1587
1945
2352
1922
2991
1915
1813
2744
1839
2751
1510
2242
2005
2444
1663
2273
1891
1833
2672
1557
2511
2545
2414
1935
4786
1565
2253
1536
2477
1650
1242
2922
1414
1749
2910
2878
1988
1330
2233
1835
2286
1016
2139
1726
2513
1931
2220
2210
1860
1870
2067
2160
1706
2527
1604
3489
1841
2711
1812
1782
3129
1930
3522
1403
2270
2628
1682
1938
3564
1848
3921
2768
4612
2780
3049
2016
3181
1597
1756
1706
2639
2000
3469
1748
1916
2351
5054
2653
2500
2478
2988
2073
1954
2892
2070
2552
1829
1167
3448
1810
1848
4112
3241
1938
761
2056
2998
3271
3500
2053
2961
2068
3433
2008
2556
2612
1830
1865
2920
2287
2586
1399
1856
1915
3261
1924
1794
1763
1070
2606
1996
1531
2019
2171
2911
2697
1729
1998
3457
2244
2949
2301
2123
1904
1203
1515
1657
2274
4108
2145
2028
1903
2756
2155
2820
2020
2807
2046
2315
4354
1907
2821
2175
2215
2304
3423
2239
1384
2050
728
1619
2366
1848
1377
4151
2236
2375
2558
1856
1807
1858
1835
2786
2470
2332
2087
1907
1991
3796
1963
1355
1995
2195
3487
2406
1799
1850
3115
2137
2617
2061
1882
2741
1713
1457
2931
1603
3147
1993
1711
3754
1527
2119
3107
2585
1985
2970
1564
1882
2291
1553
1794
2474
1580
2996
1150
2069
1149
1726
2116
2495
2757
2397
2903
2473
2181
3440
2208
2867
3117
2073
2354
1651
2629
3229
1710
1812
2332
1629
1601
20572
2588
2313
8066
2077
2253
1895
2267
1288
2247
3449
2761
1781
1756
2817
2873
3698
1972
2693
1859
4046
2551
2184
2461
2739
2089
1302
2062
1974
1734
2335
1660
2286
2489
2035
1808
3002
2344
1546
4204
1869
1936
3253
2384
2861
3748
2238
2101
1640
1276
3666
1424
1656
2978
1785
3465
1716
1107
2855
2019
1707
2397
1930
2902
3954
2227
1804
2058
1297
4133
2019
1781
3283
1961
2511
2891
1957
1843
2458
1908
2141
1434
2635
1924
2535
2234
2548
1925
1995
1755
1817
1281
2016
1885
3766
4523
1650
1490
1853
1923
2419
1756
2218
2622
1906
1874
2409
2555
2293
3079
3703
1196
1777
2070
2138
1735
2636
1894
2126
1125
2096
2816
1445
1927
1662
2490
1692
1518
2364
1769
1871
2085
1817
1800
1795
1584
991
2267
1911
1848
3549
2129
2390
1708
3099
2330
1642
1629
2602
4288
1934
1530
2481
1645
3422
3217
2442
1925
1834
1967
2556
1982
2571
1686
1974
1817
1427
2101
2276
1954
1626
2281
3133
1990
1743
2476
1500
2358
1691
1292
1698
2229
2561
1859
2293
2634
2306
1704
1994
899
3861
807
2221
1779
1757
1446
1628
3001
5143
2292
2220
3694
1969
1800
2408
2423
2375
2280
1869
2776
2440
2437
2088
1634
2549
2726
1898
1575
2056
1592
2138
3351
2232
1597
2439
1634
1963
2714
2169
2762
2542
1902
1911
988
1322
1712
1912
1860
1955
992
2339
3552
2723
3808
1898
4073
2828
1782
2435
2583
2717
2022
3816
1994
2045
1996
1650
2129
2604
1856
2193
2762
1874
2337
1819
2106
2262
2395
1768
3242
1767
3479
1959
1521
4359
2130
2038
1540
2454
1699
1773
2084
1653
2881
2793
1673
2123
1463
3112
2189
2269
2563
2013
1883
2901
2604
1597
1840
1983
2184
3178
2250
1560
2018
2366
1121
3642
2166
2179
2042
921
3799
3334
1989
2347
1883
3132
2028
1713
2692
4754
1856
2565
1429
2776
2383
2418
3477
3397
1674
2902
2687
2488
4396
2133
3919
1948
1803
2235
2708
2532
1748
2346
2069
2828
1560
2851
1723
1930
3353
1829
1971
1831
2346
2524
3165
3080
2162
2338
1923
1037
2369
2561
1062
3586
1910
1471
2226
2114
2414
2533
2790
1599
2335
1884
1612
1142
4240
3423
2548
1609
2704
2280
1163
2720
2109
1566
1758
4683
2645
2153
2257
2216
2157
1513
2226
2075
1825
1931
2082
2407
2826
1530
2377
1934
2243
2604
2677
1836
1875
2154
2168
2170
2420
2545
2017
2225
3435
2644
2507
2726
1876
2098
2791
1916
2128
2799
2002
1800
1959
2639
10704
2940
1226
1893
2151
1324
4011
2329
2670
3121
1827
2344
2398
1855
1378
2371
3262
3049
853
1622
2434
2100
2309
2322
1405
1259
2945
2478
2177
2378
2617
1807
1827
2532
2894
2128
2868
3063
2464
1995
926
6781
802
1895
2075
1843
2034
1838
3293
2605
3807
2093
1769
3107
1107
3047
2294
1813
2351
2022
3738
3320
1872
3545
1783
3121
2838
1825
3425
2211
1501
2139
2899
2140
4055
1977
2193
3165
1635
1808
2401
2912
2235
1494
1423
1596
2429
2325
2878
2399
3270
1720
2178
1720
2192
1847
1993
2370
2169
2797
2323
2156
2484
3215
1556
2863
2126
1946
2632
1980
3079
2438
2744
3113
2825
2506
2286
2223
1790
1989
1770
2625
1737
1051
1885
1637
2597
3704
2975
1529
3870
2198
2316
2787
1634
1923
1712
2399
1499
2716
3564
4084
1528
2346
3879
1918
1673
2396
1835
1742
2102
2698
2513
2400
11967
1239
1927
3928
2591
1412
2059
1605
3028
2398
2610
1877
3186
3987
2426
2263
3235
3400
1654
4126
2250
1854
2029
2612
2503
1717
2469
1939
3086
2133
1874
2500
2007
1919
1878
1781
2199
1771
1840
1976
1479
2294
3332
4662
1057
1370
4095
2418
1851
1931
1562
1737
3194
3023
3039
2614
2375
2307
2700
2206
3382
1235
3823
3885
2031
2163
2981
2459
1750
2341
4309
2235
2282
2658
1751
3104
2281
2494
3252
1854
4285
2411
1902
2150
2460
2397
2020
2408
1588
4151
2048
1827
2234
5209
2224
1047
2743
2428
3013
1687
2506
2387
2731
1968
1163
2460
3401
2145
1392
2802
2190
1497
2357
2716
1903
3452
2220
17528
2010
1572
2776
1553
1816
5020
3111
1838
2881
2073
1622
2512
2339
2051
1996
2410
4107
2415
1952
1695
2695
2855
1884
1876
2310
2546
2744
1564
2171
4148
1744
3234
2872
2056
1992
2515
3445
2470
4521
1770
1883
1918
1677
2137
1910
1755
2059
2413
2668
1116
3234
1667
1882
1652
1941
1805
2485
3396
2916
2355
2662
3897
1839
2533
2798
2117
1987
2600
1868
1904
1752
1959
2678
897
2217
2947
1218
2404
2233
1867
3357
2197
3291
1187
2041
1906
3694
2413
2430
1761
1124
1864
1028
2034
1648
2629
2560
2423
1902
1733
2720
1936
2312
1829
2122
2674
2978
2634
1528
2553
1710
2022
3225
2071
2992
1646
1925
3182
1554
1775
2787
1740
4280
1044
1962
2552
1634
2546
3918
2577
1761
2167
1757
2453
1700
2266
2213
1873
2808
2441
1766
1747
2969
1631
3119
2204
1072
2132
1501
1899
2165
1600
1900
1755
2590
2299
3538
2322
1038
3182
1811
1674
2539
2003
1891
2045
2705
2144
2456
1462
1601
2259
1876
2132
1461
2397
2389
2694
1985
2340
1624
2808
2708
2607
1591
1173
2863
4215
15445
1759
1470
2464
1133
2092
2370
3049
1495
3033
658
2107
4191
1296
2498
2058
2233
1990
1264
1675
2038
1939
2246
2211
3485
1033
4019
2660
3155
1040
1385
2150
2282
1866
2014
2318
2135
1848
889
2317
3516
1796
1445
2112
2180
3248
2178
882
1398
2217
1496
2292
2690
2687
2212
3569
1404
1925
2875
2322
1015
1468
2191
3097
3402
1290
1761
1685
2119
2521
1774
1895
4013
2842
1857
2914
1940
1663
3133
1966
1504
2448
1923
1712
1574
2319
1843
3569
2297
1927
1136
2061
3919
2195
1764
1698
1922
4267
2861
1892
2427
2612
2314
2311
3895
1610
2601
1762
2230
3425
1459
2571
2014
2093
1886
2362
1683
2683
2116
2479
3206
2229
2132
1877
3193
2670
2326
2299
2162
1918
3053
2534
2528
2920
1920
2116
4368
2013
1550
2956
2968
2187
2204
2003
2013
2184
2621
2002
2208
4587
2907
2330
1919
2429
2057
2503
2681
3061
1872
2611
1471
2066
2512
1713
2468
3131
2400
2789
2765
1506
2276
2143
1673
3247
1916
1435
2913
2086
3238
1863
1632
3270
2004
1948
1883
2028
2551
1711
13275
2090
1676
1846
2398
1852
3948
2210
2112
3051
3137
1834
2816
2324
2651
2276
4136
3611
2019
1701
5336
2141
2372
2430
1568
3108
3381
1597
1926
4143
2116
1827
3623
1815
2106
3281
2407
2016
1058
1918
2808
1204
1225
1781
1726
2022
3780
1966
2137
1824
2745
2005
1874
2204
2424
2337
1902
2148
3541
1743
1810
3368
2063
1605
2724
2245
1669
3106
3054
2200
2107
2457
1962
2947
1738
2196
3754
2365
2368
2018
1747
2584
2539
1945
2976
2652
1973
2254
1695
2080
1948
2467
3349
1874
1623
2466
3326
2688
1913
2235
4601
1285
2351
2775
2527
1933
1998
1428
2383
4673
3055
1508
2773
2546
4770
2424
2000
2485
1636
2121
1723
1483
2750
2136
2613
2543
1719
1852
2599
2229
1636
2606
1588
4109
1348
4723
2283
2427
2436
2727
2035
1668
3380
1982
2180
2723
2408
2041
2495
1814
1803
2085
2356
2044
1118
3860
1583
1793
3148
3035
2215
3644
1843
2039
1803
1623
1850
3515
2616
2029
1926
13218
1083
1779
2484
1918
3214
1582
1538
1985
2752
1923
2475
1589
1979
1644
1944
2699
1634
1640
2302
4119
2074
2333
3679
956
2954
2068
2065
2306
2081
4124
1678
2557
2000
2157
5613
2777
3151
2700
1926
1606
3329
1862
1838
2429
1940
3233
1811
1849
2952
2128
1962
2566
2039
1374
3659
1623
2046
2901
2083
4033
2438
1977
1970
3153
2027
2849
2238
2227
1782
2843
1778
4364
2414
1865
2276
2107
1201
3058
1788
5131
2087
1898
2066
1906
2049
2444
3133
1855
2634
2131
2544
1895
2280
2388
2978
2562
1748
1970
1732
3695
1735
2979
1561
2570
2052
1806
1611
2521
1432
2161
1878
2999
2667
3695
1940
2504
2260
2059
1956
2342
2753
2315
2682
1493
3298
2391
2342
2323
1871
2291
2739
2628
3515
2895
1318
3836
2451
1924
1822
2120
1571
2801
2107
2507
1816
1499
2133
2462
2604
1423
2363
1805
2173
2001
2593
2175
1599
3104
2627
1328
3191
2768
1672
2589
2344
2103
2759
1523
2435
3417
2136
1757
1417
2117
2502
1383
2036
2503
2291
2083
1674
1953
1960
1542
3352
1958
1899
2010
3485
2286
1937
3040
2045
2211
2924
1865
1417
2029
2252
2508
2004
2079
4293
2138
2328
2212
2577
2058
2478
2048
2195
2428
1914
3403
2349
2573
2297
2345
2543
1227
2457
2049
1217
2140
2447
2085
2659
2363
2535
1620
1900
3140
1720
2620
1952
2175
1721
1930
4459
2032
1979
2675
2394
1111
1924
1592
4206
1476
1605
2409
2279
2668
2266
2097
2385
2030
2807
3981
2773
2196
1634
2216
1989
2354
1966
2319
32922
2102
2520
2510
1729
3952
3521
1171
2914
1632
2323
2260
1064
3164
3000
1884
2451
2185
2122
2260
4090
1713
3918
2155
2351
2152
3070
2109
2993
2636
4150
1913
4714
2245
2294
2370
1899
2329
2914
3638
2005
2262
2029
3369
1585
3988
3917
2421
987
2593
2414
3553
1224
2193
1569
1444
1963
2642
3096
1876
2174
1692
3258
2161
2829
1848
2737
1952
3135
3246
2587
974
2979
2435
2817
2936
3358
1807
2877
2165
3218
1995
2477
1777
3017
3371
2566
2140
2358
2570
2632
1566
1778
2448
2268
1848
1571
2659
2241
1274
1178
3885
2356
2029
2408
2185
2041
2200
12108
8971
1857
3109
2747
2045
2278
1291
2021
2957
2066
2101
2254
2078
2493
3207
1922
3080
2085
2082
2410
1149
1935
1726
2661
2191
2019
1574
1955
2363
2262
2607
2577
2108
861
3619
3078
1797
1684
1664
2202
1682
1963
2108
1593
1173
2021
2722
2639
2770
2125
1921
1650
3007
2442
2119
1760
2266
2936
2087
2142
3935
1824
2084
2333
1678
1835
1199
2072
2392
2393
1882
2577
1977
1252
2492
1920
5581
2641
1789
2511
2382
1955
1563
3260
1806
3222
2321
2037
3364
1700
2364
3098
3187
3027
1068
1580
1255
2413
2324
1755
2110
2722
2336
1106
3322
2319
1983
2607
2099
12606
2178
2340
2588
2184
2377
1970
2068
1811
2148
1643
2698
1985
1740
1171
3025
2305
1726
2819
1229
3050
2342
1928
2016
1451
3132
64640
2283
1755
3138
3682
1983
2791
2143
4365
2428
2137
2114
2307
1978
2663
2787
1303
1887
1513
2456
2416
2267
1722
2911
3179
2784
1835
2046
1832
2056
2653
1348
2197
2956
3142
2161
2014
1820
1884
2399
2054
2288
2982
2013
2999
3149
18544
3032
1068
1172
3134
1483
3521
1126
2517
3478
2073
1445
4404
1330
2431
3679
2693
3175
1879
2603
1894
1934
1644
2362
1952
2604
2699
2020
1625
1609
1605
2145
1518
2865
3158
1372
1818
2933
2510
2479
1750
1884
1598
1933
1081
3503
1957
1635
1748
1806
1867
1756
2056
2283
1974
2467
1695
3055
2532
2040
1306
2686
2022
2769
1897
2398
3250
2263
2300
4196
2033
2408
2338
1813
2785
2156
2398
1804
2063
3685
1975
2272
2047
1554
2077
2071
1839
1939
3354
1900
1929
1549
2196
1161
2252
1495
2026
2001
2036
2275
2612
1999
1671
2660
1568
2003
1604
1809
3688
2039
2213
3623
32580
2109
3075
1762
1449
2532
2156
2477
2152
1639
3166
1812
2059
2597
1938
1667
2025
3475
1630
1789
2158
2318
2410
2212
3432
2202
2443
2075
1662
2137
2133
2007
2880
2172
2921
1332
2133
2336
2135
1396
2441
1760
1627
2278
1404
1936
3301
2752
2151
3167
1737
1904
2185
2713
1742
2153
2135
2210
1771
2113
1070
2266
2273
2075
2045
1583
2011
2380
1777
2970
1547
2144
2231
2648
1976
2369
1604
1183
1686
2250
2386
1894
1775
3517
2104
1284
2947
1477
1888
2265
1613
4238
2974
2293
2033
2634
1904
3294
2457
1910
2680
2293
2805
2362
2604
3358
1244
3024
2758
2251
2090
2831
2899
2314
3124
4073
2361
1887
1561
1763
2266
1755
2193
3159
2916
2108
2159
1961
4825
2133
2161
2368
1958
3314
2303
1192
1512
3114
2433
2829
1958
1940
1645
1808
1674
1139
1751
2160
3647
2846
3102
1988
3953
2489
1777
2305
1805
2161
2136
1813
2460
1900
2325
1864
3421
1931
2517
2623
2551
2183
1769
3290
2896
1980
3654
2434
2018
2533
2437
2047
2434
2090
4325
1982
1093
2241
3834
2448
1669
1797
1832
2217
3400
3152
2140
2906
2480
1933
3597
1150
2066
1369
3019
2114
2333
2418
2646
1880
1185
3294
2171
1494
1729
1810
2118
3160
1643
2199
2320
1457
996
2039
1391
3404
3540
1982
2106
2642
1973
3101
1848
1574
3365
1904
2119
2076
1625
3921
1983
1632
2004
1639
1985
2682
1730
4192
2883
2452
2269
1898
2180
1000
2659
2270
3778
1839
3288
2996
2462
3918
3264
4400
2331
2074
2859
1718
2810
2427
1915
2244
1272
1695
1575
1886
2297
1937
2087
1969
4083
1839
3312
2177
2070
2083
3409
2205
3221
1476
2173
4258
2635
1939
2085
2426
2182
3157
1704
2020
3910
2010
1846
2720
1795
1788
1815
1164
1692
2277
1998
2667
1185
2305
2632
2407
1585
2630
2071
2287
1835
2288
1507
3104
4026
2120
1879
2316
3368
3204
2077
2459
1598
1875
2178
1678
2636
2254
1714
1523
2296
2581
2537
2084
1185
896
2430
1868
1585
1437
1785
1836
1973
2147
878
1729
1189
21795
2204
1665
1053
1923
2514
2043
1164
1926
2084
3245
1900
2072
3211
2054
1713
1124
2105
2168
2614
2785
1727
3059
1914
2121
2081
2196
1998
2032
1821
2258
1733
1630
3372
2187
2435
2405
2250
2638
4537
3217
2715
2414
1561
2097
2011
3102
2166
2279
3346
2156
1783
2048
2411
1867
2127
1057
1851
1854
5891
2120
2298
2187
1859
1530
1713
3146
1968
2415
3076
2368
1949
2171
3557
2150
3402
2335
2207
2117
1031
1971
2109
1650
1868
1470
1054
2025
1703
2343
1841
3102
1922
5475
1931
1847
3320
2350
1959
4074
2215
1810
1956
1925
2220
2220
1931
1963
1884
2224
3508
2376
2119
1651
3299
1870
2447
1341
2020
1056
1791
2934
1756
2835
2159
2183
2124
2928
1324
1423
2405
2710
2193
1355
2337
2023
1780
2571
2559
1768
2178
2202
2229
4259
2021
1850
1711
1648
2254
1936
2816
2358
2209
2522
3303
2264
1189
2499
2194
1080
1951
1966
4404
2153
2736
1419
1821
3090
2070
2342
2569
1621
1825
2177
2290
2223
1572
3091
2373
2010
1821
1838
3735
3325
2172
1857
2003
1330
1859
2308
647
1484
2427
1579
1697
1604
2689
1559
2112
1889
2000
2690
1531
2264
1603
2293
2132
1121
2308
1976
1794
2156
2127
2036
2541
1552
3232
3753
1806
1891
2067
2106
3906
4112
2083
2009
1879
1994
1759
2061
2278
2598
2473
3178
2515
1944
3927
1807
3404
777
1432
2335
2076
1949
2344
2558
2263
1750
1755
3189
1794
1814
2881
1956
1960
2018
2307
1615
1934
2444
2348
2606
2270
2471
1915
1893
3251
1782
1562
2299
1867
1613
1951
1863
1916
2739
1730
2444
1574
3280
2047
1842
2036
2069
3224
2618
2553
1658
2259
2175
1927
2301
1909
1773
1808
2269
3091
2267
2367
1883
1544
2880
2063
2013
2750
13785
1934
2091
2102
2071
2245
2000
2948
2029
1746
2278
2104
3088
2363
1591
2695
2140
2221
2816
1570
2436
2138
2212
2594
3227
1580
2460
2215
1498
1983
2040
2530
1903
2724
1853
1739
1754
1770
1706
2091
4845
1657
1841
2011
915
2688
1963
2093
2104
1981
2946
1872
2839
4897
1663
2052
2385
1957
1802
2792
1902
1981
3163
1692
2380
2168
2107
2329
2270
2215
2114
4177
1946
2106
2252
1412
2343
1449
2105
4179
2256
1913
2392
1614
1417
1866
2239
2206
2027
2674
3291
1923
1845
1793
2432
2391
2719
2611
1563
2087
1669
3285
2369
3905
1785
1877
2536
2057
3269
2114
2372
1964
2733
2730
3264
2497
2176
2937
2200
1768
1926
2163
1934
1624
2718
2573
2054
2232
2131
2705
1739
1824
2200
1656
2919
1663
2225
1395
1332
1874
2175
1255
2521
1801
2391
2782
2385
2765
3312
1061
2089
2422
2141
3421
2641
2040
2596
1710
1607
1523
2011
1288
1552
1943
2173
2044
1124
7172
1923
2699
2395
1663
2033
1949
2456
2029
2217
3213
3308
2640
2192
2166
2090
2247
2251
2001
2158
1760
2419
2578
1928
1846
2091
1456
2242
3206
1179
2138
3994
1849
3375
3477
1705
2501
1948
2640
2012
2009
2346
2384
1695
4583
2448
1815
2745
1499
1995
2163
3061
2051
1941
2223
2581
3282
2818
3408
2054
1870
2760
2999
1956
2109
2069
2074
1896
2469
2683
4037
2201
2264
1789
1684
1971
2200
2630
3251
1109
1951
2571
1597
1967
1269
2681
2102
2129
1641
2364
1978
2186
1972
3151
3070
1710
1064
1993
3758
1501
2024
2734
2380
2653
2174
2136
1719
3407
1815
2327
4638
3020
3080
1992
1850
2050
3234
2678
2820
2909
2924
1359
1580
1760
1650
3053
2540
2910
3378
1903
2153
1643
1824
2167
2678
1493
848
2552
1767
1351
1935
1711
2008
1900
2486
2912
2062
3826
1240
2564
2227
1636
2316
1848
1821
2345
2501
2164
1833
2892
1901
2484
2651
2182
2842
1979
2502
2244
2440
2442
1799
1343
3215
3796
2073
2051
2660
2223
1611
1664
2169
1427
2490
1967
2097
1770
1942
2732
1359
2300
1728
1783
1845
3068
1576
1983
2734
1882
1047
2057
2546
2364
2129
1879
2083
2404
1313
1764
1955
2688
1952
3803
2004
3410
1977
1676
2284
2359
1826
2543
2106
2793
1948
2009
1842
2466
2514
1806
2432
2172
1611
1499
3345
3107
2092
1895
2350
1997
2254
2125
1845
1846
1779
2473
3090
2703
1826
2140
1956
1619
1991
1843
1585
2639
2339
1999
2411
2325
1960
1602
2603
3198
1838
2875
1980
1944
2508
3319
2008
1778
2053
1674
1997
2545
1831
2577
4038
3458
2015
2133
3070
2494
2600
2640
2116
2425
2403
1451
3037
2444
1592
4083
2344
1532
2943
1711
1917
3732
1659
3960
2490
2287
2296
3822
2804
2261
2434
1792
1907
2143
2389
1397
3392
2492
1864
1473
2935
3672
1702
2131
2228
2085
2550
4014
1997
2001
4372
2288
2288
2973
2369
2278
1666
2781
2927
2294
3813
3065
2341
2131
2939
2977
2865
3083
3440
4528
4531
2400
2506
3230
1759
1794
3719
2655
2330
3005
1014
1742
2328
2379
1959
2351
1947
1619
2044
3153
3366
1935
2003
3656
2334
2283
1321
2051
2417
2430
2424
2698
1964
4205
1801
2012
1710
2336
1823
2747
1842
1698
1823
3363
1937
1540
1326
1846
1543
2740
1562
2386
1964
2260
2425
2511
2206
2335
2555
1935
3570
1773
1965
2925
2820
1788
1886
1440
2499
2632
1907
2314
2115
2185
2448
1963
1819
1192
3024
2503
1788
2103
1794
1900
2288
4382
2066
2619
2552
1768
1986
2404
2974
2044
2302
3081
2208
3405
1858
3329
3037
2650
2257
1692
2506
2010
1429
1753
2662
3067
2057
1498
2354
2207
1693
1951
2088
1792
1443
2325
1498
2719
2192
1579
2983
1960
1099
2494
2572
1933
1755
2994
2027
2134
1889
2039
2416
2294
2865
1604
2848
2115
1465
2675
3029
2527
2312
2163
2091
2822
2759
2981
1738
2671
2034
1772
2664
2200
3381
2349
2821
1854
2539
2447
2881
2305
1523
2310
2087
1952
2025
2081
1808
2101
3020
2177
2195
3893
1917
1919
1383
2340
2021
2316
2417
1767
2195
2803
1965
2382
2612
3314
1522
1476
2249
1771
2134
2402
931
3150
2080
1862
3698
2127
5906
2029
1473
1725
1722
1933
2340
4221
1564
2398
2797
1708
2210
2771
1927
1167
2807
783
1888
2362
1806
4276
2254
3915
4180
1795
2564
1789
2012
1464
2041
1820
2575
1764
2694
3506
1654
1686
1272
2286
2619
2116
1792
2216
2328
3020
1655
1809
1923
2249
3390
2349
1973
3381
2127
1908
5254
2071
2192
2059
2283
3050
2649
3478
3783
2682
1759
1236
1512
1275
2132
3122
3019
1826
2067
3289
4045
2239
1797
1179
1448
2430
2204
2589
8866
3472
3120
2490
1773
2699
2260
1707
2045
1770
1915
1291
2913
1746
4908
1343
2059
2273
1950
942
2929
2005
1211
2069
1654
2179
1911
2879
1902
1928
1305
2156
1729
1817
11621
2669
1693
2323
1968
1167
1746
3840
740
1922
4392
1676
1706
2103
1699
2161
2017
1982
1998
2478
2154
3451
2400
4841
2239
2272
2313
2223
2046
2338
2309
1945
1980
2256
1977
2791
1754
2064
2735
3395
2110
2617
2263
2251
2613
2674
2583
1698
2923
2490
2731
2943
1386
1194
1951
1786
1781
2196
2070
3502
1712
3192
1269
1882
4097
1999
2154
2752
2001
2256
3041
3171
2104
2447
1871
2526
3334
1860
2125
3071
1615
2230
1812
2756
1776
2248
1963
2280
2046
2317
3246
1824
2737
1455
1806
2318
1892
2739
3082
3269
2572
2429
4323
2445
2111
1045
2024
1670
2012
1257
2621
2664
1735
3397
2931
1342
2025
2608
2197
2490
1831
2929
2229
2115
1779
1725
1636
1931
1717
2430
3374
1822
2160
3859
1854
1980
2601
2631
2416
3013
1742
4074
2774
1928
1933
3438
2007
1458
2452
1626
2203
1794
2495
2676
2262
1972
3050
2037
1729
2468
1976
4552
2099
2154
2248
1920
1807
1734
1976
1996
2376
2255
1899
1874
1795
1198
1807
1830
3838
3119
2496
2348
2389
1291
2507
1954
2951
2416
1783
2246
2169
2431
2196
1933
2080
2366
2612
3214
2149
1891
1569
2473
3191
3188
2909
976
1713
1706
2006
2033
1923
1889
1963
2064
1775
1915
2710
4093
1886
3020
4092
1776
1323
3974
1962
2424
2288
10656
1679
2561
1962
1994
1871
1998
2983
3156
2295
1528
2907
3898
1882
2575
1863
2244
2096
1767
1836
1684
2186
1479
2633
3034
2228
2080
2219
2694
1925
1904
1393
2114
1927
2638
1422
1902
1753
2096
2931
2094
2236
1589
2028
1712
2996
2559
1620
2086
1404
2120
1686
2117
2904
1521
2206
2639
2304
2223
1885
1384
2785
3050
3203
1939
2033
2254
2010
1931
2720
2017
4279
1716
2134
2066
1988
2729
2773
4382
1866
3826
2101
1592
2068
1882
1677
2053
4814
3171
1636
1841
1777
2129
1839
1800
1186
3986
2936
3031
1987
1686
1835
2007
3383
1353
3076
2191
1665
2752
2017
2900
1810
1523
1724
2102
2030
1915
2138
2248
2153
2261
2310
1539
1070
1979
2146
1627
3171
2363
3013
3028
2264
1934
2357
2012
1869
2453
1802
3198
1860
3019
1067
1809
2226
1142
1899
3211
2454
1933
1916
2519
2313
2857
2959
1842
2445
1825
2504
4609
1620
3386
1983
986
2424
1633
2224
1803
2232
4320
3402
2789
1878
2271
3059
3259
1897
2945
2283
2373
1936
3490
2739
2280
1984
3756
1958
1754
2278
2600
2895
1933
1208
708
1901
1952
2590
2171
1427
2583
3473
3855
2079
1851
2046
2258
2769
2765
1808
1775
1889
1143
3011
2868
2149
2179
3491
1115
2684
1950
2637
2384
1906
3184
1977
4496
2044
1897
2404
3157
2094
2030
2973
2322
4208
1688
2385
3474
1783
972
2597
1249
2634
2243
2218
3750
1715
4143
1669
3028
2839
2709
2103
1965
2210
1878
1680
2037
4200
3539
4370
1913
3430
1939
2436
969
2917
2453
2841
1666
2855
3359
2385
1324
1868
1562
2293
2092
2258
2078
1708
2559
1783
2088
1352
4029
3200
1825
2792
2636
1463
2722
2723
2206
2228
2248
1733
1901
2057
1450
2439
2178
2509
1051
2686
2782
1628
2162
1551
2081
2608
2747
2267
2045
2601
2299
2470
3106
3350
1768
4792
2033
3459
2397
1788
2245
2348
2047
3649
1452
2280
1747
2251
1762
3255
2819
2493
2173
1792
1840
1722
2210
1738
3719
2501
2164
3522
1314
4255
2014
2672
2671
1870
1960
1639
1511
2090
3000
1388
2373
2352
1706
2387
1839
1781
2381
3954
1807
1543
6090
1613
2910
2428
1723
3315
1814
2050
1990
2023
2305
2295
1555
2540
1404
1721
1566
2280
3336
4516
1800
2854
2598
2028
2275
2412
1725
2430
2347
2829
1991
1627
1067
1920
2593
2804
1727
2560
2093
1768
1888
2081
3538
2375
1943
2375
2197
698
1883
2136
2184
1887
1824
2177
2191
2479
1791
2665
2179
3171
1320
1635
1991
2485
1969
1238
2886
1983
3564
2001
2240
2233
1864
3450
1858
2032
2658
1509
2186
43957
1651
1744
1916
3284
3173
1337
1980
1989
1917
3099
1929
2983
2718
1827
2151
2067
1812
2554
2625
1141
2315
1905
1488
1992
2244
2431
1964
1730
1865
2085
2338
1970
3240
1837
3409
1453
2078
1626
2108
2938
2258
2122
2500
2186
1725
1964
1423
2055
3435
2536
1584
2649
1347
1279
2092
2117
2117
2359
2164
2457
2539
1232
2809
1797
1506
2600
2131
3364
3390
1460
4012
1517
2086
3207
3165
1329
2042
3082
3503
1776
2188
2260
1532
1608
2343
4008
1897
1287
3943
2388
1829
2191
2556
1338
1209
2087
2158
2181
2379
2161
1021
2557
2073
1687
2190
1918
2928
1867
2137
2212
2161
1664
2550
1771
1995
2393
1945
1888
2141
1547
2464
1230
2046
1519
1721
1564
1863
1801
1786
2968
2269
2076
2185
2939
2976
2284
1796
2659
2572
2109
1880
1880
2588
2064
1917
1456
4093
2147
4180
2091
2116
1515
2540
2102
2370
1880
2015
1825
1986
2087
2046
2141
2997
2299
2221
2991
1991
3431
2053
2242
1990
2564
3345
953
2383
2360
1408
1963
2374
1886
1835
1495
2066
2192
2430
1870
1948
3566
2469
3883
2302
2643
2066
1596
2261
2080
1390
1867
2471
2013
2920
2009
1666
2653
2945
3749
1590
2250
2236
2766
2018
3082
2069
2102
1958
1866
2054
1731
1975
3491
2526
1975
2416
1614
1745
2398
2788
2076
1931
1131
2326
1866
1836
3172
2456
1283
2134
1692
3226
2363
2093
2762
2096
1560
3373
2076
2455
3160
2440
1992
2133
2331
1961
1756
2323
2917
2249
3091
1796
1564
3371
3063
1651
3553
2029
2295
1888
1884
2033
3779
1619
2908
3160
1872
1834
1963
3040
2046
1905
2256
2326
2693
2617
1848
2029
2300
1934
1857
1152
1886
3401
3257
2099
1999
1739
1895
2353
1696
1947
1908
1872
1687
2669
1937
2564
2427
2020
2379
2652
2239
2885
1910
1525
2902
2118
1121
2076
1510
1791
1676
2652
1920
3723
2734
1998
2260
2129
2339
2326
3803
1787
1585
3369
2115
891
1591
1504
1256
1443
1917
2125
1849
2921
2062
2096
1963
3102
2293
4291
2201
3258
1677
2749
2406
2731
2083
3418
1691
3166
2937
6983
2268
2102
1739
2675
2211
1700
3775
2247
1454
2893
764
3769
1880
1866
2006
2085
2407
1968
4195
2120
1898
983
1607
2427
2883
2191
3753
2247
2931
1819
2126
2977
2070
1491
1736
1811
3805
2105
2082
3210
1869
2012
1467
2030
1860
3203
2237
3838
3133
1612
2333
1950
2137
1047
2291
2663
3087
2657
2096
2482
3067
2002
2171
2064
1921
1713
981
1989
4102
2917
3211
3058
1040
2241
3700
2437
2317
2323
2340
4187
2424
1930
2572
1939
1059
2357
1786
2510
2958
2531
1849
3351
1875
3761
1221
1879
1838
2985
2048
3411
1823
3644
2229
1044
2764
1469
1937
2665
1783
3181
2175
2163
5895
1464
1687
981
1727
4322
2153
3892
2639
2026
3060
2040
2139
2409
2780
2507
2417
1878
3411
2045
1712
2508
2355
1649
3268
2471
2034
1721
2624
2662
2252
2174
1490
1929
2533
1808
1928
2010
2929
2345
3882
2994
2220
3357
2701
2347
3413
1602
2048
2026
2728
1997
2798
1486
1820
1619
2314
2823
3604
2159
2126
1964
2339
3053
2688
2780
1905
1958
2095
1845
1666
3036
1937
2454
4042
1855
1921
1822
2460
1938
3765
33742
1380
1987
2135
2224
2140
2790
3122
2041
2233
3494
1709
3292
585
2023
2008
1839
2278
2456
1739
2175
1942
1610
2049
1429
1047
1741
1994
2097
1912
2143
1714
1711
2352
2486
3775
1918
2616
1887
1939
2102
2214
1098
1801
1663
3096
1636
1958
2188
2042
2428
2316
2357
3118
1800
2125
2279
1904
1647
2944
4410
1625
1729
3343
2266
2152
2635
2177
2183
2695
2179
2426
2387
2513
1570
1694
2329
2070
2076
2864
1700
1471
1877
2419
2235
2285
1799
2732
2253
2391
2081
2563
1551
3570
1835
1467
1742
2604
2133
1797
1749
1870
2022
2996
2114
3560
2474
2985
3305
2351
1682
1335
3107
2361
2165
3438
2652
1176
2744
2335
1810
1949
2880
3186
1881
2270
2310
2010
3580
1576
1046
4462
1827
1643
3044
1821
1617
2258
2748
1908
2946
2051
1925
1745
2540
2734
2701
2801
3497
1842
2533
1530
1844
2612
2174
2413
1672
2142
2354
2742
2267
2482
5156
2428
1473
2998
10660
1694
2303
1902
2157
2685
1459
3419
2520
1920
2026
2504
3459
2363
2182
3663
2100
1330
715
2030
2280
2356
2347
3353
2237
3096
1876
1582
1650
1808
4029
2568
1956
2930
2130
3802
2914
3868
1358
2676
2917
2225
2779
1600
2152
1836
2463
1950
2070
1922
1696
2570
2867
1837
2479
2528
1761
2890
2527
2045
2857
2336
3366
1490
1493
1747
728
1876
4196
2253
1467
1860
2174
2719
3502
1698
2152
2265
1399
1190
2002
2523
3796
1966
2226
1855
1850
2413
1582
2021
2760
2097
2452
1895
3142
2046
2723
1748
1545
2060
1731
1928
924
2375
1641
2056
2508
2080
2509
2257
2013
2762
2260
3756
1965
2157
2286
2791
3455
1833
3900
2102
1742
3108
2112
2073
2219
2657
2134
2010
2374
1931
1990
1990
2879
2788
1701
1925
1456
1719
1669
1177
1266
1187
2377
2083
1882
2243
2499
1969
2718
2010
3039
2665
1994
2137
1779
1360
1967
1499
2070
3791
1901
895
2532
2563
2106
2165
3613
2498
3628
2902
1788
1873
2058
3320
2098
1714
1756
1797
2684
2131
4118
3047
1327
1780
1764
3232
1454
1472
2122
1874
1356
2012
4899
988
2953
2688
3115
3182
1808
2082
2234
2061
2725
1724
3510
1987
2024
2530
3678
2038
4530
1961
2055
1222
2485
2773
1412
2030
2799
4653
2508
2636
1996
2491
2158
2287
1468
2425
2052
2526
3787
2010
2729
1699
2084
1426
2243
2043
3376
2276
1860
2569
2766
2289
2223
1640
2701
2678
1593
1484
4253
2128
2794
1872
2916
2236
2503
1747
1794
1869
1953
1888
3366
2592
1815
2100
3135
2060
2144
2026
3114
1536
1835
3456
1936
1805
1801
1859
1995
2575
2007
1746
1127
2370
1916
1920
2071
1728
1901
855
1635
1467
1518
6408
1687
2739
2050
1597
2818
1318
1927
2020
3725
2179
2346
3871
1934
1989
2293
1708
1884
3020
1818
1822
1874
1845
3120
1916
1905
1713
1901
3794
1491
1273
4466
3021
2494
3364
1788
2105
4383
1861
1800
2073
2295
2162
1880
1931
1907
906
2499
2074
2722
2097
1659
2099
2247
1296
2647
2531
1375
1937
1654
2462
2815
2192
1845
2384
2342
1490
2149
1979
2364
2139
2132
2034
3092
2517
1453
1563
1952
2077
2164
1919
2111
1746
3574
1267
1681
6686
2869
2467
2295
2785
2670
3111
2747
1982
2155
3377
3460
2091
1817
2019
3116
1795
2317
2193
2050
1095
1670
2211
2084
5035
2198
2308
2700
2713
3191
1325
2931
3278
1839
2474
2096
3294
1822
3147
2496
2355
1773
2960
2649
2539
3304
2133
1683
1574
2596
2373
2210
1799
3161
1978
2345
1895
1527
2129
3114
1852
2269
1946
1769
1608
2956
1443
3390
2910
1563
2874
2141
1666
2256
2253
2740
1528
1963
2033
1869
1581
2373
1775
1974
1742
2377
1527
1875
1643
2497
2503
1881
1071
2406
1404
3622
1957
2503
2999
1862
4728
2107
3072
2016
1189
1735
2393
1509
2057
2643
2016
1964
1711
1941
2108
3410
3946
3364
1639
1318
1859
2110
1531
2497
1867
1656
2341
2254
3517
3438
1515
2284
2327
2264
1840
1466
2705
3128
1888
2878
2945
2673
2262
2542
1923
1954
2212
2190
2050
2640
2172
2401
2168
1699
1667
2884
1637
2104
2460
2286
2247
3369
2230
1587
2160
1788
2694
3363
3571
3225
2608
1833
1914
2037
1220
2256
2246
2024
3336
1483
2026
1489
2311
1552
3705
1549
2276
2625
1893
1806
1850
2214
2104
3048
2770
2106
2118
1356
2052
3214
2113
2287
1524
2437
2041
4117
1216
2648
1800
2512
3236
1793
2246
2854
1432
1640
2482
1086
2589
2470
1795
1637
1887
2044
1896
2364
2862
1997
1919
2759
2283
2211
2115
1605
1837
1849
1932
1628
1811
3101
2078
2119
2084
4269
2706
2446
2484
2497
3076
1916
2156
2223
2569
1806
1680
3489
8814
3481
1667
1930
2196
1231
1788
1538
2391
2861
1927
2142
1777
2380
1822
2030
2165
3885
3208
1957
3071
1813
2541
2168
2997
1318
3214
2301
2242
2219
2575
5233
2028
1654
3806
2389
1859
1213
2569
2027
2864
2096
1604
1812
1484
1920
3059
2349
1489
2085
3662
1569
2364
2355
3530
2022
2080
1956
2096
1740
2019
1777
2605
820
2598
3175
1178
14186
2163
2078
3717
2765
1997
1641
1939
1965
2407
1901
2010
2572
2048
1261
3140
2063
2870
8644
2280
1565
3730
2647
4299
1442
1702
1923
1613
2420
2457
2511
3296
1683
2128
3381
2535
846
2160
2721
1943
2568
2604
1403
1168
1999
2327
2103
2237
2935
2268
1196
1818
2409
2288
2928
1915
2371
3004
1816
1908
2085
2101
2690
1759
2042
2351
1443
1971
4847
1739
2397
3093
1862
2003
3490
1907
2834
2758
1694
1665
2256
1573
1327
1937
2981
1774
2465
1754
1869
2977
1849
1958
4953
2763
1013
2974
2092
2077
2084
2084
1559
1868
2125
4058
2674
3391
2088
1850
2725
2679
2172
2019
2962
1876
1728
1882
1673
3636
1172
1817
2956
2171
3194
1767
1985
2084
2172
2538
2218
2409
2497
2618
1825
1768
2022
2038
2334
1476
1697
1951
2959
2774
1875
1015
3583
1537
1705
2759
1703
2307
2749
1282
2577
2008
1572
976
2937
5196
1249
2613
1802
1846
1491
1947
2414
2151
2299
2217
1476
3068
2178
1378
3834
2091
2559
2597
1759
3017
1225
1998
3357
2632
1948
3458
2094
1986
909
3613
1473
1745
1681
2843
2262
1974
2308
2158
2252
3086
2679
3701
3116
1653
1651
3325
1841
1323
1886
1949
3343
2538
2404
2278
1155
2047
2463
737
1949
1187
3609
2191
2719
1692
2262
2324
2218
3555
1654
2092
1778
1731
1888
2688
2934
2076
177730
1339
2032
1905
2152
3561
1946
2285
543
2641
2260
1952
1312
1960
1932
1651
2131
1757
1976
2004
2540
2809
3528
1576
1918
994
2194
2785
1697
2390
2212
2243
950
2927
1821
2765
1931
2578
1842
1133
1695
3019
2257
1973
1828
1944
2829
2170
1459
1761
4694
2090
1964
1968
2614
1684
1880
1871
2197
1618
2212
1899
950
1936
3256
2626
2793
2653
1265
2578
2163
2177
1634
1929
2623
1870
2686
1882
2189
2340
2188
2359
2223
2147
2632
2114
2126
2319
2181
1685
2138
2982
2562
3716
2020
2072
1817
2237
2372
1793
2127
13191
3244
1598
1945
1788
3459
3037
2229
1822
2411
2243
2094
1920
3398
1071
2157
2121
1956
2006
2697
2095
1998
2988
4519
1858
3189
2853
1955
2450
3046
2077
2411
2153
3008
1230
1752
1726
2192
2530
1960
1370
1949
1866
1837
1578
1876
3175
2292
3717
1820
2186
3780
2300
1380
3151
3470
881
1608
1737
3576
3050
2249
2257
1875
2245
2553
6878
1949
3141
2006
2251
2088
2172
2207
2124
2702
2701
1732
1711
1639
2566
2157
2714
1605
3245
1760
1945
2292
1284
2366
2109
1436
2820
2043
3697
2139
2499
2800
2786
2360
2031
2341
1699
2260
2066
4419
979
2160
1973
1520
1823
2024
1753
1753
1995
2330
1805
2382
2076
2495
1682
3939
1535
3036
2472
1882
2010
2201
1661
1907
3176
2198
2135
2165
2576
2552
2050
1971
3779
2417
2651
2226
2436
2631
1668
2086
2582
1690
2231
2720
2003
1584
2453
2184
1869
2182
2517
2907
1811
2104
2002
2487
1729
2220
2151
2516
1779
4214
1737
1593
2818
2300
1976
2568
2161
3159
1962
2193
1842
2198
2500
1984
2070
3107
2580
1490
2893
2261
1614
2420
1341
471
2099
1775
2710
2215
4017
1580
1662
2110
3109
3289
1732
1407
2846
1843
1764
2938
2020
1907
1518
2402
1749
1942
1850
2566
1755
1341
2650
1630
1775
867
2817
2576
1775
2188
1771
1814
3260
2741
2354
1602
1558
1759
2055
1972
2666
3427
1289
2110
1599
1839
2788
1836
1174
1958
2459
1610
3599
1351
1927
1949
3141
1919
1970
2456
3262
1679
1292
2252
2427
18687
2487
2063
1653
1802
2860
1585
1458
1544
1834
1976
1607
2283
1724
2616
2406
1814
1486
2305
955
2235
1783
985
2039
1168
3053
4260
1510
1461
2117
1892
1940
3159
2558
3666
1767
3244
2545
3221
2087
1392
1980
2299
1131
1861
2751
2640
2491
2411
3142
3236
3705
3542
2538
2026
1523
2281
1932
2276
2296
1717
3196
1718
1017
2147
1535
2941
1601
1826
1984
2978
2089
1216
2425
1917
1849
2515
1810
2656
1829
2195
1891
2393
1967
3520
2447
1607
2572
1785
2290
2660
2404
2160
1736
2034
2474
1875
1370
2212
2897
2460
1814
1917
2449
2492
2319
3274
1659
2540
1864
2032
2053
1358
1994
2231
2472
1937
2430
1637
1853
2949
1077
1771
2046
2007
2193
3863
2358
2018
3051
1902
3060
2108
2336
2143
1754
1976
2871
3698
2756
1828
2267
3038
2083
3968
1962
3772
1425
1390
1471
2803
2121
1696
2878
1916
1530
3244
2276
2701
2889
1985
2427
3513
1740
2642
2528
1615
1954
3222
2520
1713
2206
2281
3260
1743
2360
1647
2080
1998
3353
2023
2373
2532
2083
2931
2255
1784
960
1713
1910
1982
2201
2599
3113
2191
2915
1437
1905
6403
1329
2164
6410
2068
2021
1270
1605
1632
2298
1308
1708
1671
2846
2622
1889
1135
4183
2026
2198
2326
1851
2215
2414
2039
1788
6110
2167
1665
2024
1685
1717
1502
1988
3106
2466
2120
2808
1550
2224
1930
2248
1505
2946
2067
2736
1859
1598
1451
2055
1347
1671
2056
2466
2759
2112
3236
1612
2154
2519
2460
2689
1801
2478
5102
2322
2969
2265
2328
2134
3214
3034
3287
2312
2039
2054
1671
930
2027
2654
2249
2012
1586
2014
2152
2181
2109
2495
2532
1369
2778
2232
2961
2553
1874
2285
2733
3122
2091
1956
3488
2324
2325
1378
1157
2092
1631
2993
2220
2825
1288
1989
2166
1892
2296
1901
2264
2476
2512
1686
3439
951
1813
969
2136
1543
2999
2591
877
1825
2821
4735
2200
1659
1726
1910
2121
2101
3379
3864
2727
1391
2853
1531
2377
2361
1899
1948
3005
1721
1869
1335
3037
1771
2523
1417
2063
3387
2102
1907
2352
2159
3773
1589
1888
1160
1552
2287
2347
4578
1904
1892
776
1740
1823
2044
3878
1878
2364
2254
1649
1894
1201
2685
1749
2209
1697
2255
1567
2450
2033
1978
1500
1977
2484
1611
2927
1382
2496
1985
1841
1914
1699
2562
2477
2450
1105
2049
1355
1567
2224
1713
2486
1746
1995
2148
1845
1559
2035
17054
2193
2335
2598
1690
3904
1948
2478
2843
2089
1853
3190
2345
2647
3433
1895
2037
2414
1599
1961
1141
5468
1012
2797
1874
2512
1824
12984
2113
1512
2208
4671
2101
1526
3237
1521
1530
1273
1800
2977
2827
1890
1779
2328
2273
1863
3847
4570
2349
2241
2334
2327
1846
2341
1615
1932
1869
4244
1374
2168
3412
1513
2580
2021
1853
2031
2190
2139
1061
2157
33896
1761
2133
2763
2480
1869
2525
3340
2577
1962
4672
2866
2179
2409
2092
2649
15074
2329
1509
2657
2120
2552
2090
769
2242
2363
2500
1069
1543
2071
2896
2487
2994
2044
2077
1753
1638
1877
3266
2107
1367
2492
1923
3279
2061
1629
3060
1572
2040
3524
2562
1391
4407
2012
1325
2497
1261
1384
2074
1985
2658
1932
1411
1156
2368
2239
2730
2028
1758
3290
2165
1766
2748
2086
2234
2125
2123
2244
2033
2016
1991
1725
1813
3055
2713
1983
1040
1791
1300
2414
2114
1936
2263
2107
2932
1903
3926
1539
1782
2533
2473
2155
1448
1835
1991
1671
2093
1952
2302
3247
2560
2229
2065
1667
2124
2043
2216
1562
2553
2143
2428
2362
2686
1701
2127
2210
2225
1624
1609
2536
2074
2534
1742
1976
2740
3322
2314
1502
2140
1373
2302
2798
3296
2115
2701
2964
1976
1933
3139
3157
1688
2365
2549
2126
2558
2184
1954
1503
2303
2588
1969
3031
1861
2423
2389
2340
1761
2206
1606
1756
3105
1981
1795
1262
2081
1777
2489
1196
1879
2221
2090
3497
2643
2467
4732
2768
2837
4448
2456
1829
1877
4097
2402
2459
2337
1918
2119
2426
3037
987
2387
2647
2590
1995
3645
1999
1507
3530
1856
1531
3217
1641
1965
1963
1464
1964
2345
2312
1477
2642
2320
2099
2015
2369
1331
1239
2118
1910
1661
1657
1895
1887
1647
4862
2616
1972
2235
2235
1980
15442
3773
2193
3190
1640
2673
2213
1998
2247
1790
1724
1835
2296
1977
2511
4108
1850
2222
2813
2177
1799
3446
2280
1887
4480
2143
1787
1973
2212
1741
1503
4239
2510
1770
1824
3907
1970
2568
2858
1144
1582
2239
2148
1679
2416
1790
1894
2463
2135
1721
1808
1953
1705
2287
2009
1980
1278
1895
17270
2013
1907
2489
1304
1853
3176
1923
2202
4962
3026
2131
1735
1884
2276
2364
2003
1729
2264
1747
2888
2002
1875
1052
2071
2033
1538
1917
1920
1393
2692
2025
2602
2619
1410
1913
2015
2524
1783
1416
1871
1947
2980
3788
2179
1628
1872
2082
2086
1865
2312
2423
1904
1689
1849
2165
1531
2009
2908
2351
1745
1668
1220
2104
3226
1807
1826
3707
2555
1565
2704
1881
1989
3528
1403
1352
1593
1652
4327
1366
2555
1783
1730
1937
2941
1789
2468
2331
1337
1910
2096
1093
1961
2861
2765
1581
1797
2267
1725
2318
1990
2903
2569
3775
1753
2209
3056
2672
3321
1295
1649
2498
3213
1963
2091
1836
2088
1869
2431
3788
762
2203
4259
2462
1677
2569
776
2083
1417
1965
2627
1853
3676
2097
2010
2947
2197
2605
2032
2757
2074
1745
2565
1678
4402
1816
1768
4770
2112
2025
3335
2503
1651
1824
2999
1785
3133
1918
1997
1446
1741
3294
3189
1825
1710
1168
3024
1881
2898
2657
1769
1763
3032
1936
1873
3141
1468
1894
2195
1183
2268
2427
1350
1171
2753
2236
2063
1671
3530
1722
2963
2402
20041
1901
1985
1756
2514
1846
2689
2416
2000
3652
3402
1675
3362
2481
2056
2464
1903
989
1988
18975
1380
2025
2288
3171
2151
2655
1896
2231
2379
4089
3997
2042
1869
3486
2189
3385
1949
3183
1694
3439
2066
1892
2550
19201
1715
2765
1458
1871
1563
1819
1632
3475
1297
3957
2435
2227
3197
2021
2050
2266
3255
1171
2391
2084
2017
2314
2472
4583
2012
2633
4434
1742
1849
1101
2207
2093
2272
2812
1939
2119
3499
3083
2354
2633
1868
2647
1694
2337
2684
2447
2569
2676
1718
1998
1434
2149
2197
1696
1858
2767
1481
1819
3177
2541
6903
2923
2902
2488
2793
2630
2492
3477
2156
1413
2248
1888
1698
2471
2535
3248
1710
2186
3521
1094
2980
4081
1737
1960
2046
2353
1626
5311
2781
1793
2026
2244
2778
3108
2227
1787
1018
3080
1649
2069
1943
1704
1598
1955
1917
1840
1875
1878
1497
1965
2302
2309
1964
1708
1500
3296
1917
1839
1362
1668
1498
2675
1830
1559
2064
2108
2267
2062
1774
2008
2235
2241
3516
2491
3246
2623
5248
2154
1327
1854
2830
1367
2631
1494
1966
2364
1169
1570
905
1674
2169
3011
1869
1818
2449
1694
2109
2498
3011
2673
2125
1774
1922
2423
1804
2687
2168
1561
2793
3308
1751
2621
1322
2803
2347
2466
4075
1910
3802
3612
1583
1695
1874
2401
1860
3020
2468
2394
1733
1833
2652
1648
2676
4047
2065
2017
2661
1833
1908
3085
1882
2375
3023
2272
2056
2131
2090
1854
2302
1580
2083
2604
1705
2930
2914
1751
1558
1349
2769
2041
1833
2103
2550
2022
2794
1554
1835
1337
1878
2900
2020
1032
2126
1908
1730
2631
1693
1439
3822
2016
1777
4026
2020
2284
4168
2279
2065
2073
1576
2167
1531
2305
2343
2317
11758
2376
2155
1281
2508
3547
3043
3630
2210
2389
1570
1915
1817
2450
1596
1545
1762
2425
1956
2249
1815
2180
2441
1886
2041
2344
3484
2967
4245
1462
1803
2401
3562
2370
2128
1967
2128
2371
2010
2810
2046
2494
3604
1838
1103
4581
1993
1201
2127
1579
2448
1181
2973
1863
1932
1366
1999
3244
2097
1875
3434
1933
2692
1866
2247
1062
2236
1720
1866
1658
2582
1575
2720
2060
1931
2459
2122
2419
1928
25783
3689
1401
1906
1933
2103
1677
1958
2054
3011
2154
1517
4978
2127
1905
1869
1601
1910
1581
2415
2847
7112
1875
2222
3969
2875
1889
833
1842
2279
4351
3190
2713
1798
1900
1620
1183
3368
4926
1723
1827
2525
2817
2210
1864
1947
2040
2640
2757
2178
1505
2140
1860
2312
1932
2246
2202
2494
1775
2024
2077
2646
1996
2242
2277
1728
1591
3743
2251
1914
2025
1737
1634
2118
2507
2536
1573
1247
1880
2378
2342
3530
1670
2244
2782
2127
2091
2794
1764
1592
3285
2214
1312
1610
2240
2018
4110
21078
2918
1740
1687
1925
2049
2318
2114
1709
1586
2709
2089
2574
2308
2101
1897
1830
2645
3005
1741
2146
2003
1743
2960
2773
1717
1908
1593
2420
2417
1720
3239
2177
1237
3327
3028
1664
3129
2404
2146
3272
1869
1669
3269
3485
2274
1812
3234
2279
2049
1881
1525
2474
1729
4495
2105
2010
2203
2442
2090
2356
3372
1883
2263
2130
1688
2273
2030
1860
2159
1484
1456
3079
1774
3265
1844
2567
1638
3605
5961
2876
1621
3693
2670
2297
3798
2445
2035
2200
1218
2743
3037
2455
1690
2065
2239
2030
1808
3859
1671
2293
2101
2691
1371
1780
3443
2044
1510
2880
2143
1954
1033
2287
1344
1568
2034
3254
1562
1262
2578
2462
2006
2595
1871
1851
3580
2123
1227
1685
1525
2293
2316
1857
1943
1821
2242
2924
2068
2322
3364
3050
1887
2492
1610
1635
2796
2258
2180
1944
2097
1701
1940
1881
2344
1919
618
1792
1951
2248
4622
2585
1550
2190
1697
2374
2079
1778
2057
2424
1941
2305
2391
1969
2855
2149
2145
1457
2094
2203
2188
1233
2451
1877
1977
3572
1465
2114
2111
2180
1527
2131
1663
1847
2462
1660
1901
2509
2547
3050
2022
2179
2854
1979
1996
3379
3070
1845
2771
2305
2567
1712
1750
2074
1916
1866
1863
1239
2304
2075
2128
3420
1721
2535
3216
2660
1996
2283
1845
1621
2230
2188
2148
2372
2196
2350
2366
2766
1898
2509
2848
1813
2152
1916
2403
1763
2758
1565
2302
2789
1621
2873
2211
1561
1938
2030
2627
2423
2163
2085
2101
1869
1587
3573
2084
2569
2069
2455
2397
1075
1943
1989
1717
1772
2792
1273
2140
3991
866
1686
2669
1852
1574
910
1719
1652
2429
2251
1811
2140
2189
1872
2787
2400
1546
2287
3422
1482
1976
3256
2448
1410
2010
2531
1659
1681
2357
2182
4304
1621
2652
2079
2303
1912
3421
2008
5273
1855
1935
3086
1657
2149
3726
1640
2598
3032
2104
1839
1961
2696
1739
2007
3228
1493
2223
1883
3733
1805
1873
2268
2559
2151
1979
1376
2165
4681
3290
2554
2351
1575
2468
2262
3447
2212
1736
1814
1362
1979
18991
1918
1379
2064
2853
2725
2304
2373
1792
2366
2416
1808
1777
1826
2204
2933
2816
2650
1545
1870
2336
2166
1901
2221
3189
1897
1323
1336
1641
1590
1365
1840
1908
1855
2952
1946
2060
2485
2406
950
1791
2917
2621
1846
1898
2242
2648
1527
2015
2356
2521
1881
2301
3041
2870
1658
1947
1825
2041
2685
2230
1509
2940
2874
1614
3557
1562
1771
2989
15791
1830
2357
1921
1786
4064
2635
1849
3733
3828
1888
2659
2863
2222
1021
1758
1706
1724
2544
3046
2886
3356
1786
1683
3273
2508
2232
1952
2088
3215
1522
1965
1995
2122
3516
2552
2087
1854
2865
2297
1939
1892
1962
2047
2328
3834
1933
2191
2842
1891
3112
2090
1568
1356
3399
1243
2343
2163
2243
2563
2173
1765
1946
5184
2494
2295
2033
1524
1760
2883
2234
1711
2151
1720
2014
1862
2587
2184
4015
3657
3010
1192
2053
1843
2474
2223
2181
1978
2578
1140
1460
2927
1846
2421
1576
2287
1925
2791
2013
2163
3277
2676
1920
2401
2893
1159
1700
1934
3579
2599
1736
2119
2135
1899
4838
1911
1719
2823
1972
1410
4223
2281
1732
2965
1601
1320
2603
1879
1785
1576
1791
1708
2504
2592
2435
1373
1788
2474
2151
2007
1513
2964
2294
2014
2043
2035
1660
2247
3143
2890
1629
1522
1750
2096
3588
3174
2237
1312
2301
2365
1320
2422
2139
2335
2320
2634
1732
1485
2351
2282
2494
1129
2851
2520
1778
20079
2188
2070
1933
1935
1548
2257
1900
2079
3965
2001
2514
1661
2931
1885
3861
1721
2537
2271
2090
2174
1163
1752
2080
2218
1331
1898
1957
1031
3357
2213
2258
2393
1530
1774
1823
2306
3628
2552
1774
4506
1861
3616
1696
4815
1647
2193
2127
1962
1601
1852
1956
2184
2613
2208
3687
1605
2944
2492
2714
2658
2156
1366
1920
1505
3898
1902
1853
999
2191
2092
3765
2593
3541
2551
1825
1995
1939
1804
2252
1560
1556
2618
2696
2928
1632
2665
1512
2785
1751
2162
3172
2023
2323
2392
2046
2769
1686
1992
2549
4406
2378
3920
1543
1645
2393
2612
1842
3161
2507
1067
2135
1677
2357
1819
1953
2551
2279
3197
2138
2082
2341
1021
1895
1581
2010
1725
1332
3619
1726
3378
1802
1014
1589
2472
3087
2137
3045
3032
3156
3119
2409
2364
2028
2091
2140
1804
2163
2283
2357
2450
1862
2136
2371
3489
1910
2834
2504
1562
2119
2508
1832
1070
1642
2082
2295
2559
2615
2112
1835
1709
2770
2060
1915
2418
2847
2300
2350
2251
1279
2762
1846
2126
2380
1714
1997
2817
2825
2370
2719
1588
2505
2212
2784
2258
2776
1835
2182
1218
1939
2113
2067
1123
2780
2470
2319
2277
2163
1801
3413
1685
2478
1347
1922
1318
2486
2020
2794
1708
2593
3619
1709
2135
1993
1915
1772
2921
2074
1984
2335
2719
18872
2077
2719
1997
2548
940
2585
2830
2724
2484
1952
2184
1824
3218
1380
1872
1550
1955
1950
2332
2319
1973
1914
2643
1852
3047
2118
2566
2663
2471
2255
2286
1968
2472
1882
1979
3364
1729
2737
2225
1795
2205
2097
1982
2153
1414
1249
4020
1715
4522
1983
1689
2206
3256
1036
1991
3254
2547
1888
1755
2659
2794
2157
3568
1704
2675
2413
1660
2229
2062
2126
3051
2899
1515
4077
1611
3490
2358
1753
1811
2786
1882
1192
1915
2106
1824
2256
2953
2357
1413
2103
2582
2228
2607
2112
1917
2286
1450
1261
2031
4602
3648
1786
2148
1910
2032
1559
1547
2305
2514
2246
4292
2640
2080
2861
1650
1747
1726
1878
2006
1028
1888
2036
17603
2075
1673
2323
3561
1801
2477
2568
1857
1967
2048
3524
2001
801
2229
1421
1978
3462
1940
1739
3435
2097
2218
2419
3078
2817
2283
1651
2404
1798
2301
3034
2071
2970
3397
2559
2116
1921
1646
1742
3265
2169
1497
1704
1432
1904
1998
2372
2421
2648
3385
1772
2180
4714
1336
1850
2566
1655
4366
2070
2264
2909
2052
2189
2521
2553
2581
2316
4036
3635
634
1778
1748
2229
3158
2375
1753
2662
2356
3116
1993
3302
1392
1975
1931
1802
2658
2293
2120
3443
1973
2127
3357
3892
1749
1644
1918
1309
1877
2582
923
2044
2083
2450
2065
2262
1192
1963
3614
1087
2832
1355
1623
1672
2924
2178
2471
2218
1943
1809
2163
1466
2613
2363
2393
2099
2574
2237
2363
2525
2078
1847
2217
2253
63151
2620
1789
2178
2238
3684
2027
2217
2441
3422
2048
2045
2261
2452
1550
3144
2664
1798
1770
1256
2328
2265
2726
2051
2598
2593
2266
1844
3328
2158
2013
3009
2404
1787
4003
1043
1747
1632
2102
1182
1934
1502
1785
2234
1673
2137
2132
2513
2851
2230
2253
1560
1319
1982
1179
2974
2010
1961
2434
3100
1889
1882
2013
2336
2157
1866
2533
1813
1294
2780
1973
1987
2032
1274
2074
3775
1433
2812
2005
2300
1939
1746
2114
1835
1238
2384
2482
2640
1781
2381
2265
1457
2161
1896
2227
2167
2309
2123
1870
3140
2145
1806
3388
2247
2250
2850
2199
3172
3366
3008
2209
1955
1833
2933
2014
1693
1834
1847
1787
1673
2384
2596
1742
3007
2068
1385
2413
2571
3009
2014
9688
1878
1801
2153
4184
1521
2732
1468
1832
1984
5175
1872
2372
2720
2469
3740
2499
2039
2277
1763
2030
1888
2807
2956
2409
1907
2402
1866
2259
2625
1509
2128
1886
2272
2333
3686
1637
2095
1232
1717
2734
3186
2326
2734
2578
2090
3237
1645
3022
3526
1353
1694
2464
2268
2467
2606
2279
2255
2465
1628
1727
2464
2232
2715
1708
1645
6830
2255
1744
2559
1272
2417
2187
1964
1853
2444
2415
1567
1838
1954
3711
1834
1936
1577
1983
1577
2781
2395
2235
3933
2157
2185
1626
1502
1881
2274
2324
3526
3636
2354
2025
2107
2180
2132
2005
1923
1940
1866
3902
1796
1916
3263
1936
2312
3330
1752
2032
1736
2135
1973
2294
1939
2726
3672
1873
3731
2271
1833
4315
1819
2179
2663
2211
2562
3618
2010
3806
1668
2725
2064
2947
1768
2709
1637
1674
2904
2552
1610
2845
1795
1772
2249
1701
2297
2250
2172
1994
1859
2121
3185
1793
1589
2930
1634
1938
4041
1616
1908
2051
1831
1671
1537
2427
1908
2802
1369
2038
2445
1419
2556
4277
2251
1846
1776
1873
2767
1840
2238
3781
2137
2147
3195
2125
1843
1628
1990
1197
1823
1800
3651
1597
2294
3224
1655
2296
2686
1920
2182
844
2179
1967
2335
2155
3013
1837
2354
975
1560
2275
1711
2337
1969
1979
1912
2510
1577
1743
3291
2252
5409
2691
1964
2758
1944
2497
1445
2769
1707
2298
2293
2499
1482
1766
2294
2613
1583
1734
2613
2598
2652
2141
1826
2131
2317
1779
1733
1079
2248
1545
1862
3448
2561
1767
1731
2316
2705
2090
2474
2220
2062
2911
1706
1909
2126
2058
2153
1683
1789
1690
1657
1820
2223
2137
1366
3461
1875
2655
2032
2649
2872
2233
1869
1466
2155
1962
2086
1113
1838
2959
2301
1569
2068
2126
2486
8195
1932
1958
2467
3197
1952
1629
1922
2302
958
2982
2276
3040
2011
3882
2046
1803
3006
2190
2032
2568
1704
2810
2009
1645
1880
1703
1981
2066
18853
2054
2111
2281
1472
2244
1793
1720
2185
1741
1485
2513
2449
17694
3273
1509
1900
3086
1141
1838
1349
1895
2129
2214
2205
3338
1043
1203
1763
1493
1749
2776
1867
1817
2444
2192
1812
1495
3643
1918
1692
1401
1842
1872
1464
2495
2445
1823
2858
1733
1968
2048
2820
2420
2814
11312
1817
1999
1590
1529
2478
845
3035
2041
2058
1703
1397
1952
4173
2059
1973
3215
1413
2230
2506
1805
1685
2089
2445
1424
2060
2129
1454
1172
4093
2153
1762
2737
1702
2732
3625
2208
2355
1929
2811
1690
1919
1902
2202
2005
1915
2149
1434
2379
2944
2190
1960
2183
1698
1783
2359
2225
1524
3208
1726
4296
1789
1958
2347
1985
2926
3640
2037
1929
3238
1610
1624
5573
2378
3272
5852
2640
2061
1790
908
1372
1618
2616
2513
1803
3126
1671
2227
2437
2386
3420
1882
1268
2884
1442
2727
2967
1763
2640
1789
2630
2920
1701
2554
4125
1843
3061
2167
2439
2452
2463
2531
2440
2542
2223
1831
2347
2029
1554
2173
1718
2115
1588
1854
1748
2202
2110
2048
2276
2474
2174
4397
1998
2232
1766
1967
1842
1928
11972
3528
2482
1899
1745
1736
2214
1858
1795
1888
1932
2062
1925
2194
2130
2075
1794
2035
1844
1952
2107
2083
2123
1910
1513
1765
2041
2297
2190
4988
3065
1606
1847
934
1823
1805
2458
1566
1992
2875
2043
1474
2528
3033
4511
788
3041
2092
1646
3991
2103
2388
3561
1850
1859
2030
2556
1762
1748
1707
1984
1417
1711
1985
2653
1732
2467
1781
2354
5201
4085
2053
3195
2682
1910
1704
1361
1615
2180
2827
2511
1279
1884
2746
1541
1735
1800
2081
2574
1718
1569
3321
2743
1808
2693
2723
1433
5504
2590
1636
2286
3864
1423
3180
1999
1618
1832
2289
2087
1642
2812
1921
1984
2586
1707
1971
1313
2297
1506
2259
3411
1898
1884
1848
3254
2244
3133
2216
1570
2123
2412
1843
5385
2217
2243
1950
2170
1968
2211
2117
1603
1606
2555
2971
1258
1527
1611
2254
2076
1550
2214
1503
2055
2663
1575
19551
2456
1752
2576
1880
1296
3680
1345
2523
2992
1629
3704
1764
1960
2386
2707
1698
2930
1431
2604
1739
2015
1530
1668
2241
1878
1989
3114
1962
1136
2321
2575
1774
2537
2926
2115
1134
1962
2809
2196
2010
1854
1887
1511
2197
1760
2028
2389
1794
1687
1850
1883
1973
2059
2604
2342
2135
3104
2844
3479
2810
2717
2493
1948
2280
2164
1595
2358
1848
625
3063
1907
1558
1828
2128
1072
1931
2958
1701
2462
1633
2643
1791
2199
1843
2092
1834
2450
2312
2234
2432
3042
1992
2735
2147
2465
977
2273
905
2814
1884
1516
1809
2099
1919
1930
2155
2149
2326
1614
2614
2455
1782
2729
1420
2044
3202
1955
1833
2339
1726
1901
2486
995
2409
1853
2506
1936
2206
2399
1698
2899
2069
2428
1825
2140
1781
1984
1672
2317
1604
1525
3325
1819
2121
2899
2057
2276
2180
1947
1852
3535
1864
2392
2035
1681
2100
2384
2136
2467
1644
2122
2710
1826
1747
2463
1772
1402
2065
2773
2190
2788
3144
1432
2108
2157
1870
2601
2522
1724
1714
2427
2656
1555
1843
3797
2318
1809
5093
2387
1797
2064
2039
4424
2826
1854
2425
1979
1693
2547
2468
2129
2563
2157
1529
1703
3994
3892
1779
2447
2560
2119
1776
4058
1738
1635
1557
2142
2135
1706
1860
2975
2804
1808
2104
2511
1713
1356
3543
2088
2927
2332
1773
2701
2226
1550
2040
1829
2152
1614
2494
1914
2187
1836
1810
2846
2922
2757
2839
2642
3345
2049
1548
1978
1804
1887
3166
2209
2255
2231
1657
1890
1757
2514
1916
1486
2497
2008
2215
1799
2057
2231
1373
3461
2558
2434
2021
1019
2508
2081
2422
2017
2812
1364
3134
3049
1176
2168
1541
2311
4808
1595
1491
1748
2134
1519
1775
1497
2588
1569
1959
1620
1640
3467
3027
1595
1268
1200
2624
2044
1706
2148
2698
3170
1817
1650
1779
2767
3273
1562
1923
2016
1822
1984
3575
2240
1768
1802
2593
1683
1097
2312
2893
1919
2046
1971
2535
1965
2613
1507
1436
2001
2099
2007
1766
1905
1711
1965
1867
2147
1850
2154
1843
2496
1507
2421
2136
1058
2235
2581
2024
2399
2389
2092
2056
1848
2097
2148
1558
1991
2011
1905
1700
2158
1410
1956
2448
1741
2301
1514
1842
2321
1933
2772
4274
1771
2857
2932
1868
1637
2921
2243
2731
1919
2026
2287
1795
1845
3354
2570
2351
1365
1940
2245
1805
2321
1963
1942
1545
2795
2142
1327
1581
1903
2105
2235
1812
1514
2092
4112
2107
2550
2875
2337
2209
2581
2596
1759
1997
3679
3644
1154
1870
2213
2112
4284
3013
1722
2061
2439
1996
1666
2200
1987
2575
2401
2616
2096
3254
1519
1851
2862
1921
1823
1856
2758
2567
2446
1994
1275
2166
2475
1771
1886
3713
2416
2051
2292
1611
2042
685
1914
1808
2202
2525
1965
1706
958
2237
1972
1653
2318
2428
2789
2082
1602
1930
1923
1771
2370
899
2036
1972
2195
1872
2500
1899
2616
2527
2842
2395
1456
2653
1535
2592
1982
1904
2197
1592
2697
2248
2292
2213
1526
2818
3724
3841
2633
2039
2461
1428
2849
2506
2876
2897
3242
1478
2191
2183
1934
1937
1881
2601
2147
2636
1752
2792
1979
2601
1830
1958
3062
1966
3354
1889
3276
2724
1413
1699
2247
2049
2586
1878
1743
2553
2612
2766
2083
2623
1920
1740
3185
2012
825
2383
2102
2100
2845
2446
2723
2617
2295
2543
1478
2006
2289
2343
1668
1930
2116
2278
2054
2540
1954
1292
2389
961
2044
2000
1988
2283
1792
1892
1752
2079
2952
1861
2108
1570
1649
1957
2808
2341
1652
2389
2561
1003
1987
2230
1713
2405
696
2407
2369
2023
1826
3073
2692
3447
1984
1609
1737
3866
2190
2447
2073
2094
1968
3118
1485
1724
2360
1906
2305
1332
1707
2215
2073
3108
2272
3571
2458
3830
778
2918
1407
2221
2516
1764
2153
1997
2864
2089
2058
1836
2236
2463
925
2144
1674
1692
3792
2066
2392
2590
2920
1697
2106
1797
1460
2482
2126
2184
3600
2024
1817
3671
1641
1524
1312
2252
1747
1171
1353
1543
1616
3189
2570
2401
1795
2401
1373
1711
2610
2118
2015
2280
1171
2851
2091
1393
2742
1314
2000
1996
2270
1635
1842
2161
2063
2040
2003
3201
1734
2501
3643
1910
1942
2609
1846
2829
1531
2352
1982
2929
2005
2047
3079
2029
1986
1962
1815
1992
1731
1612
1900
2446
2084
1979
2371
2040
2375
2616
1999
3043
1540
1988
1996
3259
2285
2201
4147
2106
1193
1853
2592
1796
2050
2502
2472
2410
1954
1711
2184
990
2103
1658
1597
1827
1762
4325
1932
1736
1327
2573
1858
2170
3196
5443
2415
1575
3006
2016
1515
1892
1982
1897
2045
1988
1946
2197
1767
2230
1632
921
3923
2018
2029
1308
6361
1202
1800
2025
1840
1716
1333
4364
946
1576
2706
2035
518
2391
2350
1849
1455
2079
1938
2386
1424
1739
1212
1712
1792
4930
2043
1924
3168
2735
2455
1966
1856
2164
4086
2338
2254
1752
1955
1624
2217
1918
1790
2231
1241
1670
2044
1464
1473
2001
1680
1805
1964
2564
1754
1614
1687
1833
3949
2073
3228
3213
1819
2568
2042
1839
1459
2129
2509
1840
2263
2641
1954
2788
1829
3453
3122
2700
2567
2126
1714
2075
2612
947
2164
2304
2136
3158
2123
1777
1715
2768
865
1912
2014
1832
2253
1695
1643
1395
1410
1988
2045
1689
2694
1925
2116
2702
3127
2465
2647
2845
1799
1691
1466
2231
2140
2158
3385
1735
12415
1670
2025
2228
1461
2266
2159
1562
2407
945
1194
2289
1846
1742
3033
2684
1852
2227
2374
1959
1825
2582
1574
1418
4823
3214
1885
2895
1815
3607
3128
5500
1546
2137
1340
1645
1662
1951
2229
2869
1449
1537
2899
2903
2162
2731
2443
1611
2079
1683
2766
2129
2206
2494
1648
2503
2900
3492
2376
672
1597
2413
3436
2580
2083
1595
2149
2082
2291
1470
3350
1059
2014
3440
2110
1787
1849
1850
3649
1001
2351
1893
2018
2894
4282
2357
1869
1690
2294
1747
3101
1504
1456
2597
2041
2035
1639
2290
1453
1949
3993
2088
1961
2305
2087
2630
2321
1759
1823
2103
1831
1779
3247
2086
1892
1750
2648
2699
2061
1881
1547
1902
2676
3036
2093
1679
2554
2125
1831
1850
1773
2239
1729
1964
1607
1535
2044
2767
3092
1567
1841
3505
2200
1511
2054
3276
2250
2146
1964
2008
1770
1772
1943
1662
2247
3019
2386
1891
2549
2001
4336
1519
1662
1727
2062
2704
1681
2141
3155
4165
2542
1829
1865
2220
1377
2024
2663
2770
2265
1501
1689
1271
2252
2051
1609
2022
2315
1681
2957
2035
2282
1902
2386
1889
1933
2170
1855
2023
2646
33684
2454
1711
1873
2015
2954
1825
1301
2220
1837
1649
2308
1909
2786
2129
1867
1980
1824
1474
6467
2392
1679
1337
2659
2324
2664
1182
2904
986
1902
1566
2360
17079
3164
1839
1860
1947
2142
2137
2329
1764
1689
1813
1526
1688
2596
2384
2063
2206
1842
3054
1748
2099
2176
1589
2447
1817
2332
2102
2397
985
1877
1741
2646
1785
2376
1942
1865
2021
4260
1998
2006
1796
1899
1914
2212
1885
1903
1887
2153
1828
1053
2292
1796
1632
1807
1516
1580
2418
2375
1525
1842
1333
1440
1929
1587
1593
2349
2295
1825
2354
1764
2212
2422
1876
2220
1770
2132
5240
2471
1266
1820
2301
1812
1762
1500
2866
1349
2269
1921
1690
2551
1846
843
2444
3946
2320
1530
1942
2047
1560
3471
2678
2559
1973
2218
1840
2116
1567
1807
1884
1752
1996
1809
1749
1633
1804
2037
3642
2477
2126
1839
1360
939
3837
2417
1861
3086
1022
2735
2642
1437
1927
2849
2201
2128
1737
1785
2288
2389
2059
2145
2387
1999
2298
2522
1999
2010
1837
1829
1858
1748
1425
1690
1302
1615
1973
1756
2294
2188
1655
3212
1860
1384
2373
4404
2063
2233
1868
2553
1829
1786
1814
1624
1835
2117
1409
1889
2655
2369
1958
2870
1702
2057
2676
1805
1468
1559
2074
2080
2183
2042
2424
1772
1593
1676
1674
1750
1950
1633
2046
2288
3168
1942
982
2338
2269
3641
1883
1910
1624
2256
2925
1343
1455
1710
968
2230
781
1950
1669
3687
1782
1690
3235
2025
1770
1875
2159
1265
1709
1556
2154
1224
1712
2015
1692
2375
3790
2298
2034
2666
3166
1929
1642
1247
1699
2180
2357
2168
3047
1161
3028
1834
1844
2628
1832
1565
1920
1957
1734
1337
1443
3485
2489
2120
1923
1139
1780
3322
1625
2071
1770
1751
1496
1866
2631
2404
2506
1939
2776
3283
1995
1894
2842
2347
2808
1874
2950
1206
1611
2300
1328
1594
1696
1665
1778
2093
2070
1878
1400
3021
1667
2518
1789
2283
1772
2058
1947
1655
1789
2120
2363
1776
1883
1470
1399
1651
2015
1677
7849
1584
1954
1843
1114
2318
1727
1937
2791
1937
2053
1849
2039
1834
2901
2814
1736
1474
2035
1723
1999
1927
2201
2878
1621
1698
1717
1978
1872
2286
1660
1424
1280
2349
1935
1375
1671
2192
1978
1265
1820
2215
2607
3485
1685
2124
1998
1953
2174
1350
2436
2145
1714
1919
1856
1850
1641
2425
2132
1127
2632
2221
1900
1520
1922
1448
1521
2010
1930
1835
2198
1619
1770
1882
1678
1124
4078
2203
1563
1901
3022
2319
1521
2705
1884
2096
1144
3149
1444
1670
1529
2238
2132
1667
2099
1794
1517
1738
1761
2010
3418
2615
1866
3016
1458
1922
1644
1904
1129
1195
1626
2564
1933
1536
2200
1868
1957
1732
1983
2062
2884
2231
1769
2910
1672
1875
7343
1501
2904
2094
2000
2295
805
1863
2652
2682
1871
4016
2009
3008
3576
1688
1530
2241
2924
1706
1936
1991
1465
2579
2010
1750
1551
2533
3202
2333
1817
1874
3361
1856
3113
2408
1822
