127597
805547
376662
145138
140278
1397767
143806
163981
74491
179519
184339
150236
151453
255276
224327
7304227
121629
180179
132700
160028
176146
189005
126009
178529
161475
176382
115470
121906
118557
105930
163397
392437
134369
142207
141655
151268
150824
110942
163834
127879
138882
160778
173987
163483
164910
147110
129340
193751
150490
144353
270521
112404
146933
113313
173050
132080
204030
189151
274323
123032
188590
457687
173906
153023
133172
141449
171092
134916
109732
133307
152819
140603
134374
137426
137424
135458
169356
122512
145793
167822
118223
157047
136256
152710
152069
151412
160749
147091
350030
226169
138458
142944
168982
149985
187184
228389
176158
157070
152186
220403
157490
157659
150164
287524
128861
156936
138321
133062
153734
137894
6348933
155633
205622
154662
151276
152301
131175
164240
181527
140982
135873
158676
186255
130738
145871
142989
214184
126370
158883
112649
201531
114601
140805
144183
141743
243230
163095
324947
218624
271919
1073137
96746
134743
189038
114033
257119
132557
161830
127662
1288058
142900
135124
98526
160248
282114
144939
190511
90001
114948
94021
126830
98954
153678
105531
96266
124493
117594
152112
240300
140848
235201
198853
164781
3215692
2420810
116254
123508
149612
151100
139260
155025
175858
140663
168435
174049
154446
173476
187526
141545
117925
156627
322380
108652
116047
216199
160654
119937
120665
162678
163732
143566
196931
169052
153503
159971
165941
137167
137074
196386
158987
146814
144126
167223
131921
157535
2564217
145621
131428
182562
207755
139509
132288
148308
122834
154220
228733
148339
132636
204192
248150
8635215
184052
113757
179350
148353
143530
154362
148683
217456
159033
180212
213969
151640
165464
265282
140585
205488
171452
157523
176536
150064
135141
142404
320433
197114
223954
125215
164477
162645
6469953
151822
252305
198215
161594
159077
154476
235904
146572
150487
183651
585654
143763
322838
145833
124960
320674
145807
105525
182124
155261
144881
3134909
147155
163924
155753
250238
172551
171206
160820
181076
165206
139602
197534
127976
157465
124072
148950
139010
2626762
147281
177117
135048
179766
162171
178538
193638
156704
162524
154703
169208
129377
269683
149513
241038
178055
205522
123181
230428
177781
192403
158149
178380
159493
200090
156654
135031
225286
132806
173591
143126
136696
192103
192358
146505
133123
145754
573830
155582
260852
270352
158464
131235
3634229
2247780
206290
114991
149374
98308
12122568
133749
146905
8621822
104283
144652
129759
173340
103688
119509
109506
96064
208477
120763
105803
220198
94138
99299
134571
123106
137959
132205
106325
144110
128256
92340
107214
93064
131019
110647
113581
95459
99020
107235
110181
130235
127855
105622
88863
925974
700894
113125
83153
132626
197217
173966
104925
124823
85279
95952
109247
99225
118635
179396
171250
95649
121404
95005
170374
84744
4108163
107175
88076
177422
98869
112416
106215
65521
133814
106499
135309
121402
95011
86077
109835
86753
84046
146080
105803
95537
101687
117432
111488
108320
829277
89657
107624
186713
158398
187854
158730
162539
137615
161636
2358750
162444
167007
3608240
125435
147121
135130
137509
192512
121325
844976
120586
117585
183135
150023
158450
144366
122238
395448
105919
131422
166196
2863563
195585
208697
134206
126496
141762
135004
153074
156964
187261
142076
141755
134107
2567890
162998
107738
139571
131434
120996
129754
188982
113701
134180
169367
137691
141567
123231
5403291
113680
121810
124964
140967
140488
225252
217442
200947
186974
117310
135673
174234
139389
154551
174228
230052
164074
141631
159657
117656
113423
151450
188203
130928
138104
171755
137566
891504
168750
158687
135936
170229
112234
141192
159815
160418
148808
113318
140927
180152
156315
135177
129874
11453906
147940
112440
401278
156834
168330
1466161
148304
158496
140972
173852
143536
2881665
184017
84426
131737
133910
153417
80935
111177
132378
89462
148054
128105
112790
124219
2866953
71077
97586
113460
91454
102904
97154
112530
83975
112180
79166
83260
94325
123900
83869
96701
112434
103673
143884
122163
165330
88023
138166
91336
92012
107349
134514
71994
117923
115002
93563
129199
102712
144623
149332
93735
2950807
134144
118802
78544
116212
183657
303903
94426
77990
78510
104224
112427
108792
108323
131037
180784
1971830
203941
106438
161431
160377
158026
99558
154077
105802
132208
108706
120098
93668
125874
5015767
84519
89986
157899
106988
139358
211231
836926
102731
105448
149831
111100
99649
92795
92070
125973
157122
92943
166339
97447
121088
94696
156675
119448
112534
117704
78721
392166
148441
117521
335100
140902
92696
142360
6294655
107301
85425
115528
88329
119773
136707
111528
112145
118979
113310
74452
73070
75263
226407
97912
141672
2315642
137549
136507
104726
97301
87339
110115
173536
84245
919030
88689
120852
102614
89777
180312
112138
81323
138435
5395268
144144
92411
112466
82864
88987
140253
125290
76091
119441
163076
151060
98477
2015428
140200
129418
102748
140759
168277
176870
126168
107125
205659
118254
145996
6460913
200621
128593
183369
135957
110018
174484
272888
127487
143994
114452
234050
98525
274523
130084
126225
400022
194844
116572
197699
154630
153014
150770
180158
114350
141621
122657
137465
154020
153441
149729
193684
205204
138297
135066
106122
133824
167575
142320
125470
109063
141178
129665
166978
148031
183882
135419
130369
135110
163464
170532
143225
111723
145134
128807
2979467
164318
142457
145812
146335
163513
155211
154240
110025
163183
213267
146917
129795
145938
134627
204242
135917
182225
103545
171526
147068
152609
122949
127282
132258
159438
154340
169399
201237
155099
238671
228750
135506
139292
154700
371750
553554
150943
133306
161290
125141
128041
119499
126062
122683
143524
129123
146849
168782
148517
105529
164584
163636
185185
103350
133913
193338
199077
169020
136234
109137
2558333
143999
198108
166965
130547
153495
125956
142280
141265
109076
158826
180346
108033
151259
118727
143491
162585
142511
148214
142799
200495
219735
116859
104175
141588
119366
149289
122018
146948
181317
137572
221956
107161
161975
120353
150240
117624
160618
135258
139447
163735
189218
122612
181921
118621
141117
137368
121683
191062
222711
133071
146016
147658
126020
243062
147958
156302
151979
140427
105562
161975
139894
165187
147673
160884
183326
144264
167145
143793
168953
111531
145496
169436
204792
135781
102166
137423
105669
119038
203405
159013
188858
143278
130573
148554
175796
216874
145847
143723
129502
105077
5016846
177316
190275
166956
129565
133224
144344
201342
134429
130122
156372
169988
126831
153062
164511
182533
161215
127454
118034
151915
140467
156502
134283
159743
141389
198233
126380
133271
117473
148427
155053
143447
67035
135911
141782
202668
158237
193724
161585
159985
153959
625107
137582
147736
119406
156433
2603032
179162
137525
140244
260606
129821
757839
196636
179893
146750
179373
2095778
201295
846359
180941
270437
4573190
138871
199212
198543
156547
121173
169951
125775
976319
194796
138039
137609
342199
243911
4503016
164438
181912
229534
179175
203582
280693
176516
159157
173364
815605
183313
139463
206911
286328
151264
136032
150280
136142
119057
212863
105081
207650
183685
143238
134975
147806
187668
154751
141080
117800
150324
155899
155760
2309464
233747
150306
1894846
188843
163904
186026
121339
143694
303889
122391
134095
170040
295693
115216
250740
137682
184743
143282
146254
839079
153727
150151
131250
152216
318104
323186
174552
158058
1995821
184263
215390
136815
184841
137639
141741
164869
145380
187044
168072
143189
133316
140759
142609
155959
102853
126667
201128
177298
132079
153435
164728
191928
159756
141568
149128
161664
130130
129533
172807
474898
154901
127879
231263
164821
166633
124015
141314
149620
171916
1187044
156154
189545
2519124
156135
165949
159808
109743
152352
153044
133307
135915
170579
4892091
293038
150316
133463
130894
150615
143729
2499957
213241
138097
119837
184504
157241
112444
192523
177832
197556
138664
139587
155038
137428
155579
155521
150140
144897
153662
224791
149461
175729
154790
111278
845785
193516
8278752
136508
183035
182408
142571
128608
461004
188254
161830
154976
171543
175234
169404
157154
146478
170949
157967
128905
138105
157386
159636
162848
157615
150030
265485
150486
169407
140118
551520
408765
244436
144986
151629
624136
137053
154946
192863
130122
167485
821700
113433
158970
165542
201240
125437
157509
222089
145167
168743
205043
134986
123463
158590
135428
141828
150667
154643
140684
142496
207548
174427
166415
163096
2166289
179820
171029
700917
184815
166680
144205
154353
170016
164619
206807
168165
146220
2242887
132097
175319
162629
114714
142260
176135
156741
237687
153436
146422
110591
147056
194571
843437
187543
112073
162107
140547
221304
141052
946784
254231
215390
139688
214104
121508
167550
157842
151828
273619
126233
168793
166507
135679
153380
129140
3331106
272310
195747
471273
168371
148131
164544
139052
157105
170068
2403388
148276
118938
158384
152784
151673
89771
140352
123531
162331
158482
197958
259252
240788
179625
142151
245607
162732
176785
146521
156361
149236
194417
201779
138862
196108
134692
133870
154194
159873
188538
146296
219062
219669
168759
149589
187830
171402
150535
192004
217134
146945
130005
191699
157109
197008
158470
163474
138274
178681
150721
151133
173183
127705
210491
171377
180571
194567
241634
125844
6767362
178688
136917
239634
178448
266409
167288
168304
180145
176901
203624
229340
174270
343326
128404
193690
223615
313593
240922
191703
126103
158794
4054294
164681
171582
217510
186413
189727
169130
202638
115535
161664
186170
128382
174836
190135
198843
175973
163350
152288
377504
189062
181383
166522
178885
195536
161558
170379
171307
162048
140432
186336
176807
157344
167932
153884
164569
167761
179190
175852
240595
119755
167057
177385
168556
122579
161488
745279
179535
156274
160466
136317
137494
164785
171952
218226
369510
127740
121855
211878
186157
246039
132634
133046
574601
140782
180907
1819508
179813
166346
124284
180908
374651
198011
215144
149461
170337
128925
185929
2857639
154457
191452
188849
141875
181638
168589
169713
171165
151892
173306
64767
156471
220806
172388
160370
164059
206191
119566
169628
155323
170947
190017
161192
157645
129798
175702
164404
184977
180357
131977
134932
131353
138346
180743
169099
204746
134673
199068
193735
503508
179440
189829
172123
242734
186769
190208
116674
168076
203322
2517252
141717
148116
186294
443776
172578
130004
165377
205612
169498
124395
399195
9350317
444264
170273
144928
187844
126807
167561
171472
161545
165489
260422
119515
130350
205992
189960
277809
186744
132743
260466
204657
157095
140685
225298
142594
184787
190617
217159
216783
217739
176968
164399
215484
164157
140999
236083
140081
61015
153979
203482
195837
182411
147569
165545
158898
180391
192523
171784
154947
155134
174880
153663
206206
166275
198052
175038
306041
188942
224850
155293
168763
163447
184486
132887
130055
178947
1690652
188245
180274
128456
4329668
131017
168848
179272
127001
162055
220253
164846
157217
162144
166126
163360
185743
135708
2337046
218258
182342
198384
184800
265028
191583
170121
203429
155416
153689
142556
133954
321193
132193
118996
171055
133371
181885
151146
184053
131303
150988
170282
161616
117898
160038
167656
136648
114313
230378
120077
118906
145271
153422
184198
138326
128225
147255
132797
165353
221662
168875
155320
192084
160142
156600
120067
162701
143174
144572
104446
159003
134994
156756
164880
141302
143885
178185
106369
114016
155096
76439
149410
118880
122564
98543
116091
308591
135679
130713
97222
79326
86943
109118
106533
94194
1661797
121193
69645
95244
89201
118795
142442
154422
158949
139644
119998
152390
315052
157065
137593
136543
195679
126739
153681
197673
124874
114116
150355
111326
109557
144418
168632
167667
154367
132263
178851
114768
99963
107320
144342
171172
137891
166986
152176
172039
191063
124720
144667
118724
112580
144354
148225
161673
184298
128176
167594
183725
135655
142654
364507
114532
173186
117669
136811
129866
128396
121146
134847
212541
115599
189024
130067
203253
165930
138169
158598
160509
153090
128791
152166
160261
151289
200704
141945
113757
119876
155806
117088
111914
165365
167391
4900641
136705
116804
206882
201487
129422
125307
164017
135831
155728
125554
200053
122205
145851
159874
179083
171211
788136
146115
167839
132764
159310
116170
155830
142243
160955
114894
186724
150912
279852
121839
158291
184155
137251
2035652
129685
146332
183940
101384
114365
160146
171893
156212
144127
130760
124934
251504
116446
186976
137022
127258
177430
214617
145391
134923
157666
106445
123273
108851
134290
143568
146182
142556
121076
928350
136451
141084
209128
263495
171805
106558
151529
145512
149526
147076
117655
139571
176605
155734
135979
154827
181717
2222608
107490
134896
212891
160348
181790
132629
147326
138971
135384
197963
154365
138758
5806384
158734
147471
179323
247101
137039
157482
412681
155005
119205
152905
130002
212342
159617
169644
154819
147379
137212
126987
208107
157699
136813
160788
786576
291359
176842
141448
188477
220931
161157
159213
238287
227870
175771
159813
193320
164061
347078
210870
171236
172222
143711
123274
166105
143893
221407
150682
180987
189991
156974
207037
186327
185322
159170
167145
154741
134889
144874
189062
175353
183770
176984
171811
168817
147716
193874
173898
164834
213694
208283
145658
160194
185595
138590
195222
150535
161267
148913
158724
73473
256290
220904
161525
197722
161297
183563
270594
158580
180410
150877
136720
128492
156790
159857
1973734
153604
160879
181202
130940
199330
151482
359919
151202
114550
168080
178080
140473
741212
156186
168879
172392
149451
161608
152223
173743
151469
156026
124489
155729
180054
156450
173246
131366
121048
179932
163843
159930
186567
187078
163107
115856
118648
109987
208944
130123
159130
479953
139247
165872
117654
168681
125946
118119
152044
130449
190300
168683
156612
121410
189656
156957
161708
177947
142169
144562
207001
162685
169826
165138
115212
131542
155672
120149
122905
156625
126471
192123
167427
127083
160151
175210
173648
132900
167216
173260
129983
151164
120715
180360
179942
215281
174363
142322
118372
137891
154471
140899
178580
187078
194677
133232
126485
163484
198390
161659
168832
133863
131861
161874
155388
169560
161860
157782
127370
142257
159082
200619
131190
155324
157371
119701
136617
158011
191905
150204
209682
149884
170193
166767
158609
182632
149593
148720
139825
168916
115421
160320
154778
124950
209234
131360
151217
129412
144121
161551
155772
133422
186744
185186
152889
160312
111457
161673
127755
118774
112270
135699
162648
128547
127245
157594
126894
225744
150500
122676
148600
135030
143587
142410
153785
219833
162557
127977
130923
147357
147622
113245
147276
243400
105856
155934
116767
154466
119640
150767
167880
114609
200278
159380
155445
231820
132310
142906
198927
145863
141891
151371
299609
147540
159496
121507
160702
137761
142688
151686
134312
145007
125207
469049
148965
127502
141883
129325
149882
175210
138803
141138
158698
219631
134164
127330
93676
147353
133809
110739
131843
111506
101564
108881
155779
82543
101717
99203
108049
74016
118127
105047
164377
113739
83094
113385
88301
78729
68982
111950
77282
82033
89327
84293
138255
103190
102077
74864
165240
81574
151874
155080
92998
79192
94431
105772
96678
100106
85892
158568
92802
88345
105938
85989
97454
99927
144127
75409
118509
73412
97590
100627
123325
136149
93966
112677
94565
95664
103405
5014010
73233
168080
94971
84616
90961
141063
161320
76577
84685
107361
123498
93532
84784
83603
67058
97394
129666
70074
131235
77453
92852
73779
83166
108979
98175
109542
85715
108650
73942
154895
178115
98399
87303
104849
114581
146432
121272
93534
85137
106555
86819
131619
101472
95773
123374
121573
108990
115508
105348
114428
105201
75151
112942
95446
348207
118596
77623
89071
98427
115994
73864
102448
101058
159735
91737
74277
118104
131150
83938
87660
90303
117572
115905
113575
124158
115520
153298
128944
118386
146652
152701
150716
130390
152872
127700
136640
156995
182023
122292
133315
161916
204901
176986
158440
197915
177175
115990
145363
125864
155431
118399
123380
167989
172168
170550
166965
153741
152986
138359
180135
189004
190171
181632
179074
128591
144378
127550
174133
153616
139582
163749
171947
138398
151010
168681
167632
178841
174240
186846
151245
160316
154177
133620
124343
175666
136637
153696
131482
162890
414223
120934
151296
310542
165878
199612
170901
141629
551962
249516
174257
155523
154924
167403
161090
165715
128452
167516
175693
3042455
142524
133097
154664
172832
183144
195445
201016
129157
153559
69218
197562
163249
173422
203234
263472
144668
150497
133359
154036
282866
131830
156045
155691
111650
166444
182145
153852
177756
1823197
154232
170569
119017
171324
147024
179063
225210
157162
218424
182284
156525
128847
112716
212896
109109
229027
119767
124599
184676
157147
163809
141584
289857
805813
140756
134474
179556
187042
124732
194441
186929
121169
146885
141465
163729
157470
156207
136265
165640
146389
203803
274531
128177
162272
121830
143903
179585
176725
145032
138566
130619
176241
153712
138223
144601
191368
154531
178153
147187
139126
166809
162608
158689
122207
164194
118501
162185
159459
173178
173963
167800
189719
187803
171923
131630
729126
202446
204257
169316
189290
130679
186469
193348
229937
199436
560194
7097959
199823
142968
154592
140202
169893
126124
173638
173981
172400
152672
251668
200125
173802
878450
175920
180062
176122
168608
166957
192812
207434
205899
799567
192813
240227
189364
192670
192860
163123
191266
341778
168493
174248
183076
205557
237399
131090
187684
164484
55178
149709
179951
166796
182921
172943
250599
206937
201234
168339
191574
140952
184144
150355
184476
240980
248309
166783
145220
165696
22001085
188074
182169
179747
178680
234225
180606
162911
173725
144174
3831921
201189
212052
177416
162113
168371
204699
214266
193929
198863
215668
199035
163281
218318
139415
197330
182337
202914
2146468
1609743
215720
247656
167881
14587304
161968
372073
200551
193261
142691
223755
169240
190192
195161
175658
177793
180870
2530149
136040
187283
161577
169947
236960
210467
207812
154413
229517
174595
134618
223941
147367
189137
214726
231274
179077
207388
232116
179119
216512
143220
178449
204455
118873
2468035
216777
179568
7165024
190312
173916
200022
173019
147791
185908
182247
250860
161384
3438085
193939
211740
117076
59799
127112
181063
177908
179769
153231
154243
136124
210234
198407
133091
169247
148445
149457
158570
193703
268472
143053
120255
190005
191894
200159
146153
181684
123423
161727
159559
167235
167808
268350
142034
164134
225936
182609
222026
246855
190258
215468
310302
198153
217609
138575
164226
166351
130330
4866501
164220
319191
209371
183249
163646
172249
205846
146225
381585
125104
265520
159717
304125
186451
204782
166528
3528065
172715
172555
153886
145259
176682
125137
160588
158396
142276
145776
421367
225061
464843
177191
146180
653542
165548
196890
135468
120783
129962
120022
180014
210483
146985
154053
186906
110611
213376
157358
73918
168096
133769
3828269
282762
171127
207406
153945
273067
204799
267468
192673
1434190
165599
172705
186263
178871
167848
2520070
173390
176579
259790
203488
174831
114659
173504
162121
145414
226737
143682
11753724
175228
175168
189456
142662
212915
143783
166689
190706
139690
184143
178545
252084
108399
210707
178712
151774
190742
156250
114834
139473
150879
213648
181854
148065
143397
147798
159138
163923
197215
197852
187591
131633
145257
176977
169555
167435
295046
191572
183841
153996
220204
239166
144763
265740
114890
136980
147167
201049
136071
161768
146351
168028
155014
163828
415931
153413
134073
215689
182420
3790082
172697
128650
2365330
182467
211514
164911
163492
194434
161063
187363
153555
157142
168965
157987
183464
165688
114317
183413
178368
139983
161555
171135
181638
200871
116762
126476
158392
189871
113303
175169
591734
170470
181483
189820
188060
145415
172278
156622
150578
173164
234614
178518
139903
208570
195471
238840
143817
163446
126564
206216
159340
129935
139602
165672
139982
157938
154883
157128
141931
152598
179878
243964
186248
115234
172483
152392
139293
157089
114905
158970
243153
161277
120185
135681
105548
136986
233374
140203
142257
187424
175137
123150
181508
142112
148986
169134
143211
117751
127700
157340
1615136
131495
158663
214799
171677
135332
158159
190955
150871
53282
186683
143120
152386
174642
167450
160215
172334
149057
155405
189570
178760
175733
133624
187299
143520
177221
148209
159649
158011
146718
190016
242166
172627
171967
170432
146530
143541
152316
230908
569311
143214
194574
196364
168069
153108
123873
177585
158373
174468
152592
195612
154627
210403
200699
187595
113187
153803
258590
138162
176502
155114
163797
171775
166427
148996
139498
350295
156843
178140
150878
258345
256237
190962
180316
950088
177361
185574
192716
199277
197535
201268
189192
169663
4468263
330309
229631
197910
144759
187169
142507
231465
236706
184738
153418
168499
266518
202242
175705
212879
187788
197710
181902
9961330
148350
2499654
232623
183272
174091
239797
188271
184852
185404
194438
191928
220850
234580
264178
200539
181395
179108
180404
591181
139425
199671
172586
195346
217587
316131
340937
211988
218292
237298
220711
191262
199487
273382
174367
176658
197325
206722
192269
219113
253556
643640
217162
208806
188300
274679
185461
143237
196613
169619
165114
228076
206404
261540
207448
202253
488690
343541
219038
233656
159032
194050
285076
255114
223791
276956
270964
263795
293340
193377
199526
147070
325217
204886
234866
2059059
225563
160033
11695448
205777
206621
148730
196305
232121
208669
195187
205634
173763
171744
262408
166882
274176
212118
318737
197221
206524
169522
166153
1086827
1912968
250816
221794
141755
158403
180477
192536
170128
214031
480950
196626
172237
170329
218543
130450
178778
397479
255261
178612
186339
212043
224995
192401
324033
526294
207724
270608
154614
164525
159423
175273
212034
207576
215198
168104
162316
137996
234348
165926
170651
284638
197980
169814
151356
161160
170772
200764
187967
141430
187403
131700
164116
470453
278754
181386
147258
196894
133840
207186
189401
193315
159855
220654
3446130
202897
69521
162711
174385
189288
166659
141032
150565
188884
139708
164247
218778
134562
4447912
211249
174303
165651
162600
125270
159070
157351
159455
160057
153833
162002
212648
167741
158461
903399
191079
172613
175197
188464
167825
158819
136968
1008814
194894
3531698
143506
244577
197425
210363
186755
622050
230797
151892
185734
181695
174159
239785
708239
182254
167583
133525
118679
213823
181603
633549
140832
178885
147766
255935
168838
165220
165968
151376
187835
131835
188327
177372
152515
7261243
11507844
229883
176572
177704
156862
169387
199711
161386
7828162
226795
155661
172698
276450
220132
122620
165530
190515
155123
199376
153356
6551524
167176
180888
176301
149881
10588694
158946
619773
165871
2798660
162454
178745
161183
223029
204921
198333
194877
143001
153771
170168
174943
157887
2957079
184945
201288
14712353
166882
167473
155791
200260
121412
191283
522074
1062407
155193
150610
154240
161356
549483
161180
167365
127025
157946
181402
167639
171354
153853
173916
168224
186011
184437
198591
134550
147638
146232
121231
149002
162163
152254
139331
5803915
158813
160524
147079
339587
187825
66277
153247
116285
217978
438477
152007
136393
185622
169711
124772
1782523
214357
169634
164789
1982308
171190
161516
174167
170207
257816
166543
163525
154691
126710
200119
156889
209221
176029
167345
169085
166569
176684
148304
176398
178033
264665
194984
644047
202605
163147
187898
153191
175724
160995
175656
285456
208458
188460
166773
168571
200136
171481
266048
142885
1532046
176142
178043
246973
214969
156063
173863
200648
191871
179044
203729
168658
117178
224501
193958
168010
181551
175721
128178
260614
125381
170565
134814
139707
122912
199352
177362
176452
399639
199490
194029
217524
155218
4204680
278447
184474
173358
199201
126458
184656
151810
210615
258501
190987
137270
166556
175541
130694
167447
12054151
161417
153890
195628
199136
263732
406946
172295
158426
200654
182029
3738833
194200
201518
178359
236341
136353
171793
211244
149831
223803
305419
151903
153367
200059
145717
135661
7691560
210290
209857
147607
150071
185233
177762
202664
182259
140289
146597
183561
246831
170746
210295
198216
164681
169442
161340
176433
251525
131289
168944
140924
225583
151346
180298
154043
177447
169069
166036
236003
230690
171760
189384
724832
13345770
137700
145499
144006
170909
155818
175859
189577
157117
87288
164951
185231
181069
229495
328464
2093266
216853
216699
2076209
201729
153604
142003
165341
220037
219674
177904
211769
181379
125922
11483107
232069
161007
197718
138197
163366
216198
143123
168050
219854
182962
139550
139748
144412
202490
199711
194374
230957
154561
129638
133213
166888
176105
158695
186891
152205
177680
424149
169239
130036
250031
251460
185244
121398
170682
171295
174530
219795
335976
126698
176465
158179
222438
165655
208167
180849
182281
141059
253577
208168
181063
170305
165627
197913
181845
206854
185708
156647
154247
236640
448177
165733
144855
204153
164833
275275
221567
178896
4873714
221561
221985
138141
168359
189409
118355
135090
296092
158883
166399
142004
174066
134649
137102
144259
216647
188292
8668955
148641
123513
1037228
192298
303125
185985
163993
205980
205046
168663
213231
257722
182840
222573
205482
184767
168730
184149
148134
199735
517773
201749
126828
170409
176513
140685
132454
157991
211403
173973
1856254
125829
151011
173194
194682
174254
172536
267396
175046
151102
328683
232340
7099467
190667
243414
275365
207417
169752
142975
218884
739708
180125
154798
217774
250520
173167
148668
163552
168138
193156
223039
397445
181137
213885
200253
157348
136432
250778
177141
8172946
149225
196485
132900
162681
195697
3104352
253867
2997447
137787
118865
135094
175955
182977
183887
181450
172351
179594
2918854
167848
4403725
180224
164642
168029
166241
182257
176960
147222
234966
250700
172225
167533
129764
161932
200658
149522
171159
145940
176470
273587
168231
194287
131315
137697
174708
217920
195345
3917051
174648
290581
164133
149830
159710
203859
182204
171956
79072
183416
155848
195691
193822
149490
177497
189235
244033
163537
238237
168982
157613
151630
161621
5899982
281710
166477
294030
257410
190719
225324
236519
198690
160292
156989
184737
132705
181081
208203
246004
7081869
227212
158538
230954
174068
76481
159076
430092
138821
198174
144668
174588
203038
2297852
162685
221020
154677
122810
339102
145949
172316
5014894
206911
210066
171370
196655
181162
182220
184770
223620
178964
277992
164933
164867
180123
159717
227938
129401
197215
189468
119563
137905
158333
161013
169169
183216
176707
179028
74749
152243
406253
158461
170367
179807
199770
133877
208106
186480
167669
178666
371433
246965
162121
233827
171285
161687
176480
286955
206949
150224
236579
190699
160803
159976
174966
148172
204419
213607
382353
161970
142190
197817
176130
212688
242389
1891338
185014
320068
235939
109297
146441
187129
189945
176233
124911
132337
170920
179085
156111
178317
257737
192270
236565
171402
173512
238511
216782
157718
183450
2640235
241689
221243
197954
207082
181897
270799
253400
172186
141776
150921
154587
178631
131348
175763
161417
175922
164023
178378
122802
280553
157807
193366
217453
209445
171165
178997
165005
172763
247470
125842
151980
179206
175826
141461
253812
184657
175869
185971
194219
331948
208044
164468
142132
68869
201621
363999
172938
180114
176113
237497
155458
174839
169922
437081
164545
164006
193613
170246
202487
625607
506777
182738
183428
188563
138266
241220
145807
81612
287030
166590
212171
165744
376329
144845
179153
181499
178316
234151
158397
185176
170232
156230
201082
163917
2272555
180283
771402
182043
331470
160173
239324
192566
291017
269298
193880
182618
137723
143076
178917
271776
186014
166969
493121
193201
164819
174064
210075
175100
168099
178675
173009
10424814
177072
307270
8066740
192596
176633
191650
175974
157000
171232
219893
195778
169854
213282
135653
189833
167749
443350
176882
301838
178910
4499225
178251
172409
223552
210806
190900
174821
193161
2520796
183654
221579
185479
213497
4328635
184550
171803
202699
238473
181778
235714
194136
200237
186775
162213
16107224
2758913
133681
203129
183563
189298
224359
167242
215733
222570
161999
2319823
197644
300170
420325
256178
139887
201163
173515
190447
181003
171491
2469444
339372
222885
210199
203955
2356676
181749
200601
155750
175009
171290
449596
180911
173019
205657
199907
197502
228472
198081
205050
179005
175090
207779
173664
413294
184785
183430
1365114
249730
6516721
140822
181522
187668
145274
136501
195294
179899
193928
147546
179425
148058
303880
204571
138828
148283
2292212
255812
173272
215510
178196
261875
202868
222117
253460
297919
214848
206201
176830
713067
192004
199632
155474
219315
180312
138300
360337
228897
172548
204366
306082
178693
201483
187944
247928
203595
78201
233701
145415
2507888
180617
2292394
185672
198009
224218
171309
210269
212636
142371
32498001
213875
1098445
172954
172214
187498
197479
259392
180273
230190
153168
168007
1841272
188047
187545
368224
193946
798602
214235
187285
7013619
193534
219951
212705
252946
212366
191894
206696
156872
194131
197830
229690
260591
159421
198690
216095
263315
215757
77517
223438
185119
201409
232992
448313
244484
205332
779461
221481
154726
205948
196479
230992
144263
189399
181943
201528
254869
271967
172809
232848
186631
193994
300051
194147
149564
550395
194710
154874
170735
166942
176051
82271
216238
167075
232344
217274
7745166
230678
1179020
215693
198599
299368
236275
752612
166307
225998
417400
147518
211409
259027
227218
220791
205147
2288896
184803
169322
144016
193793
235647
240992
211247
159728
274462
164434
214847
198613
245723
346642
171255
781680
233583
199058
266934
220809
234858
216638
157387
198246
243867
177935
191619
235499
197032
189345
248899
189307
242409
188714
180789
228157
216839
220424
206334
221180
4256474
187763
216905
180252
218552
209312
270239
204363
160882
209076
155421
156917
277898
210290
270794
203768
216481
210754
168897
220129
159428
171984
206125
607061
218793
282292
224090
873324
247654
202208
239578
164723
236498
111086
255587
194652
259161
10002070
216486
275174
255355
327688
239200
167710
220468
5671973
201504
236661
267344
207402
2824548
161500
188935
205569
201582
229951
232518
221464
12429933
188390
262134
345692
192920
170792
174307
241823
287874
245230
181477
233880
200726
218156
204903
257448
193973
222710
215592
196109
229172
204623
214197
222809
219191
241818
201947
257157
219549
240961
205774
218068
207963
179916
176721
285751
252910
203018
174647
244587
255268
183666
265038
213552
276679
224547
13898264
222201
260747
298531
212251
224587
265638
160029
185425
160464
193658
268154
133696
7352068
195317
411067
255615
219483
169054
143946
234284
202340
171129
179871
233060
237052
200025
135344
218125
171048
234137
199546
188064
211617
250456
211437
311934
220357
945499
173675
152806
197833
151808
236744
271738
247885
648781
156036
268397
172631
3058215
1241597
197606
268775
215847
178753
149534
266105
169517
224189
148017
196558
164339
136026
281547
180419
236467
224117
130939
189377
176920
170094
330081
171104
188618
253814
173898
200068
166492
223442
215243
248548
233778
166571
170124
237623
216831
131971
165448
180398
191652
509340
166710
146070
168387
178079
163200
163517
165662
171801
313076
183133
138340
158664
209555
153346
164808
223538
192745
142223
148388
177620
160987
159662
221219
164035
156764
169174
1592922
188516
354176
3716932
147848
145037
151194
195814
5486392
272943
175226
149848
174281
3728070
151092
146439
148537
162694
164814
112351
251364
142626
145267
142124
181460
209297
198447
145567
138657
159900
156613
152056
115714
144967
147977
154380
175755
178878
159102
1873629
128702
164155
134343
108737
135042
149232
5510027
212987
157075
133991
158531
153635
160448
149661
232604
168249
168407
173769
131381
156417
236628
162411
181342
157060
133252
152707
153563
151430
163334
175842
155818
134840
151481
122819
164580
121329
171382
121344
156202
160436
215988
136370
153693
131991
123074
172132
160596
165188
177631
154876
155721
115478
190986
150181
115153
149867
144771
156221
224435
133482
167350
223744
141382
162840
153867
175620
156237
171975
130255
136231
178974
150963
233634
164985
157502
161563
130024
177510
234845
261505
135976
154080
208917
187715
178688
157638
146066
151708
120392
2145403
151598
231932
167037
121986
140970
221468
156923
169820
115725
159665
155282
180568
158814
205061
168229
150703
233055
197577
122730
121156
174104
156799
123846
166750
152140
166128
174179
150839
272542
112073
153757
123734
126067
68222
164471
305573
191084
201331
174568
146244
135154
164672
153079
157402
223611
148255
142083
1486313
161570
170780
181671
222873
148377
216322
167801
199745
117167
200835
131160
179857
129459
159753
112104
212322
123149
2591259
162656
118658
177988
120334
108670
159192
262559
3999297
157751
149482
124188
150088
224482
161982
160622
121227
131012
147429
247844
186456
143335
153897
161901
126659
191236
123150
123753
142592
229322
150263
145177
271537
157247
157031
274017
166301
181197
193967
160060
144708
182770
120248
170167
144461
151178
146632
168017
163005
277315
158102
148992
195793
145708
119869
158344
214408
154149
135882
127302
178575
160585
226120
168171
139924
153349
157119
162548
1325284
155593
152546
138771
164029
139805
145599
120362
126185
146206
142668
127750
171858
199214
133861
153268
154192
135066
150525
185291
126698
171066
165077
212009
294403
203623
145393
189938
119406
225758
171363
133246
190984
123625
169380
141266
182901
162218
172379
2274270
160684
168408
229365
1602078
152994
242474
152652
155545
135540
157793
199557
158894
135708
212174
142203
167277
155314
170777
173706
157386
128303
150466
184700
164285
202994
167783
170771
3091707
164767
198971
148845
157637
176646
152490
5085574
145473
176591
181817
114431
212310
120106
175636
181120
204807
184272
212021
258214
185822
200199
199412
190520
231207
132988
172422
138487
169990
142950
120042
164310
145952
3610971
191613
149216
140213
186205
192257
292978
170011
119237
171396
141215
147727
2948833
186256
116114
144478
111383
150368
165583
111479
148427
229939
135171
178339
138989
4102764
142368
133311
163451
171903
155377
179372
178880
157659
1958613
149260
152139
117130
161631
174931
139435
166357
193387
181687
179119
162087
153707
183957
109809
175026
135287
144175
166160
161581
160231
232633
172610
163310
153016
150612
198363
174833
180298
213760
114365
184523
146616
179426
146641
149511
136023
169978
167352
155829
173331
175562
187674
130077
128096
168291
163743
753687
10180976
164498
153910
148350
112998
202589
130865
135547
286248
138580
122288
138714
159055
162074
129923
124182
147216
135911
229629
156165
10339539
2868772
142373
134935
166689
209155
126853
139685
181280
177751
119112
154754
197186
119086
154441
240706
149488
177735
160513
167773
164242
126516
152128
108655
176549
145024
160833
130947
192152
148700
183614
74676
153385
134622
106464
174984
155999
172869
164582
184403
203302
173730
130222
129460
112362
155694
151416
142763
146920
157796
241038
184743
149634
171009
158942
177823
4688307
144808
139409
191644
104986
172091
125568
133191
103946
70936
109346
144216
72258
100848
126042
95768
101821
152193
101021
103939
78820
74546
118688
135305
104882
5650929
111486
98026
84858
162909
133807
111682
109122
100691
81679
104280
97677
96558
88929
98921
124542
378885
114752
92523
116209
198893
88959
77932
76720
114841
172838
117013
126039
87264
106547
107557
118526
91521
82535
104460
132337
5906875
72473
82003
86795
111459
105438
120527
100747
158121
73540
148540
103999
120504
71729
93548
117161
129560
93694
91253
123033
155675
71814
120292
126586
70419
158975
135158
133193
85726
72463
75204
95136
92854
105356
97366
100700
78218
72296
92447
97203
204049
91431
100619
112702
136351
83192
124519
105026
93570
109150
128049
90980
3545620
124123
79063
165211
102847
134086
84523
91947
133019
86947
104136
146124
100943
151389
78039
86352
92386
166573
110834
139163
11008245
122819
95965
79588
112533
116552
93717
111455
360991
127950
96574
98790
90621
158883
169269
89320
154537
122587
76817
104965
79061
152789
166037
157175
116397
141961
92237
142691
100793
123725
105928
84951
123756
108546
104533
103611
85075
124269
94787
95399
98158
77534
115358
111277
101546
84096
103330
78637
113835
112023
101432
87578
95949
161176
138385
109333
134379
156693
105691
73657
107350
78980
90043
83740
94549
106431
95589
75196
2635610
95783
111602
79889
99300
103137
108531
87404
224770
164507
145394
169855
148218
92858
95311
154389
102276
92724
97592
100656
121423
104595
108745
75230
100850
92701
82353
139155
104832
92329
72371
111716
80507
77924
113533
136619
69987
120326
103393
151842
107518
68984
84348
88594
100870
163511
88804
126466
543150
81272
97291
99326
147373
78531
110946
74450
98428
91064
80021
87296
120251
106253
78127
100457
129677
67331
227929
94507
100062
88380
117051
126818
62491
176859
105874
127708
76064
81362
96098
2448621
79439
68551
95697
66561
81204
101278
99478
79132
93568
140058
98485
127586
90625
98315
117473
107466
84847
8873856
165856
6152899
84814
112464
115174
97006
131691
815042
84806
180888
101423
130103
151694
74094
99456
78167
91552
76745
73816
107654
89241
109134
108932
165792
80512
123052
89408
98982
96685
105609
118698
86118
103332
90714
93687
93846
75370
105679
186011
76851
181723
80166
85008
91407
135862
145481
86347
74449
76234
112507
148077
143262
126088
109139
72058
103471
95965
83284
129809
106241
136828
102858
73340
97255
110079
105337
84896
137149
89437
67565
88164
107610
114258
65780
78325
122226
102539
88322
86462
75932
90217
107091
141650
149329
95673
132430
92257
83338
73907
90490
112458
127211
90057
68810
115824
82048
96678
141094
83859
104024
86139
144287
107106
98761
73606
403243
1276575
120986
115983
74330
91402
127836
117437
137691
207201
139200
111558
107144
141722
146845
106812
138495
122256
126015
77893
138810
109933
103238
87472
983297
1982048
95855
88159
99788
158903
91453
94365
379667
86042
99460
101043
116705
113642
75889
182143
181058
95152
100177
139737
111766
86118
134126
148510
110145
112309
166316
169707
328866
134221
133346
228909
171526
125746
165387
151439
239191
2173995
222170
123734
183159
111930
186494
127302
138486
165215
126304
202659
221329
139910
149931
3533965
235854
167169
198848
163768
509517
216820
127129
190020
130283
172155
151344
145897
173345
168774
145638
145183
195178
147590
151085
178564
181493
149273
164417
128382
162098
3413170
187627
180395
178959
208115
255766
181907
174952
126848
205631
181636
178724
138434
157582
177819
128986
192775
158827
160739
192627
181920
182979
184811
54700
166463
224911
139273
142195
159888
176505
294097
198091
159131
175849
165580
135901
397147
143726
113266
178087
174481
285464
4223241
131958
153999
129562
169696
151119
170844
157439
223347
158725
130326
146955
219421
142828
213766
150047
120513
175936
178330
179592
196446
199563
167267
175247
186548
3338445
151208
194193
124940
201014
146035
175823
8110339
167527
134967
169934
297926
149392
194157
165482
158088
160025
214257
178524
247384
9602086
153516
200221
209361
191988
186254
211501
173427
219981
3863954
2851287
225653
2918603
667812
174066
139193
139873
171735
179424
129961
184265
192344
149055
176757
136933
149579
288372
138454
230624
174327
141449
203366
116825
192453
151693
150156
173803
117413
796048
2194554
152978
151383
165442
136111
123663
126796
2644121
127900
134792
175775
129207
140800
97584
101362
155240
100163
318984
141649
95848
110340
178307
126807
183573
135718
161364
1351252
198734
145396
95525
125385
130268
3233710
164302
122458
147380
136286
158978
148868
117867
127288
136591
129549
175912
144103
160535
132947
143487
115416
150769
143472
133306
132116
181258
163385
149268
158113
234541
152128
102173
136402
152928
160984
154406
118526
114768
198264
173689
157710
118082
165650
246730
107026
156155
127684
218064
124304
186827
157560
186890
203691
458393
270052
129824
210918
195194
207028
120539
160390
141334
207720
834724
169848
177856
141549
218875
231107
141639
226035
175844
3598009
167879
146892
118996
178467
173970
162324
230741
122978
379794
231103
5347161
205575
155281
177611
168830
173948
163919
178302
181345
194752
178898
167235
151708
192888
175747
189028
199023
158040
187322
163012
161469
206020
166105
283421
153357
170644
199944
177571
177964
189013
193341
189719
149630
185595
128551
190725
165434
133522
157249
132036
184601
166425
164438
142295
175034
199210
171553
157357
134673
152585
160089
177361
217801
173529
141225
164047
214903
165991
203961
142972
194880
191037
130305
163226
136395
197890
210088
137018
271131
235469
190564
165644
144911
163112
190887
251706
132491
246419
186712
188099
256110
165044
158739
170475
167828
555178
166001
148657
132409
143648
165992
137670
168423
184552
168074
275196
130488
167189
138707
131014
154222
122031
168019
130064
147446
161975
158339
128607
140437
119825
142599
76073
193160
163060
160503
144614
129960
127570
191862
182794
176351
175296
139742
146859
164738
158449
174646
143540
140840
115991
166923
163015
187843
121327
136398
123147
169768
118552
142513
136755
177466
167834
127936
153766
109071
158348
154849
121729
115558
130469
161867
153064
144609
154103
142979
153123
126607
161033
227241
113118
147316
125669
143220
161948
138465
167691
113657
120692
130273
134338
161020
153052
131574
157601
174921
116309
150582
159963
128764
114767
127928
116573
92062
98927
92131
69347
84202
132309
100518
91674
85376
112010
73284
80364
105758
138200
166897
138679
122634
183594
118824
168822
77954
126872
152465
146179
100105
118445
110361
174704
140183
112265
102174
162803
130522
122092
146523
121267
185686
6130290
151058
168600
141237
128890
148612
161164
146650
171919
140028
168284
159652
157257
116265
137044
159368
141974
165475
134489
174708
140548
153746
165813
153466
140263
148648
141266
147996
106577
141885
151875
149685
246134
143467
165246
176400
112755
203255
112318
108046
151200
153131
106504
162231
128135
124128
209213
114481
162155
151667
149038
193969
134270
157020
114726
145651
177745
157538
121221
161831
181461
146672
127092
109938
149207
142084
90632
157988
185163
206992
154972
117120
131054
154776
112501
152760
141916
122315
139278
152448
131232
132524
190974
143755
159314
153712
166447
144323
104715
158427
156410
118671
114820
244883
145518
148018
185011
194056
176285
140021
123628
110141
145060
151122
147533
176549
153597
136403
158272
182367
186363
166315
191783
152590
170524
144883
179573
159914
160620
157682
118599
189937
194427
136890
138847
159770
189048
164024
185825
262632
158995
123282
130387
148562
134391
168634
150176
244782
164400
158612
178489
187214
139027
184023
168390
146633
149784
190285
2094324
134999
134863
158448
160914
133503
206253
187278
183248
171583
158392
221828
238469
58118
205079
244596
212181
166525
172121
278347
185243
157518
144296
176787
158768
181807
175207
161386
225248
141244
181044
153121
215716
216096
178992
167864
165301
210584
177828
166500
173480
211163
201664
209148
175224
188051
205720
208060
187592
151413
2330517
182864
217752
151419
184755
253030
152768
157064
178468
168801
171937
147203
166763
205021
190083
183143
174473
187506
171303
199298
175732
184898
180213
134217
187747
137374
136431
141220
201689
229968
342057
178293
181738
168538
180646
178741
142866
130530
178863
165702
162784
180803
184562
241897
169664
449466
152348
171701
168659
202733
153804
125942
162622
132307
166624
157488
169446
137632
190901
168893
165366
489839
203105
162280
173153
147575
181680
182378
210752
172414
168493
181781
172629
205775
131932
176356
244171
170542
182033
136628
133465
171984
19016218
150528
160379
135544
164018
144799
170018
165774
181273
198249
123175
122295
166152
211512
157132
144485
222223
238677
180873
173021
164956
156327
177248
137840
163900
138487
172518
124235
181981
140337
180621
176067
129304
221029
254608
141451
186320
177494
168633
173003
195504
232510
178937
132916
173167
177796
151922
168617
128081
172272
165011
200397
164858
127647
178880
197546
208870
171457
187548
210754
204269
287617
186824
183833
149418
152260
168270
235943
164491
157436
137368
184126
210019
172718
191570
158728
184780
159082
123118
134152
6677924
125202
131402
157724
162975
184987
150839
178265
139015
146912
117256
174398
174163
130208
184734
117663
174382
125134
175773
199557
121143
157244
2560100
154897
191142
2090753
144102
134097
135575
152849
120498
137149
130410
171797
164387
126296
167925
157092
1938682
198418
142295
133363
173758
165515
178530
162621
166520
178539
122060
187392
148514
183644
172556
152069
181541
219234
189091
124132
212330
198272
126602
2079952
197562
9608646
166488
169870
177456
2055515
184579
210882
211969
169984
178524
150261
156557
198783
135565
168674
192694
162413
197865
195605
148029
144784
199578
166135
183274
170624
204324
179751
165166
134600
202769
216258
180312
185111
153227
182003
202406
138872
199895
188251
177127
202014
182660
2902738
191799
169176
176266
183438
131153
155307
138378
142367
128640
172506
168545
132500
160101
125145
169559
173973
135534
137704
189005
165690
308331
141973
176858
190077
144380
154348
206441
172369
131727
138299
151421
152938
180730
143336
185393
161362
181350
179669
174655
183775
146616
235133
269085
170151
177899
153049
254997
187429
198973
159606
236956
203139
176078
5209027
193564
180494
206442
184383
162646
210559
161242
326998
234749
266122
153850
168281
184874
156477
140414
147381
204694
166031
223418
163819
202223
166735
144963
10365710
192402
148844
193489
153336
199011
205739
202511
191648
209108
142701
164832
199662
150377
200280
156020
210690
193345
169254
193521
221004
151425
276881
191327
155800
172483
245317
180969
200586
158656
200768
473665
171385
210644
156468
258992
159253
173047
662840
514789
213207
146263
145554
161806
191201
203609
225098
241379
167247
168061
168288
214706
138947
146092
609503
215362
182762
196553
186439
183941
140767
205594
223717
186633
171821
230820
228330
193706
160444
158668
159540
183399
205391
134510
187615
193678
195842
260315
222903
198214
256342
160070
204175
161014
185014
222046
206137
160857
147610
144275
152269
152008
