2101
3116
2069
2985
2471
2391
2239
2354
1993
2143
2273
2275
3324
2965
2399
2544
2939
1988
4160
2505
1668
2212
2224
2103
2449
2498
2036
3031
2525
2364
2278
2167
2672
3528
2514
2561
2262
2168
3264
2565
3304
2711
2720
2855
3501
4333
1931
2952
2326
2356
2773
2249
2178
2770
1925
2439
2565
2059
3320
2545
2029
1981
2033
2604
2428
3289
2554
1969
2260
3021
1877
2116
2555
2501
2633
2199
3019
2494
4006
2035
2857
2163
4435
2009
2425
2354
2022
2483
2335
2232
2909
3112
2274
2490
2135
2356
2780
2390
2418
2519
2104
2381
2456
2315
3325
3116
2742
2520
1843
2342
4387
2132
2094
2115
2553
1757
2344
1986
2854
2514
2957
2110
2754
2887
2368
2874
2389
2338
2818
2724
2375
2577
2383
2292
2436
1653
2699
1961
2446
2125
2364
2891
2271
3773
2408
2474
3222
2281
2350
2215
2901
2007
2777
2157
2345
2962
2596
2740
2065
3730
2553
1985
2012
3348
2466
2974
2634
2672
2221
2523
2318
2347
2270
2427
1688
2618
2653
2417
2519
2353
2262
2669
2366
2332
3526
2803
5050
2093
2644
10296
2730
2182
1908
1992
685484
2055
2558
2359
2233
2259
2613
2668
2869
2959
1832
2961
2530
2156
1855
2220
2121
2012
2511
3354
2713
2348
3447
2868
2529
2117
4064
2951
2722
2273
1847
1910
2901
2343
3008
2525
3542
2169
2152
2399
2970
2063
2249
2443
1818
2621
2454
2461
2638
2319
2329
2420
2461
1991
3320
2405
2250
2059
2731
2608
2560
2727
2013
1848
3450
2491
2313
1871
2057
3329
1973
2594
3162
1995
1974
2410
3859
3955
2279
4214
4462
2840
2001
3016
2473
2318
2618
2293
2101
2391
2679
2137
2365
2260
2468
3622
2844
2971
2517
2037
2267
3096
1977
2915
2796
2464
2110
2143
2320
2174
4144
2398
2523
2422
3182
2743
2242
3391
2127
2585
2754
2762
2098
3235
2654
3593
2503
2961
2075
3419
5678
3354
2781
2211
3484
4585
2191
3407
2486
2672
1722
3189
3390
2641
4230
2177
2568
2043
2274
1802
2530
3326
3210
2786
2274
2175
2598
2429
3637
3454
3100
1943
3359
2325
3157
2763
2943
3546
3130
2138
2200
2261
2180
3692
2629
1939
2688
3939
2848
2434
2195
3692
2206
3189
2817
2379
2384
2008
2714
2934
2279
3760
2532
2979
2285
5256
2455
3442
1730
2446
2856
2739
1809
2049
2537
2343
14473
3143
3031
2215
2702
1885
2824
2588
1761
3713
3575
2975
4919
2601
2381
2061
2669
2042
2779
2377
2620
1986
2365
2365
2819
2528
2992
2635
2291
3059
2215
3012
3116
3449
3031
3122
2817
2257
1987
2610
2470
2348
2780
2545
2966
2805
2277
2495
2628
3234
3603
3418
1992
2589
2419
2778
2435
2380
4146
3717
2656
2287
2425
2691
2191
2983
3249
2301
4427
2286
3423
3124
2066
3746
2638
3895
4197
2303
4356
2359
2410
3625
2708
2829
2726
2441
2221
2445
2528
3420
2580
2474
2861
2986
3126
4973
2671
2439
2715
2116
3392
3403
3355
2627
2544
2919
2008
2542
2682
2340
3437
2922
2419
2041
2246
4287
3392
2556
2914
3088
2231
3940
2802
2660
1924
3166
3382
2568
2539
3224
3540
2272
2450
2717
3501
4976
2213
2061
2110
3520
3210
3037
2227
2751
3409
2623
2252
7109
2101
5165
3372
3120
2928
2491
2434
2061
2009
2323
2589
2550
2763
2137
2397
3402
2761
4436
2044
2383
2481
2204
3407
2175
2185
2310
3060
3757
2032
2830
2261
3947
4701
2332
1782
2912
2341
3528
4299
2119
2921
2564
2065
2377
3760
3593
2389
2851
2615
2543
2352
2142
2822
4148
2379
1977
2433
2684
2621
7970
2562
2384
2833
3128
2752
2437
2308
2317
3018
1937
3536
2619
2978
3228
2992
2220
1709
3982
2731
2493
2837
2035
4492
3071
2635
2520
2317
3191
2308
2503
4251
1982
4226
2799
2734
2046
2493
2189
2877
2210
2213
1985
4739
2169
2284
4197
3501
3867
3272
1805
3293
2423
3885
2955
2766
2124
3178
4436
3301
2296
3005
2216
2957
3094
2487
2402
4573
2980
2178
2281
2151
2576
2750
3426
2722
2773
3007
2960
2375
2389
2382
2934
3242
3759
2254
2720
3902
2289
3075
2607
4000
2143
7591
2697
2381
2153
2088
3122
1778
3021
2442
2551
2972
2321
3144
2632
1810
2940
3273
2199
2869
3355
3221
2260
2679
3656
3137
3847
3946
4215
2795
3194
4105
2739
2510
1875
3160
2186
2469
2383
2208
3833
2619
3733
3637
2927
2452
2754
2599
2795
3151
2352
1917
3015
2341
2655
2947
2573
2587
4099
2331
2005
3915
2424
3639
3224
3504
2565
2825
3083
2224
2971
3726
2580
3040
3433
3859
2425
2401
2898
2666
2225
1948
1992
2437
2944
2688
2880
4116
2015
3022
2691
5598
2579
2430
2159
2918
3354
3057
2239
3478
2747
2724
4338
2015
2318
1646
2849
2596
2354
2998
2272
3253
2707
3479
2348
3849
2213
2410
3799
2693
2664
2416
3457
2208
2414
3754
3244
1835
2737
2688
2076
2160
3140
2956
2655
3014
2234
2284
1947
2950
2764
2781
1742
3250
2252
1878
2763
2589
2593
3042
2663
2036
2964
2566
2251
2131
3181
2480
2906
2380
2628
2944
2073
3685
2658
2787
1932
2416
2004
3426
2106
2381
2705
3539
2372
3162
2480
2102
2391
2448
2542
3380
2869
2745
2767
2172
2073
3124
2911
5114
3207
5064
2454
3370
2821
2636
3291
2918
2511
3454
2485
3326
19451
3059
2748
3291
2400
2389
3285
2495
2825
2337
2482
3840
4983
2330
2215
1898
2566
3066
2779
2713
2407
2651
4429
3744
1921
4429
4652
1953
2391
3225
2404
14246
3161
3113
2064
2393
4315
2494
2589
3090
3505
3306
2782
3735
2231
2771
3164
2781
3256
3120
2436
3452
3934
4028
2509
3042
4403
4215
2731
2398
5283
3909
2303
2864
2698
3652
5064
3057
2223
2771
2009
2394
3682
4402
12833
3852
2195
2449
2353
10354
3260
4514
4025
2657
2062
2435
1835
3206
4913
2700
3652
3070
3195
3172
2348
4193
2246
2693
2215
2108
2864
2571
2730
2491
4260
2854
2590
2596
2487
1616
3492
2887
2540
3380
3120
2431
5509
2468
2776
2685
3060
2742
4095
2360
2092
4576
2638
3000
4469
2729
2900
2052
2186
2797
2901
4665
2415
3939
2264
3053
4477
3787
2322
3151
3643
2117
3259
3240
2375
2664
2831
3485
2336
2730
2946
26931
2622
2541
3011
2104
3232
3003
2728
3618
2789
3834
4308
4242
2275
1882
2506
2697
2220
3919
2991
3413
2565
1879
3150
2233
2827
2558
3365
3738
4165
2331
2744
4019
3484
3105
3548
2643
2428
2675
7200
3552
2419
5335
3966
1942
2547
4974
5697
3775
2951
4504
2769
1642
4558
3931
4741
2826
2289
2379
2065
2150
2435
2021
2247
2221
2090
8651
2157
2343
2499
3451
3637
3437
5176
2985
2294
3448
2153
3040
1766
2673
2159
2420
2672
2060
2758
2165
3962
2387
2281
4393
3459
2258
2092
2516
4334
2106
2345
1781
2725
2755
2442
2699
2124
3352
2970
2496
2483
2960
4824
4604
3088
3993
2006
4230
3853
2477
2541
2439
2977
5124
2648
2862
2170
2169
5670
5490
2323
2707
2869
3032
2811
3810
2308
2222
2579
88071
3207
3927
2614
2147
2093
4033
2079
1942
4148
2366
2305
3539
2482
2194
3045
1878
2609
3477
2316
2060
1961
3097
5577
2277
1949
2445
2081
2470
2603
1880
2159
2668
3222
2980
2210
2216
2046
2630
2124
2438
2434
2274
3995
3761
2941
2143
2517
3063
3471
2226
2666
2450
2596
2778
3020
2139
2143
2184
3307
4421
2200
3037
2322
3550
3691
1690
2818
2864
3507
2206
2159
3587
2453
3545
2019
2745
3148
3056
3727
3765
2579
18197
4280
2292
1949
2457
3604
1823
4108
2716
1919
2626
2115
2106
2752
2165
2456
2288
3295
2960
2341
3148
2551
2727
2822
3113
2572
2260
2197
1621
2424
2906
2313
2349
2773
2542
2583
2148
1635
2520
2686
2312
3678
2543
2715
2225
2138
2364
2553
2733
2945
3593
1941
3004
2361
1933
2988
2195
2253
2531
2715
3315
2210
1834
3922
2193
2283
2437
1986
1947
2259
2370
11091
2915
2553
2536
2104
2294
3339
2625
3533
2474
3765
3556
2148
3126
1482
1647
2106
2438
2808
2492
2207
2442
2708
2322
2260
2723
2253
2440
2551
2834
2147
3292
3020
2411
1969
2373
3552
1743
2825
2883
2167
2451
2454
2425
2369
2274
4379
2804
18076
2163
2886
2440
3077
2286
2672
1812
2607
2891
2209
2282
2398
2064
2252
2417
2511
2655
2308
2555
2344
2626
2410
2759
2644
2324
2549
2808
3290
2166
2300
2828
2983
2291
2844
2444
2676
2218
2102
2209
2807
2123
2507
2155
2733
2794
3154
6084
2629
2469
2537
2806
2313
2966
2297
1551
18472
1557
4193
3755
2356
2445
2823
1898
1982
2463
2532
2252
1511
2370
3350
2391
2377
1996
2320
2929
2632
1774
3067
3521
2116
2458
2867
3952
2150
2777
2183
2420
2800
2282
1755
2593
2812
2115
1994
2394
2355
2869
2997
2049
2390
2856
1843
3764
2175
1986
3261
2305
2266
2273
2655
1495
2461
2798
2861
2637
2164
2057
1893
2159
2428
2733
2879
2322
2586
2123
1707
3180
2424
2737
2143
2320
1959
2769
3555
2213
2255
53704
2587
2013
2277
2303
2259
2800
2676
1882
2460
2150
2080
2622
3222
2974
2348
3773
2405
1951
3914
2511
2366
1772
3634
3753
2200
3560
2465
2227
3145
2525
2666
2627
2416
2324
2027
1889
2817
3383
3161
2572
1917
2279
2349
4657
2606
2620
2760
1942
2685
4207
3042
4963
3046
2899
2528
2747
2518
2752
2280
2899
2551
1860
3901
2345
4058
2139
2305
7653
2176
1841
3720
2258
2054
2625
3474
2397
3365
2493
3096
2122
2779
2031
3045
2131
3488
2126
1958
2335
1935
4277
3028
2959
2457
2666
2484
2840
2526
2202
3360
2400
1922
2104
3958
2470
3469
2436
2360
2604
2311
3708
3697
2125
1743
2304
2471
2533
2516
2592
3161
2422
2684
2302
2645
3012
2907
2540
2020
2663
1501
2261
2267
82257
2212
2148
2835
2322
2142
3481
2528
2339
2120
2280
3401
2201
2140
2623
2399
3162
2165
2482
2770
2532
2831
2360
2923
2273
2811
2069
2306
2312
2601
2303
2187
2898
2192
2222
3140
2336
3310
2033
3864
7541
2372
5017
2098
2815
2330
2289
2523
2356
2080
2414
2561
2961
2343
1640
2423
2894
2597
2344
3522
2621
2633
2449
3190
2539
2362
2249
2605
2856
2261
2581
18763
2414
2497
2581
2301
2642
2727
20995
3298
2493
2914
2092
2487
2122
2647
2142
2730
2940
2264
2448
2230
4250
2124
2155
2368
2281
2057
3087
2522
2166
2242
2294
2358
2287
1732
1922
2017
2309
2037
2738
2389
2687
1818
2318
2610
2448
2951
2993
2205
2962
3194
2588
3146
2434
2244
3134
3899
2279
1950
1920
2162
2584
2429
2652
2294
1780
2554
2973
1706
2376
2613
2583
2934
2685
2083
2039
2439
2089
2842
2221
2847
2013
1772
1970
2805
1941
2342
2210
2216
2494
2685
3349
2606
2231
2330
2299
2335
2119
2282
2091
2054
1774
2491
1918
2326
2794
2135
2303
2201
2408
2470
2794
2279
2603
2240
2324
2192
2441
1947
2298
3124
2365
3746
2588
1554
2511
5729
1695
1614
2422
2505
2810
3853
2979
2505
2357
2452
2681
2415
2152
2457
1936
2190
2624
2921
2635
2368
2393
2105
1790
2784
2215
2189
2967
2376
2550
2571
2927
2089
2269
2276
1733
2396
2015
2768
2354
2666
2046
2547
2441
3419
2314
4522
2181
2805
1811
2875
2800
2853
2306
2302
2689
2191
2170
4052
2740
2485
3551
2061
2423
1963
3339
3617
1895
2893
2656
2335
2370
2949
2344
3377
2261
2820
2568
2375
1978
1616
2722
2134
2567
2571
2038
2279
3026
2448
2070
3356
2187
2178
2308
2205
3447
2296
3759
3800
2052
2376
2398
1860
2275
2182
2563
2161
2196
2473
3386
2098
2185
3165
2501
2647
2635
2377
2045
1594
3623
2921
2149
2653
1867
2203
2077
2694
3122
2766
1844
2122
2510
2386
2507
1693
2408
2376
2676
2547
2308
2957
1822
3898
2284
2657
2467
2898
2525
2577
2812
3243
2258
3348
2096
2124
2097
1597
3162
2938
2540
2412
2507
3216
2408
3136
2122
2167
2630
2380
2577
2065
2146
2991
2905
2012
2063
2226
2672
2527
3183
1939
2059
2845
3065
2921
1767
3042
2475
2001
1957
2654
2541
2160
2229
2492
4791
3580
2645
2808
2526
2282
3565
2313
2782
3302
2139
2588
2975
2936
2886
2704
2529
3093
2288
3018
4274
2053
3082
2882
2156
3136
2971
3336
2964
2701
2446
2506
2539
2210
1370
2443
2357
1937
2494
2270
2361
2600
2338
2160
2595
2111
2876
2796
2815
2795
2152
2557
2384
2050
2641
4089
2815
2547
3227
2962
2906
4584
2995
2240
1747
3490
4427
2099
2163
2007
1761
2365
2640
2110
2382
2219
2770
2481
3626
2485
3190
2191
2809
2356
3145
5582
2762
2997
2310
2719
2945
3229
2695
2308
4021
4976
2847
3097
3029
2579
2664
2923
2574
2508
2303
2830
3762
2569
2500
3148
4160
1755
1916
3181
2939
3010
2436
2559
2645
4075
3145
2076
3604
2097
3427
2651
1983
5491
3729
2149
2582
4737
3108
3838
2822
4226
2777
12128
2178
2642
2238
5017
2401
2344
3454
5150
2750
3005
2255
3084
2807
2956
2711
5087
2803
3081
3660
2476
3500
3128
3106
3202
2936
2623
2915
2549
4016
2532
4664
2317
2624
3066
2417
2505
4815
3872
2677
3672
2710
2464
3268
2453
4097
4594
2455
2855
3960
2524
2093
2322
4582
3542
3742
2127
2381
2218
3029
3688
2578
2739
2918
2631
2241
2989
3417
3276
4323
3158
3948
2214
4562
2763
3531
2497
2054
3428
3081
2664
2713
3416
3666
4210
1964
2827
2658
3229
2149
3464
2283
3600
2622
3066
3638
4181
3924
2752
2131
1923
2555
2843
3395
3154
2876
3091
2120
2840
2948
9636
3252
3709
2458
3501
2964
2245
4352
5920
2089
3912
4477
3465
3135
4225
3047
2613
2001
4337
4071
3940
3088
4212
2512
3287
3657
2613
2044
5181
2802
2984
2452
3015
3766
2766
3238
2384
5301
2865
2319
2273
3114
4099
10809
3035
2208
2635
3739
3450
4345
3478
3553
2176
3244
2583
3166
2457
2955
3692
3759
2740
3903
2770
3174
3719
2922
3544
4507
3772
3148
2761
3937
4053
1972
3395
2521
3088
3787
3299
2502
2087
2606
2730
2810
2088
4377
4044
4931
3867
4769
3256
2632
3708
2233
2386
2510
3119
3000
2941
2748
2627
3672
2363
2168
3350
3064
3643
3026
4877
2711
4226
2898
2934
1759
2368
3252
3411
3329
3277
2912
3148
5321
3432
2254
2209
3011
2456
2298
2606
2059
2675
8307
2921
2040
1941
2049
2693
2400
1656
2732
3620
3432
1984
2159
3173
5394
2393
3274
2564
2312
4029
2367
2991
2835
2442
2403
2088
2993
3468
2568
5428
1747
2678
2892
3642
5644
3237
3427
2846
2349
2421
2635
5432
2203
2365
1382
2462
2822
2555
2120
3257
4337
2454
2771
3426
3954
2137
2683
2627
3702
1866
1971
3878
2525
3500
2958
2722
3153
2893
4314
2662
2295
3196
3991
4440
3293
3898
2218
3862
3193
2946
2267
3414
2471
2367
3574
3501
3083
1951
2726
2272
3449
2316
2293
2569
3171
2230
3696
2781
3925
2380
3224
2954
2409
4638
2635
2511
3006
2479
2464
2355
4983
2327
2669
5145
3600
2510
2744
3359
2415
2713
3573
2603
2198
2651
2508
3000
3469
3577
3725
1985
2871
3395
3418
3165
3424
2015
4014
3196
2818
2360
2628
3344
2977
2665
5560
2270
3053
2671
2713
2620
2532
3424
3020
2075
2684
3260
3245
2778
4649
2769
2285
2220
3859
4285
2784
2794
2082
4393
3220
3551
3342
3334
1871
2320
3123
2504
2327
3562
3102
2049
2994
2810
2488
3271
2528
3004
2580
3398
3377
19376
2159
4593
2481
3110
3780
2711
3322
2104
2947
3618
2031
2939
4963
2284
2596
2338
3160
4691
2378
2357
2406
3067
4867
2452
2225
4515
2436
2471
2281
2171
3057
3369
3371
2909
5632
1799
3372
2410
13968
3449
2764
1870
3334
2246
4067
2475
2544
2570
2557
2798
3656
2357
2322
3753
2495
1935
2374
2930
2319
2072
5166
2400
3280
2352
2234
2221
2151
3134
2810
2262
2732
2724
3795
3140
3328
1837
3337
3768
2686
2921
1922
2343
2706
2854
2189
4701
2605
2283
2361
1972
2912
4049
2739
2874
2655
2242
1691
4353
2274
2275
2063
3213
2449
3466
2808
3163
4048
3756
2352
2974
2553
2458
3595
3790
3389
3020
5193
2487
3567
1871
3112
2992
2417
6295
2764
4495
2519
3947
3715
4861
2284
4185
4721
4512
2980
5108
3007
2188
2722
3208
3282
5192
1975
2435
2488
2880
4849
2585
2425
2769
1901
2658
3091
2167
1989
2042
2142
2462
3164
2672
2628
2587
3032
2281
2485
2722
2256
1797
2530
2294
1784
3121
1996
2579
2342
3241
3257
2537
2837
2394
3759
2556
2828
2249
3605
5125
1999
3825
3370
4723
2837
2213
4162
2365
2685
2197
3553
2157
2778
3490
2886
10004
4762
2749
2271
2993
3511
2971
4408
5109
2876
3392
3990
2584
2813
84985
2738
3914
3101
2618
2599
2866
3332
4107
3922
2668
2041
4819
2868
2421
5254
3683
2774
3489
3316
4862
3160
2587
2915
4806
2535
2808
2165
3284
3401
3112
3266
3191
5914
2768
3083
5245
4090
2830
4556
2116
3062
3981
2458
4041
2794
2759
1911
4752
3244
4509
2552
2067
4450
4040
2853
2950
4729
3777
3181
3512
2484
3099
3012
3219
3199
2996
3905
3467
2091
4179
2540
2788
3282
2340
4667
3897
2901
3477
3024
3971
2744
4138
2895
2781
2712
2758
3563
2753
2313
2700
2577
7183
5306
2500
2763
4881
2150
3351
3474
3364
2067
3655
5158
4416
4083
4430
2972
3109
2601
4340
1885
2460
3258
3529
2445
2281
2481
4037
4697
3258
2940
2943
5731
2949
3973
2733
2871
2576
2495
2946
2978
2756
3473
1869
2727
2668
2659
2108
2538
2831
3313
2871
6196
2775
3491
2332
2568
4099
5727
6813
2657
3548
3460
2535
3749
2739
1939
2751
2362
3416
4079
4225
2095
1837
2821
2429
2514
4634
2890
5978
2702
4168
1863
3637
2515
2592
3243
3783
2413
2444
3234
2548
2362
2223
1530
2921
3495
3410
2748
2149
2658
3175
2087
3249
3846
2273
2389
2938
3483
2363
3447
2954
3688
4086
3338
3477
2673
2173
2678
2883
2525
2304
4620
2719
2302
2264
3859
4198
2318
2519
2289
7703
2640
3582
4690
2318
3295
4519
2638
2961
2005
2707
3086
3015
3579
2589
2150
2090
1695
4419
3007
2455
3583
2592
3997
3255
3010
3866
2786
2852
2223
4112
2436
2031
2591
2237
2913
4995
4036
2898
2963
2364
2867
4116
3167
2291
3196
4738
3982
2563
2834
2453
2351
3120
3412
3360
3691
2993
3406
5075
3040
2565
3236
2067
2386
2781
2659
2574
3596
2703
5474
3978
3777
2940
2438
2663
2890
2587
2083
3344
2669
4355
3973
3359
2839
2850
2714
2483
3405
3867
2570
2853
2920
2784
7993
2253
2706
2245
4266
3608
2563
2286
2669
1737
2549
2033
2912
4097
2775
3048
2350
2493
3416
3970
2512
2178
2311
2621
3077
2019
2323
1887
2123
2692
2788
2442
2941
2715
3934
2508
2375
2146
3577
2268
3428
2380
3381
1953
2135
2909
2457
3040
2425
2108
3227
2573
3530
2808
2384
2855
1915
3041
2047
2890
2118
2652
2375
2246
3384
15785
2286
3755
3136
4508
2607
2683
1943
2218
2373
2685
1996
2091
2955
2294
2427
2177
2995
1971
1916
2476
2718
2707
1912
2797
2364
2354
2331
2302
2207
2115
2747
2642
2442
2519
2121
2059
2710
2112
2533
2518
2458
1860
2033
1806
2255
1495
3014
2411
