1208
1705
1544
3204
2485
1195
1505
2420
2241
2624
4655
4229
3667
2267
3329
2622
2283
2288
2326
1790
1267
2323
3564
1321
2364
1880
1730
1402
1279
1835
1515
1933
2220
2408
2874
1852
1114
2725
1129
2095
1805
2303
1813
3332
3379
1058
2291
1884
4665
2246
3068
2625
2041
3482
1280
2047
2228
4128
1954
2001
2412
2098
1917
2087
2093
2340
3472
3138
2112
2982
873
1825
1525
1726
2763
2290
1939
3872
1657
1337
1441
2218
1913
2615
1935
18366
2422
1896
2618
3225
1653
3148
2023
2864
1209
1777
2798
3323
1877
4008
2831
2679
1599
2508
1581
1660
1321
2299
2030
774
3528
1832
1857
3532
1030
2389
2717
1885
3828
2242
1366
2640
2139
2333
1480
2719
1530
2253
2801
1045
2052
3138
2385
1848
1735
3163
1236
1870
2280
2194
2727
2838
4285
24558
1861
2613
2516
2042
2294
1766
2246
1785
1433
1208
1652
1312
2477
2826
1392
1968
3111
1797
1000
1896
3549
2394
2777
1837
1767
2949
3033
3716
2708
1613
3631
1931
1758
1342
2781
2045
1591
1887
2444
3054
1763
1876
2053
2371
1239
2024
2190
1628
2786
1427
2317
1693
2801
2219
109859
1949
1591
3002
2206
2120
1411
1995
3536
1628
1854
1899
2542
2133
2821
1857
3481
2057
2192
2645
2484
3140
2201
5482
1940
1748
1879
2930
1921
1208
1538
3206
2697
773
2539
3092
3546
2083
1127
2785
1502
2719
1312
2998
3577
2283
2659
2877
1853
2107
3427
2588
1729
3993
1499
2939
2247
2701
1830
2118
2530
3000
2399
2952
5155
3097
1747
3346
2132
2030
1758
1483
20325
2498
1311
1881
2491
2191
1719
2704
2131
3904
2101
2046
2569
1739
1608
679
2938
2811
2118
2625
2286
1731
1185
2630
2703
2006
2648
2261
1028
1558
4466
2694
1507
1478
1261
2331
2311
1543
2150
1471
943
1757
1496
1275
3163
1459
2369
1241
2230
1734
2033
2075
2636
1080
1519
2788
1768
2462
2149
1335
2267
1403
2185
2403
2876
1631
2965
1983
2069
4033
2584
2235
3417
2375
2901
2885
2026
2442
2418
3282
2753
2276
2154
1623
1662
1989
3789
1530
1810
2456
3006
2780
1951
1972
1069
1661
1468
2312
2902
3618
2391
3384
2020
1728
1866
1618
1949
1900
2762
1637
1685
2839
4219
1570
2436
3522
2162
2504
727
2387
2149
2183
2621
2948
2450
3311
2936
2315
1289
3066
2494
1965
1237
2074
2633
1887
2408
2140
1569
1749
2353
1976
1817
1278
2547
2547
1941
1875
1131
2666
4431
1034
2469
2270
1422
2453
3103
2128
3315
2938
1725
1712
1931
1693
1985
3466
1756
1904
1972
2419
1964
1611
4069
3906
1665
3455
1772
1987
1606
1469
1468
2450
1910
2179
1625
1219
1852
1429
3655
1803
3191
1265
2473
2325
1452
2997
2467
2430
2533
6171
2725
1448
2633
2340
3660
1910
2003
2691
2437
2007
2332
2201
2991
2719
2398
3629
1912
3075
670
1856
1647
1378
5546
1956
2355
1232
1486
1794
1864
1882
3410
1508
2250
1430
2638
4004
1142
1288
2020
1558
14396
2169
2143
15153
1998
2370
1603
2689
1654
3993
2437
2752
2068
2756
2937
772
3038
2218
3284
1795
1926
1426
1662
2843
1669
2292
1668
1235
1370
7647
1787
1553
2684
2261
1362
2243
1239
2323
2382
1747
4814
2672
1422
2883
2143
1249
2290
2279
1689
1042
1856
2241
1808
2442
4621
1589
2315
2823
2421
2963
2878
1967
1715
1229
1033
3500
2117
1616
1522
1193
1570
2097
2085
1899
3078
2796
3342
1883
1425
1793
2092
1936
2066
3199
1847
1697
2903
2429
2496
1113
2634
2307
1180
1483
1988
1750
3014
1831
1919
853
1835
25288
2494
1837
3167
2836
2310
2732
2708
2140
2316
2880
1453
2631
2469
26821
2043
1366
2652
1282
1949
3780
2107
2452
1435
1903
2604
3740
2143
2832
3791
1213
2127
1639
3298
36601
1979
2551
2757
1089
1610
1679
2177
1481
2090
1266
1615
1729
2668
2160
1231
4269
2124
3473
2363
2849
1989
2196
1870
3745
1946
2040
1634
2402
1748
1749
1130
2309
1708
1519
3001
1887
1584
1446
1270
1931
2540
2754
1857
2065
2215
2292
1909
1124
2298
2101
1685
1973
2398
1734
1760
1923
1414
1196
2353
891
3751
1911
2452
1744
1894
2458
2286
26381
2083
2228
2268
3049
2827
2709
1819
1173
2865
1765
2535
3611
2302
1226
3264
7461
1550
1045
2148
1620
2872
2544
1672
3532
1369
1467
1228
1840
1554
1066
1589
1220
2604
1553
1824
2082
3759
3283
1412
2448
1648
1988
3712
2031
1934
2101
1031
2128
2010
2216
1443
2859
1998
1409
2260
1756
3517
2218
2260
2659
2980
1449
1757
1653
953
3055
1468
1621
2615
2308
1522
3497
1846
4090
2264
4690
1446
2922
2204
3606
1514
1886
1878
2500
2728
2111
2833
1547
2252
2059
1179
2234
2135
2070
1397
2571
1987
1159
1679
2270
2879
1124
1773
509
992
2213
4938
2618
3420
1299
2295
2882
1774
1767
2002
2421
1554
2052
1011
2296
2400
1898
1892
1524
2302
2339
1984
2018
2786
3065
2025
1969
3019
2517
2529
1446
3445
2207
4019
2030
1399
3067
1542
1388
2156
2559
1243
2365
1635
2733
2550
2293
3240
1913
3597
2021
2038
2177
3513
1714
1775
2424
2587
3303
2747
1083
1736
1839
2412
1936
2337
2216
1572
1634
2037
1670
1704
2088
1189
2380
1849
1522
2093
2654
2175
1243
1764
2546
2552
2263
2124
2012
3626
3238
1586
2370
2600
2486
2605
1521
2351
2170
1425
2600
1882
1061
2370
1324
1694
2388
2099
3099
1595
1663
3810
2284
1643
2736
1701
1162
1824
1674
1171
2206
1371
2301
1577
2447
2104
2109
2479
2232
1503
1691
2162
1828
2091
4226
4066
1068
1675
2359
2809
3005
2787
2598
1549
1427
984
2505
2192
1688
2241
2101
2781
1710
2069
1748
1283
3030
2204
1980
1961
1704
1636
2677
1894
1749
1101
1977
1558
3043
4217
2147
1150
2213
2122
3588
2171
1964
1857
1232
3296
3021
2332
1122
2480
2604
2237
2016
2659
2206
1551
1842
1290
1517
3091
1456
2830
1179
1954
5097
1149
1715
2253
1786
2252
3346
3262
2296
3044
1281
2454
2059
2132
2294
2100
1517
952
1433
2678
1428
2634
2712
1825
1284
2833
3023
1984
1264
2241
3470
2313
38526
3538
1759
2720
2277
3275
3042
1618
2120
2522
1410
1353
1766
1187
3834
1968
1513
1852
1534
2491
1708
2070
1213
2817
2457
1148
2183
2317
1521
2500
1818
3575
1679
2612
2733
2127
2282
2546
1556
1443
1758
1206
1936
968
1422
2635
1541
1912
2726
2353
2163
3110
1627
2477
2319
2617
3494
1733
1945
1717
1216
2692
3029
1806
2040
2278
2972
2122
1216
3597
2046
2373
2276
2245
2169
2241
2066
1741
1447
2259
1879
2818
1897
2400
3250
1683
1660
1693
1974
5351
1626
1437
3100
21958
1445
2151
2872
1998
878
2577
1463
2995
2212
1613
2714
2245
1889
1981
2231
2556
1452
1675
3277
2283
3684
2472
17625
3572
2858
1756
2965
2513
1772
3683
1872
2501
2066
3327
2034
1476
3648
2446
2201
2195
1499
1996
1671
1478
2336
1393
2504
1208
2191
2810
2002
1054
1025
2490
2097
2688
2221
2217
1781
3245
2115
2068
2045
2059
1423
4494
2471
1599
3553
2131
724
554
2300
1303
1614
4635
2386
2980
2992
1309
2339
1053
1300
121882
1254
1988
2146
2670
3135
2438
1756
1327
2611
2694
1417
2250
3918
1963
2459
1397
2065
2500
1790
2263
2114
1824
2016
1099
3738
1883
1760
1606
2776
1934
2002
1909
1982
2662
2487
2148
3713
2956
1335
2630
1857
1054
1337
1591
131034
1962
1946
1778
1031
1669
2194
3094
1879
2086
2708
1300
1790
3291
3113
1924
2565
2438
2124
1300
1715
2106
2193
2235
2694
2664
1937
2097
2266
2279
4080
1710
1858
3292
1442
2036
1563
3020
2585
1227
2668
4554
2468
1552
4033
2181
1844
3190
1587
1947
976
2154
1103
1231
2358
3218
2692
1785
1880
2077
2035
697
2669
2046
1723
1090
1524
1668
2565
1785
2547
2165
6002
2541
1881
1421
3157
1843
1310
3441
2113
2114
2788
1657
1828
3049
1780
2615
1620
1314
2862
1755
2600
2568
1370
3042
1480
3524
1454
2469
2023
1996
3049
1678
2548
2442
2396
1866
3027
2861
1663
3533
1698
2614
2247
1079
3102
1975
1734
5513
1090
2457
2203
2135
3962
2313
1817
1680
4660
1785
1520
2182
1924
2329
2022
1865
2146
1998
2643
520977
1689
2031
2027
3147
1921
2461
2311
1922
1802
1891
2179
2309
3377
3391
1994
1525
1798
1770
2361
3009
2719
1335
2707
1261
752
2338
2136
2595
1673
2116
1869
1406
1444
1638
822
2665
2689
2329
2798
2390
2260
2200
3353
1376
1820
2205
2328
3733
896
2091
2559
2958
2398
2360
2587
1080
3669
2438
999
2658
2261
2634
755
1462
2566
2545
1660
2472
1474
1863
3572
1823
2592
1464
1833
2785
1214
2247
2043
1550
1942
1197
3150
1094
1792
2123
1509
2613
2470
1684
1915
2205
1798
1704
3709
1137
1003
5436
4142
3081
1572
2064
1410
2024
1389
1169
2136
2173
1674
2650
1209
2079
1933
2037
1278
3027
1697
2719
2234
2322
1164
2038
1959
1974
1994
3261
755
3278
2447
2883
1705
3363
1445
783
3875
1578
2149
1670
2235
2657
1492
1942
2225
1544
2202
1795
2822
3456
2723
1817
2401
2025
1195
4373
2160
1317
1637
1252
2991
1887
1955
2217
2063
1658
2125
2038
1834
2059
1209
2328
2967
1980
2026
2667
1669
2196
3692
2697
2351
2184
1823
2169
2699
1682
3098
2183
2001
2063
3085
1633
1884
1639
1475
4156
2139
3195
2190
3577
2268
1718
2772
1499
1954
2500
1729
2309
3386
1811
1703
2035
1936
1383
854
2207
1463
1656
1853
1521
2296
2081
2320
2260
1805
1896
1395
2253
1490
1917
1205
2585
1980
1038
1533
1568
2304
1940
2975
1847
1998
1386
2528
1826
3710
2565
2079
1456
2547
2238
2556
2470
31977
3239
1994
2572
1560
1857
2794
18765
1837
2077
1041
1099
2087
2332
1752
2026
1920
1841
1169
746
1761
1484
1646
1213
2160
1738
68189
4466
1570
1996
2394
1998
1608
1343
2215
3708
2551
2190
1847
2490
1337
2745
2433
1237
2473
1933
1814
1488
2547
3361
1850
2257
2480
1970
2064
3918
2321
1185
5974
2350
1820
3507
2175
2258
2666
1585
1141
2906
2944
2066
3342
1914
2301
1726
1948
1943
1433
2200
1885
3068
1521
1556
1870
4689
2687
2003
3086
1187
2970
1413
2094
1639
1711
1727
2925
2037
2176
1343
2543
2260
2931
1244
1864
3496
1799
1958
1423
1809
1834
2621
1071
2523
1884
167100
1944
2119
1950
4767
2093
1631
1858
1546
1806
1111
1246
1868
3290
1645
2387
3137
2115
3422
1396
3837
2471
2046
2739
1964
2517
3018
2208
1423
1972
1246
4664
2497
2439
2488
2081
2163
1804
4536
3516
2246
1553
2896
2351
2200
1590
1856
2076
1693
2211
1577
1395
1667
2331
2392
2356
4073
2026
2757
2010
2619
2412
2619
1993
1582
738
2226
2323
2326
1905
2070
1989
1761
1971
1643
1854
3014
1975
4450
2244
1550
2005
1577
4861
1754
2026
3979
1773
2212
4627
1038
1796
1609
2070
2622
1584
2407
2233
2151
1702
4027
2123
2235
1975
2895
2520
3913
4022
1015
1450
2178
1824
2159
2573
4045
3796
1925
2158
2900
2476
2046
2619
2865
1767
2181
2460
1431
2620
1855
1390
941
1268
1156
3020
1002
1791
2642
1660
2145
1496
2349
949
2667
1941
2939
2067
806
2339
2383
662
2661
2160
1629
996
1458
1977
3416
1448
1389
1981
1613
1793
1461
1799
1664
2424
1401
2834
2282
2128
1374
2802
1930
1684
1141
2155
1752
1308
3642
957
2204
2217
2175
2145
2233
2355
1646
1620
1983
2389
2134
4153
1829
2907
2312
2282
2666
2179
1777
1924
2744
1277
1737
97485
1843
4416
2836
1637
1936
1585
1494
3285
1570
1793
2698
1704
1854
2067
2978
1473
4099
1467
1759
2769
2877
2131
1801
2837
1345
2014
1740
1827
1951
1286
2933
1072
94067
1312
2709
1899
1036
2180
1724
2035
2447
1658
4182
2128
1956
1788
2471
2195
2403
2276
1592
2529
3078
6197
2341
2645
1353
1764
1767
2091
1689
1969
2108
1513
2129
3451
1926
2203
1529
1640
2412
2107
1385
1743
3332
2325
1518
2683
1669
1653
1503
1873
3165
1773
2502
2059
1711
2140
1711
1846
2899
2555
2220
5011
1867
1746
2160
1944
1700
1432
2407
1890
2247
2096
2146
2228
2312
2215
1796
1938
2145
1690
1837
2007
2562
782
3619
1033
2236
3278
1436
1543
2609
2369
1835
2888
2776
1580
2639
1923
2222
2162
1530
4387
2010
2010
1686
1970
2039
1665
1865
1892
1611
2815
2947
1817
2056
979
854
1474
3673
2836
1673
2127
2015
2121
2078
1766
1766
1898
2591
2245
2075
2840
1779
2291
2172
997
1082
1837
2607
1914
2357
2202
1672
2999
2124
2529
2519
2273
1718
2630
2158
3460
2004
1436
2049
2232
1761
2237
2422
1572
1728
1478
2306
988
2907
1750
1390
2296
2170
1240
2096
2685
2665
1176
2001
2163
3589
4740
2976
1864
1819
2738
1729
1874
1836
2496
2791
3103
2073
1688
1546
216514
1888
3180
3134
1894
1849
4110
1956
3115
1899
1977
1865
1287
1977
2455
1324
2090
2056
1609
1880
2241
2748
3018
1915
2127
2373
2286
2392
2030
1757
1468
2082
1907
2072
1784
1643
2670
1451
2774
2314
2439
1354
3438
1050
1873
1982
2127
2777
3922
2961
2496
1840
1845
1201
3010
1687
1735
2738
2131
1997
1455
2421
1782
2269
2695
2076
1666
1553
2030
1868
1817
3474
1646
1643
1832
2001
1997
1749
2146
2095
1906
2348
2400
2700
1778
3003
1837
1120
1810
999
2879
1915
1666
3377
2484
915
3400
3147
3059
2128
1673
1900
1830
2076
1192
1767
1597
1938
1773
1785
1793
1277
1352
1886
1182
1713
1765
2891
2046
1979
2058
2390
2820
2471
2435
1861
2508
1603
1601
543
2234
2139
1659
3813
2379
1906
1206
3143
1691
2095
3406
1830
754
1311
2016
1905
2388
2218
1820
2529
2211
3822
3166
2367
2082
2231
1954
2875
17738
1850
1093
1003
2362
2406
2527
2684
2142
1522
2328
3547
1227
1373
1556
2184
1214
2055
2473
1620
1382
2921
2003
2826
2101
1750
2545
3247
2252
2174
1535
1798
1784
1955
1638
2407
2200
1502
1285
1415
1677
2370
2283
2144
1776
2593
1870
2040
1902
2259
1857
3763
2176
1798
1990
2250
1095
53938
1903
1702
1183
2418
2717
2340
2534
994
1847
2591
1380
2300
2310
2099
1819
2015
1503
2115
2313
3221
2949
1438
1633
1803
2298
3613
1758
2048
1922
1388
2378
1853
2209
2331
2807
1789
1616
942
2537
2108
3134
2029
2198
2372
952
2545
2556
992
1481
4504
897
3076
3479
2248
3492
3390
1830
1891
2113
1688
719
2536
2137
2210
1808
2100
2627
1753
1960
1811
1687
1557
3368
19486
2027
1337
2461
2273
1185
1826
2702
1343
1177
1919
2374
1381
1666
1748
1998
1607
2684
2684
2119
1143
2012
1435
2526
1901
1681
2821
1706
2352
1859
1914
2290
1735
1951
1988
1860
3327
2692
1953
1638
1587
1586
2150
2093
2322
1752
2340
2032
3533
1617
2008
2381
842
1259
1997
2893
1804
2324
3379
1310
835
2365
2253
3501
1901
2187
1867
2155
1192
1742
2562
2088
2128
2011
2123
1209
2848
2000
2343
1972
2134
1528
1187
2267
2079
1348
1709
1524
1972
3427
1598
1130
1445
1212
2145
1782
1879
1594
1700
1750
3558
1313
1759
2886
2059
1894
1047
2651
2236
1650
1971
1665
2443
1999
2678
1922
1818
1453
3571
2878
1735
2236
1344
3269
936
1889
851
1156
2111
2946
1509
1981
2028
2160
2314
3283
1841
2359
1339
1429
2180
1470
1762
618
3577
1110
2601
897
2378
2346
1367
2099
2095
2212
2038
2312
2361
2019
2390
1272
2503
1729
3151
1699
2292
3192
2035
2626
2175
2940
1452
1882
3546
1919
2422
1418
12796
3556
2201
1667
1036
1701
1901
3408
2401
2108
1267
1348
2180
1754
2042
2941
1317
1536
2200
2378
2935
1350
2834
1320
2791
1936
1811
2033
1013
2038
1867
2389
2694
1637
2424
1790
1938
3556
1922
1938
2606
3926
1401
3238
2040
1110
2019
1706
2445
3613
1384
1676
1996
1940
1612
5492
1785
3449
2044
1779
2988
1533
1665
1032
1489
2540
1784
2464
2170
1055
1787
1590
1973
1683
1887
2916
1735
3833
2417
2008
1991
2624
2181
2717
1422
2099
3045
863
1334
3506
1758
2922
1866
1938
2103
4139
3522
2317
4141
2510
2471
2064
2257
1556
2698
1765
2220
2122
1484
1920
1366
1753
1900
2157
2421
1072
1967
912
1903
1795
2112
1467
2162
29436
1353
1379
2590
1407
2343
4462
3739
1299
1726
2034
3532
1526
4127
1410
1807
1799
1577
1453
1315
3608
1714
2273
1877
3056
2336
1736
2117
2886
2181
2410
1173
1327
1761
1405
1404
4005
2047
2085
1630
3205
2089
2024
1515
1238
2345
1538
2160
1622
3048
1892
1899
2292
1928
2647
2528
1423
3478
3575
1897
1668
2148
1820
1858
2011
1844
1725
1900
1808
2149
2970
2750
1352
878
1389
1911
3000
1884
809
3073
2028
1017
2546
2165
2958
2057
1684
2037
2859
1545
3151
1787
2205
2503
1237
2986
73756
2007
1538
1242
3002
2597
2279
2328
1965
2091
895
1951
1555
1628
1764
2799
1084
2330
1851
2377
1820
1092
1895
1413
2377
737
2942
1664
1763
655
1598
1471
1596
1679
3028
2331
1454
1816
2057
3379
1702
1988
2251
1997
1556
2382
2146
1864
2227
2515
1081
4173
1840
1213
1987
1222
3113
2537
1601
3271
1845
2717
2362
3145
2071
1848
2658
1978
1585
2561
2441
1602
1741
2142
3199
1825
1658
1290
2040
1540
1046
2026
2006
1088
2786
4380
1761
2304
1266
2371
2053
3178
2927
1258
1363
2430
1824
1410
3256
2022
2596
1779
2181
1617
2265
3169
2905
1332
2146
2460
2356
2236
2254
1209
1224
1523
1651
2068
2180
2519
3631
8055
2203
1931
1190
1828
2207
1683
969
1336
1419
681
2778
2450
2644
2870
3339
1865
2223
1871
2447
2367
2291
1141
1189
2820
1843
2435
1450
2357
1398
4860
1481
1902
3078
1607
1283
1074
1713
3889
2590
1177
1556
4327
4364
968
1449
19837
1652
1712
2605
1016
3054
2325
1059
3577
1909
2259
1818
2131
697
3333
1712
2564
1315
1994
2926
2010
1948
1290
2910
2183
2072
2142
4337
1773
1628
2461
1804
1200
2038
1602
1539
1543
825
1261
3002
1852
1443
1855
2298
1057
1467
1907
2207
2952
3073
1321
1736
2555
2543
2074
2090
22121
680
1535
1683
1618
1309
1964
1475
2171
2139
1503
1356
4142
2224
3011
1204
1553
3688
2277
1884
1710
1426
1762
2358
1417
1247
2663
771
1800
3240
1036
1963
1846
1738
2717
2539
2152
2028
2157
1339
3635
2069
1921
2438
3388
2243
2099
2447
1544
3869
1646
1301
1935
1804
2628
1325
3236
1798
3555
2214
998
2365
2114
1714
2244
2906
1616
1272
2164
2508
1959
2141
2170
1923
2393
2429
2903
3480
1432
1800
3527
2009
1476
3286
1734
2251
2594
1394
2334
2957
2100
2011
1973
1440
4793
2196
1417
2226
2173
2298
2152
1671
5021
2531
2235
2641
1448
1424
2425
1791
2240
1676
986
1730
3011
2250
1878
2574
1524
1732
2066
2915
2212
1782
3688
1979
2829
2373
1396
2422
992
2430
1727
3054
1986
1468
2160
2092
2009
1562
1778
1661
2155
1871
3079
2044
3151
1796
1433
2814
2373
1613
2379
1932
3840
1655
2573
3041
2382
2660
610
1428
2074
1271
1715
2691
2245
2231
4102
1375
2796
1915
1842
2511
1548
2044
3393
2189
2033
1690
3309
3674
2422
1943
3129
2002
1752
3226
1507
1663
2218
2024
2364
2328
2000
2880
1858
1873
2427
1043
3951
1335
2224
1736
3215
1984
3186
1585
2289
1539
3242
1977
3090
1998
2094
1767
2416
1724
2553
1515
2152
3004
1416
1408
2840
1844
3168
1963
1090
1968
1565
2121
2220
2549
1575
2444
1722
1894
1817
1689
2096
1907
2075
1492
1842
2831
4526
2507
2078
1484
1417
2199
2483
2136
1922
2048
2851
1519
2639
1977
2023
1320
2456
1885
954
1861
1237
1663
1235
1782
2202
2130
3305
2288
995
1383
1402
1644
3293
2147
2251
2479
888
1596
4780
2654
3005
1891
1833
1919
1379
898
3475
3242
1486
2748
1230
3201
2421
2048
1892
3549
1143
2113
3961
2229
2201
1868
2488
1887
1436
1377
2216
2061
2092
4026
3663
1202
2209
2008
1888
2393
1317
2039
1958
791
1043
1950
1909
2557
2585
1429
1612
1905
1517
2180
1899
1668
1294
1869
1673
3601
2149
1928
2067
2655
1623
2787
3402
2369
1887
3792
3282
1399
1830
2170
1545
1273
2962
2331
1036
1921
3092
2342
1419
1872
2426
3158
2077
2776
2269
18946
1671
2707
2061
2006
2356
1290
2204
3027
2249
2346
5097
1224
1508
1850
2484
2946
1930
2447
2495
2511
2130
2501
5401
3917
2525
2285
2271
3199
1582
2505
1657
1887
1709
1630
6181
2100
1944
1976
2838
1672
2022
2015
1174
3101
1410
1979
3911
1557
3130
1934
1148
2618
1837
4927
2196
1824
1729
1689
978
2103
1428
1977
2027
1442
1219
2326
1976
1517
2880
2800
1432
1769
3185
1125
1152
2545
1345
3351
2301
3460
2879
1978
1061
1053
2901
4267
992
2801
2126
1161
2664
1385
3521
1437
3292
2150
3702
3541
1201
3746
2088
2097
3074
2737
1549
1349
2298
1227
1874
1729
2403
2286
1195
2774
1245
2587
2118
2693
2056
2138
2675
1641
2326
1837
1555
2635
2167
1817
2160
2361
1195
3617
2114
2743
2180
2159
2422
3930
1831
1980
1395
3968
1043
2023
2084
933
1581
2269
1656
1745
2579
1761
1350
1929
1587
2815
1838
1843
1716
3727
1716
2086
4346
1447
4691
1372
1322
1183
1007
2270
1436
2246
2827
3794
2323
767
1683
2965
1936
1839
3464
3241
1821
2329
2005
1504
5055
1352
1958
1948
2220
1983
1312
2325
1847
2107
1736
2080
1810
2062
2389
2289
2286
1179
1203
2851
2040
1303
1454
3617
2292
1249
3302
2110
1483
3611
2540
1965
3267
3114
5622
1723
4052
1723
1961
2419
1825
1267
2367
2554
859
1470
1528
1769
1665
1492
2657
3206
1362
3410
814
1354
2338
2101
1655
1331
2483
1456
1746
1599
2921
2352
2371
5044
1902
1719
4129
2315
1719
1310
1765
3022
888
2131
1211
2612
1987
2580
2660
1416
2369
1922
2066
3702
2282
2490
2544
850
1835
964
2537
2790
1549
2526
3989
2119
2092
2074
2395
3549
1669
1809
2486
3062
2886
2112
1099
1645
2218
1432
1665
2722
2576
1519
1585
3302
1462
1187
3821
2143
1787
1876
944
1873
2244
1003
1488
4026
758
1629
1918
3070
2624
1725
2583
1242
1829
1794
2139
2086
1960
2013
2271
1728
2135
3739
1399
1579
2723
2872
1216
2281
1797
2487
3228
1933
2190
2263
1744
4610
2148
2133
2263
3248
1251
1236
2267
1588
2338
2108
2093
2656
2994
1614
2445
2032
2043
2057
1350
2094
1068
3218
1590
1120
1564
2035
1788
2066
1579
2971
1110
2211
1826
2071
1864
1485
1470
1323
2564
1797
2967
2659
1934
1628
1534
1654
1907
1724
2988
1693
2620
2357
2554
2340
1076
2282
3315
2378
2103
1638
2067
2157
1892
1999
3249
1581
1756
1901
1523
3009
1650
1526
2097
3427
2164
1076
3499
1728
2457
1574
2242
1819
835
2551
938
1710
2433
2092
1808
2296
1794
826
2489
1052
2006
2863
2404
2786
3789
2153
1124
4337
1786
2141
3244
2819
1485
2520
1778
1038
2571
1985
1141
3107
2745
2131
1332
2041
1566
1875
1402
2200
1251
2296
4598
2827
1415
1891
1739
1757
1834
1514
1518
1920
2219
2714
1732
2394
1224
3533
2057
1356
2216
1675
2498
809
1914
1222
1949
2375
1667
2338
13119
2333
1447
2194
2017
1656
2000
2759
1807
2481
1984
869
14002
1895
1528
1839
2784
2010
2316
3111
2148
2648
2324
2104
1431
3326
2392
1826
1612
2959
1955
647
1653
1635
1956
1212
1455
2467
2355
2022
2970
1884
1397
1918
1860
2106
2770
2136
1975
1227
2762
1935
2044
2593
2066
1792
1937
1865
1803
3038
2162
1642
3151
2235
2410
1612
2066
1374
2639
1729
1969
1568
1413
2771
2476
1636
1124
2508
1632
1552
2084
1897
4394
2343
1013
551
1657
1984
1888
3007
1301
1915
1851
1995
1785
2409
3213
1624
1598
1859
1208
3256
3097
2111
2258
1630
2438
2989
2039
2428
1345
2257
1559
2628
1795
4582
2585
2376
101757
938
2287
1679
2026
2011
3619
2728
1510
1942
2348
1651
3078
2604
17370
1814
1506
2085
1014
2514
1817
2419
1514
1873
1893
1563
1947
2869
2188
1822
2064
1593
2645
2088
2589
1968
2617
2223
1211
1837
1295
1656
2219
2253
4101
1563
1936
726
3247
2022
2244
2141
1832
2685
1970
1303
3178
2083
1935
1999
1272
4226
11413
1565
1779
2397
681
2319
2096
1728
1816
4174
1305
3440
1838
3100
3673
2373
3221
1267
4094
2167
1917
2433
1455
2227
2479
4980
2037
968
2135
2310
1738
3279
2077
1962
1554
2478
1654
2137
1379
1936
1873
2193
2467
1477
803
1692
2686
1464
2131
2633
2140
2523
2765
1989
1044
2027
1915
2106
1442
2693
980
1201
1761
1695
1813
2488
1986
2095
1755
2112
1540
1399
2189
2780
2872
1434
2307
1166
3695
1910
2181
1786
2035
3153
1855
984
2093
1625
2145
2861
2789
1871
2719
2041
2631
2697
2182
1511
3564
1352
2010
1929
1344
4209
2378
3244
1960
1833
2188
1744
1187
4163
2586
1359
2327
1930
2246
3956
1964
2924
2175
1381
2168
1887
2372
2671
2333
1912
4177
2030
2796
1300
1711
1127
1507
1895
1065
1895
1745
1245
4052
3614
3368
1553
3549
1614
2170
1075
3165
2669
1744
3014
1301
2305
1927
2004
2687
2847
1108
2557
2044
1739
1956
2602
2521
2315
1479
1750
1948
7680
1732
2525
2928
1487
2844
1250
1221
1109
2874
2045
2662
2232
1273
1532
1677
2052
1352
2006
1910
2318
2011
2801
2390
1685
2177
2849
1185
1576
2787
2515
1644
2243
3820
1532
1737
2234
3878
1600
2878
1698
2028
1666
1865
1642
1725
2687
1818
2505
2113
1688
3863
2556
620
1792
2292
2881
2376
1362
1976
1570
2057
2887
2330
1299
2316
2523
2653
1186
2717
1582
1195
3102
1969
3727
1308
1580
2677
2104
1363
2468
1919
1230
2847
1816
3657
1904
2284
3846
3130
1108
1427
1987
1977
3536
2776
2394
2156
2061
2061
1730
1955
2018
3112
2311
1770
1768
1517
1992
3067
2187
3262
2491
2353
1450
2538
1286
1993
1907
2311
5522
2239
1535
1571
2834
2760
1902
2459
2391
2089
830
1512
2376
1114
3204
2244
1338
1219
1029
2144
2127
1644
2275
2207
1464
904
2047
1647
1741
3179
2084
1978
5972
2257
1526
623
1528
1585
1982
2631
1265
2657
1532
2518
1385
2274
1784
2770
4339
1094
3419
1572
2453
1253
2033
2389
1627
2150
2428
2211
3416
1844
1699
3154
1172
2327
1779
1981
1595
2178
3051
2259
12020
1522
1630
1738
2537
2262
1507
2049
2498
2285
1430
2409
3073
1900
2724
1688
1309
2293
2088
1092
1564
2205
2246
1973
1491
1905
1319
1475
3249
1644
2888
2666
1866
1976
2203
1676
1944
2178
2385
2405
1790
1832
2062
1574
1979
2786
1771
1790
1762
1613
2441
1893
2151
2202
3523
1802
2623
1537
2109
1260
1764
1901
1941
1932
1182
1860
1099
1858
2206
2223
1863
1506
2009
3444
1281
2067
2209
2025
2482
1987
2094
1772
1494
1587
1619
3250
2001
2955
2577
1683
2153
1189
2214
1821
2228
2314
1422
1933
1719
1232
1836
1322
1317
2650
2135
2136
2871
2185
20489
3585
2271
2197
1412
2026
2655
1832
1065
1887
2316
1750
2252
2953
3015
1074
3295
1954
4208
1650
1716
2310
2023
1396
1309
2358
1989
1931
3457
1982
4338
1828
1928
2647
1726
2461
2703
3432
2323
3888
2879
1889
3119
1950
1836
2140
2294
2002
1739
1265
2457
1704
1995
1939
2413
1838
2302
2616
2399
2057
1878
2069
2320
2775
2056
2669
1403
1342
1152
2546
1284
2339
3404
1922
1945
3927
1883
1687
1561
2104
1679
1251
1749
1894
2064
3780
1918
1805
3157
2558
2125
2341
2492
856
3237
2161
1780
2970
2188
2754
1650
2658
2101
1992
2175
3008
1825
1543
1963
1102
1931
2414
2160
2239
1505
2053
1667
3019
3034
1970
2516
2123
2510
2512
2828
2132
1571
1272
3930
2160
1653
1503
2120
1929
1104
1897
2248
2657
1586
2960
1880
2344
1512
827
2007
1815
1617
716
1985
4191
1697
1923
2285
1447
2796
2883
1652
1370
2731
1701
2989
1356
1961
4692
1132
1587
1081
1446
1419
2001
1509
1820
1525
987
2110
2653
2142
788
1937
2904
3009
2485
1499
3083
2079
1102
2225
4450
1075
2147
3027
2284
18428
3551
2849
1563
2487
1233
2422
2161
1142
1956
2460
1935
1339
2140
1712
3225
1629
1854
3203
1951
1675
1654
1292
1812
2268
2392
1580
971
2189
2562
2096
2186
3351
2763
2408
1655
1817
1939
3725
2240
1956
2043
1389
2035
1943
1974
3130
2002
1788
2198
1658
2011
2122
1346
1846
1233
2061
1734
2557
3169
1777
2897
1993
2342
2836
1707
2909
1765
2076
2099
2553
1698
1533
2027
1137
2080
2720
1805
3946
2062
3017
1952
1859
2820
937
1797
1710
2228
1819
3667
2199
2584
2171
1905
3016
1871
1643
2719
2491
1692
3567
1662
2351
2977
1923
1732
1439
2212
2704
1481
1816
1467
2399
2265
2689
2815
1604
2130
1822
3510
1718
2126
1534
2534
2968
1753
1780
2473
1597
2796
2346
1682
1890
3652
554
1356
2001
2366
1771
1943
1703
839
1655
1240
1829
1649
2553
2713
2167
1895
2175
2102
2354
2171
1746
3011
1672
1093
3468
3135
1392
2467
1590
2107
1341
1640
1029
2458
1845
1422
1768
1680
4161
2446
1833
2261
2186
1595
874
1169
2670
1826
1998
1959
2527
1942
2311
812
1994
2084
3097
2603
1757
2021
1823
1352
2204
3305
2247
1831
1615
2287
1740
1998
2189
1613
3756
1719
1995
1349
1957
1664
1587
1389
1829
1131
1809
2589
1607
2404
1684
1686
1240
2680
1788
1596
2530
2161
1817
2912
2853
2173
1970
2043
2396
12172
1575
2729
2438
1825
1455
2215
2399
2364
2961
1970
1771
1348
3086
2572
2009
2368
1787
5346
4534
2698
1137
1536
1366
1202
1134
1987
2579
1345
2148
1497
2478
2771
1958
2375
1769
1664
1739
2061
1324
1188
1804
2162
1979
1980
2437
1250
1813
2575
662
2075
2211
1644
2697
1611
2109
2482
2333
3311
3583
1352
1411
2650
1856
1979
2463
1965
2112
1545
1328
642
1881
2071
1897
1921
1352
2725
1185
2613
1648
2515
3100
2209
1966
2315
2145
1710
2787
2336
2369
2116
2514
2766
2409
2012
3251
2365
3023
1550
1019
2044
3503
1943
1979
2156
1731
2948
2117
1802
2894
1428
1770
2602
2542
18578
2436
1524
2178
1888
2132
1796
2939
2197
2054
1958
1893
1395
1751
3269
1795
2640
1019
1013
1842
1238
1847
2196
2213
2825
1731
2588
1520
2974
1933
3613
1273
1824
2365
1420
2278
2689
1949
1947
2168
2070
3731
1658
1661
2625
3417
2236
2828
1777
1327
2527
1727
1565
1514
1507
2566
924
2605
1356
1269
1437
1760
4076
2676
3653
474
2106
3468
2115
2437
2921
1580
1827
3567
2031
2101
4293
1938
3187
1860
1569
1483
1058
1657
2296
1589
1778
2049
2019
1426
1611
2968
4138
2123
2182
2840
2571
1165
2283
2631
574
1721
995
1947
1246
3122
2383
1750
1582
3174
2323
1106
1975
1698
1671
1434
1928
1816
2683
1778
2176
2560
2842
2332
2110
1916
1564
1499
1805
797
2124
2383
2063
2040
2305
3530
1532
1853
2174
1775
2150
2776
2093
2071
1815
779
3229
2014
1862
2505
2598
1262
1502
1922
3026
2768
1866
1764
2877
1802
1662
1624
2194
1137
1914
2018
1896
1352
2388
33858
3341
2086
2082
2288
1358
1513
1402
1977
1804
1668
2127
2418
2070
2271
1337
1473
2829
1701
3213
1753
2128
2608
2034
2136
2429
2021
1377
2874
1307
3296
1270
1899
2006
2043
1013
2319
1791
927
1216
1321
1543
3036
1345
1656
1122
1386
2018
2406
2364
1839
1884
1842
2059
6138
1475
1326
1681
2083
1331
2360
1951
3395
947
2147
2631
2710
2092
2226
2269
1258
2000
1388
2322
1710
1613
2425
1946
1944
1752
1215
1313
2146
1721
2869
1521
2351
1833
2624
1726
2846
2355
1363
1518
1168
2131
2020
2099
2083
1960
2158
1233
1034
1713
1272
1578
2348
1477
2266
1781
3159
1859
3924
1968
2034
2308
2280
1435
1378
1192
3389
796
2052
2779
2266
754
2313
2468
2050
1496
2356
1905
1732
2651
1707
2078
1428
2169
1149
2945
2286
1966
2793
1356
2621
3038
1877
1508
1855
2399
2154
2437
3184
2018
1707
1780
816
2733
1776
1913
1961
1808
2573
931
2193
1379
3127
2240
2227
1595
1228
2096
1350
1866
976
2124
1774
2121
1847
1208
2146
1025
4739
2361
3076
2263
2933
978
1619
2805
1369
2582
17731
2119
2261
1581
2525
2030
2172
2296
1759
22085
1341
1420
1730
2578
981
1872
1262
2291
2029
2430
913
2023
1878
1979
2008
2616
4428
1836
2099
2066
2020
1619
3877
2715
2086
2869
1307
2144
2038
2344
2463
1987
2273
2459
2442
1845
2035
3387
1226
2061
2195
2109
2127
2072
2094
2826
1789
1429
2587
2124
1713
2123
1948
1859
1902
1952
1596
1288
1501
1950
2738
2681
3110
1652
1709
1777
1480
2003
1965
1787
1280
1982
1463
2170
1619
2752
1728
2398
2515
1493
2002
2705
2203
2167
2438
1088
1282
2138
2082
2242
2633
2271
1925
2000
2668
892
2044
3053
2247
1731
2464
2443
3167
1886
1913
2184
1930
2611
2656
1779
1667
1978
3589
2622
2752
2265
1942
2201
1929
1937
963
1995
1466
2342
2622
2580
2085
1932
629
3687
2442
1180
1716
2081
1421
2238
1113
3410
2137
1789
2716
1987
2229
2191
2425
2795
2082
1274
1154
1911
1453
3034
1639
1961
2209
1900
1302
1825
2136
1256
2871
2500
1469
2521
2276
3179
947
1549
4853
849
1846
2734
689
1876
2236
1536
1971
2355
2265
3257
1904
1840
1656
1686
1445
1417
2642
1240
1412
2485
1598
1190
1936
17966
1524
893
2351
1703
1914
2373
2192
2011
1228
2394
1826
1322
1958
2727
1900
10353
1978
2696
1986
1486
2111
1371
2594
2247
1949
2321
2048
2104
2003
1994
2335
1456
1014
2896
2546
505
3433
2068
1249
2173
2418
1013
2417
1800
1544
3360
2217
1083
1962
1120
1524
2272
3625
2123
2216
2051
2126
2526
1387
5100
3440
1229
3484
1262
2440
2075
2503
1789
1872
2241
2127
1841
2175
2890
2259
2201
1279
1749
1985
4037
1377
2309
1046
1991
1760
1167
2158
1817
2494
2547
1306
2403
1517
1939
1068
2356
2194
3143
1927
1577
2491
1826
3129
1807
1852
2721
1931
2047
1497
1784
2831
1743
1639
3091
2089
2150
2137
1683
2125
857
1173
4387
3129
1631
2709
1518
3311
1512
2073
2286
2044
1671
1669
2031
671
1588
2094
1761
1938
2132
2014
3895
2000
1309
1811
2131
1857
1667
2236
898
1270
1832
2437
2350
1512
2025
1791
3441
1385
1815
2036
1889
2377
1244
1973
1701
3745
1544
2155
1994
2487
2108
1132
2115
1883
2510
2128
3192
1906
1946
1191
3157
1473
1753
1082
1819
2109
2933
1920
2713
1768
3430
1637
1750
1909
3057
1763
1886
2242
2953
4810
2638
2823
1774
2423
1186
1739
2104
2137
1706
2278
1260
1705
2141
1352
2771
1990
1818
1810
3534
1795
2525
2014
2184
2388
3767
2328
1135
1736
1745
3188
1991
3810
1662
3066
1432
2055
3274
2002
3203
1714
1867
3816
2192
1460
2917
1340
1221
2629
2150
1202
2191
2000
1129
2337
3491
1613
1969
3081
1169
1075
1212
3323
2790
2341
2011
1920
1126
2873
1979
1886
2148
2602
1826
2826
2680
114312
1546
2051
3865
2059
1881
1533
1584
1735
1818
1787
3085
2584
1369
1817
908
2623
1600
1918
1495
1844
2400
2858
2288
2265
2110
2866
2245
1505
2135
1365
2275
1522
2694
2378
2135
3681
1812
1789
4076
2875
1245
3829
1970
913
3176
1192
2238
2040
1852
1334
1660
1827
1569
6663
809
3514
1885
2618
2306
2465
1250
2650
2699
2013
1741
3161
2308
1583
3097
994
1635
1766
1873
1262
2925
2442
1655
2039
2128
1274
1954
1991
2207
2139
2953
1170
1491
2141
1603
2357
1790
1128
1924
1772
1196
2143
2495
1388
2041
2103
1506
4859
2749
2554
1944
1716
1527
2438
529
894
2016
2342
1603
2678
1613
2448
1669
2211
1832
2267
1365
3210
2291
835
2061
1692
1525
1998
1746
1780
2861
1808
2010
1644
1692
2692
2014
2006
2556
2201
2438
2652
1726
3761
2381
2483
1144
2504
1884
2023
2254
2141
1930
2029
1432
3576
1871
5901
2219
2112
3109
2012
2233
1682
2191
1711
1515
1682
1159
1751
1702
2420
1732
1896
4455
1614
1328
2953
2570
1816
2818
2025
2147
1993
2976
5217
2142
3702
2312
2038
2096
1646
2949
2062
2693
1821
1814
4178
2594
3128
1340
1861
1756
1762
2664
1618
3250
1857
2183
3103
2792
2124
2183
1712
1726
3111
2375
2349
1474
2346
1615
992
2019
1911
3123
1961
2863
1242
1987
4453
1947
3201
2010
2021
5534
2106
2242
2124
2160
1506
2474
1935
2337
1592
1759
1975
2476
1902
13732
1859
2747
2133
2504
2245
2346
3188
1818
3858
2799
2117
2816
2313
916
2017
2198
2221
806
2072
1750
1930
1638
2171
1711
1355
2362
1026
2424
1873
2313
3366
2236
2106
1043
2733
1483
1554
2598
2021
2115
2761
1797
2008
1338
1107
1158
2227
2288
2126
1871
2541
1250
1474
1453
2480
2140
2186
2805
1807
2241
2217
2242
1912
3462
1304
1568
1486
3155
1703
2253
2155
1988
2211
1216
2341
2413
2183
2363
1020
2278
2034
1527
1958
2517
1884
3140
1587
2593
1747
2277
1938
1900
2028
2484
1732
2077
1701
1439
812
1593
2146
1572
1828
3726
959
1873
1917
2383
2244
2036
2686
1501
3265
975
1711
2404
2404
1569
2406
3130
988
2056
2881
1904
2003
1998
2070
1672
2171
1568
2486
1337
1902
2363
673
2116
2281
1001
3876
2031
2187
1336
3092
2473
1317
1007
2228
3328
684
1722
1262
2740
1301
2517
3278
1696
2459
2615
2889
896
2078
1610
12308
1570
1982
2295
2507
2309
945
1736
1750
2422
2421
1792
1947
2030
2169
1902
1702
1957
1739
1633
2621
1423
1096
1572
2686
1385
2215
3136
1829
1392
1951
1844
2953
1982
3035
1470
1912
3083
1555
1598
1412
2441
1426
2044
1571
1072
1432
2166
1970
2495
2020
2547
2066
1402
2548
1826
2345
1647
1861
2873
1841
1301
1199
2048
2207
2176
1848
2130
3437
1208
2368
3070
1948
1933
1748
2738
2805
1873
1172
1764
1776
1838
1643
2176
2190
2183
1599
2210
1518
1988
3874
1324
1749
1303
1695
1760
2446
1708
2758
1546
1456
3373
2002
1910
2029
1322
1992
2143
1272
1696
1744
1116
2833
2298
1849
1947
930
2059
2636
1654
1977
2420
3572
1434
2776
1241
2362
3041
1302
1585
2039
2270
3601
1776
1605
3631
1845
1653
2596
1631
1923
1924
1535
1892
2010
1232
2092
1884
1976
3118
2323
2012
1705
3106
2408
2994
1195
4186
1770
1700
1888
1791
1221
2297
1710
1950
2200
1694
2099
1624
2169
1201
1988
3110
3110
3422
2347
1729
1449
1086
2720
1772
1740
3067
2060
2800
2349
1886
2071
2077
2792
2240
2278
4614
2824
1918
4065
3393
2375
1757
1943
2267
2486
1345
1876
2692
2105
2243
2857
1439
1668
1885
1893
1045
3124
4747
2359
1797
1995
1967
1420
2968
3414
2109
1914
3968
1602
2292
2263
1238
1336
2062
2976
3465
1195
3085
2184
1868
2290
2897
1798
2098
2871
1487
1799
1861
2764
2707
1584
2196
1925
1235
1347
2874
2464
3007
2093
1914
2324
1613
1792
1396
2115
1381
2418
1907
2034
2359
1521
2149
2369
3454
3191
1926
2639
2122
2491
1587
3093
2186
2339
1984
2444
1853
2690
1641
3523
1817
1447
2087
1825
2074
1492
2540
1523
2383
1811
2045
4571
2355
2164
2491
1892
1444
1235
2246
1368
1486
1909
1907
1106
1871
2131
1657
1372
3651
1149
2326
1351
2234
2114
2606
1650
1745
2487
1621
1359
2023
2396
3054
1950
1588
1739
1609
69140
2469
2639
1941
2705
1547
2995
2309
3057
2644
2169
2866
2083
1906
1885
1464
2695
2033
1143
1937
1826
2722
1779
1850
1419
1870
2142
2231
1843
2439
2076
1623
2993
2378
2154
1734
1482
1113
3150
2019
4076
1999
2090
1783
3334
1693
1809
1885
2058
2857
1761
1861
1532
2781
2155
2645
2150
2223
2362
2038
3293
1556
2089
1895
2579
1654
2079
1963
1576
1715
2718
2449
1171
2033
2232
3057
2074
1524
1684
1659
2874
2844
2033
4793
2454
3388
1876
2626
2272
2567
2143
2178
1561
1636
2259
2477
1194
2364
2994
2957
3285
1761
1068
2106
1640
2753
1897
4836
988
2715
2383
2223
1319
2981
1274
1921
2520
1687
1911
3010
2522
2227
2503
2475
1975
2046
1293
2034
1872
2536
1975
3110
2811
2764
2626
1720
1184
1307
2438
1420
2873
1576
3583
3051
3291
2340
1726
2376
1381
1442
2435
2272
2204
1571
1924
1262
5750
2440
2331
2455
2119
3269
1849
1588
3517
15345
2026
2465
1516
1782
1924
2257
2678
2706
1110
2940
1349
1421
2428
2438
1403
1659
1952
2206
977
1326
1959
1474
3845
1897
5584
1288
3864
2158
3991
2987
2255
3194
1558
2133
1719
1909
641
2216
3065
1524
2744
2333
1953
1993
1626
3831
2213
1980
2092
2072
4382
2061
1991
3858
1406
2106
1450
2827
3252
2557
1985
1519
2782
1792
1952
2272
1491
2196
1983
1841
1402
1727
2855
1580
1482
1849
2520
2274
2127
2297
1648
2144
2303
1272
1989
1792
1546
2725
3006
1519
1984
1989
2531
1316
1424
2983
1488
20549
1976
1860
3589
2164
2376
1728
1789
1574
2418
1826
3190
1605
3105
2794
1875
2033
2244
2651
2407
2398
2557
1407
2163
1713
2409
2355
1928
1569
3731
2305
2662
2248
1134
2164
1874
1416
3140
2479
1371
1256
2383
1442
3766
1800
1637
1440
1801
2616
2513
1358
1336
1568
2241
2327
2167
2744
3173
1078
1960
2813
2326
2516
2053
2129
4336
1669
1984
2721
2371
2191
2621
2287
1839
2386
1269
1826
2330
1635
3209
1778
1421
1567
2014
1541
1997
2435
2104
2396
5225
2169
1825
2080
1724
1474
2486
1524
1419
2269
3096
957
2817
2645
2369
1686
2338
1841
1442
2672
1691
1402
3119
3559
3491
1868
2837
2157
2170
1585
2306
2344
2411
3759
1670
1971
5814
2401
2068
4259
2884
2073
1758
2170
1187
1849
4222
2187
1810
2077
1095
1970
2695
1991
1994
2863
2287
1964
2512
2444
3969
1540
1811
2686
2969
2014
1655
2272
2583
2357
4232
3661
2287
1776
3638
2017
1527
1965
61077
1184
1382
2157
3334
2157
2844
5309
2912
1342
3132
25805
2137
2555
2228
2098
3161
2646
2047
1588
1727
2061
1717
1845
1810
1865
2241
2666
2560
1347
4122
2625
2684
1759
2409
2035
2474
2146
1572
2241
2199
2734
1405
2987
2713
2827
2573
2398
3030
2051
2053
1356
2288
2211
1048
2470
2810
2872
1472
1245
2610
2315
2051
4894
2067
2504
1669
1911
1951
1528
1637
2481
2363
1522
1343
1344
2297
8377
3482
2199
3351
1968
3491
1815
18432
1301
2958
3413
1105
2205
3196
2813
2189
2696
2021
2555
2741
1265
1950
1580
2772
1738
1747
1848
2213
1365
1093
1429
1254
1985
3559
3003
1785
2345
1202
1656
2439
1358
2442
3196
1465
2130
1747
2189
2102
13383
1632
922
4063
951
2305
1710
2032
2558
2282
2878
1375
2111
1218
2306
1469
1448
1443
1436
1563
1778
1736
3402
2739
2487
2982
2909
1303
3898
2127
2260
1676
2817
1682
1847
12590
2188
3615
3060
2080
2782
2543
5083
1329
2091
2804
1173
2312
2711
2440
1908
1603
1373
2050
3332
1988
3052
1821
5071
3022
2055
2466
3121
2447
2337
2859
2189
2168
1798
1757
2606
1735
873
1936
1887
3228
2790
1673
2015
1175
2090
2300
2249
1568
3411
1870
2077
1521
2063
486
3918
1112
2207
1645
3322
2113
2022
3143
2333
2283
1251
4026
2314
3266
3828
1548
2623
2418
1696
1565
2460
1478
2478
1352
1934
1957
2013
2180
1790
2433
693
4282
2898
2661
3616
2000
2109
2958
1763
2941
2719
2121
1904
2920
3156
2315
933
3142
1654
1300
4060
2713
1881
3877
961
2777
1380
2116
2833
1797
1503
2127
2444
2689
1743
1940
2826
3542
2002
2496
1327
2563
2268
2257
2082
2187
1809
1926
2448
1485
2532
2347
2264
1890
2360
2150
1225
4662
1869
1060
1656
2077
1165
2024
2651
1831
2984
1360
2296
1890
4359
3694
3330
1836
2353
2295
1802
3242
2721
1817
1705
4102
2387
3438
3346
1764
2606
1796
2236
1771
1916
1420
2198
1999
2478
2292
2751
3048
3873
2440
3883
1990
1914
1656
1133
1963
2118
1902
1882
1613
4318
1250
1952
2186
2292
1765
2550
1408
2606
2388
1758
1498
3090
2296
19497
2474
2158
2702
1962
1912
5065
1267
2491
3181
2745
19169
3011
1507
1780
2194
3042
2089
2582
2250
2849
2510
2481
2501
2012
2114
2165
1983
1901
3832
2599
2254
2673
1843
2630
1610
1899
2934
1925
2301
2285
4248
2112
1605
1709
1757
2642
1906
4878
3312
4752
1801
1665
2497
1646
4398
1449
1796
1808
1884
4599
2780
1938
3902
2479
2814
2515
2453
3750
1762
1369
2166
2412
2027
3704
1848
2937
2143
1386
1254
3109
2979
2899
1631
1848
912
2321
1826
1467
1711
2006
1907
1696
1147
2825
1358
2780
2216
1150
3135
1247
1687
1363
2053
2412
2174
2306
1365
2128
1091
3718
2206
1672
3039
1786
1962
1455
2089
1744
2223
2028
2288
2141
1466
2151
1307
2794
4222
1835
1162
2703
1376
2500
1095
2141
2019
1793
2358
1631
3452
2351
5870
1532
2076
3469
2552
1967
2111
1400
2795
3353
2148
1974
2617
1395
1367
1898
2004
3366
2078
1942
2358
3098
1568
2317
1389
2276
4174
2439
2084
2078
1195
2216
1966
1076
2236
2097
3025
2086
1119
2793
1844
1488
1852
1943
2268
2172
2319
1680
1824
1492
1584
1277
2768
1219
1813
5586
1715
1721
1304
2533
1362
2086
2364
2899
1410
2556
2636
6126
1422
1153
3177
2502
1980
7096
1524
12250
3612
875
2524
1563
1801
1738
2148
2068
2546
2645
1276
2089
1494
2637
2824
1652
2274
1295
1744
1207
2887
2250
1920
2071
1735
1867
1474
3029
1856
3272
2229
1791
2611
3184
2471
1035
2274
2303
1763
2657
1943
2208
974
3728
1949
2100
1813
1322
2144
2522
1932
2384
3598
2832
2311
3578
1800
4683
2802
1287
3347
3020
1692
1491
2320
2075
1761
2198
1970
1657
2157
1758
1952
2192
2159
2287
4227
2183
3059
2247
2686
3026
1131
1705
2306
1772
2259
2425
2337
2942
2025
2044
2186
2827
1988
2439
1553
2223
2093
3913
1218
2693
4107
3183
981
1893
1802
1477
2098
1630
1432
2527
2474
671
2942
1762
2897
1784
2581
1525
1815
2408
1320
1608
2302
1826
1986
2596
998
1590
3456
1204
1736
2539
2715
2813
2111
2060
2975
2101
1457
4307
2225
2607
2068
1583
1815
1751
2325
2109
2458
5188
18671
2206
2047
4200
1244
2830
3293
1927
2151
2828
2612
1510
4761
3644
2370
3553
10213
1642
1489
2196
2331
1115
1787
2845
2070
2912
1318
2084
2904
3431
1618
1768
1941
2032
1919
1592
2622
2318
1448
2396
2021
2293
2734
1155
3299
2123
1620
4822
1807
679
2115
1555
1829
1860
1438
1654
2396
1841
1185
1678
2275
1268
2089
1897
1817
2139
2900
1653
1356
2430
1793
2187
1648
1950
2367
2269
2485
1505
1940
1362
3767
2158
2040
1727
2763
2446
1509
2556
1616
2505
1544
2448
1950
1750
3497
2292
3585
1324
3667
1721
2312
1814
1884
2593
693
1250
1901
1228
2188
1162
3040
1390
1851
945
1459
2112
815
1687
1623
4072
2100
1431
1685
2482
1744
2144
1322
1280
2053
1593
2640
2322
2130
1912
1967
1831
1032
2363
1175
1912
2722
1782
1881
1119
1367
1485
3587
1554
1978
2719
2152
1679
1760
3460
1744
2341
2683
2191
1394
2043
2341
1852
1943
2607
3713
2386
3645
1907
2037
3585
1411
1509
2503
1866
1839
2357
2262
1485
6354
1647
945
1412
1475
3105
1375
1792
2272
2164
1504
1306
2828
3768
1046
1730
1238
924
2973
1709
2284
1715
2972
1494
2952
1767
1546
1719
622
2000
1429
2187
1092
3204
2297
3391
1741
2592
3235
1673
2052
2720
1570
2458
3532
1682
2691
2112
2019
4031
962
1918
2669
2451
874
2944
1959
2308
1014
3706
2655
1184
1447
1768
1809
3083
1847
1847
1647
2987
1676
1846
2381
1863
2228
2168
2427
1306
3392
2031
2581
2796
1226
3391
1446
3373
2232
2428
1071
2705
2488
2767
1413
2374
2178
3747
1656
2094
1038
2998
1710
3569
2038
1961
2379
2062
2071
1345
1991
2060
3691
1506
2008
3683
954
2104
1347
3080
2118
2119
3107
5357
2855
1846
3439
1314
1555
3571
1780
2078
1537
2740
2547
5096
2987
1978
3441
2123
3170
1727
1112
1510
2524
1144
1983
2047
1617
2703
2490
1521
2733
2399
1804
2323
2096
2687
1758
1959
2179
5353
2489
1788
1224
3173
1737
4621
2022
2006
3750
1390
2646
853
3821
1822
2105
3071
1457
5064
1598
1863
1187
1811
1384
3544
1894
2674
2380
2118
1293
2180
2044
1901
2270
5290
2620
2021
4343
1291
3283
2261
2012
5043
1335
4097
2414
1645
2094
1359
1671
2296
2470
2393
1371
1058
2925
2821
2474
2181
83731
2432
2084
2046
1127
2715
1872
1882
2576
2041
1828
2167
1635
2667
3189
1254
2627
2007
2421
1712
2675
2881
3767
2069
1773
6156
1956
2606
4416
2483
1996
773
1599
1712
1758
2743
2128
2222
4892
1966
2062
4080
2640
1953
3263
1365
1508
1907
1896
2481
3464
1951
2510
1500
1811
1484
1889
1851
2505
921
2661
3178
2120
2164
2370
2112
2156
1325
3574
1793
2862
2088
1205
2207
1621
1892
1776
2592
1382
1932
1879
2637
1396
2541
3793
1787
2096
621
1878
2670
2695
1579
2385
2134
2207
1187
2190
3085
1766
1117
2745
1682
1982
2427
2202
1872
1769
3792
1571
2931
2028
2631
1901
2069
1803
1277
2151
3170
3712
2713
2728
1677
1213
2806
1255
2017
2618
835
1985
2218
5771
1319
3000
1688
3245
2072
1903
2203
2291
2836
1271
2668
1954
2335
1884
1829
1987
1883
1680
1283
3666
1828
1974
2623
1824
1299
3788
1665
2224
1773
1957
1569
1192
1320
925
1169
1048
2412
2935
1084
1955
2230
2372
1768
2379
2183
3475
4312
1260
3073
1245
2871
2085
2098
2371
1660
1400
3583
1683
1984
3000
1695
1769
2367
1822
1308
1918
1348
1923
1669
2749
2835
1942
1279
1574
1536
2086
2942
2340
4072
1140
2248
2815
1517
1560
1737
2794
1942
1802
1840
1686
1792
1849
2262
3317
1501
2233
2295
1852
1813
1747
2251
1707
1081
2225
2069
2227
2250
2552
3866
1327
2102
1500
2521
1860
1729
2659
1663
1061
1317
2672
1591
3479
2064
890
1410
2532
3662
1040
3004
2639
3372
2122
902
2133
3171
3360
1928
1542
1943
2628
1058
1396
1045
1568
2156
728
1416
1529
1946
1646
1735
2560
64516
2356
3140
2809
1435
2988
2274
3484
2371
2060
1550
2674
2523
1845
2197
1909
1594
2288
1648
1417
1951
1211
1519
1988
2073
1737
1106
1137
2816
2344
1704
2775
1805
1431
1345
1518
2980
1836
1232
1712
2358
2145
2265
3020
2344
2220
3493
2166
1767
2656
378
2457
1925
2425
1684
2190
1521
2448
2302
1887
2197
1413
3022
2160
3046
1949
3813
2057
2053
2443
3662
2103
1826
1984
2252
2150
1937
4228
1826
2670
2247
1635
2573
2337
844
2432
2855
1941
1777
2218
1503
1888
2219
2407
2677
2070
1857
1234
7416
2301
2274
1861
1075
2265
2014
3031
3957
4127
2839
2060
2942
3997
3931
1882
2577
2083
1499
2847
1996
2044
2552
1220
2018
3441
3325
2410
1146
2600
2249
1651
1902
4709
1741
1682
1223
2069
2650
2009
1509
3554
3932
1548
3726
2281
1570
2506
1293
2675
3049
3471
2381
2912
2402
2432
1499
2446
2073
1114
1012
1888
1855
2380
2071
2000
2040
1525
2034
2171
4501
1349
2818
1132
1793
1660
1441
2258
2383
2110
1727
1985
1971
4111
2272
2340
2688
1853
3000
1275
2560
2187
1538
2833
3029
2832
3173
2399
2171
1802
1378
3124
1001
1516
2008
3248
1504
2178
2817
2114
1566
2218
1962
2425
2161
3366
1940
2780
1266
1753
1948
2075
2114
3824
2376
1678
2421
2117
2685
3534
1481
1343
2481
1320
1269
2135
1703
2009
1066
2596
3847
2401
2354
3299
1407
1766
1665
1533
2412
1679
2380
759
956
4039
3038
3760
1137
2140
1263
1870
1974
1828
2890
1115
1515
1557
1910
2753
2161
2865
2076
2260
1898
2644
3303
1674
2328
1811
2720
2175
1994
1480
2085
1842
1627
2268
1964
1792
3499
1833
3204
1947
4652
2153
1884
2182
1752
1879
2096
2417
1572
2600
1450
1559
1841
2686
3225
1645
3718
1838
2398
1588
1286
2386
2140
1748
1700
1884
1325
2841
3143
1876
2345
6521
2119
2605
2314
1400
2533
3404
970
1150
2117
1503
2156
2153
4675
2650
1895
2891
2251
2616
3295
1945
2343
1523
2609
4267
2338
3284
1651
1875
2457
2184
1992
2945
1792
2650
1495
2094
1319
11936
1676
2420
3141
1724
2154
362
2053
2188
2309
1831
1951
1933
3415
3218
2115
3026
2023
1760
3242
1292
1668
1504
2432
2191
2991
1866
1263
2674
1087
2324
1847
2594
1572
1994
4049
2070
2060
2776
2761
4290
2883
2171
3922
3512
1924
2028
1217
2028
1909
2142
1960
2855
2340
1988
1782
2160
1897
1426
3157
1566
1931
2613
1472
2382
2332
2915
1584
1499
2179
2588
1310
1848
1600
2417
2254
1757
1291
1639
2626
1884
2198
1546
1439
2316
2347
2386
2232
1827
2382
868
4517
2006
905
2853
1595
2301
1426
1350
3293
1501
2236
2335
3164
1138
1135
2529
1383
2315
1703
1552
1354
2287
2660
1641
2164
2073
1692
2009
1323
916
2632
1573
1758
1928
879
2088
3362
3596
1366
2538
980
1834
1727
1802
3919
1514
2020
3521
1980
3445
2589
1923
1879
3227
2278
12957
2039
2205
2614
2428
1971
1845
2780
2161
1518
1582
2026
1498
2387
1619
3313
2221
2390
2614
2551
666
1954
2361
1613
3095
2396
1547
1789
1654
1468
2852
2063
2068
3391
2232
1562
1868
3345
2655
1400
2712
2534
1389
3288
1423
3455
3829
2569
1853
5000
2086
3198
1925
2482
2250
1549
2707
1607
2155
3167
1810
645
2025
3696
2532
1587
1212
710
3619
2016
1924
1154
1222
2172
1566
2601
2338
1471
2050
1529
2435
2049
1311
3435
2165
1039
2032
4169
1899
1760
2164
742
2470
2090
1389
1025
2682
2444
2163
1320
2132
11301
3423
3064
3215
2110
3625
1771
2002
1517
1251
2045
1379
1991
2318
1854
1089
3263
2625
1274
2866
2554
2057
2836
1785
1648
2472
1157
1111
2477
2312
1627
1192
1281
1308
1486
1486
2291
1947
1820
2018
3950
2070
2434
2706
2771
1697
2163
2305
2111
883
1956
2224
2288
934
1910
3475
1288
2793
1313
1684
1552
2080
2364
2371
3278
2671
1896
2199
2303
1364
1108
5528
2054
2146
2238
1384
1801
2559
949
4524
1577
2189
2532
2594
2605
2711
1676
2350
1417
2268
1791
1741
1693
3933
3592
1951
2128
2295
3603
1345
2858
1931
2887
2011
1512
1093
2348
1158
3071
1840
1266
1992
1933
1389
2113
1154
1854
1557
1690
1440
3182
1283
2262
4826
3037
2070
1112
2627
2056
4483
2438
1927
2675
1233
2059
2279
1486
2958
2528
2646
1310
2473
1099
3103
997
1837
1311
2715
2070
1447
2283
2341
2135
4272
865
3279
2300
1677
2015
3864
3486
2198
2407
1989
2484
2553
1953
1873
2163
1943
2564
1750
1700
2866
2367
3191
2026
2566
1954
1328
2051
2428
1779
2298
2756
2434
1509
2000
1767
4461
1058
2027
911
2068
7224
1888
1558
2024
1467
3500
1292
2005
3026
1870
1784
1560
2225
2106
1967
1157
1595
2218
1613
3073
2513
2487
1549
1922
2801
2492
2496
2361
2954
2784
2156
2118
1961
2188
1471
2596
1847
2268
2072
1395
1682
2889
2171
2225
18990
2534
2263
2686
1002
1732
1291
1907
1716
2044
2882
3462
1292
1040
800
1848
2593
3374
2619
2426
3257
1459
2015
1505
1988
2237
4427
1942
2963
4397
1845
2174
1580
1750
2816
1868
1971
3635
2247
1648
2923
2864
2129
1713
1861
1891
2948
2287
1945
1427
1651
1834
2065
1761
2331
3055
1367
1777
2388
2406
3783
2107
2760
2492
2825
17848
1112
1534
2010
1208
2804
3420
1081
2062
1984
1999
2199
3209
2465
1793
997
2021
2783
1427
1947
1785
1955
2348
2846
2075
2118
1966
3942
2192
2070
2337
1343
2184
2202
1345
1042
1601
1926
1983
2529
2721
1719
2718
2407
1376
2147
1539
1573
2674
1242
2601
2249
2237
1119
1557
2202
2735
2276
1808
2332
3257
1176
2570
2316
2466
2038
2705
2139
1328
1971
1931
1256
2456
2515
1862
2087
2420
1936
2095
2064
1282
2097
1674
1764
2361
1579
2169
2811
1721
2232
1367
1411
1944
1501
2005
1887
2355
1573
1686
1347
1673
1868
1896
1835
1909
1460
3739
2400
1879
2607
2758
1686
2056
2800
1433
1764
2138
4056
1797
1958
2753
1970
1831
1154
2354
2330
2417
1409
2635
2596
2620
2052
2709
1804
1601
1958
2323
900
2424
2564
3553
2177
1072
2406
2113
2602
2762
1591
1889
2160
3368
2546
2337
1427
2686
2360
14416
2182
1364
2484
1514
2063
1594
1199
2664
1940
1733
1602
2909
3245
2107
3596
2025
2110
2255
2108
1833
2216
3295
3007
3048
3165
1904
1806
1976
2106
2090
631
2071
2222
2172
1759
2677
1637
1235
2332
1492
1364
1435
2704
3355
3724
2453
2115
1881
2616
2225
1574
1664
1953
1150
2399
2849
2979
1999
1796
2963
2433
1907
1971
2754
1482
3607
2482
1063
2174
1574
1971
2161
3731
2737
1749
2207
4013
2412
2379
1959
1872
1605
2154
2534
609
4515
1495
1885
1206
2746
1751
886
1614
1342
1215
1917
2088
2249
2023
1877
1520
2032
2474
1804
2781
2008
2436
1757
2627
1389
1464
1365
2171
1404
1580
2039
1181
1802
2357
1912
1241
2108
2685
1473
2413
2183
2234
1734
1541
1917
2633
2111
2613
1356
1587
3323
2197
1552
1957
2305
4752
1898
5997
1513
2011
3490
1665
2082
3338
2789
1397
1925
2859
1369
2454
1360
2760
1654
2947
2131
2933
3353
1965
2877
2669
1275
1828
1429
2854
1480
1615
1636
2128
1385
2115
975
2128
2861
3261
2629
2443
1237
1412
3420
1727
3706
2387
2215
1048
2000
1802
1395
1735
1790
1219
1531
1020
2044
2245
2548
2197
1960
2232
1650
1769
1939
2007
1698
2767
2239
3294
3928
1118
2328
2236
3576
1508
3225
933051
1815
2224
1820
1960
961
3052
1951
2055
3215
1502
2230
3535
1653
2158
1123
3323
2651
2143
2916
2762
1774
2530
2242
1871
1384
3862
4034
3364
1418
2330
2586
2776
2298
1226
2393
1896
3850
1722
2364
1909
2234
2979
1684
1914
1696
2317
1700
2267
1853
2378
2149
1344
1362
1377
1837
3710
2284
2144
1622
665
1610
2461
2097
1510
1350
1374
3093
2221
1617
1704
2246
3136
2491
3320
3018
1211
1791
2614
3241
2096
1792
2012
3019
1486
1790
3737
1828
1975
1949
1325
1590
1506
3774
1927
1863
2076
1800
3640
1383
733
2392
1648
1988
2190
2045
3215
1533
626
55765
926
2757
1425
421
2579
3801
1229
848
3143
2114
1758
985
1960
1171
1947
2204
2398
1827
2484
2253
3052
1985
2196
1248
2063
964
2128
3088
3141
1845
1998
1292
3167
1465
1937
873
1583
1871
1509
2960
3166
2514
1219
1480
5728
2020
2533
2915
2054
1172
1947
3040
1606
2292
1860
2587
2188
2746
1502
1781
2272
2349
1982
2413
3564
2050
1658
4030
976
1939
2388
2858
2009
2375
2831
2060
1484
1928
1711
1999
2214
2130
1517
2077
3557
830
1586
2000
868
2840
1248
2189
1601
2094
1078
2089
1145
2390
1244
2450
3734
3297
1937
3667
2404
1211
2098
2096
2174
1910
3097
1546
1672
1585
2327
2911
2020
2043
2579
1603
2066
867
1840
2602
2667
2012
2298
3009
1325
1974
1140
2188
2856
2503
2629
1829
1671
4976
1997
19307
1900
2079
2110
2334
2305
2277
1375
1735
2232
1712
1542
2660
1617
1330
3422
1664
3079
3032
2974
7219
2548
1463
4231
1521
2806
3607
3726
2022
1355
1829
1527
1328
2343
2167
4654
2326
1944
3631
1892
1013
2097
2491
771
3033
1151
1831
1919
3069
4236
2259
2560
2795
777
1643
3622
2340
1819
1338
2305
1830
1854
1809
1942
1645
2854
3219
1534
1921
3704
1939
1583
2683
3936
2512
2837
2969
1580
3814
2179
1273
3443
2584
1947
1878
2165
2083
3329
1421
2027
2284
1104
1883
1378
2547
2584
1925
2185
1777
2117
1380
2562
2240
2187
1310
1196
2445
1725
2574
1468
1556
2589
1616
3420
1139
1079
1832
1871
1767
2093
1526
1738
2246
2268
1976
1193
1984
3249
2756
2550
1989
3110
4200
2421
2275
1106
2224
25103
4464
2116
1861
2496
2845
1654
1193
1580
2677
1880
2210
2832
1945
2063
26241
1824
1431
2836
1161
2303
1094
1921
2855
2132
2749
5328
2326
3245
3749
1674
1368
2670
2393
2093
1695
18867
2119
964
1172
3880
1956
1892
2836
1064
1853
1824
1279
1378
3048
1287
2217
2178
1903
1952
2827
2062
2467
2026
1382
2288
1388
1762
2095
2117
2981
2410
1467
2477
2468
2110
2201
1522
2252
1820
1909
1467
1419
1008
2116
1588
2255
1674
1630
1423
22711
1646
2075
21097
1528
1167
2426
1176
1514
1997
1467
2409
1687
932
2034
2562
3913
1967
2019
3035
2581
2063
1931
1980
2392
1953
1535
2184
1180
2145
2662
3055
1577
3402
8510
2381
1054
3471
2329
2949
18242
2073
1861
2934
1962
2157
2018
2295
1473
2505
2485
899
2651
73020
1243
3706
2691
2053
2117
2303
1346
1289
1038
1652
2016
2130
2386
3579
1226
2409
4682
1334
2372
3048
2350
1535
2806
1433
1800
1588
1604
3817
1564
1291
3062
1956
3185
1439
2047
2013
2169
1035
2098
1129
4385
3276
1855
2358
1652
1543
2937
1475
2675
1929
1946
1941
1777
1762
1538
2927
2258
1607
1660
1810
2096
2646
2334
1572
2119
1969
1548
2296
3475
4550
2674
2324
2212
1822
1787
1625
2056
1848
2481
2467
1296
2046
2244
880
2892
2497
1151
2143
2350
2176
2914
3624
2656
1634
1929
2548
3099
1634
2320
2049
2302
2112
1341
2087
593
32910
2011
1923
2153
2135
2049
1139
740
1652
623
3673
1193
3006
1428
2411
1441
2475
2070
1675
1718
1658
2048
1969
1243
1272
1894
3016
1698
2144
3686
2288
2016
2472
3097
2379
1701
1668
2766
2169
2064
2796
1977
2185
1971
2706
1871
2073
1443
1576
2332
936
2278
2900
2167
3020
1962
2055
1517
2562
2000
649
1680
2673
1959
3158
2870
2715
1832
938
3769
3478
2196
2008
2169
2006
1258
1470
2393
2271
1908
4904
2514
2057
4383
1956
2268
1513
1420
2217
2172
3863
2179
1299
1983
1992
1010
2324
2535
2829
2229
2450
2092
2256
2098
1244
2960
1411
1888
2857
2614
1596
1691
1699
2090
1024
2139
2445
3484
2368
483584
2054
4412
2468
2110
2127
2702
1606
1350
1851
11388
1107
2136
1364
3207
1454
1749
2202
3344
1616
2480
3840
1346
2645
2876
2090
1872
1816
1266
2668
2007
1331
2146
2220
2246
2175
1382
2950
3365
3161
2029
1201
3156
1240
2153
1501
2755
1700
3306
990
1822
3250
1293
1884
1349
2200
1574
1373
2498
1309
2288
1213
3096
1620
2049
2145
1962
21013
2162
1877
1156
2585
2789
2343
1805
2233
1471
1916
4811
1392
599
2428
1399
1752
1587
2176
1479
2511
1466
2049
1941
2133
2231
1918
1993
1668
2843
4103
1858
1703
2768
2160
2112
2557
2474
1476
1891
1815
1267
1147
1956
1722
1106
1851
1338
1680
1006
4568
2033
1265
3890
2104
2141
2034
2938
2500
2186
2678
2407
2455
1690
1495
1311
2598
3233
1328
1591
3026
1018
2881
1993
2416
1453
1899
2754
2712
1649
1566
2852
1071
6837
3764
2550
1947
1452
2980
1526
1851
1221
1089
2199
2903
1607
2115
2027
1171
2554
2125
1578
2182
2562
2073
1401
2058
2042
2355
1327
2433
2081
2286
2128
994
2124
2702
1064
2682
1257
2106
3242
1439
1626
2287
1754
2105
705
1791
1354
2187
4169
2063
1865
2265
2193
1973
2337
2416
1583
4730
3967
1508
1590
2164
2373
2114
4272
2552
2574
1712
2858
2415
1658
1313
2252
2054
2486
2279
2235
2579
1828
2729
2384
1934
2150
1716
2944
2111
1620
1658
1986
2756
1819
1345
1324
1947
1048
2093
2934
2380
3001
950
1678
2941
3199
2117
1835
2960
2164
2277
2128
2625
3047
2373
2102
2311
2074
2953
2379
1766
2166
1457
1847
1957
2913
1705
2215
2266
2372
2837
1815
1180
1436
1256
2182
1987
1558
2434
3108
2047
2317
2167
1204
1068
1987
2157
2965
1054
1721
1204
220381
1419
1381
2428
808
1920
1570
1792
1174
3210
1675
2287
1588
1834
1764
1572
3255
2208
8012
1557
1533
944
3350
1475
2645
3381
2158
4980
2584
2446
1397
3760
2242
2535
1414
2319
1789
1626
1924
1652
2195
2128
2892
913
1889
1779
1980
2340
2277
1225
3247
2877
1603
3067
2263
2798
2466
949
3191
983
2545
1479
1030
2196
2948
1329
1514
1064
3643
1138
1881
1415
2062
3768
802
3953
2885
2786
1145
1942
2298
2649
2040
2556
2394
2005
2969
1509
2786
2026
2549
1987
1693
1928
2566
1961
2027
3172
1922
2678
2873
1707
2461
730
1264
1581
1821
1670
1997
2064
1730
3586
2356
1987
2541
3970
1494
3332
2570
1043
1520
1176
1932
2085
2278
1449
1837
1709
1646
1948
1719
1753
3031
1754
1696
1511
2536
2028
2359
1112
1481
1959
1480
1551
1557
1718
1315
1261
1927
2757
2489
1386
2271
801
2638
1563
1926
2331
1919
1989
2782
2235
2392
1481
1620
2216
4240
2053
1638
1769
1661
2675
2839
2149
1955
1599
1528
1297
2195
3116
2300
2287
1085
4338
1244
1274
2893
1627
2848
2391
2171
2296
3372
2100
1320
1320
1403
2608
2271
1379
2627
1662
2123
2675
818
1962
2921
2121
3052
2581
1822
2795
2635
2687
1755
2153
1306
2601
1418
1913
2156
1508
2705
1605
1714
2190
1246
1456
1863
1569
2336
2509
1801
1476
4148
2833
2055
1327
1320
1868
902
1314
2710
2197
1891
2084
1916
1838
12040
2381
1786
1437
5206
1375
1549
2057
2642
2065
1457
1844
1511
2585
1705
1217
2258
2074
1968
2337
2004
1366
2109
957
2748
1944
2352
1745
4067
1972
1445
1736
1413
1816
1721
2316
1758
2279
2474
1402
1743
787
3170
1179
2473
2535
1968
2370
2302
1856
1894
1491
1341
2842
1951
3290
2822
1883
2354
5094
2077
2681
1933
2704
2116
1904
2705
2345
1903
2269
1629
2250
1389
2879
2278
1794
2047
1828
2025
1009
3288
1555
1421
2532
1192
1065
2341
1835
1315
1258
2551
2612
2000
1093
53738
2059
1258
2813
2060
887
1469
1474
2234
2493
1505
2008
1589
2381
2132
2686
2293
1960
2486
1842
1175
2250
2839
1410
2805
2461
2467
2781
2171
2183
2607
2447
1736
1270
2375
2634
1898
2477
1812
3010
2910
1970
4987
1740
2235
2723
2232
2325
2532
2314
1668
2182
1653
2115
3843
1808
1724
1617
1573
3832
1446
3389
2272
1397
2936
1978
2517
1494
2334
684
2428
2633
1488
2243
2916
2171
1945
2660
4305
2511
1439
2914
2460
605
1825
1184
1844
2030
1624
2225
1680
2595
2454
1768
1691
2076
2578
3778
1964
2732
2572
2514
89712
2071
2184
1935
1886
2027
2400
1881
2507
1924
1417
2366
2034
2115
1514
1867
2017
1945
1895
2053
2086
1575
1812
2113
1960
1951
1231
1644
3381
2110
4911
1523
2331
2201
1819
1982
2334
2348
2450
1062
5847
2058
2248
1302
2319
1585
2075
2694
1888
1778
1283
1125
1282
2051
1250
1241
1759
2071
2475
2142
1942
1387
1668
2229
1498
2190
1972
2515
1109
4442
1566
2426
2668
2711
1401
1276
2163
1593
1549
1964
1933
1671
2823
1822
2278
2017
3597
2041
4458
2522
1804
1951
2021
1601
2373
2104
2028
3133
1636
3393
1442
1949
1721
2222
2333
3272
868
2695
1638
1827
2434
2631
1875
2277
2096
1962
1620
1878
1870
2836
2282
2477
2081
1418
2197
2054
1743
18490
1506
10003
733
2118
1703
2117
1418
3635
3223
1998
2123
1214
1931
1763
1515
2520
2337
1035
2067
2247
2965
2185
2422
2642
2303
3342
1885
1814
2317
3106
2122
1993
1783
2606
1859
1627
2090
1301
2475
1214
3484
2516
2239
1927
1977
1904
5622
2401
1933
1916
2324
1997
1447
2711
3730
2124
2491
1235
3855
991
4323
1943
2939
2497
2077
1944
1398
3837
975
1889
1572
729
4280
1843
2170
2391
2554
1709
1161
3459
2174
1715
1568
1281
2306
2276
2489
7890
3002
5515
2839
1959
2484
2167
1892
2001
1533
4908
2204
1876
3105
1625
2255
2171
1879
1965
49336
17876
2428
5197
1856
1833
2352
2072
2913
2209
3264
2230
2257
3264
2502
2871
1174
1609
1338
2246
2183
1030
2014
3575
2322
1400
2329
2464
1436
3074
3486
2427
2331
3583
4606
2264
1396
2101
1813
1126
3044
2357
1523
1866
1460
2145
3110
2019
3898
1535
1924
863
2366
2150
1866
938
2542
1746
1546
1640
1469
1980
3498
1667
3254
2527
2819
1816
1252
2076
1224
1648
2193
1823
3311
1940
2070
2208
1582
1932
1251
3179
2078
2162
1810
2652
1828
1315
2155
1567
1181
1651
2321
2107
2464
2927
1402
1545
2329
2252
1645
2261
2412
1544
1896
1019
1407
3222
1020
2434
3351
1945
1078
1937
2883
1905
1113
2068
1581
1986
2524
2356
2585
1848
3005
1702
2803
1188
2023
1971
1352
2393
2497
1248
1855
1863
1213
2219
2316
1701
2376
2146
1996
1322
2338
1965
2123
4343
2303
1962
1981
2622
1704
2049
3271
3571
1865
751
4467
1284
1459
1437
1106
3467
1785
1324
2688
3436
1930
1840
2190
1735
1135
2751
1673
1238
2624
3325
1845
2505
1816
2200
1428
4301
1656
2757
2054
3800
2473
840
2226
1729
842
1318
1500
2002
2717
1953
1977
1955
1938
2762
2011
2205
2207
1859
1112
2051
3347
2318
1711
3932
2481
2160
2889
1172
2752
2588
1428
1731
1460
2813
1387
1816
2164
1832
2001
1101
1539
1116
2347
1185
1252
1326
2146
2920
1443
2139
2542
1548
1981
2129
2417
2070
2525
1752
2076
2262
2895
1297
2602
1427
2112
2740
2988
4126
2642
1935
2554
1512
2586
2077
897
1035
1797
1815
2050
2678
1895
2305
728
2491
1251
2495
1285
1810
3647
1488
1829
989
2234
1845
2824
1033
2513
2286
1307
1929
950
1822
2262
1884
1857
2560
3810
1589
2079
1514
1582
1985
2122
2151
1503
1639
2303
2422
1681
1979
1176
3120
2343
4139
2050
1417
3200
1549
1429
1693
2383
1432
2039
2573
2322
1120
2416
2571
2737
1768
2717
2374
2046
1921
2031
1027
1883
2573
2270
2840
2240
2228
2309
2039
1487
1110
2836
3063
2289
2334
2456
3094
3585
2593
1354
2063
2924
1923
1596
3505
2376
1737
3827
1882
2532
2428
1822
2223
2084
2648
2170
2647
2906
2870
1367
1847
3045
2415
2796
1388
2478
2028
2133
2990
2871
1608
1683
2154
2038
3107
1969
1591
3101
1397
2273
1823
2375
3309
2405
2396
1658
2123
1895
2059
1499
3119
1805
1737
2043
2907
2095
2535
3461
2531
1086
1858
1215
2002
1270
1812
2242
2308
2655
1821
2305
3375
1928
2236
2161
2561
2274
2729
3342
3972
1860
1688
5375
2534
2002
3034
5486
1889
1478
588
2129
2176
498
2128
2047
1804
1727
2652
2124
4349
1892
2122
2352
1194
1233
1952
2290
1810
1023
1891
3062
1986
1984
1728
2225
1947
1818
2593
2216
1736
2054
1450
1903
4207
1203
2077
1852
2820
2645
1536
1361
1658
3371
1996
1426
1437
1591
3636
3638
2128
3342
2635
1851
1722
3406
2332
1619
2125
2138
3114
1207
3634
2133
1524
2144
2500
3479
1344
3362
2294
2999
3326
1231
2256
1789
995
1613
1862
2819
2560
2277
2431
2035
1273
2257
1670
2990
1516
3303
2643
1163
1446
1555
2705
2280
2543
3024
1662
2828
933
1651
1724
1922
3494
1931
2341
2293
1739
2133
2214
2117
2206
3406
1630
2411
2266
1764
3179
2387
1828
3746
2435
1270
2204
1043
1302
1680
1952
3166
1372
2806
2530
1856
1969
2028
2351
1118
2139
2436
2028
3870
2699
2581
2669
2061
1788
1600
3694
2282
1604
1762
2099
976
2239
993
1951
2127
1914
2236
1818
2172
2092
1898
1349
2299
2662
2156
2763
1470
2944
3609
2369
4529
1588
1983
1167
4187
20890
2382
2681
1488
2108
1874
2119
1620
1944
1883
2647
1533
2118
1031
2201
1986
2165
975
2723
1839
1848
3308
2632
2023
1870
2605
2247
4054
1747
1875
3369
1484
1842
1639
2484
1729
527
2569
1748
1166
1373
1832
2201
3427
3833
1484
2272
1282
1522
1658
1943
1170
3031
2090
1243
2968
1778
2362
2466
1600
2471
2292
1933
2719
2606
1702
3053
1576
1553
2779
1450
2179
2551
3236
1699
1780
1400
2486
2800
2716
2334
2516
1275
2328
1830
1394
2871
3535
2806
1715
2079
1166
1578
2389
2701
1741
961
1844
2491
1210
1439
2114
2743
4206
3229
2832
1277
1067
1559
1403
2049
1483
3527
2286
2612
1449
2382
1922
986
2801
2373
1429
2173
2437
1761
2083
1356
1811
2049
3832
2197
1735
1467
1696
2088
1323
1815
1331
1975
1939
31840
1584
3303
1739
3036
1482
2710
2173
1907
2383
1360
3087
1875
3966
2062
2480
1763
1968
2305
2247
1864
2283
1743
2059
2040
2014
5528
1706
2244
2286
1901
2075
772
2595
3226
1923
3074
1586
2329
2568
1919
706
2365
1845
1599
1997
2055
2476
1356
3547
2283
3763
2211
32003
1800
1536
1579
1798
1660
1989
2333
2702
2156
764
2485
3050
2411
1948
3614
3283
3355
1727
3687
2251
2843
1664
2003
1774
1001
2782
1854
1904
1852
1385
2013
3324
3664
2861
1157
1576
1852
2390
1798
2295
1301
2007
1442
1270
1902
3249
1629
2186
1833
1446
1012
3102
1633
1655
1760
1549
2203
1111
1751
1808
3855
1680
2336
1678
1819
1535
3546
2215
1979
829
1922
2976
1219
1584
16951
3020
2313
2430
2025
1907
2422
3239
2306
1536
1973
1284
1755
2493
1700
2102
1889
2749
1702
1724
16646
2845
1313
2436
2513
1579
721
2072
1505
2657
1465
4126
1284
1555
1453
1419
2372
1828
1402
2789
887
2163
1641
2085
1179
1812
1702
1973
2104
1743
2582
1258
1593
1805
2576
2043
3460
2440
1946
1924
1926
1717
2460
4581
2800
2120
2033
1384
2829
868
3571
2127
1697
3514
1745
3186
1493
3453
1769
2295
2630
2727
2693
1403
3370
2046
1828
3547
2350
1184
3355
2577
1841
2003
2244
2775
2270
1621
2122
2386
1754
2526
1656
2202
1743
1324
3024
3323
708
1941
3875
2194
1700
2164
2080
785
1891
1448
4134
1589
2272
2000
1851
951
1949
1802
1937
1693
3164
3133
1565
2039
1408
2186
2293
2660
1953
2395
1557
1037
2260
1568
2491
1870
1800
1977
2446
2235
2681
4514
1685
1616
2927
1686
1747
1939
1322
2013
1686
3634
2310
1654
3260
1313
2810
2166
1279
1260
2436
2582
1305
2415
3296
2190
1761
1793
2200
2307
1175
1704
2561
2172
3919
2378
4430
2204
1198
2486
2184
1866
1611
1007
1901
799
1703
2140
2168
1945
1511
1735
1879
3210
2595
1313
1861
6906
1173
1450
1315
1470
1296
2615
2660
1502
1724
1338
1855
2943
2293
1763
1869
1691
968
6052
2132
803
1272
2280
2252
2300
2744
1798
2283
3048
2301
1694
3054
2012
2581
1250
814
3120
2306
3717
2598
2532
1899
1645
2667
2255
1771
2023
1884
2205
1957
3378
1805
2291
1504
1772
1595
1458
2494
2360
1688
2282
2021
2123
1308
1994
1139
1260
2227
1961
3364
1809
2007
1962
2104
1898
1635
2710
1969
2625
2007
1697
2040
1906
2430
2043
2166
1607
1673
1877
1977
2438
1902
2126
2090
1597
2558
1362
1856
1711
2417
3221
3165
1943
2685
2803
2222
1051
2992
1617
3424
2148
1988
1626
853
1879
1859
1430
2451
2801
2745
2827
3724
2499
2589
1862
2410
2210
2229
1735
3175
2312
1925
4099
1705
4031
2255
2093
1869
2115
2142
2061
2200
2111
2567
3124
2854
2457
1190
1892
1451
2280
5165
1202
2297
2303
4561
1808
1889
2598
1904
1926
1713
1939
2288
1890
3166
1705
1916
1120
3313
2078
2005
2024
1641
1320
1939
2656
2879
2751
3158
1960
2598
3807
1743
1684
2184
2125
3769
1785
2015
18095
2300
2338
3696
1691
1279
2395
2743
1130
1053
1660
2095
2218
2426
965
2865
2095
1322
1029
1983
2725
2100
2260
2036
2035
1956
3134
1640
2004
1431
1947
1809
1449
1631
1875
1882
3125
3039
2161
1709
2868
752
3340
2118
2617
1889
4457
1439
2059
1879
2309
3633
1949
1478
1530
1882
1790
2769
2048
1483
1738
2794
2664
1704
2516
1586
2054
2229
2569
1899
1620
1590
2064
1350
2246
2106
1619
2991
1872
2447
3031
2595
2664
1940
2803
2184
3870
2483
2249
2392
1940
1705
1419
2485
2442
2041
962
2177
2674
4089
2195
1608
2422
1982
2982
970
2796
2195
3208
2469
1806
1940
1525
1639
2327
1245
2104
1320
1997
2672
3984
1924
3639
4197
1374
4365
2162
1662
1439
1856
3438
1823
2260
1875
2389
2851
2206
29734
2534
1980
2185
1645
3444
2415
1627
1928
64967
1494
3102
1605
1739
1606
1483
2100
1843
2449
3051
2212
2607
1848
2817
1197
1277
1242
1677
1442
2184
3130
2263
3594
1146
1959
2022
1899
1813
1997
4880
1161
3018
2200
2126
49724
3461
2265
1366
1883
2520
2963
4797
2393
2471
1898
3929
1518
2033
2800
2303
1589
1937
1253
2075
3010
2625
1596
1907
1734
1488
2288
1636
4107
2948
1120
1818
2346
3310
2075
2154
2240
2256
1930
2281
2177
2091
1456
2115
1027
1697
2316
3979
2371
1294
1600
2006
1271
2540
1701
1794
6782
3403
1519
1860
3762
926
1918
2676
1823
1951
2191
2005
1703
1131
1987
1323
2014
2638
3253
1538
2943
2429
1106
2728
2035
1651
1984
2214
2688
2185
2535
1678
877
2488
1578
2394
2319
2335
1784
1917
1967
946
2142
1846
1832
2861
6599
1880
1928
1671
2076
721
1885
767
2510
1423
1423
1543
2570
2623
1394
1568
2376
1911
1930
2381
2049
856
1722
1336
2415
2649
2106
3480
1773
1681
4401
2024
2715
2134
2622
1885
2225
1895
3099
1872
1617
1595
1497
1933
2957
1500
2151
1699
3053
18756
2559
2294
1630
1478
2489
1488
1766
1986
1422
2115
3130
7973
2010
1467
2336
1385
2221
2002
1026
1838
2077
972
1152
821
2834
3914
2910
1771
2869
2730
1405
3990
1986
3321
2069
2524
2483
3823
1774
2174
930
2978
1834
1833
1986
1828
3556
1974
2986
2915
1945
2710
1699
1882
2170
1960
1801
2940
1490
3585
2349
1969
2230
2008
1900
2889
2498
2075
2028
3451
2116
1773
1993
2049
3694
2548
2046
2776
2913
2138
1087
2784
757
4487
2115
1766
2054
1050
2293
2095
2511
1733
1685
2104
2169
1635
1036
2236
1614
2538
1647
1220
2998
1193
1253
1513
1839
1955
2317
2798
1375
3305
1833
4650
2085
2961
3015
3387
2415
1921
1733
2251
2489
2385
2040
1259
2860
1308
2349
2867
4012
1954
2063
4094
2177
2810
1430
1389
1720
2619
1251
4321
1897
2364
2399
1700
875
1328
2576
1961
1943
2409
1690
2840
1931
2675
1069
3273
2532
2270
1106
3034
1932
2269
1970
2822
1937
1504
1984
1859
2507
2679
2384
2581
1674
1043
983
2057
2394
2408
2103
1955
4792
4849
2674
1113
1401
1768
2330
1430
2306
2349
2120
2588
1716
2160
2015
4535
1133
1920
2744
2199
1742
1910
2148
866
2275
1051
2018
1782
2305
3154
1795
1251
4052
1907
1724
2283
2136
1813
1565
2756
1122
1918
2009
1866
2628
1791
2445
2206
1228
1437
1835
1915
2013
1802
2270
2123
2098
1421
6051
1712
3162
2455
2129
1682
1865
1573
2315
1680
2443
2246
1187
4053
958
2488
2835
2507
2286
1846
2109
3517
2307
2278
1967
1869
1579
2046
4816
2689
2124
1963
3639
1811
1672
1977
1122
1817
2185
1579
1880
1812
2633
2647
2403
1405
1310
1578
1235
2072
2641
2458
2451
2621
2405
1701
1832
1726
2018
3101
1645
1449
1431
3887
2704
2006
1938
1803
2987
3604
1728
2378
2014
1428
2353
1432
1236
2437
946
2145
2590
2044
3039
1585
2019
1812
1241
2017
1873
1072
2306
1561
1834
1792
2324
3730
1674
5897
1857
2537
1576
2766
100184
1417
2587
2415
1265
1371
1823
2243
1934
3105
2201
2026
2156
2171
1800
3077
2130
3380
3701
1238
2832
2240
2397
2953
2407
1831
1787
1889
1733
1937
2421
4529
1704
2668
2554
3091
1733
1715
2479
2239
4018
1417
2490
2125
2252
2850
1355
1832
2020
928
2034
1753
2235
1173
2877
1677
1907
1539
3986
1679
2162
2264
1994
1964
2515
2346
1332
1874
1938
2708
1623
2342
1588
3838
1672
2103
1937
2149
1532
3406
1949
2325
3187
2564
1998
3446
1935
1844
2474
1617
2052
3180
1997
1392
736
2178
2007
1882
2031
1179
1820
2146
2502
1709
1642
1663
2599
1122
3985
3351
2166
2505
1873
2693
2809
2058
1980
2612
2284
1875
3230
1859
1882
2126
2774
2455
1336
1730
815
3117
2032
3212
1615
1364
4045
1137
1303
1070
2219
1854
1698
2426
1992
2083
1355
2055
2761
1916
2991
1981
2427
2670
1719
1182
4207
2292
2288
3026
1976
1095
1173
1453
1664
1937
1416
2621
2785
1134
3647
1815
1279
1411
2327
2221
2148
3104
3140
2151
1280
2315
2912
1692
2725
2525
1540
2117
1639
2927
1758
1262
2087
1825
2170
3736
2152
2448
3154
2327
1819
3531
1337
1713
2632
2434
2589
1661
1582
1892
1598
1989
3840
2160
2153
2925
1440
1645
1284
21509
1577
1643
2788
1908
1183
661
2508
2905
1469
1533
1959
2347
2486
1965
1486
2085
2608
1850
2268
2708
2658
1953
2114
2114
1814
2352
2436
2891
1628
2306
1306
2069
1598
1923
2106
3045
2064
1402
2169
2218
1733
2190
2909
2222
1189
2453
1371
2591
2495
2040
1246
2639
3194
1230
2794
1892
1993
2102
1867
1730
1898
3444
1878
2044
2774
1580
2438
1555
1380
2029
2479
1532
2189
1020
3433
1116
2145
1541
2088
3047
1820
746
1603
1727
1997
1965
2423
3320
1522
2041
2710
2164
1020
2588
1979
1345
3901
2397
1144
1400
1592
1861
2858
2617
1510
1466
1307
4097
1399
2330
4603
4509
2184
3830
3385
1240
2557
3573
2246
1714
2426
2538
1145
2177
1905
1880
2147
2639
1686
2322
2532
1558
967
2759
1590
1856
2729
1796
1047
2709
1210
2485
2069
1862
1686
2188
1867
2448
1805
2410
1750
1727
2939
4934
945
1405
2121
2112
2178
2941
3225
2116
1219
1892
2449
1648
4300
2145
2951
1069
2326
1557
2028
1988
1962
1451
1934
2324
1718
2677
3317
2088
1339
1464
3700
1168
1922
2165
3503
4455
2668
1825
2038
2052
1227
1617
2638
1862
2656
1717
3704
2177
1777
1595
1491
2747
1860
1401
1006
2517
1522
1329
2467
2553
1244
1185
1993
2064
1765
1816
2164
1795
2280
1239
2113
2421
2530
1429
2284
3919
2686
3176
4901
2482
2232
2009
3094
2576
2833
1690
1980
3844
2114
3571
1807
2998
1009
2317
2056
1401
1956
2185
2548
2433
1800
3234
1643
1089
1893
2322
2353
1544
2217
2324
1763
3865
3176
2024
2149
1928
1856
1886
675
2244
1247
2482
1797
2216
1625
1349
1181
1272
18193
1423
1995
1771
1694
1438
2241
1906
3014
1884
1021
3017
3493
1564
3108
1669
660
1687
2105
3889
4455
2496
2042
1825
1614
1854
1365
1944
1907
1720
2098
1496
1642
2101
2501
3112
2372
1126
2215
3359
1892
2952
2220
2710
2396
1393
2683
2680
1510
2631
1345
2190
1845
2654
2161
2130
2286
2613
1912
2221
3108
1642
2248
4109
2206
2402
4082
1327
1887
1813
990
2590
1403
3359
2056
1136
3349
2442
3758
1461
1692
1753
933
2027
1371
2847
2317
985
4178
3407
2434
3777
2483
1868
1517
2708
228773
1853
1812
2612
2155
2675
3190
1498
1018
1923
2007
2482
1252
2061
2051
2532
1920
3040
888
2487
2933
1006
2451
2249
539
1697
6329
807
3627
2677
1256
1920
1718
2654
1661
1208
1844
2237
2170
1205
2006
2055
2038
1968
925
2180
2261
1929
1862
2438
2454
1710
3489
1917
1812
1366
2520
2202
2061
1672
1582
1796
1473
2297
1680
1625
1436
1854
1630
2393
1986
3578
3574
1842
3745
2079
2985
2587
1608
2436
4407
1449
2889
1364
1624
3296
1935
1328
3062
2701
2488
1169
1357
1966
1317
1404
1315
3405
1487
2491
1943
2035
2219
2271
3812
2261
3330
3647
1602
2299
1894
1185
1909
1907
2900
1694
1887
2104
3860
1537
1849
1560
1777
1641
1521
1049
2755
903
1529
2370
1789
1667
2388
1594
1811
1890
3483
1977
1208
2892
1081
2595
2576
2393
2119
2421
2788
1687
4168
2275
1641
1812
1726
1726
3613
2588
1318
2067
1153
2761
2133
1551
4778
1324
2238
1752
1727
1877
4170
2761
1330
1904
1359
6950
1925
2720
1231
1294
4002
2070
2266
1818
1999
2311
1803
2410
1733
3608
2071
1515
2318
2496
2117
2361
2035
1946
3308
1453
2206
2010
1531
3298
1867
1730
2230
2136
2390
2366
2652
1959
1764
2309
2594
3483
1802
2453
2171
3524
1658
2186
1713
2436
1874
3414
1868
1279
2566
922
2161
1506
12250
1719
1627
3546
954
1877
1790
1516
1998
2244
4130
1135
1844
3710
2251
1209
2346
1164
1576
2891
1032
1730
1501
2276
2445
2684
2657
4246
1896
1391
2622
14053
1398
2043
2453
2736
1156
2463
3488
1796
2183
2624
1236
3485
3270
1583
2236
2378
3245
2245
2571
2034
2141
2966
1875
2584
2135
2863
1568
3371
1503
1963
3206
1699
2982
2679
2042
1836
1560
4985
1581
1395
3029
2233
1613
2677
2493
1851
1838
4876
2361
1610
2326
1878
1884
2542
1464
1668
1748
2694
1325
3642
4515
2834
1606
5829
2974
2234
2296
3554
2970
1566
1604
1346
2132
1572
1366
1942
1528
2588
1361
1033
2203
1658
1963
1886
2422
2120
2401
1544
2267
1310
3823
1825
1889
2027
2711
2609
1834
3280
2050
2753
3278
1452
1313
1615
1272
3936
2645
1946
1738
2548
2508
1380
2039
1887
2358
1818
1851
957
2680
1941
2925
1876
1479
2724
1641
3427
1750
1927
1875
1778
2278
3456
2334
2161
2016
2347
1720
1491
3419
1924
2756
978
6783
1463
2159
1844
2069
2925
2148
2190
1752
1750
1556
2030
777
1897
1986
1710
3237
2185
2070
4601
1779
1153
2964
2324
1846
2236
1443
2262
795
1992
2009
3234
1633
1292
2421
2579
1942
1024
1850
2635
2894
2717
7283
2348
2485
2117
1516
4656
2658
2006
3361
1137
2745
1030
1531
1740
2202
3085
2973
2398
1053
2338
2265
2431
2934
1987
2256
1603
3191
1195
2094
2098
1927
2017
2357
1660
1993
4682
2341
1891
1907
1833
2569
1548
2057
2051
1901
1337
2274
1383
1975
3012
927
2239
2772
1369
1668
7977
1753
1394
2181
1894
2272
1768
1180
2353
2379
3344
3104
1413
3181
2086
2651
2562
500
2343
349951
3160
3761
3106
2102
2767
1804
1012
2187
3529
1991
1599
2365
2876
3244
13876
1800
1637
1675
2405
1787
1418
3334
1472
1366
3563
2674
1338
2454
1751
1713
1484
2146
1427
3826
2155
1238
2428
2331
1395
1448
2377
1856
2403
2274
2245
2273
3664
2882
2078
1357
2131
2314
1506
1865
2137
2076
2780
765
2180
1283
1039
1977
1142
1998
1935
1898
2037
1978
1481
1828
3154
992
3547
3196
2042
3630
2074
1228
1330
1698
2468
913
2430
2471
2322
1691
2065
2199
2566
6097
3243
2043
1999
1727
1503
4026
1720
2175
2470
2129
1555
1387
1242
1991
2354
1332
3067
1739
2502
2806
1764
1421
9162
1841
2484
3746
1683
1317
2084
1364
1971
2216
2303
1583
890
2328
2556
1373
1067
2690
3064
1930
3942
2082
1200
2136
1942
2608
1936
2067
2038
1876
1734
1907
1698
1621
2454
1939
2455
1427
2076
1052
2608
1665
1568
2512
2079
19447
1715
2044
2290
2135
2018
4194
1923
1962
2905
2325
2758
2884
1513
1807
2304
2157
2478
1507
2135
1993
2182
1628
1881
1631
1653
1559
1553
2051
3765
2244
2931
2062
2228
2217
1757
2389
2534
2970
2219
2382
1679
2480
2063
2281
1153
1236
1015
2035
1634
1563
1690
2431
1061
409
1345
2776
2700
1723
2910
1904
1716
1732
3573
2201
5004
2993
2113
2794
2332
2809
3643
4040
2089
1636
1832
1038
2034
3122
1314
1511
2812
1857
2236
1898
1284
2933
2045
1287
1366
3754
2297
1745
4935
1965
2790
1914
4923
1488
1379
1917
1440
2096
3142
1489
1862
1664
1677
2005
3620
1953
2127
2025
2299
1529
1489
3097
1706
1338
1836
1352
1742
1379
1622
862
968
1434
1519
3795
1941
2976
1758
2536
1646
1504
1997
1732
1518
1478
2726
1190
872
2044
2170
2765
1907
2230
2050
3178
801
2554
3289
3493
2689
3890
1971
1277
2125
1214
1835
2198
1921
1938
2878
1570
1610
3735
1811
1163
2699
2139
1609
1368
2981
2084
1581
4783
1447
3154
2276
2416
2091
3189
1688
2583
2387
3363
2449
1405
1991
2026
1136
2185
1802
2243
1858
1878
1900
2622
1260
2313
2327
1534
1682
2238
3652
1149
2301
1236
2322
1781
2674
2077
2067
603
1870
944
1486
1143
1790
1741
1090
3070
2210
2470
3771
2235
1727
2155
900
2200
3190
2497
1862
3107
2246
1739
1429
2662
1582
2125
1770
2000
3288
1158
1812
1839
1994
2457
3090
3546
1354
2277
1820
1647
2723
2029
2732
2202
1327
1825
3351
1796
1476
2810
2459
1609
5653
2072
2051
2784
2565
1342
1610
2283
2522
1666
1906
1868
1137
2095
1185
1661
2637
1883
2844
2451
727
1394
1940
2346
1897
2468
1450
2039
1973
1812
4128
2121
2048
2760
1125
1743
2236
1934
1454
1759
2067
1469
2686
1107
1693
1743
1956
3262
1776
4388
1912
2353
3154
1978
2197
3534
2150
1628
1005
1689
1933
2518
2187
1407
1943
1586
2223
3103
2019
2977
4239
2716
1450
3063
2600
1687
3032
2010
2201
2073
1357
1876
625
2269
1821
2182
459
3071
2804
2571
1464
2036
2712
1725
1782
2450
2866
1594
2630
3263
1773
1812
2352
1846
2013
2214
2143
1981
1879
3197
2052
1848
5121
1672
1465
1718
2330
2174
2697
2166
1011
1659
2150
1771
2231
1023
3375
2107
1593
2085
1968
1382
2310
8153
1542
3001
1648
1966
2239
1245
1525
2152
2803
1651
2115
1764
2979
2002
1771
734
1679
2306
1616
1181
2125
1087
2616
2369
1638
1750
2236
1999
2307
1748
2696
2334
1116
2581
2029
2098
1573
2136
1770
1948
1200
1864
3497
2098
2213
1793
1532
1864
2268
2172
2317
2063
1696
2685
2074
2343
5670
1994
2109
1540
2683
873
2493
2058
1675
3090
1875
2180
2318
3102
1683
3083
1809
5029
1785
3940
1128
2061
2434
2266
1048
1828
1948
1899
2798
2156
2568
3079
1646
1776
2229
2141
1700
2341
1641
2360
2354
2190
3046
1348
2180
1753
2099
2851
2537
2857
1290
2367
2341
1648
1544
2230
2102
1847
1762
2619
1756
2302
1075
406
2050
1133
1779
2326
2724
1988
1266
3106
1776
1913
727
1575
3188
1423
1816
2073
1844
2209
2930
2026
1369
2506
2146
1321
3410
2158
5584
1936
1814
4177
2501
1428
1923
775
2564
1318
1338
1595
2451
2371
1243
1784
1517
1867
1421
2058
2152
2441
2962
1840
1672
1564
1255
1629
2472
3237
1342
1960
3039
1446
1816
2132
2356
1892
1911
1613
1270
3940
1951
1845
781
1062
1552
2338
2037
1350
1576
1736
1722
1225
3401
2119
1294
1916
2940
1505
1892
2691
1942
1565
913
2690
2595
1925
1542
1991
1349
2351
1365
1512
2058
1468
2779
1492
1727
2348
1778
1866
2849
2077
2487
1061
2173
2131
1763
38957
1207
1461
2692
1116
2347
2070
3831
1904
2392
1569
1888
1581
2021
2250
999
2270
1198
875
2107
1515
2195
2098
1644
2755
1965
2547
2864
2167
2730
4469
2526
2004
2704
1502
1653
2453
1713
1885
1960
2049
2879
1172
1142
1726
1466
1811
2046
2390
1831
1837
1382
3019
1753
1890
3868
3244
2174
2263
2021
2633
1961
2288
1750
2308
2286
1842
1224
2185
2053
2912
3210
1612
1925
1716
3153
1604
2019
2327
2540
1572
1588
1535
1406
1426
1941
2430
1891
2227
4274
1273
2147
1999
2387
1367
2521
2455
2066
1915
1037
1331
4548
1419
5225
1852
1553
2312
1973
2994
2970
2197
1305
1669
1558
1079
2189
3797
32382
931
1399
2102
2447
2218
4855
1207
1967
2287
1382
2257
4055
2498
1425
1906
1469
1768
1419
2189
2090
991
2096
3282
3153
1127
2760
2527
2643
2584
1698
19352
1255
3330
2619
1394
2645
1416
2328
2258
1977
2033
3060
2497
1784
2140
1982
2978
1857
2225
1352
2074
2965
2164
1987
1250
1822
826
2971
2885
3530
2082
2012
2001
1917
3701
4002
2211
2930
1153
4173
1966
1627
2111
1727
3282
2056
1646
1717
2079
1915
2120
1759
1991
2247
2966
1649
1987
4231
1971
1493
1860
3498
3059
2335
1761
1537
2162
1641
1849
3592
2481
2044
1736
1660
1378
1728
1832
2311
750
2291
2238
2760
2327
1832
2065
3228
2051
2267
3896
1853
2774
2448
1579
4349
1477
2426
2636
3410
1787
1816
2066
2317
1933
2166
1487
2220
1599
1201
2108
2446
2096
2191
2007
1887
1504
2964
5149
2148
2372
1183
2887
2107
2146
2314
3093
4539
2413
2321
1569
1287
1878
3658
1929
1225
1973
996
1752
3183
2466
1581
1271
1574
2103
1858
1311
1543
2254
4050
2333
1679
5129
2000
1748
6387
1732
2285
1492
1951
3471
2006
1434
1868
3292
1091
2421
1553
2947
2798
2666
2845
745
1256
3976
1397
2852
2344
1569
1598
2016
1768
1804
2177
1475
2733
3160
2181
1674
1026
2332
1899
1368
1909
1274
2497
2218
2309
1771
3707
2970
1393
2534
1988
2391
1976
2289
622
1583
3800
2293
1455
2309
1074
1616
3016
1249
2282
2256
2023
2013
2241
2388
1226
2042
1896
1625
1551
2439
3343
2014
3025
2243
2136
1996
2239
1862
2446
2529
1546
1845
1087
3257
2355
1861
4111
2169
2348
2678
1818
2183
2309
969
3319
1827
1516
2596
1240
1790
2271
1669
2363
2061
3659
3112
1999
1123
3134
2725
2150
2775
3205
1441
1606
2326
1717
3644
1610
2140
1564
3679
2049
1961
2925
2294
3451
1856
2318
1546
2578
1705
1671
2912
3507
1998
1283
2455
1194
2128
2302
1798
2523
1863
2055
1105
2945
1945
1934
2077
1885
1825
2075
1806
1971
2441
1522
2685
1594
1802
3609
1978
2095
3836
1903
2209
1959
2941
1798
924
641
1948
2057
2466
2705
1609
2058
1237
1659
1473
3452
1926
3133
2396
2180
894
1477
1951
946
1750
2013
2552
1843
1553
2131
2039
1271
2951
2660
1598
2369
2856
994
2180
3131
1421
2350
2232
1802
2531
1880
2306
5112
2657
2063
1102
2493
1328
1852
4609
1838
1856
3348
3038
1500
2760
2117
1485
2447
2405
1099
2148
1522
1970
1934
2083
34368
3486
1354
3536
1460
2029
3894
2506
1112
2476
872
2402
2430
2044
2128
1415
1867
2215
1742
2257
2164
2370
1889
2627
2696
1697
2380
1862
2125
2038
1912
1898
1780
2218
2907
2290
1635
1408
1837
2169
5434
2015
2018
1837
2231
2014
2321
1895
1300
1936
1965
1526
2810
1440
1646
1830
1882
2692
1665
2334
2195
2263
1524
4590
1855
1329
2794
2141
1694
2521
2108
3169
1822
2410
3085
2023
2300
4860
2631
2692
2437
1613
1847
2508
982
2319
1610
2381
1669
1847
1881
1483
2104
1376
1917
2470
2572
1396
1858
2695
1383
2307
1946
4885
1670
2604
1432
3407
1907
2670
31779
3029
2106
2256
2015
1569
1944
1694
1556
2063
1895
1466
2145
1381
2914
1586
1722
1322
2802
2700
1628
1103
1256
1566
1743
1858
2988
2026
1990
1933
1777
2011
2006
1595
960
2222
1455
1604
2260
2045
3328
1862
1542
1923
1932
1898
1851
2219
1912
2192
1682
2506
1405
2555
143288
2401
2067
1798
4339
1210
2378
2692
2326
2233
2439
2360
2530
2598
1602
6910
1824
1894
1680
2017
1887
1451
2135
2621
1768
1581
2505
3132
1465
2768
1279
1643
3203
2582
1768
2189
2746
2243
2835
1463
2045
1995
1567
2025
2636
1057
1410
1963
1115
2524
2509
2239
2157
2415
1506
8728
1878
1666
3637
1808
1841
1141
1252
2256
1253
2803
1878
1916
1941
3764
2031
1269
1937
1065
2016
2700
2633
1788
2312
1192
1244
2112
1087
1646
1593
1324
1918
1775
1857
2598
2323
1809
1413
4092
2347
3732
1323
2499
3803
1853
2330
1603
2390
1297
2098
1513
1899
2031
2241
2498
2137
1931
1642
2246
1976
2611
1869
1442
1723
1482
1597
2469
2228
2035
1859
2452
1830
1221
4759
2034
1657
2235
2139
2478
850
1731
667
2104
2394
1399
3170
1442
2026
1894
1518
1164
1633
2060
2212
2012
2843
2223
1844
2696
4305
1960
2585
2744
1591
3416
1095
1853
2269
2366
2291
2304
2302
2042
2515
897
2607
3855
2642
4075
1595
2331
2000
1813
1299
1585
1934
1412
1550
2230
1770
1915
2298
2032
2472
2849
1831
1963
3401
1867
2485
2144
1396
2421
1863
2524
2944
1589
1547
4561
1756
1894
1380
1661
3150
2398
1833
1616
2346
1754
1415
1584
1257
1701
1694
2055
1747
1683
1600
2041
2981
2119
1166
2093
776
2117
2240
3002
1695
1769
1541
1979
3138
3225
2395
1408
1585
1709
1870
2303
1014
1885
1461
2134
2637
1787
1898
1300
1335
1886
2159
1918
1882
2379
2200
2380
3207
1924
1894
1864
2503
2049
2954
3714
1595
1507
2031
2481
1745
2009
1833
1640
2703
2214
1890
2374
3440
1865
1153
2376
2113
2121
4227
2279
4038
1562
2590
1316
1763
2733
1887
1601
1952
2154
1447
2224
2253
1974
1937
2276
1801
1967
3218
1912
2108
3075
4651
3195
1926
2173
2336
1468
2719
2614
1749
2134
2184
1468
3121
1387
2001
3089
148767
1879
1607
2755
1508
2415
1806
1041
2367
2577
1299
3472
2715
1551
2099
2116
1593
2311
1624
2139
1456
1786
1480
2798
2418
1892
2320
1303
2478
1651
3256
3507
2479
1844
972
4976
1958
2303
2241
1927
1108
2904
1732
1823
1924
2052
1482
2348
2226
1913
1975
1681
2661
2543
2610
1783
1905
1865
2657
2445
1796
2247
1360
2037
2274
1832
1887
2363
1365
2301
2742
1107
2447
2014
1708
1943
2092
1755
2429
1391
2440
3021
2007
4288
1360
2307
2735
1892
2379
1811
2266
1307
2016
1843
1747
1922
1235
2347
1268
1779
3090
1698
1220
1820
2336
730
1859
1844
2193
2189
2120
2637
1494
2280
1593
1949
3278
1546
2189
2276
2770
1723
3337
2752
1387
2544
3095
2438
2516
2882
1469
1877
1592
2625
1424
2054
2128
1922
2700
1919
1889
1645
2301
2412
1270
2048
2079
2086
1447
1966
1231
1817
1474
1559
2049
1362
3021
2010
2527
2613
2191
1579
3240
2751
1359
1103
1946
1627
2041
1835
1657
1827
1482
1828
2330
1613
3240
2710
1773
2903
3239
2157
1820
1724
2225
1526
1962
1423
2225
1170
3724
2187
2432
1960
2573
2228
2029
1525
1616
2190
3695
2114
1490
2126
1158
2265
2046
2532
4660
2349
1509
1704
2643
2189
2009
2074
2445
3863
2811
2538
2535
1380
1888
1903
1736
3406
2128
2846
2905
2823
1401
2215
1891
2517
1617
1411
2282
3106
3507
953
1935
1853
1406
2546
2523
1417
2132
2158
2457
1988
1698
1197
3651
1786
3602
2457
1970
3206
2119
2398
1979
1572
1869
1657
1405
2775
1154
1961
3182
22498
1087
2142
2621
1423
2250
1592
2892
2236
1427
5325
1757
1843
1699
2025
2100
2199
2301
1571
2118
2092
2302
2037
1486
4647
2271
2388
2292
1515
1379
3032
1778
1650
2927
2137
2232
1624
1943
3214
2154
1907
2180
1988
2165
1434
1631
1526
2328
2116
2150
2959
1308
1875
2789
13930
1300
1802
1549
1725
1256
2088
1667
1888
3398
1731
1280
1753
1826
1729
2127
2820
2086
1932
1961
1605
1881
2364
1863
2132
3707
1858
1587
2427
1739
2253
1854
2355
2911
2328
1971
1121
1928
2042
2388
2165
2403
2114
2468
1505
1480
2347
2785
2322
1430
1017
2877
2256
1241
2545
2381
1554
1620
1695
1114
1883
3669
2108
1439
2803
2196
2324
1227
1632
1195
2201
2280
1909
2007
1828
2191
2373
2147
1717
2027
1277
1856
1276
2237
1634
2380
2603
2071
3402
1680
1657
1509
2402
2076
2168
1849
2862
1737
1989
4367
1319
2178
2614
1216
2717
5491
2178
1854
2608
2305
2117
1971
1909
2097
1866
1737
2035
1977
2525
1972
1223
1743
1831
1099
1940
1810
3372
2309
1982
1035
1833
1271
1607
1836
2164
3010
1742
1227
2223
1816
1417
1381
2637
664
2582
2270
1422
2122
3032
1985
2190
1663
2143
2650
1537
1490
1718
2076
1543
1593
1294
2510
1504
2283
1691
2615
3376
2576
2471
1575
2535
1896
2049
3603
1746
2829
1661
2239
3709
2458
1564
2795
1552
2441
1265
3248
1990
2365
1820
2090
3951
2225
1405
1829
1993
1548
2487
1858
2896
2244
1274
1319
1421
2102
2114
1995
1854
1555
2329
1217
2493
1658
1838
1596
2081
2226
2639
2059
1023
1907
1088
1796
2201
2385
2046
1646
1171
2359
2834
2014
1505
2544
1574
1468
1436
1917
1422
2226
1299
2475
3344
2816
2328
2043
1738
2631
2140
3929
2548
3412
2245
1535
2679
1580
2093
2239
1525
1516
2778
2440
2298
1756
2073
1439
2594
2458
2699
2227
2494
2600
1543
1619
3132
1807
2662
1103
2757
1402
1690
1808
2023
2192
2451
1570
2889
2007
2310
2451
1479
1242
1870
2598
1675
1625
3057
1445
2340
1269
2720
2361
1969
3648
2018
1992
2084
1683
1245
1969
1691
1205
3359
1223
1971
1448
1986
2460
1472
2082
2024
1849
1794
2099
1612
1731
2948
2267
2188
1650
2106
1290
1865
1866
2012
2191
1591
1761
1168
1990
2682
2485
2248
2063
2066
2478
2273
1109
2025
667
1733
2270
1955
2112
1551
1387
2685
2593
2565
1791
2533
3137
2228
1640
2216
2083
3051
3585
2141
2162
1378
2236
1421
3264
1976
2828
3066
1594
2123
1195
2353
2673
2266
3160
2134
2427
1937
2128
1485
2970
2102
1779
2477
2107
1746
1352
2456
1354
2082
1852
2316
1928
1106
2777
2087
1563
2736
1537
3085
3183
1473
2185
2301
2092
1834
2198
2425
2108
2704
1895
1104
2823
1527
2156
1737
1275
1720
789
2031
1892
1639
4183
1455
1340
1414
2175
1737
1049
2149
2371
971
2257
1748
1254
2709
1752
1662
1648
1383
1398
1508
2055
2141
2732
1988
2053
2188
1884
1718
1884
2133
2484
1575
1216
1333
1297
1932
2559
1334
1956
1847
1331
2244
2035
2329
2107
2192
2387
2271
1867
1802
4915
1712
2374
1987
1955
3029
2755
2122
1853
1543
1825
3425
2732
2093
2423
1034
1934
2038
1819
1270
1252
2165
1041
2157
2376
2190
2305
2517
1702
1825
2566
1339
2440
2339
3201
1294
1861
1598
1515
1829
1634
2161
2830
2468
2380
1189
1723
1960
1218
1188
3135
2846
1474
1158
1332
19087
2926
1962
2043
2688
2758
1858
1832
3660
2368
978
2847
2696
1790
1308
2018
1839
2632
2357
2356
1868
1399
1896
2162
1237
2070
1960
1686
1274
2224
1870
2186
1802
5600
2494
873
3347
1520
1749
2055
1742
2272
2006
1950
1335
2195
1660
1055
1877
2001
2868
2674
1937
1932
3213
1856
2207
2015
1400
2404
1920
1356
1548
1638
966
1940
2361
3170
2734
2965
1731
1111
1299
2201
2153
1947
2730
5924
1722
2255
1848
3091
1015
1981
3404
1948
2539
2456
2081
2333
3105
1275
1976
1971
2116
1614
2313
1412
1188
1943
858
3482
3075
1952
2971
904
3591
2001
1936
2396
2188
1810
3559
2057
2029
2441
3249
2696
4982
2606
1640
2731
1848
2101
2269
1976
3330
1527
1407
2510
1961
2615
1103
2528
2848
1149
2407
2169
2030
2480
1640
2429
4082
1922
1611
1992
1927
2003
2163
2077
1141
1188
1860
2203
1455
4619
1872
2251
2983
2108
1303
1894
2023
2133
3165
1436
1570
2584
1934
1879
2671
3391
2249
3496
2714
1452
1567
1602
4093
1620
1936
1204
1951
2345
4184
2431
2181
1857
2164
1567
2480
2134
2034
1339
2127
2185
2506
1645
1894
1947
1767
3272
2030
1730
2068
1955
1564
2911
1358
992
1806
2244
5136
2266
3193
2007
2241
2427
2926
885
2957
2273
2269
1987
2299
1754
1645
2909
1259
1795
1987
2760
2088
2032
1612
1708
1711
2643
1698
1805
2519
1916
2836
2125
1591
2547
2234
1431
1938
1846
1633
2550
1854
1774
2521
2164
2631
3110
1040
3749
1878
1766
1587
19008
1043
1015
2515
2222
1287
2539
2672
1951
1468
1991
1317
1640
2442
1340
2151
1790
1633
1477
2267
72970
1621
2055
3180
2083
1236
1725
1119
1993
3126
2195
2434
2637
2103
1713
2859
1594
2204
1722
1806
2225
2286
2304
2402
2084
1962
852
1580
2349
2222
4213
1255
1775
3127
2096
1747
2182
2125
48960
2318
1580
1927
1948
587
1393
1610
1963
1431
2993
2625
1703
1845
1030
2190
1773
1937
2314
4015
2100
868
1666
1912
2049
4506
2054
1935
1537
5558
1298
2885
2051
2027
3135
1412
1910
1246
2413
1813
1386
1310
2326
1489
1788
2373
1683
2642
3021
1968
542
2680
3205
1585
2542
2506
3509
1842
3044
1660
1884
1465
2130
2226
2159
2645
2055
2449
1840
1460
2383
1723
1978
1517
1867
2376
1780
2017
2116
1955
1898
1878
1882
1770
1449
1163
2641
2029
3926
2139
1133
2622
1714
2140
2889
1997
888
1931
2367
2049
1660
1591
1854
1957
2264
1383
2094
1298
1956
2327
2302
3405
3163
2077
1513
2004
2215
1384
16826
2202
1648
1647
1722
2091
2089
2090
1875
2734
4140
2120
2247
3529
1360
1881
1888
2791
1636
2120
2570
3186
888
1056
1562
1808
2378
1818
1205
1852
1244
1596
2361
1322
1357
1818
3151
2187
1930
1788
1449
1229
1810
2097
1541
3159
1867
2214
2015
1276
2563
3437
2062
1811
1860
1782
933
1796
1565
2078
2370
1916
1164
1020
1750
1674
1657
2276
1307
2303
1710
3041
2337
1841
1437
2170
2235
2996
1602
3496
1882
1544
2280
1369
2060
1208
2380
2102
2147
1094
1844
1198
1961
2378
2137
1976
2200
2036
1938
3081
2367
2555
4074
1726
1281
1961
1304
1736
1597
1762
2686
1430
1892
1604
1774
1217
1990
1679
1989
2212
3148
1005
1216
1944
652
3999
2043
2304
2347
1466
3169
857
1927
2230
1901
1699
1904
2016
2147
3245
1149
1957
4238
3303
1914
1973
1995
1157
1931
1896
1958
1628
2584
2194
2025
2232
1043
1921
2095
2248
2212
2320
752
656
2228
1990
1205
2193
1988
1246
2434
1667
2167
1999
1719
2073
1472
1962
864
2108
1890
2155
2097
1714
2017
1118
2192
1803
2648
1643
1674
1527
1286
1961
2054
2601
2492
1729
1789
1627
1997
1393
2219
1928
2459
1869
2208
1565
1828
1682
1512
1681
1644
1793
2441
3060
3094
1974
885
2472
1883
696
896
2455
2144
2654
1202
1827
1395
2096
2550
2420
2329
1824
2041
1673
2275
2727
5466
2665
11359
2455
702
2192
1853
1454
3718
1356
2053
1070
1893
1736
2165
3387
2204
1894
1240
1956
1639
1694
2349
3275
1914
1878
2711
1277
1813
2124
1884
2333
2233
3062
1339
2347
1927
1547
2355
54779
1981
1936
1856
3025
1916
2384
1941
1688
21056
2042
1333
2430
2402
2429
1911
1612
1412
2399
2234
1050
2546
2174
1891
1518
2486
1563
947
2030
1590
1455
1720
2362
1649
1457
1224
1529
2004
2112
2027
1802
2225
1990
1765
2857
2228
1573
1477
3455
1797
1325
3523
1215
2796
1948
1935
1442
1973
2331
1656
2497
774
2657
2148
2290
2453
2738
1671
1010
1860
2254
1671
1818
1839
1506
1918
2218
1544
2045
2500
2053
2294
2889
2172
2515
1124
1487
2650
1300
1171
1455
2318
2579
2592
1279
3421
1509
1754
2672
2003
980
2703
2186
1405
1693
1990
1844
2331
2754
2003
3120
1265
1256
1848
2401
1658
2258
1276
1905
2235
1854
4103
2452
1741
