5804
4679
4439
3487
2796
4520
3094
3970
3337
4275
3893
3020
2990
3825
3932
3010
4909
3149
2709
4823
4234
5829
6088
7512
4405
5720
3785
9710
5908
2984
3607
4578
3706
3139
7016
3198
5706
4498
3383
6152
3806
3067
3852
5619
3615
4212
3120
4599
3596
5038
5940
3061
7095
4289
4143
3977
3563
5844
5944
4372
3924
3879
3107
3296
3430
4779
5342
3282
4865
4035
5219
3651
4217
3001
4673
5211
4874
4700
5125
6421
5078
3922
4982
5150
3247
4252
3508
5221
4505
5245
4993
3954
20785
5898
6047
5172
5019
8035
3851
5338
4384
3798
3550
6642
2817
5137
3139
4863
6059
2782
4090
5804
4654
5153
5268
2970
4293
3886
3636
6532
3815
3338
6545
4450
3450
2932
4194
2804
6594
3701
6270
5217
4547
4703
5444
7375
2872
3391
3866
5159
3909
2928
5732
2824
3974
3420
3998
21133
4489
3690
4278
6544
3570
3999
3680
3223
5539
5694
4363
3630
4297
3830
4453
3330
3446
3589
4024
3788
3453
3556
4550
3804
6971
4534
4205
3560
3030
4281
5081
3116
5676
6002
6169
4975
6277
3945
3237
5804
4461
5230
3144
4560
3696
4225
4763
4387
3464
6476
3311
4554
3267
4212
6127
3373
5145
4286
5529
3288
7469
5471
4762
4372
7315
3409
3598
4741
3395
5271
6332
6264
3715
4902
4866
4854
5783
4345
7747
3172
3690
3908
5010
4143
4522
7100
4854
2653
4672
3794
4838
3082
5192
4534
4818
5378
4609
3441
6527
4438
7453
3929
4014
3472
5912
3206
3270
3756
6985
7713
2766
5406
3825
3747
5656
3137
4359
6036
5269
3479
5011
3386
3540
4077
4345
4696
5885
4793
4385
3718
3947
3740
7063
5425
5229
3830
4630
3140
3175
4873
3773
3232
6421
3938
7604
5881
5881
4375
4389
4453
6634
4585
3604
2729
4487
3636
3296
3436
7074
6421
5385
7850
5639
3428
6214
3252
4359
5194
3451
4703
4468
8160
3104
5736
4596
4900
5494
4909
3725
6685
7725
4028
4775
5350
3221
4243
3474
3180
3213
4090
3516
4055
3208
4593
4113
2875
2888
3122
5694
4798
3898
4514
5173
4657
3248
5110
4201
2934
5548
2669
4020
3771
4356
3078
5018
3677
4058
7441
7669
2799
3823
3912
4101
6122
2929
5947
3737
5919
4296
3177
4378
3771
6031
4275
3540
3273
4003
3901
3459
2712
3865
6677
5683
3854
4229
4616
5176
4361
3821
4046
5355
3774
5375
4213
4348
5877
4300
4176
3809
4119
5176
3811
6134
4450
4690
4818
6056
4166
6858
4389
4778
3215
4311
3259
5708
3396
20564
3409
3510
8459
4134
4535
4927
3309
5133
3125
5085
3124
5817
7671
5316
4258
5216
8145
4463
4566
3398
4560
4578
4929
4582
5052
4746
8931
2430
4232
8838
4743
3060
4773
4249
4274
5024
6049
2965
40306
5067
4177
5708
4328
6107
5003
6153
4348
4318
5363
3596
4558
4809
3254
5403
5229
5425
4098
5282
5243
4126
4656
6138
4374
4500
6900
5292
2815
4421
4644
5706
5624
4573
5772
3999
5591
3361
4344
5869
5387
3624
3626
5196
5668
5089
5546
3007
3544
5547
4233
4680
3515
5190
4963
3103
5273
3317
2588
4223
4605
4417
3762
3429
3787
3592
6965
5400
6351
7476
5160
3206
6462
6611
4342
3468
2971
5035
3697
2784
3560
2964
2941
3304
4565
3646
3681
3576
7114
5543
2889
4881
5074
3982
3551
2734
5280
4538
5575
4859
4383
185778
5064
5313
5185
3483
5379
5145
4200
1930
4845
4824
3769
5429
3699
4098
2725
4391
5306
6535
5325
3676
6217
3709
4010
4480
5572
4987
3965
3752
8406
2010
6538
2242
3017
1325
4091
5889
5575
4573
6227
5556
6538
5513
3543
4763
3762
5609
4541
6146
4872
6117
5170
4627
4165
5792
3344
4642
4601
5155
3817
4856
5149
6693
5068
5537
6286
3998
3396
6524
7548
2633
2626
5748
6031
5802
2814
3137
3537
3328
2397
3258
4464
5595
4210
4063
4905
3547
4041
5841
3928
2965
3637
3642
3026
4375
3630
7535
3747
4017
4463
3694
3721
3585
6172
5026
4544
3261
4116
4353
5631
4454
5660
6848
5138
4663
6688
7852
5205
3568
5847
5685
4259
3564
5097
3811
3570
3514
5235
3072
3620
3534
3938
5160
3809
3995
5178
5021
4610
5439
5117
3117
4490
2915
4965
3108
4033
2527
3670
4210
3503
7840
3271
4021
4984
4091
4305
6743
5513
4057
5183
7380
2961
16679
7766
2544
4392
6682
5554
4323
4006
5196
3717
4898
4424
4346
2605
4074
3002
5398
5463
9805
5325
16364
7542
4946
2632
5309
3908
3725
5742
3102
3339
5878
7707
3956
3562
3127
6477
3375
4099
5508
4215
3860
3633
3870
3228
6369
5932
6350
4995
4575
3597
4092
4751
2099
5272
5515
4140
5250
5556
5055
19893
2228
4059
4387
6459
3995
3853
3879
4601
4137
3479
4876
5003
31856
3352
3506
3229
2519
3056
2631
6330
6675
2985
5303
4087
4855
4131
5680
3765
3728
4531
5673
4591
4156
3003
3200
2700
4027
3577
3649
4365
3891
2762
3866
4249
24831
4698
2915
5723
5624
4220
5625
3271
5270
4872
4115
7002
4871
3053
6350
4678
4289
4375
5333
3715
4041
4224
3103
3934
5399
4723
3921
3780
5345
4083
5868
3740
1539
3607
4457
6633
6378
3471
6913
4501
3731
2741
5494
4576
4950
3035
2740
3721
3534
5387
4534
2901
5564
5773
4210
7375
3268
4539
5939
4632
4076
4249
5054
4988
4124
6940
4616
5723
5903
3867
6224
4378
5062
3704
3652
3218
4629
6152
4300
3162
5292
2867
5832
3848
4969
4140
4472
5338
3623
2800
5259
2955
4591
4518
4859
2552
5960
4000
6632
3990
6019
5941
6442
8865
3634
3857
5925
4282
5964
2917
4151
2126
5100
3213
4188
3690
4243
7439
4697
3843
3206
7176
2763
2285
4863
2933
5151
3454
3215
3286
3584
3347
6498
5586
4636
4087
4351
3482
2288
4444
6656
4195
4828
7187
7030
4905
3852
3573
2489
2927
3882
2783
3580
4514
4125
4242
4059
4447
3754
2911
4567
3651
2951
3028
4681
3174
2927
4527
3449
4340
5193
3760
2843
5776
5014
5538
4954
2998
7954
4710
5157
3875
3779
4205
4454
7504
4376
8012
5169
5480
3236
3064
5719
5506
4305
4244
6387
3072
4025
2931
4249
4219
4497
4212
5058
4418
2980
5904
4034
3492
13485
3349
3551
5327
3729
3005
3342
3785
3827
2984
2964
6525
3364
5550
2746
3202
5607
4198
4578
3205
5109
4772
2644
5328
3979
3108
4026
3453
5555
5287
5072
5118
3227
3040
3875
9311
3233
3262
4276
4541
6631
6453
4766
3848
4305
4871
2898
4787
3465
15164
2753
4267
3279
10361
2729
4217
4333
4292
3728
4278
4821
4470
5780
6608
3518
5504
5249
5413
4391
5697
3511
3261
2787
4758
4372
4030
6650
7128
5162
5162
4081
4335
3903
3077
5949
7647
3011
3431
4409
3601
4043
4449
3128
3417
3365
3942
4198
6697
6407
5258
4422
5296
4094
3414
6769
5203
4819
4766
5260
7089
5141
3645
5480
3582
5072
5047
37973
7302
5465
4254
6681
4673
3812
6242
4222
3214
5046
3742
4143
4235
6269
4406
4588
4455
4947
4093
3549
3226
3132
6289
5472
2859
5288
2865
6509
3543
2731
4191
4888
3745
3730
3996
4258
1971
6067
4594
3563
5763
5215
5058
3398
4824
2616
5429
3747
4506
5989
6476
4987
6970
5112
4214
3777
10830
2213
5200
6185
5956
3567
5001
4175
4247
2572
4797
3674
2599
2937
5592
3074
4264
5958
3021
5505
3381
4077
3610
2749
4560
4773
3141
6775
4047
6905
6430
8079
3369
3629
3088
2982
3261
3449
2971
3644
5034
4681
4103
5065
6614
5235
5151
4023
5477
7121
5507
5120
4646
6817
3150
3989
2933
3889
5336
3773
3660
4040
5937
5832
3918
4266
3168
3339
4536
5425
3347
3959
3233
4300
4335
5466
6499
6023
4116
4524
4320
4334
3657
2969
8699
3102
3981
2871
4452
4044
3394
3499
3089
3233
5286
3589
2992
3615
3750
4229
21489
3481
6512
4404
4483
7739
5903
4187
3879
4587
3141
3556
5081
4122
4974
5010
2839
3268
3273
3031
3656
3452
3310
5108
6064
2897
2602
5258
4430
4038
3517
3336
3631
5060
2634
4537
3786
5503
4297
2854
5480
3741
4743
3647
4278
3109
3589
4116
4970
4724
4448
3797
3032
2857
3538
4142
4505
4730
5006
4227
3487
4193
3491
3343
3982
2129
4957
3534
3851
6922
4673
2779
2947
4440
2405
4106
2936
2805
4781
3362
3328
2967
4624
5081
4534
3963
3977
4131
3760
3573
4910
3223
7194
5868
4199
3013
5106
3436
3971
4948
3030
3479
5374
3224
3617
3189
5703
3693
4017
2668
4320
3243
3486
3759
4582
3490
4812
3582
4479
4601
3430
3856
3165
4408
4787
3493
3365
3617
5596
3800
3500
2946
5597
4751
3661
3071
4218
3349
4611
4796
3969
4761
4118
2903
3430
3457
4394
3681
3263
5016
3815
3662
2920
4570
6170
2837
4520
4870
3298
4718
4757
5139
3064
5130
3921
3465
1947
3541
5155
3483
2328
2587
3485
5526
4322
2226
4718
2876
4629
4706
5442
4034
3302
5589
2360
4220
4149
4162
4250
3792
3223
3201
3090
3244
4795
3248
4864
5223
4411
3222
3775
6619
3276
3456
6110
5353
2853
3282
4577
4315
3287
11791
3546
3260
2377
2397
5704
3780
5503
5497
5607
3565
4447
2948
3167
8392
4463
4601
2551
2822
3911
4180
3269
4043
2825
4616
3634
4625
5476
7550
4845
5340
5659
4410
4597
5919
5039
4842
4086
5704
3981
3608
3442
4774
3194
5821
4478
3622
3735
6442
3857
4661
3217
4362
3367
4204
4262
4927
2938
4406
4306
4742
3938
3231
5050
4196
4751
7137
4349
4289
2838
3604
5328
2803
3569
5771
5477
3190
3951
3815
2436
3484
4954
4193
3477
6471
3554
4835
6307
5179
3425
4077
2762
4488
2630
4189
3335
3243
4606
3963
4036
3832
6002
3710
3713
3470
3878
4187
4807
5982
4483
4060
6407
2891
3499
2572
5442
3792
2817
2545
3733
3154
3219
5299
3101
3855
4743
3546
3214
3484
5267
3271
9366
5323
4651
4171
3430
3842
5800
4101
2192
2112
3869
5269
3163
2791
2997
2540
2751
2537
3036
17161
3188
2931
19107
2780
5304
3808
3652
2751
2785
3419
4092
5237
3895
6284
4201
4874
3341
3385
4529
5572
3972
3884
4796
3127
2674
6087
3121
4083
3460
1928
2997
3924
4212
3555
4414
3635
4036
3705
4255
3161
3844
4039
4741
3954
5787
2538
3552
6748
2372
4598
2784
3360
4626
4481
2112
7721
3653
4702
4125
4695
3603
3794
3833
3174
3763
3698
4302
2581
2746
3930
3419
3817
4068
5316
3874
4262
5126
3994
4361
5287
3855
5410
3925
4610
2480
3397
5686
3880
3210
3565
4424
3735
2984
4292
2306
3307
4439
3688
2066
3894
3826
3957
2892
3872
3214
2348
2578
3760
4550
3311
5326
3937
4001
3624
2743
2868
4361
4303
3268
3581
4390
2569
3274
3679
4081
4426
4747
4778
3713
3065
4520
4108
6625
4418
3709
4112
3910
4019
3157
3822
2687
3663
3669
3333
3163
6243
3713
2927
4310
2626
2841
5963
4271
3068
5267
3010
5100
3897
2779
3549
2870
4619
2922
3838
3401
2789
4557
2218
3231
5944
2560
3091
4267
2775
6140
3724
4604
3892
3381
4274
3418
2984
3663
3662
3531
3833
10935
3980
6316
6969
2844
4302
2789
4325
4889
3541
4169
3137
3929
2535
3094
3971
3325
3905
4648
4409
3594
2882
2901
3788
3225
4994
3534
6130
3102
4096
5501
2733
3174
3070
4534
2785
3299
4170
2952
3225
3760
2398
3724
3792
4399
3683
3319
3376
6928
4873
4807
4071
4684
3094
4307
3308
2778
4348
3941
3331
3776
4268
2158
3795
7446
3141
6224
3417
3954
5123
4730
5223
3326
3736
3617
4990
3290
3264
2800
3510
3641
2610
2957
3853
4673
3457
5829
5660
3893
3614
2508
2778
4994
4231
5024
3076
3131
2638
4645
3478
5331
3465
3235
3833
6080
4330
3283
4412
3471
4378
2966
3268
3304
14816
4910
3130
2499
4574
2870
3655
2519
4486
3132
3614
3490
3234
4969
3658
3882
3443
4219
5121
3299
3706
2727
4630
5046
3691
2623
2899
3755
2222
6023
3177
4007
4140
13572
4488
4081
5354
4475
3365
3756
3177
3046
3360
2986
3261
5335
5521
2764
4050
4893
2866
2989
2753
2517
4350
3528
11078
3006
4954
3329
4750
3736
5613
4148
5972
2709
4829
2398
4889
1993
3068
3426
2553
4185
5002
4020
3884
3283
3714
4097
2654
3350
3359
4180
5548
2845
3927
3766
3337
4344
4035
2719
5181
2862
4074
3504
2372
2764
3425
2932
2845
5812
3109
7267
4544
2498
3700
4402
3156
3190
4290
3373
2910
4684
2756
3835
4719
2515
2583
3801
4094
2493
2995
3102
4529
5209
2671
3259
2874
3423
2894
3421
3546
3368
4236
3638
3735
2587
4533
2741
5155
2649
3590
3303
4101
4031
4827
2897
3018
2785
3496
4094
4635
2130
2302
4528
4325
2737
3912
5018
3819
3694
3475
3895
3253
2670
3529
3010
3689
6345
15699
5137
4684
5047
4307
3634
4502
3142
3913
4565
3627
3921
2922
15041
3377
3321
2817
5207
2823
3453
3424
2370
2443
4317
3211
5509
2765
3189
3017
4863
5146
3031
4333
3229
2942
2890
5951
2046
4214
3118
4130
5395
6868
3116
3115
3729
3840
4013
8961
2616
5341
2995
3942
2432
3730
4129
4556
4360
3415
2869
6121
7123
5363
4573
4527
4448
7625
2954
3070
2776
7234
5428
5799
2677
4399
3252
3799
4484
3036
2787
7698
2922
3673
2629
3152
3197
3870
3643
2841
3413
5642
4116
3846
5086
7560
3520
4672
3486
2159
4072
4994
2952
3287
3747
3774
3373
4005
8078
2862
4263
3452
6382
4633
4157
2626
4960
5211
3525
4048
6817
35509
4961
2816
3369
4172
3979
4024
2856
4217
3818
3091
3755
5263
3382
2152
3374
4614
3246
3343
6183
4064
3702
3284
2519
4726
2205
3314
3296
3310
3594
5572
3570
2995
3417
3007
3539
3071
3456
3015
4094
2478
2382
2850
4217
2918
3231
4904
3329
3518
3694
3710
3081
3093
4725
3438
3173
2832
4654
3223
4860
3187
3461
3162
2725
3297
3730
3795
4333
4203
2799
4117
2757
4393
2811
3281
3395
3177
4497
4206
4270
3166
3536
3861
4344
3033
3044
3696
5380
4659
4237
2783
3813
3665
3030
3865
20645
3911
3276
4322
9782
3737
3302
3356
3717
3809
4459
6668
3792
3651
3299
2505
3432
3756
5840
4635
2837
3159
5299
7956
3332
4439
7159
6171
5232
3683
2221
4762
4256
4815
3570
3895
4064
4098
3895
4166
4527
8569
2933
4906
4518
2685
3609
6143
3999
3757
5767
3224
4970
5409
3190
4129
3468
5159
4487
5504
3668
5212
3221
3837
4544
3919
5956
5522
6317
5908
4193
3790
3482
4523
4451
3165
5326
2654
4762
4175
3755
3465
3259
4111
4439
5009
4458
6142
3854
3522
7902
3306
4801
3919
4772
3176
4022
3538
7010
4465
3908
2423
3974
4400
4072
7166
3506
5360
5406
3288
5267
7377
7168
3788
3276
3372
3775
6301
4806
2743
19254
3802
2845
6082
3607
5059
3828
3256
5839
2984
4664
4756
5014
3666
4229
3712
3887
3502
4823
3105
4117
3754
6221
3691
3639
4178
5465
5229
5385
5472
4717
4486
3381
5447
4075
5205
5644
4695
3827
4164
6021
3530
5252
4381
3510
3510
3749
6014
3659
6819
2951
4948
3665
7941
4014
5510
4913
3939
2585
6500
4088
5564
5253
4188
3615
3421
4764
3388
3561
5577
4180
4679
3586
5203
4509
4410
5025
4259
4736
7123
3916
6946
5065
4907
2238
2679
3560
5322
4955
4789
6235
3883
2252
4239
6523
5413
3177
4227
2920
3932
4780
3372
3548
4905
5094
6500
3986
4160
2405
7946
3029
5539
3923
2776
3465
2708
5078
5057
3375
3353
5987
3848
2930
5450
5661
3325
4816
2973
4174
3090
7563
4267
6728
5574
3962
2786
3121
2773
3909
4852
6214
7320
4687
3673
4880
5587
4329
7743
3732
6786
3366
4817
2302
5560
6309
6497
5193
7805
5053
3677
5116
4371
4639
4119
2899
5698
2383
5257
6227
5117
7661
4411
5003
5096
5137
2992
5214
4669
3753
2333
4035
3154
4003
5206
4682
3734
2561
4070
6066
4695
5579
4506
6146
3788
6985
3133
4061
3677
3988
6084
3374
6566
5217
6747
8071
2185
6808
3542
6081
5757
4282
2230
4273
3798
3233
3257
7011
6660
5226
4908
2831
5795
5604
3857
3947
6826
3633
3686
2564
3315
4123
11374
6869
5098
4386
6851
5962
3489
4610
3374
7128
3983
4410
7198
4224
4014
2797
5455
3431
3709
4374
4312
4520
3076
3354
4572
5655
3655
5498
3835
3518
5308
3592
7688
5593
4419
4087
5794
3596
3237
6014
3633
5348
5884
4019
3359
5250
5245
3569
2740
5195
3379
4908
3981
5225
5531
6023
3590
4918
4230
6160
4423
3541
5239
3440
4820
6332
4642
3862
5492
3240
4232
4938
5204
3648
3863
3478
3551
4442
6228
3426
5004
4518
3169
4744
4393
5520
3951
6094
3674
4395
3993
3490
5404
3806
3353
4809
6874
3222
2182
4862
4926
3446
3807
3823
4842
4613
3535
6008
7911
2839
3846
2792
4257
4192
4766
3259
2406
2608
4155
4129
5092
2403
4382
6073
7979
3102
3972
3102
4361
5012
3294
2610
2932
4702
4035
21132
5648
3398
4108
3763
2881
2134
4490
3076
5606
4911
5337
1857
2677
4322
2826
3907
4085
3698
3007
3740
4486
6190
2523
4700
4094
4729
3102
3967
3641
3520
5519
5660
5305
4576
5139
4162
2644
2631
3964
4002
7071
5297
4170
4824
5048
4934
2957
3395
6188
4476
2814
3157
4294
3296
7131
3399
4040
4247
4989
6658
6462
3553
20889
4173
5586
6643
3591
4532
3203
3940
3649
5388
4003
4634
3573
2908
3244
5401
5456
4107
4057
4410
4811
3920
3806
18973
3246
3311
3096
4962
3389
3015
5601
4873
5695
4843
4206
2931
5020
4495
4925
2914
4818
2296
5104
4739
2722
4755
3016
6696
3949
6004
3992
6260
4229
6434
4279
6242
3214
4553
3806
8028
4190
4857
5879
4120
3547
4229
4949
3207
5286
3409
3527
4796
4403
6353
5071
4949
3908
3779
5557
2760
4155
5136
5219
3629
4286
2687
4121
12609
3050
4363
5756
3449
4039
5176
3362
6291
5059
3466
4560
5363
3450
2878
4431
5409
2926
4561
3199
4222
6032
5248
4783
22501
5090
4283
2588
5656
2639
4488
4423
4936
4500
7139
4984
3541
5450
7063
5504
3898
3454
6987
4627
2839
3385
5008
3094
18061
4614
4302
5483
2754
7801
4628
3894
3744
3555
3848
4380
4539
4759
3488
4460
4071
3725
3422
4149
3923
4331
3345
3340
4385
3417
4319
4674
5021
3447
4274
3729
4848
3143
3993
3429
14453
5215
4584
3874
6098
4664
5741
3429
4270
4731
6634
4318
4995
4986
8566
3002
7899
3786
1516
3547
3295
8043
6194
3808
3708
907
4059
5711
4444
4117
4751
3409
1553
5378
4837
2890
5463
5179
3218
3465
3880
3423
3654
4444
5090
4347
4426
3889
3536
4199
5093
6064
3588
5956
3357
4206
4135
7071
3553
3969
4949
4175
3552
3728
4569
4328
4194
17404
4101
5075
3836
4019
6180
4044
3815
3393
3236
2910
5452
4817
3933
3245
5246
4236
4231
6514
4190
2936
4743
3407
2536
4770
4702
11241
4940
4192
5451
7361
3122
6398
6110
3857
3386
3429
4433
3711
2939
4667
3633
8791
9179
6140
9211
4332
3288
3661
3402
2010
3812
4507
3921
7647
4130
4773
3480
4216
4808
5158
3378
3884
5694
4944
4575
5680
4528
3278
6712
4812
2251
3498
4825
4684
4483
3383
6521
3662
3731
4188
6952
4915
4209
5292
1338
7523
3615
2724
2032
4194
3390
3977
3706
5453
4842
4158
5270
5106
3608
5569
4956
3285
6713
4135
2881
3361
4107
5347
6137
6582
3678
2685
4557
3654
5227
4084
5152
3918
5979
3923
3670
35487
3797
6399
3965
3922
4420
5957
7323
3497
6279
3669
4153
5740
2657
3323
4443
3599
3262
4368
8671
3475
4396
2934
4834
5632
2966
3995
5073
4982
4684
3310
5564
4454
2288
4062
3192
7189
3682
3825
4304
5076
4395
5612
3389
3695
9541
3579
4155
6486
4272
3109
4281
4355
6898
2279
3501
4964
6135
5597
4466
5143
4925
4796
4160
5127
3723
7017
3069
4647
3196
3994
2563
2842
5312
4892
3593
3708
6929
4454
3726
4675
4365
6868
4914
2722
4370
4825
4553
3194
3392
5912
3298
4284
5303
3376
4733
5797
4526
4224
4958
3904
3680
5226
4736
4977
6406
6095
2283
7566
4516
3957
3703
3331
2152
5482
3476
4390
4646
5816
5375
4099
5091
3541
5974
4018
3718
4296
2471
5358
4271
5622
4026
4641
4273
4028
3547
3590
2856
4768
5408
4755
3334
5302
4372
3595
3920
3331
4352
3612
2618
2617
5332
5168
4698
4701
3621
3500
6183
3541
4853
3608
2785
3174
4180
3705
3410
3423
4048
3786
5226
4447
3138
7422
2247
3217
5066
5088
4260
5422
2745
3097
3949
5072
5228
4114
4696
5998
2869
5023
3952
2824
5407
2936
2851
3134
2603
4017
15638
3310
2937
2885
4474
2827
4692
4262
3213
2695
3749
3109
3901
1747
3020
3792
3794
6593
3176
7037
1811
3820
2761
5350
6015
3779
3752
4728
4158
6243
6624
5074
6492
6315
4944
5630
3452
3476
4681
4797
3999
4286
3744
3293
4823
5134
3051
2670
4781
3504
3519
2604
5304
6450
3092
3808
3845
3473
5692
3173
5434
4995
4382
4206
2777
4509
2894
4592
8469
4407
3417
3564
2834
3892
5185
3139
3646
5963
6544
4734
3252
2800
5015
4159
3590
3783
3951
4197
3062
5045
3454
5452
2832
3786
3125
3522
7004
3647
2924
3102
3230
6880
3400
4439
4605
2568
3494
5429
7171
4773
3208
3376
4500
4426
3531
3244
8283
4279
5060
5362
4232
3471
5859
4888
4646
2378
3390
2739
4344
5405
4333
4124
3759
3276
3321
4478
2527
3279
2741
6842
5043
2804
4708
18080
4797
3876
3968
2854
3989
2780
5934
4859
2986
4617
4175
3405
5626
4284
3691
2976
3284
4570
5808
3467
3344
3087
4347
5153
4884
4734
3666
2927
3736
3814
3649
3442
2896
3638
5401
2819
2977
3193
3550
3859
4225
2576
3708
2861
6332
3765
5509
4574
2611
4435
2791
3166
5069
5852
4417
4243
4868
6275
3817
2709
2253
5722
2953
3511
4384
2911
4471
2768
2772
4742
4679
5553
3062
3407
5649
3964
4047
2845
5227
3833
3677
6121
4132
4779
3928
4237
4423
2324
4881
2796
13903
6835
4398
2909
3904
2624
4206
3357
3588
6262
4193
3448
3840
3606
6317
3253
3406
6268
2695
4090
4550
4199
4628
4020
4213
2700
3165
3765
2284
2814
3175
4004
3372
5579
7282
4091
3698
4405
2861
4197
4168
3331
4369
107745
2450
2570
3195
3770
3858
4229
3235
5177
3725
3220
3065
4227
3100
4036
3892
4000
2973
5195
2731
4156
2960
3311
2745
4128
3632
3759
2709
4055
4533
3765
3253
2739
2834
3179
4017
3942
4758
4323
4921
4702
5807
3115
3200
4853
5814
9378
3184
9801
32486
3651
3174
4064
4182
3134
5107
2938
4469
2672
2567
2779
3187
3336
2786
3410
3747
5050
5294
2428
4912
2136
3237
5383
5849
5393
3150
6323
3243
2688
3228
3763
4504
4125
3745
3490
4129
1963
3729
4651
5243
3391
3397
2790
2960
5303
3081
2261
4775
5011
4028
4968
10200
5500
3996
3735
3733
4894
4754
4635
3722
6445
4923
3683
1598
4228
4482
3244
2901
5864
2287
2395
3871
3705
3873
2069
3387
4628
4817
3978
3452
2924
4085
6170
3724
5717
4846
4389
2081
5709
3474
3572
3281
3004
13464
3811
4198
3180
2974
4617
4929
4017
4427
3021
2819
3128
4522
3325
3068
3784
3459
3211
4110
4337
2706
3602
2438
3777
6737
4148
4652
3262
3993
2610
3146
2973
3028
5682
5466
5075
2958
2596
4717
3367
2257
8166
4287
3972
2521
3704
4422
5183
4021
2996
3787
3789
2853
6784
3256
5827
3333
4822
4381
4890
4107
6382
3011
2681
3669
4391
6388
6058
4850
3039
7075
3200
3541
2284
8432
3210
5134
3955
3993
3313
4339
7508
3305
6278
2887
4148
3516
4800
4687
4257
4855
4171
4129
3508
4964
5389
3159
3454
4702
2954
3953
3203
4488
3901
5284
3802
5999
2279
773
4127
3811
4057
4628
3024
4646
1962
4311
5276
4845
2868
4113
4462
5429
4423
3045
6933
4952
3876
1754
4782
5115
4347
3459
3120
4324
3174
2837
4436
6135
3957
6326
2949
5868
2740
4435
4941
4959
5639
3641
4096
4390
5195
5348
2264
3536
2849
3493
3855
4609
2442
3924
6046
3341
2751
4066
5736
3361
4982
4254
3702
3432
3543
4011
3768
4268
5821
4697
3428
5657
4477
4440
3775
4680
6355
6587
2921
6133
1986
3263
3328
2984
3606
3455
4312
2760
3990
3917
2806
2321
3494
7725
3547
2875
3885
2827
4410
6150
3222
3620
4702
3265
3058
3642
3708
3346
4648
2351
5195
3272
3897
3692
3865
2522
2868
4221
3412
5579
3043
2952
4445
6077
5195
4032
3945
3947
3756
4435
7832
4109
3807
2887
3756
4208
4907
3054
5170
6693
2991
1977
6384
5397
3479
3590
4137
4132
3633
3714
3198
5151
1720
4010
3239
7112
5078
3629
3823
7814
5412
4733
2884
4767
6654
2516
4408
7687
3147
4122
3490
4682
3459
7412
4831
6307
4820
4942
4022
3354
4383
4581
4447
3527
7897
4195
5051
3629
4830
2732
4447
5405
3019
6043
3850
3675
3964
3226
3558
3204
3136
4658
3029
4607
5690
2990
3308
3904
3075
3355
5851
3135
4745
3608
2402
4505
3110
4292
3792
3072
3580
5515
3938
3798
3277
1890
5537
7568
3161
4624
2580
6709
3738
4499
3690
4678
3409
5456
3527
4067
3749
4387
4969
6892
3261
3200
4596
4334
4282
3533
3910
3534
4135
2756
3825
3402
3168
5052
1834
3875
4943
5823
3008
4222
4056
3087
1392
3213
6932
4155
3216
6974
3530
2971
3707
2703
4259
3308
3636
5182
4103
3201
3428
3297
2978
2299
4006
4356
19761
3984
5898
4769
3340
2651
3372
3149
3661
3463
4428
3637
3862
2911
6495
5651
3411
4139
4331
4387
3112
3680
5198
5322
4751
4808
2683
3874
3630
3391
5994
6288
3154
3933
2844
3731
4925
4376
4099
4443
3417
3533
5360
9154
2997
3539
2892
3187
7473
4046
5766
3581
2900
4325
4867
7920
6500
3977
3730
7294
5233
3629
4878
3109
3649
3519
5789
5852
5488
2650
2707
3151
2797
2833
3717
4459
4128
3943
6826
3932
4306
3994
4414
3807
4849
5354
6233
4141
3873
19211
6104
2889
2990
3407
4495
3745
4262
4064
3567
3608
2646
3934
6335
2891
4525
3468
3321
3580
4504
3253
3010
4584
4196
3972
3572
6166
3448
4017
2482
5744
3563
5278
2901
3433
2682
5556
2616
4939
6009
2786
3280
4808
3406
4272
4796
3937
4224
5563
4521
3902
2784
3744
2841
3049
3811
3612
3729
3231
6798
2971
3280
4784
5222
2567
6811
2522
4764
6547
4518
3580
5283
3011
3006
5231
3730
2670
5498
7001
3221
4515
3126
4675
2517
3434
3807
3096
4467
5226
4651
3438
2692
4214
2348
3915
8683
3806
3877
3529
3299
3478
2602
3950
3335
4051
4142
2578
2467
2896
4735
4910
6707
5360
3860
4353
3820
2630
3531
6901
3957
3450
3195
3043
2766
5303
2669
4183
2867
2868
3115
3289
6292
3027
2515
3141
2882
2794
5274
3295
2971
5194
2303
4247
4038
3097
4428
2913
7205
3251
5997
4211
6572
7166
3526
2512
8143
4098
5527
2351
3020
2967
3327
6560
6038
4351
5543
3285
5778
7572
4750
2723
4577
4010
2439
3300
4280
5795
2941
3590
4022
6565
5135
3384
5376
5674
3656
3473
3345
3406
3666
3485
3344
4260
3518
3703
5525
2596
4966
3053
5503
3515
4213
7046
3089
4826
3647
4572
3857
4259
5106
4858
4592
3893
5759
4996
5482
6368
2422
4233
3059
3335
3377
3924
5215
2885
4426
7429
4410
5819
5586
4934
3952
2876
2816
3677
3249
4385
4588
3129
4897
4061
3435
4230
3670
3632
3493
3812
5062
5485
3717
3802
3267
2293
4050
4123
4343
3049
5777
4767
4321
3499
3609
2487
3511
6847
2913
5445
4103
3128
3085
3101
3128
3955
2947
4004
2981
2404
3063
2652
3808
3464
4391
3685
3699
4295
2692
3435
2661
3671
3345
3912
5566
2104
3854
2928
3354
2907
2284
5277
3299
6415
4309
24022
3267
3729
3139
2816
4888
6659
5734
2811
7590
2358
5022
5136
3753
9621
6893
5221
2901
4749
3587
2954
4490
2818
4139
5949
2792
7928
3589
4182
7777
3200
19513
4391
3528
7380
2981
3890
2272
3866
3893
6675
4200
4691
3419
3188
5170
3623
2797
3485
3003
4215
3175
3762
6238
2801
5228
3663
3698
6197
3418
4211
3062
4673
4000
3318
5415
5083
2982
4109
2826
2564
2690
3064
6315
3703
3864
3726
4442
6594
4309
4386
4447
4442
4832
2708
5932
3278
3672
4180
3746
3508
4184
4504
5012
3009
2838
3043
2340
3554
4428
5619
3502
5000
3995
5624
4006
3167
4365
3778
5004
4420
3442
3890
5285
3697
3028
3171
2479
6594
3278
3832
3225
2637
3806
3534
7939
6938
5353
4888
2891
5194
4986
2832
3867
4180
2681
2575
4430
4358
5456
4419
4214
5183
3247
4005
5083
2915
5136
3245
2991
6708
2884
4086
5507
4864
5067
3154
8708
3026
7214
3520
3891
5136
5411
4461
3807
8022
3773
2189
2888
2960
4631
3343
5052
4954
3062
2638
2857
2454
4263
3483
5955
4486
2784
5288
4505
2737
5557
3714
6416
4767
2787
3154
2941
3913
3293
2734
2585
2746
4458
5090
4347
4714
4477
3106
3803
4574
4658
4272
3881
3377
3128
4071
3040
4657
4502
3225
2682
3109
4458
2501
3022
3040
5171
4612
2323
5171
4620
3500
4312
2568
4322
3210
2023
4079
5944
2542
3623
6824
3996
3957
5783
3108
7292
3671
3320
4546
4772
3022
2585
2609
3262
3257
3703
4251
4093
6569
5170
3081
2817
3969
3930
3761
4591
4052
3843
4597
4635
5916
3672
4277
3054
5055
2329
3128
4703
4442
3162
20605
3545
4044
3868
4284
1804
3727
3712
4763
4430
6733
3990
4683
3223
3906
4166
4716
5822
3323
2916
36113
1487
4128
3866
5197
2929
5886
2758
4171
4058
14005
7811
2970
4932
3276
2398
3186
2957
3262
3287
5720
4595
2759
2264
2573
4517
3671
3916
3188
3424
3266
3353
5397
2976
4549
3838
2815
2886
2324
3170
24540
2605
3488
4412
2829
3463
2683
3392
7469
5187
3219
6391
2395
3083
2688
2018
5827
6298
2339
4572
2621
3052
2978
4127
2647
3901
3081
2902
4850
2702
2262
6576
3727
3732
2555
7509
3307
3980
4556
4779
4564
1916
4575
3898
4822
5010
2215
19419
4842
3075
2332
2621
5492
4392
2578
3449
3772
3605
4458
3143
3596
4310
7088
3629
4025
3960
2787
9646
4687
2711
3296
4134
1789
2612
2327
3483
2891
4330
4244
4733
3373
3874
1519
3956
2908
3021
2555
2962
4063
3285
4759
2258
4714
4229
4214
3296
2838
5483
2933
4305
3946
3135
1686
3933
4322
4100
5046
2700
4486
4226
3802
3287
3710
3229
3425
3797
3146
3763
3507
2719
5708
3020
1510
2837
1809
4537
2206
4113
2599
3303
3110
2588
3841
5514
5314
3181
3056
4642
4523
4093
4125
4414
3086
6270
2633
3036
3192
2393
3851
3170
3534
2918
3149
4271
3018
5182
2339
4919
5448
3353
2454
2924
2801
5634
3827
3480
3426
3146
3835
4220
2923
3273
3346
4419
5304
3737
8277
2613
3415
4974
5833
4128
3297
3685
5107
5304
4821
2930
4109
3641
2711
3191
3267
3096
3355
3658
4437
3222
4886
2947
2930
3704
1891
2917
4156
4575
4356
18332
3137
3556
4324
1683
2166
3553
2533
4438
3390
4097
3354
3874
2395
3039
3866
2592
3062
8409
3083
3395
2607
3799
5605
2348
6937
6075
5283
4997
3223
4102
3088
3819
2450
2943
4101
3740
4771
3270
4209
5493
3705
3526
3977
3257
2652
2873
3307
4762
3315
5447
4326
3013
3908
5318
2366
2949
2961
6543
2616
4707
3585
2395
3328
3525
3157
1634
2416
3944
2663
2964
4062
4590
5846
2570
2026
3199
3567
4283
2252
2764
2677
6795
2168
3040
6317
3024
5816
3131
4907
5622
4574
3994
2424
4038
3723
3638
4163
4636
2766
5886
3413
2901
3242
2947
3887
4095
3333
4757
3059
2961
2992
3008
2746
2105
4249
5415
1820
8877
4219
4437
4001
2909
4994
2452
5454
5006
2731
2572
3134
7047
5690
3114
6626
2168
2823
3266
4935
4328
3348
2556
2863
2501
1889
3210
3626
2781
2210
5391
2876
3255
3764
3142
3515
3260
3152
2685
4776
2807
4869
5514
3030
4208
3911
2897
4329
3908
3643
3550
3664
3279
4332
5745
3497
2971
4585
2437
4634
5183
3371
4240
2807
5169
5923
3509
3734
5400
3090
3832
3033
3230
2866
3051
4642
2920
4901
6033
4470
3235
3259
3610
4705
2716
2275
3769
3203
4074
4110
6724
4398
3154
5725
3314
2836
3377
3592
2381
2543
6943
3162
4050
5269
5790
13232
5935
7740
7101
3823
4247
3831
3320
4229
4502
6092
2615
4665
3067
13102
3824
3774
2845
2729
3315
4394
2521
7382
4303
3396
3427
4544
3854
4170
4103
2770
2848
4191
4311
4492
2447
3391
3711
5525
3591
3937
3371
4466
7444
5418
6399
3120
3770
3520
2801
3630
3680
4918
3491
5340
3597
4298
4765
2181
3161
3937
4123
3121
3145
3953
3455
2753
2494
4205
4316
4153
2536
3829
3484
3817
3007
3371
2515
4046
3649
2357
4007
3223
2742
3044
6092
7965
2938
5215
2703
4760
3339
3274
3679
2756
4001
2520
3787
3055
2735
18318
4583
3064
3636
2695
3961
6610
2949
4834
2956
3321
2704
4015
2947
3300
4085
4256
3859
3539
3129
4245
2915
3255
2595
4858
3659
2331
4138
3319
7041
2752
4663
3280
3897
4552
4048
3092
3100
3808
3808
3776
4312
3444
3548
3585
3954
3966
2999
6366
3300
3235
6850
3357
3335
3348
5648
3004
6291
3825
5661
3628
5027
3040
4205
4249
4363
5209
4097
5296
3921
3920
2845
1526
2734
4472
3014
3276
2784
19878
3499
6314
1978
4522
3250
4004
6133
2470
3771
3483
3821
4804
4469
4779
5526
5420
6468
5443
3887
4508
4846
4873
4801
2771
2966
4138
3018
5280
5148
5090
5611
4299
2268
4034
4503
4646
3660
4892
4131
4716
3545
2486
3258
2843
36174
5871
3990
7976
4205
3147
3189
5071
6101
4863
3481
2651
3538
4315
2369
5859
3863
3651
3916
6640
2697
5192
2665
3170
6121
4384
4821
4355
3232
7096
4792
3850
4576
2864
6393
1901
4227
3283
3067
2669
5156
4556
4211
2537
2826
6916
2438
5001
6523
5132
4752
3556
2979
7612
5378
4038
3421
3779
2864
5106
6901
2816
2753
2877
3962
5539
3609
3188
7953
5596
4733
4059
2730
4593
3697
4306
4850
3781
2826
5810
3680
3503
4474
3393
5010
4016
1721
4415
3278
3078
2528
4101
5885
4159
3133
4164
10481
3621
3292
5091
2707
3682
5081
3667
3277
3117
6178
4142
2341
3959
2802
3240
2776
4324
2710
4027
3638
4257
2805
2410
3560
5813
3941
5078
2986
2620
2616
5376
3202
4933
3625
5724
5339
3237
3457
6534
5501
6865
3001
3181
3073
2228
2576
6076
4615
2850
4574
3377
4053
3854
4045
3950
3833
3264
2597
3470
4146
3970
3243
3176
3028
2885
3391
3514
4667
4275
3888
3156
3069
3101
3703
4328
3641
4411
3341
4515
3023
5411
4162
4812
3416
2803
4412
2501
3732
3928
5117
2259
4247
2636
4895
3703
5431
3682
2412
3505
3384
9396
2532
4047
4067
3389
2879
2961
4041
3783
3264
3383
4001
4080
4578
3304
3223
4031
2930
4095
3859
4622
1919
6471
2546
2992
4963
3066
4436
4774
3417
2392
4092
4592
3739
3163
3189
5855
4885
2616
4570
4422
2861
3682
3220
2891
3022
3615
2843
4522
2925
3083
4617
3676
4110
3688
3880
5144
5243
5610
3264
2141
19356
4331
2699
3407
3742
4342
2978
3098
5337
2643
3818
4333
4933
3277
2505
2443
2880
4318
2725
5206
2418
2935
2471
3220
3338
2084
4043
4190
6088
2773
2841
6363
2541
3143
3830
3363
2722
2607
4513
3883
3492
4332
2602
3753
17016
2916
3920
2882
3907
2657
3157
3431
2942
2900
3661
3369
5183
2751
3123
5752
2977
2688
2674
2324
3429
3994
2627
4354
2878
2272
2870
3227
3772
3643
2922
2395
4337
4320
3989
3418
2716
3544
3371
3383
8044
3149
2823
3036
2639
2783
15869
3753
2824
2829
2932
2807
3222
2921
2970
2692
2385
4205
4362
3887
6498
5983
3469
3386
3431
3211
3114
3604
1040
4116
3817
4658
2531
4383
3009
6617
3698
3641
4430
4377
4005
4121
3072
5070
4145
1826
2317
4957
4448
4669
3548
3444
3653
4299
3315
3780
3643
3541
3708
3156
3029
2707
4548
4414
4207
3592
3726
2872
3231
3391
4050
4097
3458
2561
4942
3437
3449
2458
4399
4183
2677
4425
2560
4961
2445
3438
3428
4265
4160
5278
3503
2554
2458
4206
3450
4011
5988
3242
3971
3175
3283
5872
3584
4423
3543
2710
3068
4073
4221
2594
2209
3318
3208
3054
2924
6723
2954
4868
2864
4075
3439
3262
2220
4327
3355
3400
2786
4664
4862
3423
3302
2583
3386
3374
2683
3729
3037
4725
2443
3190
3653
2672
2978
3286
3204
4585
4481
6006
3582
5135
2064
4092
3312
4675
3906
2831
3668
3002
3361
3516
4376
3176
3457
3625
2592
3245
3220
4290
4218
3202
2589
3143
2911
3871
3592
2590
2865
3943
4218
3420
4522
3831
4486
3602
3900
3034
2996
3232
2480
3521
3383
3104
3102
5052
3535
3326
2642
2880
4872
4597
3685
3110
3479
3586
4689
3387
2981
2574
2608
3679
3559
2848
4193
2564
5518
2738
2408
3331
6280
3599
3783
4538
2562
3146
3774
3798
4907
3750
3222
2919
2930
3425
5172
2570
3642
3972
3772
2793
3245
2921
3910
4979
6550
3288
3244
2937
2708
2678
2936
3436
3606
3197
3776
3258
2697
3739
3847
4661
3679
2931
4064
10715
2415
4518
3333
3099
3149
3650
3997
3878
3406
4832
4056
4169
3053
4449
3167
3672
2958
5179
5233
13971
2556
5196
2681
2526
3483
3880
4230
5977
3677
2454
3743
4013
6740
4907
2440
3493
4179
4020
3894
4503
3837
2843
3667
3053
3606
5086
2989
4111
3271
3868
3299
3254
3992
4278
3306
2122
2639
2646
4034
7506
4739
3886
3474
6196
2720
2961
2496
2613
3712
3983
4110
2937
4179
3503
3238
6308
3224
3859
3787
4000
4763
3504
3186
2820
3676
3427
3506
2664
4139
2868
5938
3763
3953
3641
2924
3398
3931
3000
4123
2738
2476
3504
2661
3812
3947
3151
3240
1601
3514
2327
3182
5608
3084
2006
2570
2556
5202
3224
3038
3436
2960
3272
3862
4604
2903
2053
3016
3260
5743
3025
6104
2833
4592
3176
3075
2783
5305
3273
3740
2628
3425
3234
3411
4913
20037
3017
3221
3475
3839
3267
2501
5640
3075
4629
3145
2711
3619
4199
3287
2591
2246
5254
3792
2540
2020
3154
2823
4003
4342
4063
3937
2270
3679
5711
2978
2873
3680
3060
3212
4033
2957
3791
3612
3050
3176
3544
3450
2655
2980
3367
3921
4131
4308
5065
2252
2710
3362
2099
3209
2022
2457
3490
3378
2889
2638
2458
2020
5253
2841
2515
2410
3044
3528
2317
2797
3870
3483
2878
3777
4661
5064
3875
2723
17063
2054
2257
2154
3008
3508
1770
2448
2796
2400
2247
2326
2481
2802
3289
2865
2559
2362
2793
3018
2820
2918
3010
2707
3781
2087
3289
3716
3073
2732
2352
2350
2821
4331
2405
3652
2901
3458
2831
2057
2323
2649
2385
2820
3648
2769
2610
3060
2400
3015
3067
1732
2609
2098
4395
3327
2499
3008
2348
2422
2569
2675
2712
2209
2863
2612
2490
2808
2046
2234
2652
3503
2210
2745
2785
2484
3449
2728
3038
2601
1800
2465
2739
3176
4106
2962
3933
2507
2292
2975
