5654
4869
3743
6017
8164
5237
4707
4419
3544
4879
2823
4134
6573
5686
8298
6492
7242
4545
4406
4871
5281
5261
7512
5857
4753
6395
4750
5096
5109
5389
5447
4970
6616
5281
4517
3873
7100
4409
5628
6301
5331
6554
7307
5506
5033
5261
4449
5287
4905
3063
3615
5648
4983
5285
4746
7716
4509
5564
6854
5403
4102
4741
5026
4378
6151
7493
5319
2732
3682
6486
4756
8794
4644
3758
10296
6723
4697
6732
7601
4249
7179
3639
4016
5013
8937
7459
6557
5705
7151
4864
3024
8991
3904
5440
6011
4812
4815
7340
4888
5693
6639
5331
4939
9690
7276
5737
4764
5098
4940
12944
4865
5917
4839
5124
5495
6716
4888
4716
5717
4031
5047
5633
5907
7228
5775
3771
5918
5699
3365
5366
4189
4890
5282
7166
3987
5966
4465
3578
7029
3553
7804
4939
4293
3961
5542
5315
6393
7297
4559
4959
5698
5932
6156
7097
3523
4424
6265
5507
4499
4912
5057
4760
4520
3074
4795
3924
4824
4556
4030
6309
3102
5967
5110
6065
4344
6348
5449
4881
4173
4644
4639
3682
5224
6262
3656
3569
5053
4486
4447
5296
4181
8947
6298
6316
4562
4632
8714
6400
4907
5164
4279
4613
6083
5095
4550
5552
5011
5327
4927
4209
7480
5499
4165
3777
5799
8396
5285
5151
4700
4258
4868
5197
6147
4812
3654
5098
4486
6271
4460
7688
15412
5227
6353
6110
7185
7801
8169
4390
4420
4509
5793
4888
370310
5374
3810
4830
5638
4845
3540
4543
6609
3547
7481
3117
6389
3546
9982
6585
6607
3814
5041
4790
10568
5730
3506
4513
8019
4323
6440
4815
4307
6175
5281
4847
3264
4834
15415
4876
5139
5520
6335
4660
4641
3708
3097
4195
3918
7232
4676
3927
5903
4542
18614
3989
5661
9629
5933
6463
6513
5655
4759
3211
7914
4380
3370
4896
4841
5880
5843
4942
3804
9417
7703
6028
6127
3669
3125
7141
3095
3083
5068
5160
4606
5897
6888
3620
6142
3694
4227
11361
4976
3716
6526
4946
5313
5330
4613
4877
4583
5111
5060
4696
8798
5278
6510
4219
5842
5237
4584
4750
5032
3944
4591
6153
5102
5266
7087
3511
5840
4823
3654
3830
4865
5656
3869
59441
17483
3901
12209
5275
12842
5089
5081
3208
5548
5181
4852
4647
5035
4398
6696
4728
4639
5982
5645
6325
6076
6608
7856
6388
5290
4676
5364
4289
3683
4124
5603
5015
3469
6103
4508
4955
5659
6923
3739
5086
5335
6230
5613
5527
6011
9356
9118
7258
3942
4633
6540
8033
5184
4001
5297
4035
5105
6281
5961
4295
4866
4815
3155
5352
6149
6766
5747
3497
3948
2898
4702
6127
4345
6042
3707
6260
6465
4555
6527
6432
6330
4577
8121
3819
5122
5114
19984
6432
4655
5127
6283
7826
4671
5046
6176
5025
8688
4216
6655
4175
5956
4799
3705
5809
5549
5538
4019
3843
3746
4050
5265
4703
4186
4018
5593
3957
5991
9308
22637
7115
3620
5049
6544
3399
5684
5443
5598
3902
4757
4973
5079
4626
8460
4926
5409
4443
6443
3942
6529
4240
4140
4575
4202
5099
5983
5565
3704
6152
5284
3905
5016
4769
5100
8050
6344
3150
4478
5121
3694
5439
5003
6482
5770
5266
5666
4670
3957
4260
20218
5339
4176
3310
4598
6754
5702
5813
4346
5360
5560
2853
5289
4282
4280
4665
5418
4543
5105
5763
2699
4104
3608
3727
6048
5555
7923
7723
4364
6609
4663
5207
4295
4439
4782
3757
4146
4369
4337
5112
5250
5927
2729
4889
5774
3490
4492
3776
5218
4499
6427
5310
3460
7524
3844
3064
5838
4640
4628
3948
19371
3238
5803
6678
4212
3559
4587
5399
3653
5077
3335
5151
6527
5747
8675
3119
4008
5396
5056
6357
6614
4048
4627
4668
3896
5228
4865
5261
3609
7447
2363
3322
6012
3816
4178
4420
4668
4599
4538
6379
4983
5755
5538
5530
2476
5215
5969
5320
4870
5705
8394
4793
3626
3564
4716
3699
4790
4803
3283
4124
19550
2760
4951
6178
8136
5206
3879
5588
4502
5918
5230
4018
5075
8379
5681
6240
3530
5458
3938
3917
7104
7040
6821
3893
4946
6706
5248
4233
3435
5044
4515
6467
4790
6174
5042
4539
5105
4133
2456
2570
6308
3939
5112
5021
6129
3654
6593
4311
7151
4377
8171
4652
4894
4706
5052
4170
4323
6805
4472
4572
3668
3280
7107
3367
4769
6325
4801
4881
4133
3628
6804
3735
3751
3219
3446
4031
3392
4303
4578
4955
4227
4843
6357
5036
11878
4769
5044
3516
7912
3586
4313
5035
2502
12743
4231
4867
3369
4456
4917
2653
4643
5131
5979
42757
3338
5677
6275
3648
2573
5648
5180
5606
7508
4702
2647
3477
2650
5865
4297
5642
5809
3500
5273
5037
4771
4404
5272
4692
4200
5590
5220
2929
5299
4018
4075
3198
5897
5184
4080
6052
5296
5571
9149
4653
4697
3601
4642
4958
5372
5206
5695
3721
9734
6235
3857
8650
6219
4057
5955
4367
5135
4141
5735
3179
2328
5280
4087
5058
3767
6563
8861
3887
3358
5280
2944
7278
4019
7030
4686
5456
6223
3395
5438
4820
4914
3113
5712
3183
3246
4576
3346
4864
5597
6050
3583
7962
6695
3832
4199
5837
4783
3624
2994
4987
3126
3445
6199
5336
5616
4442
3098
5759
2442
5869
3816
5122
3476
5040
2433
5560
3844
5733
3546
5458
4040
3709
3515
5052
4799
4580
20830
4488
4717
5515
3894
5854
4111
7244
4073
3784
4215
3869
3436
3966
4965
5493
3312
4687
3510
3022
2838
3743
5942
4808
6611
4547
3105
4761
3023
3263
8681
4949
4908
3952
5057
6727
4243
17809
6038
3857
4474
4708
5310
4893
5104
4555
6311
4800
4922
4499
4679
3247
19808
3977
5061
3990
3190
4680
2995
4221
5137
4717
4834
6432
4189
4572
4717
2756
6438
4148
3207
6729
4541
3743
6293
6117
3771
4740
5675
4352
6522
6788
2656
4846
5668
6918
3895
4774
7335
5552
4788
3358
3565
4844
3914
4606
5066
4759
6413
9186
3568
5833
4632
6854
5394
2920
6071
6322
3524
5943
5260
5234
4836
4400
4179
3648
4876
12357
5647
4365
7002
5172
6140
4575
3493
4265
5142
4537
4987
9153
3879
5720
7587
5808
5332
5824
9997
6428
4311
5012
6303
10137
4591
5414
4927
5877
9734
5031
4044
6007
5402
5069
5668
3656
5152
8186
9988
3014
7180
4115
5911
6324
3433
3907
4584
5476
5134
3294
4823
5382
5367
4062
7088
5962
3557
5821
4632
2832
5897
7854
5749
7101
4132
6406
4006
5418
5951
4678
7171
2832
5179
3634
4673
4687
5264
4898
3826
5514
3620
4982
5121
4283
6644
3660
4050
9634
6510
4018
8678
17915
3424
13665
5250
3958
7883
5888
3244
3713
4757
5158
4563
5080
5010
3922
5735
4183
4929
4023
5341
3429
6066
5083
4850
3800
4850
2996
5137
5816
5714
4512
4333
4014
3793
4371
3059
7874
5255
4245
2988
5263
6022
3644
3117
3961
3514
8172
4814
5493
4049
5136
4416
3047
3842
4894
4450
5474
3430
4015
4670
4056
6958
3837
4900
5989
4644
7793
4189
3742
6460
3455
4770
5097
4892
4338
2542
3936
3570
4258
4553
2153
4707
6681
5271
5708
5374
5254
3005
4879
7855
5191
7077
4093
5790
4816
3910
5854
7032
3901
20786
5512
3531
5433
4607
6156
6588
4867
6135
5692
5493
5783
4923
5979
5574
5518
15480
6482
3940
5600
6131
5969
5399
4238
4300
6218
3013
8833
3958
9337
4089
4860
5821
4630
6476
3469
5713
8886
4955
5175
6146
11664
5627
4858
6536
4044
6763
5480
6945
6633
4708
5814
3444
6531
3383
5969
10773
6901
2856
4207
7154
4182
5721
3859
3629
6959
5102
5760
5037
5375
3006
2788
3198
5298
5116
6386
4063
3719
6810
4714
4927
5890
5332
4965
5088
5217
3746
5095
3778
4531
35660
3344
5266
4906
2866
4148
4547
4666
5398
5369
2601
4133
5557
3737
5132
5096
2485
3958
4927
5100
2781
4347
6291
6887
5136
5710
6420
4123
3117
6762
4584
3813
4598
5290
3043
5846
4736
4866
4338
4901
4356
3434
5695
4827
7666
2763
6494
6527
5048
4012
4858
5039
3744
4998
3481
5244
4751
4467
2911
4263
3443
4395
4662
3110
4177
4243
2588
12018
8522
4456
4712
5188
3766
5107
4796
4083
5078
5617
3989
4999
2336
5023
6438
5456
4877
2458
5019
4701
5013
3631
6168
4963
5184
4939
3936
3888
3805
8827
10296
3907
4418
7917
3191
7141
3091
6257
3875
3551
5363
4732
5850
6670
6254
4646
6511
5487
19523
5479
5221
5422
4927
3538
4532
7246
4838
3789
6998
8392
4034
5277
2923
4829
4189
4706
4450
5222
5063
4257
5660
5089
2820
6319
4363
4441
3767
6511
7159
6183
5243
4401
13530
8586
2932
3341
4105
5065
4416
5462
3342
4975
5982
8176
3614
4820
6018
5196
8961
4978
5558
8339
4911
3404
4868
6404
5322
4498
5011
4101
4453
5385
4120
5157
5350
3989
3196
4667
6050
6502
8940
4429
4859
3285
5435
5350
5373
4436
4578
3714
5007
5135
6991
2592
4884
9194
4372
4347
4139
4577
4036
6506
3718
5726
4081
3557
4792
4989
4215
4604
3848
5335
5023
6080
4315
6674
5992
6007
4801
3962
5149
5606
5581
3076
3709
4460
6420
3814
3842
3908
4421
3451
7227
5279
4679
5029
3685
3895
5749
4976
4471
3309
5051
9621
7017
7410
3972
65395
21607
4876
2727
7315
13720
6098
5977
5295
4170
4446
4542
5880
3497
4643
5027
4145
4490
3743
6513
4107
3264
6345
4983
5510
4439
5054
3562
3298
9172
4952
2904
3637
3028
5880
5331
4356
4802
4819
35798
5235
4921
4906
6791
6888
6483
5456
8147
5026
7508
3094
7746
4138
6253
8045
4036
5153
5108
6141
4020
5348
2913
2621
4832
4563
9462
7073
6445
9472
4002
4767
7257
5180
4247
4265
4161
3901
4837
3974
35620
4770
4743
7421
3539
5759
4206
4308
4509
4982
5914
3207
3596
4567
5107
4741
9864
5534
3309
5672
3841
3458
3634
4024
3734
3984
7269
4227
3180
4950
4069
3703
3395
4247
4989
3376
4632
4383
5592
3401
4129
3631
5266
4783
3905
5052
4776
3395
4251
5878
3512
3610
5047
3849
2916
5217
6451
4744
3517
5647
5277
6566
4052
3861
6463
3415
3911
4948
4478
3236
5251
3438
8838
5393
5013
7210
5099
5218
5731
5983
3600
3915
3582
4650
3674
4301
5873
4171
3390
4588
4248
5858
5808
6796
4863
5061
3946
7825
20088
3633
5697
4559
4174
3169
9200
6725
4993
8449
5226
2908
5430
6329
11658
4778
5387
5213
3180
6198
5139
3494
5447
5414
6864
5450
7658
5633
5239
4809
3490
5695
7272
4821
5378
4967
3383
8507
3377
5064
6942
4219
5847
7404
6156
4286
5961
6569
5884
5654
4519
4085
3764
3254
5038
2988
3864
4594
10533
3924
3548
5384
6618
5391
8876
3425
3495
219490
5835
8605
12546
4402
5099
5222
3263
3919
7288
2696
4634
22260
5598
6198
4440
3453
20060
5975
5754
4742
3003
7256
5420
3778
4600
4593
8940
3057
4414
4765
9175
5243
7297
3584
4321
5096
4591
6122
4833
5184
5606
4052
3210
4991
3386
2956
8031
4193
4867
4208
4689
4369
6282
4326
4677
5230
4862
8650
5586
5613
7280
3575
5926
6038
3788
3719
4690
3151
4754
4678
5092
4515
6216
4516
5097
5666
4794
4337
4719
4544
4080
5114
4656
5344
4441
5084
4493
17634
3972
13579
4782
5238
4587
3404
6239
3698
3804
6798
2928
3903
4472
3513
4878
4582
5047
4261
3400
5125
3444
4817
3758
6628
3599
3259
4669
3763
5232
3468
2975
5233
3573
4332
4635
4365
4151
4704
4509
17025
4937
4817
4683
3022
4948
2859
4851
4234
8781
3852
6956
4359
3250
3688
4461
3589
3359
4145
2655
4307
6258
5341
5244
4957
3672
3674
6084
3915
4663
3746
5894
4655
3244
5210
3487
4006
7395
4579
4868
4870
3970
4290
3994
5032
3757
2901
3726
6128
3677
3852
4900
4640
4696
3572
6917
2742
8748
4104
3099
4349
3093
4338
4449
5398
5052
3438
4224
3628
4114
4298
3446
5500
4016
3940
4692
4055
3674
4620
8138
5470
4902
4101
3550
2920
4944
3521
6154
5295
6990
3811
5159
4065
9301
3535
3885
3667
5693
4733
3801
4827
4194
5121
4783
4854
3524
5608
3189
3921
4648
7084
2913
4355
3065
4273
4884
4862
3834
3251
3496
3162
4361
4777
3603
4419
4689
5164
2601
5476
4557
5405
4069
3681
4647
4365
3776
3154
7041
4464
3446
4448
3556
4279
2570
4612
5250
4753
6253
4059
6450
2888
4845
4743
7397
3699
4486
3574
4723
4140
7787
5887
3874
2551
4626
5429
7299
6500
3391
5511
5304
4325
5167
4999
4261
3352
3381
3246
4919
3318
7883
3700
4127
4419
4932
4578
3789
4357
2689
6019
5213
3992
5038
4438
5587
3382
5025
2292
4895
3227
5942
7644
3330
3684
6197
5172
3192
4605
4537
5343
9261
4892
3613
4870
3968
4974
23397
3034
3713
4058
3950
4247
6641
4888
3241
5078
4574
5404
3922
5866
4987
6125
4617
3438
3689
3989
3840
4314
5407
22801
9540
2770
4345
5480
4793
3189
3893
4743
4228
3881
4737
5795
10023
5186
3605
5327
4296
3901
4701
3785
3946
5916
3757
4414
5734
4405
5986
5262
4995
7710
4029
4401
4046
5750
5431
4482
4269
3887
5224
2878
5459
7038
6200
3558
4165
5370
7712
6004
7791
4709
6369
3588
4562
5633
3433
5277
5883
5169
2485
5614
4026
2570
5582
6803
4576
7898
4077
7113
3827
8331
5134
6814
5410
7404
5287
2127
5778
4778
10394
6963
5197
3212
6419
7675
3480
6963
5136
3304
3574
5735
6781
6530
5118
8659
3613
3954
5907
5231
7516
5810
5759
4176
4485
5002
4141
5190
5069
3160
5152
3767
4475
5934
5333
8126
5478
7212
3499
6238
6632
6356
4741
6103
4981
2191
4270
16730
4219
5990
3256
4593
5457
4887
3475
4734
4848
5797
2961
3849
3913
3575
3398
5060
6316
3818
2910
4918
4662
5266
3657
5439
3578
10926
3705
6090
36245
3744
5499
3626
5258
4516
3963
2384
3677
5377
4558
4985
5005
3711
5426
5130
5354
3734
4169
2962
6099
4997
3749
5547
4738
4835
17979
5647
5947
8158
3157
4583
5164
4606
3290
4777
3423
4896
6022
2855
3787
5181
3912
4373
20756
6835
3489
4905
5543
4000
6259
4734
2717
6438
4202
5036
20229
4919
6637
4096
6262
5009
5727
27554
3200
16431
2699
6089
4869
5307
4971
5919
3422
3989
4652
3110
6516
4510
4629
6388
4741
4728
6533
5268
4507
4295
3354
3887
6103
6066
3588
4326
3546
5654
4575
4513
3831
5185
4155
4780
6140
5203
8557
5680
3143
7770
3890
5913
4801
5740
3793
3227
5066
5583
3376
2574
4236
4196
4056
5775
3939
5070
3289
4009
5223
3093
3144
6438
4215
3815
6437
5928
3460
4753
7905
5686
2450
5662
4372
3833
4595
4946
12559
7975
4464
5133
5860
4510
6733
3085
3201
4307
3448
4907
3591
2875
6613
3640
4700
3822
5312
4182
17427
3898
3911
5565
3317
6089
6200
5343
3901
5250
21854
4714
6617
4102
7972
4112
10079
3567
6968
3988
3645
4078
3914
3690
4332
4553
2932
5230
2613
3790
4917
9869
3891
7970
6610
5294
5546
4147
4704
3913
4613
4487
4355
6474
3514
7094
3788
3982
4463
4678
2937
3912
4234
3990
4249
3400
3169
2453
6525
5740
5056
3530
4843
4829
3963
5199
3338
4981
4698
2979
4948
2967
3719
4124
6691
4925
4950
5565
4515
5252
4455
5854
4191
4588
5792
3966
3659
3795
6438
7020
4347
4850
4726
5823
5848
5331
5536
4579
5183
4401
5939
4670
5208
5118
4465
7100
4157
6836
4324
4635
4302
19337
5225
5292
5663
13366
5008
4908
3916
7228
29607
6292
4325
4966
5102
2691
4754
5356
5458
3528
4912
4821
3812
3674
4647
4296
5000
4834
3948
5162
6001
4184
5000
3812
4841
5642
6488
6456
6028
4457
4435
5932
2807
6800
7974
4307
4139
3803
6247
4266
3656
5312
5245
4165
5674
5378
4268
4072
4533
4496
4622
7548
6340
5292
3401
5585
3640
4237
4730
4263
3110
6586
4838
3482
7018
4455
4639
5579
9939
5190
3390
21556
6293
4012
3992
6235
5410
3814
5101
5410
21773
4313
7659
5277
5772
4799
5082
4250
6848
6451
6373
3819
5147
9132
4463
5017
3739
4440
6272
4996
5494
4335
4622
5454
6144
4083
5618
4193
5011
8352
6615
8107
6148
8114
5748
4718
7838
4818
7572
6665
4958
6338
5919
4570
6681
4083
5404
4289
5146
2409
4866
5593
4406
3752
5074
3882
5261
6486
5955
7253
3308
3762
5338
16148
3898
6410
3351
6629
4345
3921
4965
3113
8620
5330
4947
4990
6900
4826
3989
5583
4568
4611
3985
4740
4395
5012
3006
5808
5058
5770
3786
5466
4110
4823
5152
3398
5382
4594
5555
2881
5254
7021
4386
5179
4906
5490
4531
7856
9980
5228
5584
4357
2631
4794
8790
4394
4271
9286
4202
6207
2985
4553
7013
6764
5130
6628
4099
4739
5331
3839
4160
5382
7659
5032
5019
5198
5003
5800
5251
5700
8811
5006
3464
4111
9539
4131
2921
5270
9038
3860
4337
8712
3115
7711
6281
2796
7182
6080
5175
4369
5319
4299
4230
3859
3982
5447
6570
6762
4856
3889
3758
5648
4122
4198
3396
5207
4175
5204
5874
3585
4311
2944
3665
4548
5346
3747
4539
4617
5627
5270
4222
3982
6426
4366
5301
3476
4481
4770
4144
8943
7520
3311
5971
3583
3161
10096
6855
7337
3678
5771
3811
5128
4788
4689
4641
6667
3398
6519
4607
5291
4038
4193
4265
4176
4734
5595
5744
4558
3891
4204
4662
3085
3200
6927
4965
4130
5933
4879
3424
4678
3678
3299
4956
4177
4706
4822
4436
4287
3204
7058
5314
4175
5795
6888
3337
5057
6929
4872
12595
5046
3315
9078
5470
4031
6157
5075
6183
3680
6177
4731
3008
3272
5374
5279
8356
7880
4479
7039
6125
6037
6352
10852
6862
5507
5892
3710
7083
7657
2772
7112
2881
5573
3836
5953
4702
3077
3837
4083
6599
6656
7113
8956
3751
6208
6502
5555
20927
7152
5774
6271
3698
4998
4244
3693
6389
2774
7359
5914
5788
6354
2767
4068
6588
6463
6614
21472
5669
3748
5966
4622
4084
2971
6111
4978
7332
4900
3496
5128
2664
5046
6215
7868
6207
5917
5709
3793
5747
4251
5018
4289
4823
6923
3661
5664
5984
7078
4799
6028
4098
7032
4968
5628
3453
5795
5949
4538
5988
9882
4299
5946
3355
4984
8408
9465
5300
4920
4837
3332
5516
5131
8114
6857
5409
8623
3416
6174
4088
5401
3960
3802
4108
5235
4875
3272
8436
4656
5634
5617
5270
3029
5611
6236
3481
5105
5552
4532
3427
5804
6026
5419
5016
7509
4634
6793
4546
4536
5766
5643
5466
5263
4989
4084
6345
4456
3058
5492
4388
3777
3738
4952
7321
6142
9424
4473
2740
3874
4389
8532
2948
4833
4342
4760
5996
5278
13052
3888
6497
3690
4960
6961
8581
5247
5737
5844
4247
6642
6681
5889
7134
3794
4017
4334
3797
3580
14152
3712
7074
7071
6659
5164
4188
4226
13607
4409
8272
6354
7417
5683
4870
4336
3648
6232
5464
5528
4742
4061
6785
5256
6304
8861
4300
5566
8630
4542
6615
7799
4393
8116
3903
5558
4341
5106
7748
4600
3351
4718
4475
4871
6300
4110
5645
5458
2958
5292
6753
5847
5631
6702
5322
20674
7327
5555
5654
5871
6668
5635
8614
4164
5875
2585
4147
7069
4513
6566
2955
5426
5496
7508
6734
4788
3397
4008
6180
5605
6687
5411
6584
3096
5626
5124
6220
5431
6173
4997
4579
6556
3593
5034
7111
7843
4154
6816
5301
4294
8462
3363
5868
6034
6056
3912
7005
5355
3913
8203
4622
6563
3719
7720
5383
12321
5209
4545
5479
3491
5354
2433
9366
8616
9185
6140
3424
5328
7888
3972
7421
2856
6183
6880
5005
4214
6224
6779
6072
2723
3153
3986
3780
3575
6454
8199
6147
4120
7204
3942
4150
3467
7647
2367
5831
3115
24484
5134
4719
6904
3736
4090
4017
5747
4871
3788
9320
5703
5838
4762
3538
6390
6764
6529
4725
4165
2397
4451
4897
8964
3217
5825
5576
5194
6795
5852
4440
12037
5553
6508
4922
5025
6371
4229
3231
5574
5456
6618
3939
3851
4913
4158
6719
2206
6707
6543
4597
2916
3730
5720
2516
3824
4659
3667
6877
3955
5370
5818
5433
2519
6370
4359
26227
8793
3743
4711
3343
10112
5245
5613
4586
4857
5087
4366
5763
2673
5247
2832
4716
4663
5266
4771
2697
3014
2961
3128
3751
3575
6339
5683
2925
4463
5340
6874
36048
4015
4890
4965
9530
7942
4890
3701
6310
4305
4551
10038
4080
4424
4380
5318
5000
3305
4090
4618
2205
5131
5804
1907
4104
8366
4055
3696
5024
5610
4231
2546
3923
4158
5417
4652
6546
3914
4087
4431
5053
4514
5009
5869
2070
3606
7272
3510
5017
5351
4694
4301
5953
7659
3971
5715
3072
2611
4109
3848
5353
2336
2611
3422
5247
3464
4077
3741
2664
4324
4174
5922
3261
4622
3561
4153
4585
3875
5918
5342
4384
6138
4661
7322
5979
4508
4028
7171
5253
33091
8001
2576
7342
6095
5168
7663
3889
6834
4288
5719
4501
3231
4858
5366
5226
5900
5440
2844
4118
5939
4823
3103
4190
5658
1859
3095
5421
1792
21647
5006
5224
6621
5767
5317
5548
5435
2315
4790
3306
3335
7866
8492
5673
2722
4312
7124
4256
5970
2390
4438
5134
5044
1471
2309
2161
2036
3637
3206
4750
5799
5807
2297
4804
3500
4267
4731
3606
4564
3843
6565
7956
4753
5040
4931
5163
3394
5329
4662
3774
6293
5529
3826
10518
5707
3718
40152
5262
2687
3882
14928
3377
5290
5543
4672
5066
4982
6526
5239
3421
3010
3003
7596
8597
2281
2160
4275
4601
6998
2384
5346
5151
2844
4987
2324
2909
3492
3150
7956
5124
3635
4656
4697
3840
7221
5734
4056
4272
3182
5278
4013
6133
5821
4982
2147
3006
13994
5760
4461
3094
4223
1734
4942
5446
5273
5845
4980
5539
5099
6795
3756
4915
3341
3092
5560
6127
4199
5260
3334
3636
6665
5606
6227
4322
5422
2988
5253
5148
14791
6159
3818
5169
1605
5393
3437
3581
4975
3198
5571
4025
4508
2603
17331
6710
4629
4047
5481
4820
8040
4028
6653
7872
3669
1904
2756
1334
5500
6800
6587
4911
4140
2251
5700
3159
4106
3791
3394
3327
4976
7491
2511
2387
5284
3152
5600
3118
3468
5208
2861
5043
40230
5328
3326
1927
5244
4308
6843
4115
4060
2689
6503
3151
4827
1824
3804
3230
3528
3210
4893
5620
3740
5180
3965
3840
2402
3336
6139
5414
2945
4320
7814
3491
5235
2368
5227
3490
4267
4739
3501
3983
4249
5473
2441
8872
2811
5508
5499
5105
2782
2387
4336
2776
5636
2816
1883
2908
4740
5198
2656
2340
4509
4963
2752
5004
3467
10317
4380
39856
5620
4887
4892
3725
4106
7040
3050
6823
4928
4683
3136
3262
5390
5383
3469
4154
5884
9097
5372
5828
5716
3504
5358
4754
4487
4161
4957
5288
3184
3744
3838
5472
5192
2200
3606
4817
8551
5797
2145
5955
3887
2955
5262
5831
4724
4737
5445
4246
5098
5119
3584
4665
4497
4720
5827
6597
5503
2680
4120
3982
1907
4531
5142
4906
6999
5909
4062
7168
4257
5534
2758
5260
7236
3700
2838
2454
2351
5615
4326
4648
3989
5078
3708
5233
3175
3701
3896
4939
6125
6381
5383
5180
5367
3934
4606
4477
4361
12333
4085
3004
3414
6343
15999
5824
5264
3739
6051
6947
6040
3717
5435
5822
5766
5452
4622
6394
4170
3012
5494
7927
5496
9807
1124
4016
4477
5280
3824
3740
4432
4621
4803
4055
4522
2674
3857
4251
4451
7355
3615
7495
2997
3392
5134
6053
5064
6002
5895
5862
3817
9096
4859
4617
6814
2436
5751
3812
5761
6834
5851
2471
6228
6187
3556
4706
5290
2984
4801
5260
4562
5475
7159
6508
4705
6466
4502
8286
3185
5340
4099
5044
3394
5935
5693
4608
5557
4315
6080
3761
4123
5628
5510
4486
6909
6810
14518
3951
7712
7100
7233
6851
5093
5055
5924
4572
6929
7142
4241
8380
5755
3853
5172
6125
3427
8372
3655
4480
3756
6433
7763
5684
4822
56847
10157
3864
5864
4830
2294
5782
5453
7406
5014
6505
6571
5342
3999
8811
6101
3071
4411
7021
7487
4078
9516
5552
4159
2198
5504
2186
3764
3395
6305
7251
5363
10672
3132
4147
5435
6537
4060
4737
5535
4528
10724
6088
2697
4247
4525
3423
6816
6730
2919
6333
2477
8054
2600
3883
5426
3166
5294
7418
9276
3674
5597
4119
5105
5645
5663
4913
5697
6470
4535
5795
6871
3775
5996
5251
3944
6791
5138
4020
4475
5045
5055
4406
2968
6219
2464
5288
5274
6107
4247
2981
5531
4831
4524
5624
2575
4992
3698
4506
4735
3562
4056
4723
6134
6517
5940
5634
3587
2279
10763
5334
3078
4188
4847
2971
6544
3825
4531
3310
3522
6284
7290
1658
4215
4985
6499
4374
5297
6714
5126
4342
6667
2611
5467
3760
5421
3481
7721
6490
5000
4211
3161
6843
5151
7849
6688
5607
7234
8086
2369
7535
5030
4309
3217
5922
4377
6838
2619
6906
5695
3923
6706
4277
2929
5421
6251
6809
4548
3003
4359
3585
3050
3607
2789
9729
4210
8174
3576
3541
4357
4587
6025
2808
3438
4263
2481
6475
4242
1671
6085
3544
4134
8748
2733
5742
4547
5101
19627
4690
3856
3136
3467
3736
5403
2861
4103
4163
5151
3213
5876
6008
5044
6773
3795
8023
4762
3782
1965
9580
8329
3239
6586
6194
5298
6067
2576
4857
5657
5573
5040
3915
3601
5400
4181
4253
4698
4151
2884
4829
6194
4311
3401
6513
4133
4112
4572
4562
4262
3949
4872
3284
3915
5759
1973
18691
2924
3240
5784
4730
6190
5702
4787
8249
3467
7787
4647
5718
45042
4595
3562
5671
3103
3208
3399
6127
2985
5190
4755
3693
2280
2838
6772
4750
2987
5526
2983
7575
5282
3618
6703
1970
4356
8266
1751
8137
2865
3989
4731
3862
3246
2790
4661
4861
2826
8196
11384
3609
5268
3716
6035
4266
3867
2663
3957
5093
3491
6734
5715
5089
3101
4185
2634
4322
3645
6729
4072
3421
3530
3469
3952
6149
3949
2163
1409
19386
3867
4034
3357
2395
6049
3539
3828
3339
2793
3925
4130
3245
4647
3519
3309
4584
3593
4169
4888
6242
4776
5024
4960
8104
6589
4739
6130
4583
3732
4345
2963
6155
4818
4382
4869
3108
4944
3409
4775
4423
7177
8468
4864
8369
6834
3067
6264
5615
5889
6469
3221
6364
6323
5663
4053
6634
5180
9341
6035
5610
6543
4322
4779
11210
3910
3560
5843
7087
7534
6473
6345
7455
6368
5857
2836
5863
4874
6437
3440
2874
5727
3189
3513
8174
6473
2919
5104
5238
7344
3134
10058
6570
4794
4139
4157
4326
5244
3676
4262
4087
3865
2745
4787
7449
3146
5240
4369
5833
4290
5848
6552
3120
8303
10566
5599
5512
3931
5637
6430
6681
3281
6495
3702
5320
5991
5582
2598
5486
4616
4750
4235
10647
5202
5688
4965
7034
5170
4087
4963
6061
5001
3893
5355
3394
3260
3855
5704
6752
4970
3840
4726
4700
6589
3681
3000
3236
4592
7203
8712
4857
3195
3306
4276
5422
8467
7770
6465
4444
19965
3771
5880
9195
9456
10217
6422
6157
18522
3100
5006
5117
5267
14502
4003
4426
10750
5611
6191
5331
4087
5667
4411
7279
3487
7705
7070
5309
5506
6207
9583
4433
22615
3843
5439
5533
34246
3357
7615
7783
5316
21290
3951
4322
6865
5903
5946
6229
6526
3472
3632
5197
2260
5028
6186
4500
4775
2984
5165
6879
6312
5314
5007
3353
6604
2116
4042
6077
10501
4327
7498
3440
5366
5436
7663
4964
5393
4926
5409
4477
5293
3491
3946
4553
6526
4544
5176
2858
3689
3807
3633
5021
7306
6637
4926
7759
6458
8126
3825
3268
5666
7297
5054
5813
4848
4683
6775
3442
3767
7347
6554
4323
5441
5872
3371
4316
6885
10472
4822
5878
3255
3745
4330
4510
3255
5781
3822
4820
4599
7303
2762
3433
4453
6710
4873
14497
3609
9678
3939
5017
4771
6202
4316
2642
4625
3603
19837
6270
4258
7317
5053
2821
3666
5957
3738
5080
8138
4112
4985
3722
3517
4162
4173
4393
4871
6068
4540
6595
2011
4133
6389
3631
5852
12704
3712
3897
4070
4853
4879
6019
2787
3453
10236
4540
3268
10544
7395
5278
2852
5409
3663
3984
5569
6831
4308
5004
5657
2698
4594
3451
2477
4817
3874
3915
6516
4247
7114
18581
7652
4392
4273
6212
5976
4452
6509
4442
5550
5305
4619
6173
4249
6260
5023
6301
2686
4417
5124
5131
4907
4813
8978
4113
5477
5577
5229
4652
3658
4131
5493
3662
4139
6336
5224
21058
5150
5078
5282
4701
5656
3571
2072
4102
3491
5497
4841
5056
4951
4160
4942
4600
3387
7376
3505
3385
4817
8070
3639
3888
6204
4642
3909
5079
5745
7513
3154
5364
4769
4073
4399
4144
4759
17507
7488
3438
6019
7938
8103
5934
4217
5421
5626
3413
4067
5002
6287
6461
3864
5366
2746
5623
9203
7531
4270
7291
6740
2601
6386
5454
4652
5972
4845
9136
4890
5281
4853
5040
6869
3171
6130
3372
5502
3052
3542
7787
4758
3602
6816
8324
6207
3251
3752
4059
7436
7160
3831
5236
5074
6783
4942
5793
4468
3469
4508
6006
20295
4967
10917
3634
5216
5002
4822
4463
3542
5872
4909
4430
36750
6065
5018
4351
4661
5208
5268
5681
5217
4854
7152
4069
4402
5246
6376
2984
4513
8192
5669
4665
3674
4149
3738
6516
4284
6542
5257
4780
4326
8496
4480
5160
3923
3983
8329
5355
3993
5283
3559
5762
4757
5746
6543
4482
3522
3593
3938
6738
3994
3734
4655
6711
4997
5862
4927
3498
3749
5404
3425
3812
3002
6211
4540
4000
6352
4417
6482
7437
3466
5489
9558
4602
4886
5129
3475
5962
5135
4606
4276
5097
5317
5164
3610
7276
4789
4293
8430
6575
4887
4823
3482
4115
7321
4255
4451
4187
4280
4809
6282
19614
3495
5230
8164
6496
4347
5337
5612
3957
4173
4645
3336
20073
4073
3146
4131
3855
4160
4294
6091
4883
3493
3165
5110
5410
3360
4460
4594
3535
5493
4435
4969
9687
5939
4027
5053
3986
6799
3837
4786
3610
6535
6333
4718
5248
9557
6342
11165
7833
3131
5203
3291
6806
5021
5390
4600
5687
6132
4800
8777
9228
4441
2837
4071
3343
4432
3229
6390
4824
6125
6326
4373
5025
6145
3563
3249
8521
4421
4776
3454
132672
5480
4412
6327
4979
3927
3371
5370
8444
4677
4331
21751
5408
6310
5186
4182
5230
4247
5363
5062
4959
6108
6344
3601
5625
4008
5047
10663
3480
5065
4136
7046
10458
10528
5205
5297
3535
5255
4311
5081
4715
3152
8400
5776
3783
3194
4470
3049
3771
3394
7243
4267
4643
5546
7863
4907
4822
5245
4847
5591
4379
3608
5053
8210
6346
4827
9436
4795
6374
5751
11138
4070
4865
4667
4771
5125
4028
6820
4982
5058
4761
4077
5895
4064
4146
5088
4335
4374
4246
4231
6388
5974
5670
6430
3769
5277
6309
4544
4995
2991
6718
4663
5286
5958
5294
3333
3369
4350
3394
5870
3595
6164
5821
5452
3546
3422
4646
6871
6243
3866
5279
5166
7331
3715
5902
4334
4169
7562
13892
5847
4847
4993
8641
4845
3904
6270
5540
4634
5780
6193
5635
6460
6918
5482
2969
6767
22152
4897
7578
5490
6387
6958
6954
4240
5291
2872
5548
7521
8043
5656
3700
5860
4820
5982
4332
4805
5820
6054
5580
5698
4915
4113
4815
9309
4155
3520
5392
3366
7471
4694
5961
4560
3569
8630
4917
5228
3217
7209
6158
5866
4728
7826
7953
4486
4254
7128
7028
6528
7065
4106
5649
4369
5671
3799
6204
4225
4462
5653
6725
11581
7175
5803
5447
4440
5647
6135
3228
6191
5149
5535
20250
5018
4443
3833
6156
4940
4928
3985
3690
4738
5394
2811
3798
3696
4941
3004
3004
3982
4093
35924
4803
3404
5795
6244
6956
4264
9670
5277
7822
6730
5239
5274
4749
7525
5542
4728
3895
6998
5012
18225
5458
3829
4764
5217
5220
4587
7912
4092
4124
4635
3181
7564
4706
4769
3335
5693
4293
4329
6719
3614
7671
23358
6040
5506
5482
5332
3368
11116
6258
4093
6326
2750
7044
5013
6687
4527
5812
8063
4584
5487
5016
4468
3926
5853
23381
6407
3743
7621
5256
5044
4868
9802
14546
4490
4037
4999
7603
4827
5051
2981
9588
3458
4060
2734
4717
6750
3811
3660
6238
4848
11148
5192
4772
7087
4759
4882
4959
5368
3891
2891
3828
6296
3659
5179
6130
7019
3793
20247
3877
4846
4591
3867
4878
6399
4849
5496
9561
2976
5346
8113
17459
9918
5584
5434
6637
5242
4581
10765
4175
5249
9770
3891
7179
3876
4061
5042
9518
3738
4956
6270
4089
12445
4672
8333
6197
5109
5720
5920
3672
4016
5928
4027
4290
6679
10212
4896
3030
7485
3435
5110
7098
5998
6323
6574
6506
5721
2991
5381
9941
7602
21181
3299
8782
4390
5163
5961
2566
4958
5777
3915
6692
7211
5562
4627
6110
4262
6202
7423
6004
4968
5329
6067
5556
5962
2879
5169
3291
9243
3654
5203
6738
4712
3090
7889
9466
10039
8100
5589
5834
4602
7735
6943
7805
2636
7886
5531
12650
5926
4254
5446
7979
4376
8899
6886
5036
6649
8179
4241
8119
7467
4981
7057
11403
3341
7389
7186
5586
5374
7654
5747
6357
2351
7952
7196
5163
8771
6666
6096
7766
7904
4310
2300
7692
8083
8571
6316
5422
5993
5494
6988
5259
3048
5858
6646
5695
4477
5356
7469
5754
6663
6306
3840
5593
7312
8434
5729
4596
9521
5071
6137
5629
7294
4099
8523
8944
5131
3413
7641
6617
6646
6652
7221
4549
4757
6943
7580
3820
6675
5956
7582
4660
3676
7216
6709
4088
6263
5821
6273
6077
7862
10599
3272
11357
9782
17188
6485
10189
7105
4148
9297
6532
8343
5486
5570
9026
4023
10110
9846
6980
3226
8081
7939
3765
8017
4999
5109
2883
9017
6698
4044
10781
10533
7650
6221
12352
52495
2729
7371
10518
4197
8734
8665
6232
3580
10734
6104
3668
6396
9860
4849
10231
10644
10440
6433
7101
5805
2473
7631
7680
3437
4835
8151
8357
4149
7265
8881
9003
4442
8541
10617
6133
3954
7793
6170
5624
5714
3136
8006
9105
6066
5621
4333
7397
10685
7181
10792
4249
9202
7465
8005
8775
6168
4479
6616
6424
6027
8309
3304
5832
4942
5391
3288
9821
6281
8701
6022
4968
10751
6651
6681
4676
4924
9881
7858
6678
13062
7673
7255
3529
6067
25423
3989
9383
7400
2692
7354
8275
6492
4019
6347
10108
3118
9824
4513
8028
5019
4649
6037
4171
5473
9790
3969
7148
8472
3549
9860
5702
6367
7719
8622
3857
5174
8079
4547
2354
9806
6969
5521
8697
6849
3815
7235
9025
2598
5020
8238
5311
2465
9258
4086
6345
11775
2842
5956
5229
4766
6196
5525
5964
7083
5062
3988
5877
6153
7816
5674
6834
4462
5056
4031
7641
3851
7068
5628
5631
3082
4772
5041
5929
6405
5199
6488
5224
6007
5130
4837
5161
5172
3742
4633
4195
6184
4528
4132
3021
3143
4951
3278
5277
3172
4604
2745
4231
4232
3286
4080
3696
4807
3903
5106
4248
5096
4258
4620
4635
3569
4535
5398
2501
3612
4848
2511
3099
2529
3826
5467
3873
3550
4254
3998
5965
3453
4407
4583
3914
4414
4629
4881
3339
3675
4558
4911
5989
4920
3080
2608
3386
5953
5954
4576
4177
4102
3592
4088
5921
4159
2794
4621
5037
5097
3216
5141
5571
3438
4127
4162
3575
3615
4210
4212
4215
3663
2637
5298
3713
3307
7238
14377
3439
5268
6981
4710
5568
4029
4555
8177
4614
4171
4283
5863
4936
5169
6227
4476
4559
4415
3775
4804
4617
4555
4806
5078
5020
3214
4203
3028
4265
3951
4605
3858
3451
5248
3285
5194
2991
4882
4805
5480
4215
4916
5441
4667
5222
4847
3657
4541
4226
5208
3402
3726
4890
3876
5512
4443
4647
3835
3165
4777
4426
2563
3971
4478
3988
5521
2991
3580
14474
3729
3101
6199
2960
5611
6616
5063
7608
2863
4087
4621
3613
5329
4219
3282
2933
4647
5114
4208
3558
2946
5285
20574
25629
5351
4538
4428
3393
3417
3713
4320
5561
4539
6904
4012
2562
4645
4285
4685
4411
4812
4329
4112
3433
5123
4495
4238
4109
5268
4664
4798
4572
3075
4350
5616
5463
4110
2993
4362
4056
1966
3622
3655
3064
4173
4377
3177
5511
3762
2669
3046
4254
4910
5618
4744
3843
5382
21214
4370
4137
4145
3682
6432
4620
4481
5003
4518
4031
5897
4946
3867
5084
4326
6358
10509
6658
5496
5624
3953
5052
4135
8451
5717
7529
5168
5080
4575
4572
5110
19128
4537
4759
4698
3409
4532
5100
5195
4640
3567
5865
4250
5680
5661
4512
4260
4269
4213
4192
2587
4642
4713
4132
5139
3620
3758
3672
4769
4118
4833
4561
4579
5127
4959
6259
4858
4337
5104
5362
4621
2499
5274
5083
5101
6284
5377
3848
4390
3805
4808
3103
4262
4739
4169
4641
3558
4294
3845
6165
3481
4080
4596
3258
5959
4890
5484
3537
5260
4649
4775
5719
4281
3343
4859
5322
3856
4827
5152
4625
4277
3970
3543
5120
3611
4965
4289
3113
6150
6250
4372
3699
4995
6889
5950
5230
4027
4069
3423
6000
4909
5508
5078
5159
12915
4700
17017
3922
4748
4407
8368
4118
5282
4439
4907
5162
4808
1919
5931
7518
4125
4727
3145
3331
5336
3391
3876
3801
4706
3631
3641
3721
4288
3042
3373
4841
4380
4756
5010
5378
4494
3932
4825
4663
4925
4279
3264
5064
5215
3854
3278
2596
3899
6567
4996
3664
19882
4024
7221
4609
3742
10437
4567
4522
5615
4263
3577
2615
5097
3180
4174
6207
4277
3331
3681
5270
3340
5112
3640
3296
4371
5459
3642
9438
4944
4687
10996
4502
4737
6072
5797
4538
4558
5059
6020
5991
5108
3559
6088
6157
4446
4952
3973
5350
5371
5483
4864
6658
3584
3456
4868
3183
5250
4748
37876
4570
3616
3989
5306
4308
5009
3424
4576
2937
4747
5223
3000
4047
3674
4762
4044
4036
3168
5010
5315
4557
4816
3975
3531
5842
3412
5211
4906
4667
3189
5000
4158
6356
4732
5499
4083
4780
3087
6360
3366
2884
4977
3101
4916
4708
4965
3510
4966
4837
5039
4293
3678
4724
3085
4388
6386
21058
2490
3326
4830
4446
3553
4343
5555
4725
4228
4101
4259
3184
4165
4704
3560
3512
3530
4838
4407
4643
14482
3755
5150
5230
3976
4190
3829
5279
2736
3008
4024
4444
3877
3781
4829
4166
4169
4264
3765
5272
4501
4633
5496
4797
5084
4508
4380
4494
3871
3267
5227
4772
3995
3254
4817
4712
3518
4628
2525
5627
4959
4842
3172
3073
4406
3353
3356
4815
4004
5788
4760
4411
3721
4387
4576
5059
4371
3797
4654
5382
4427
3989
4569
3720
4085
4950
20113
3250
3324
5147
3605
2857
4541
4022
4862
3516
3966
3384
3719
3981
3066
3322
4513
4471
5676
3915
4997
6380
8185
3646
4564
3921
4345
4074
5473
4993
3909
5236
4665
4757
3585
3959
5917
4826
3134
4796
4975
2724
4057
2854
3674
5466
3332
3768
6017
4748
4020
3902
2748
5414
21909
3733
3845
4920
3893
2967
4771
4443
7365
3273
5383
6507
4373
3291
21957
2914
2184
3480
4997
4922
5200
5339
4765
2627
5111
5439
3597
4611
4212
2566
4729
4890
4738
5524
2482
5841
4989
5434
4184
3116
3924
5171
4495
4129
3517
4542
4279
4951
4600
2405
3113
4210
4428
3788
4455
3731
3134
13014
3750
3545
6809
4213
2532
4546
2786
3438
4640
3080
4907
3800
3520
3751
4364
3361
3479
4511
4320
7107
2909
6232
4241
4423
4876
5784
3958
5098
4557
3894
3351
2950
4741
3602
4558
3612
3444
5064
3889
3704
3910
3439
5249
4178
6238
4577
4696
5606
3540
4168
2908
3284
4022
5560
5918
3353
3091
4061
4040
3470
