176793
735724
223850
173512
193845
152020
174180
220437
185108
257293
196796
147197
186800
20481
289255
214011
154670
200047
163372
158606
247039
229756
170310
148518
154601
169366
201099
183893
195102
173412
191871
199009
211358
152128
263232
174964
158798
290717
153978
186086
176521
171344
183158
156620
159641
122544
185891
151715
242504
187116
203362
116546
157301
141961
150800
166463
213592
177337
157111
160297
142330
152179
187251
157835
254026
172508
217239
221467
196345
149338
137421
155342
165825
157154
142141
154139
176317
147024
168317
197446
182869
384378
159251
151004
128244
220879
198044
179207
166066
177710
186644
206235
195506
116114
188114
162078
170924
188033
211576
189872
190651
214135
174675
281389
216707
216059
222414
205621
158499
225812
212704
172655
206919
188961
196992
160217
199975
169279
197343
216797
203119
206109
160159
238712
172432
169171
152313
171049
249779
133126
272877
148687
196433
171364
191467
222759
185000
210017
168543
164380
170424
127713
174497
240967
150522
174394
28333
232153
213066
189925
194380
173660
177670
201505
177650
155858
221927
175797
133829
154617
174375
203046
204706
245023
171620
196769
145534
204303
160539
163411
171707
205719
251863
218997
180917
161827
206803
165310
157208
164675
145800
163704
172595
167885
185199
155051
175363
207119
198790
190812
229606
169886
199572
173406
176346
191728
126209
230442
140230
174629
220114
177731
150543
184524
172300
134256
172009
175097
721700
200715
195075
185881
179453
152627
201360
191438
189815
295983
189231
164815
176751
320207
222303
142902
478436
216102
200049
189196
128608
818845
161337
199474
205638
168154
173477
185756
198957
174271
183332
351411
176558
177230
170442
180206
213670
145456
159088
214978
208406
168345
218138
193196
180096
176735
210221
153488
182277
164235
188598
189841
167835
165190
249117
147902
205419
229802
214565
148741
182009
204829
170998
211438
196269
179157
201197
151453
230828
200641
134580
179526
246204
130800
213900
153806
190897
214635
177378
253186
369896
198172
181143
179099
161833
179651
312677
374546
152304
156583
179228
197484
247108
180788
270806
177166
160883
241428
257869
285757
261279
172438
172997
133300
235038
211240
172336
180634
185498
154152
172710
247879
174449
231455
130003
149629
234745
192409
204316
184614
241862
194104
1497376
146836
365866
190963
237135
170784
216443
144904
283044
162563
164549
208548
179122
186598
198559
168953
172259
168887
190540
158828
179724
174301
171933
176967
226411
246304
196438
146222
157659
194252
180031
179020
223957
198754
150562
165240
172644
198523
216395
178011
279063
136311
194304
177006
256066
170243
231102
118672
161344
264632
261438
186122
189185
178539
169278
144765
207539
217962
198323
182420
214495
217400
222239
180438
259595
171870
140591
181259
213937
164588
198748
197987
200911
180838
164933
149146
176316
167951
187483
177586
200017
149169
228790
237607
161790
203076
244511
185584
136967
151200
192894
200753
197025
136543
192855
225622
216815
176987
188969
170943
158841
167406
179142
201028
156188
167390
252755
179200
205901
196005
281939
183175
355381
180963
129267
183398
346182
177372
204034
175726
166866
207363
182678
220211
239940
188421
175173
161117
181573
187671
201854
208600
203107
191744
192058
227998
159308
159052
180801
197365
189866
192479
206511
176691
630165
219999
210774
202667
164192
193179
210190
184082
222194
148214
338250
260040
208714
154542
177377
158408
196508
159223
171410
168682
203263
130216
154823
178974
180456
243204
198886
199794
249716
148232
174795
249085
210301
211438
184052
185092
193424
251758
199317
154640
185717
153223
199327
157348
151986
161658
149751
194262
150644
163582
192023
202488
161177
302979
173450
160362
223415
265311
174262
195651
226733
293259
257379
237871
137154
176267
168003
176982
163348
209646
170518
125458
171306
154077
138208
194650
190106
208182
129169
157048
190337
213671
139085
373771
153817
193655
148511
147212
187544
194512
214606
189088
205517
162745
166342
225754
159203
209239
160043
151974
2764971
314292
341941
161859
206486
158486
289088
154325
204347
209542
203056
130977
215138
218125
160396
180548
171216
185423
215876
199595
224743
162275
178466
228305
193310
175872
162578
198559
295499
170322
159463
178492
188111
169486
172553
175902
19281
196145
162543
270390
160708
207544
184801
151076
202440
211010
205139
196186
169014
177266
238524
167044
163523
175258
186730
233515
182048
178925
162636
243989
156070
186322
149395
172839
178565
186840
149810
148598
192878
172176
177210
188856
196206
203428
192585
171817
348027
166470
187052
166169
174908
200239
179695
184700
195690
139148
169829
176807
257969
150559
179477
192459
153761
291517
199109
173632
170323
161892
135245
180139
166556
165948
309735
198982
163020
190405
227511
155176
177128
175912
171021
144197
129278
195331
204470
168304
228662
183999
192483
185723
192273
162197
221042
175007
146459
235254
275589
179140
242565
173041
165804
125580
205315
190871
140308
191001
161037
183293
133197
202318
216072
239369
170286
151246
237679
158984
168538
172392
169272
446678
190471
172096
162926
256897
205469
238284
136644
155267
164162
145721
170748
191193
242526
173374
192223
178216
173703
186786
171197
190226
167146
216077
195054
162097
178897
155025
157777
162790
148896
157239
206698
134414
194033
182366
182836
119852
170182
218820
179873
197644
149659
177649
122538
158564
182260
210346
197762
174133
184832
162398
172603
169892
290000
156911
132353
139575
160421
122382
256676
254853
212837
171258
164322
155213
168293
297098
229556
237514
252863
146736
207139
173444
165127
191152
138685
166747
205007
135276
202669
147732
170034
192948
157585
166094
160352
181894
163359
158482
186414
174039
140701
175067
198449
167884
197262
161383
181293
178842
221165
134619
278917
172994
329336
174480
316444
394015
141352
202789
190062
174121
175996
124708
201566
130272
169988
169338
167175
173822
128112
189374
249863
142475
193869
212956
203231
152296
199528
170233
174382
174845
223874
179512
151768
159647
163814
116879
170625
137476
179054
163404
200745
168356
276234
210752
188357
200570
160840
122060
205048
147203
159346
154208
134212
155181
193130
129347
158279
161362
167343
170808
154692
127652
221499
285262
182290
197854
181404
156526
145173
154794
177318
175553
166288
128916
166488
165400
174621
223854
268324
176854
152702
200568
159923
255714
163346
216726
167177
187742
161551
248958
215067
200167
198308
175411
150085
157739
188433
165039
197772
181096
187899
177222
296772
161841
171143
151701
173443
192408
232343
133041
236209
173899
203234
139445
171360
173222
163036
206432
248702
193643
210761
200662
143537
223077
198521
179472
177419
158856
124028
187703
136204
179654
170463
178083
154186
240013
259196
156948
166690
162717
275894
18863
191974
164802
181212
174849
252494
162159
160989
165425
157084
163183
170878
234720
163693
213936
178157
206472
172350
222275
230775
212480
243055
216359
158810
204755
182343
233232
170994
181932
174194
173262
173969
152183
185408
215577
198104
174281
169770
209564
149163
245243
208709
115522
186248
209543
225906
204039
164046
217503
181899
197376
144679
193371
204604
298845
151681
149266
170198
311121
205340
147528
164881
169200
174641
179354
271007
208020
178927
145362
154363
168703
168419
544287
154129
204287
201180
204993
204047
177397
227766
161791
211811
251544
182597
228011
157255
211868
186147
203311
202489
164373
156755
128670
190074
181814
188090
185984
149531
180732
207333
170302
208379
187688
257670
184911
176584
173072
185623
172636
213416
146096
131071
177437
153763
210716
140465
148157
203939
153506
243438
161772
178139
194474
171377
244773
166057
182433
204617
184961
218057
188136
202202
462732
229169
134831
158373
164237
157439
160011
236234
206576
213683
172449
157629
169647
209682
145657
194276
137356
237861
167665
163194
210442
169687
229778
176104
174867
215190
183597
169334
229394
177583
242955
190122
189786
181518
261833
168909
254678
141378
186649
161502
218151
239706
182813
252615
203443
178831
187222
166176
200131
182119
163523
158995
201982
188524
163426
150554
159517
159050
164547
173757
252215
197019
203585
235558
172747
179394
164847
180272
140296
151667
248741
207434
141778
330925
158982
154628
295442
233958
156592
178168
188759
229806
179374
306012
181334
178237
169002
170224
166290
174894
166827
195464
223685
165082
171345
198834
232208
211987
205380
171260
162008
167856
152801
195830
144819
235001
211175
189123
172780
266923
165308
177067
181811
203675
206338
172978
162555
249695
185947
185357
260388
183384
171323
172773
168354
197551
151223
194985
209283
167016
238572
159052
198372
187672
128985
164807
161735
316198
198536
159687
168456
169744
188507
291390
164614
196169
143307
178060
215066
185056
188415
172305
252820
244559
224033
220496
206350
173233
251356
192138
185033
197526
216955
192997
160275
162056
159570
172799
192106
151199
200254
168932
178123
136664
159762
158043
227760
377925
209691
159058
173979
218946
168854
230508
168405
66189
162748
148393
195874
169301
208102
18522
195697
208498
204173
225816
249621
184192
170614
163405
211272
173800
162588
182263
165873
302226
184138
211294
175373
237951
161046
189358
219175
191258
273910
159108
155629
193283
197802
188528
189499
160475
299276
135050
291015
182672
178418
165832
136202
184650
210986
198004
167521
167799
154825
181977
178228
146823
220891
188861
182813
220214
167239
226286
215633
177522
163112
248319
218145
176857
214406
158578
208964
217914
168054
172871
217311
191271
152403
167710
169549
194021
202933
185617
168396
178618
181724
202756
178305
249556
160127
174389
188978
286575
181621
181527
158069
185599
203267
177032
193513
163833
217095
264179
198018
237260
181148
181762
174960
232305
143237
164828
188502
167961
166905
374128
167663
279697
193574
157905
163941
200184
224613
176704
270356
164663
176542
249357
181320
162028
189933
170414
127891
186990
201071
201217
152698
251175
187712
256585
630821
164634
150521
160173
153496
197966
127088
224191
172880
181111
181108
172288
197523
180808
197347
185176
232256
189041
349523
203945
164340
149601
169390
169093
196953
159245
166375
169780
193700
143143
236760
255129
446297
166272
203414
22615
169407
164162
182278
193149
709510
899293
955440
970691
808596
808566
179991
837522
831087
896507
186332
236300
180608
202361
163592
223003
252468
148769
182257
200519
151741
137899
139236
175867
32153
226504
183012
179833
167201
215373
187820
223677
202194
195637
128818
170651
178171
174242
160520
148997
148105
196720
157474
196092
192143
229400
173934
269967
167271
256119
212146
168957
203032
184218
159922
198085
160653
183375
173458
194182
300680
197424
149117
184064
179462
189561
203969
204401
341497
237169
225675
202067
165679
203087
170381
165884
189884
174885
212451
216214
165960
228131
22078
194469
163517
188399
198782
134698
146034
144458
214672
182742
166789
133486
210882
180166
168885
174259
167309
178264
183091
164628
194541
162178
192524
188462
198306
207996
196243
173187
173410
308895
133287
188074
188713
255697
189476
238713
183364
194286
221261
162790
158475
170680
225686
147800
167260
267979
213838
232927
260483
164906
268903
163377
240480
185847
203256
230749
185354
163373
154158
182215
250249
194613
189219
191378
199027
179115
180917
159420
232963
172100
234920
132916
215574
176870
161452
165118
163997
191181
204403
197573
193267
181413
180099
168670
218804
151642
203190
185994
168430
189892
223065
218976
141779
177798
266069
162818
175201
179701
25710
392892
147101
147480
165644
127181
154110
198901
154791
211888
168947
149411
169548
211806
209146
145921
141491
167986
189822
187157
186780
182695
155284
173101
161546
208922
158423
195000
182195
158047
165502
188104
187859
198930
179151
128614
204187
199505
253636
216071
172713
158855
150161
170836
170944
185936
382017
180661
271287
170960
150747
235094
160943
160160
248445
135083
151945
157789
172770
219586
211359
193128
165190
121700
180290
194239
174798
134111
168371
129254
137201
158724
187952
160528
144147
192639
130386
180488
234346
162850
166964
123250
136599
164678
176205
224592
190171
176650
155976
195344
200447
148442
216806
203623
155999
207348
163133
189564
173511
173927
147061
207504
170120
142183
160153
528541
201296
200097
175333
132351
181441
166455
174433
203903
176133
173154
190056
214051
167314
135404
181308
164017
172962
226479
152683
236192
205164
132389
244172
181222
202810
218457
186065
181450
281548
248373
239816
222631
171857
146017
176191
226578
194571
204947
247065
161244
183986
247639
221134
205350
190662
163202
176963
155392
168881
236516
183142
182554
133947
166496
165745
197174
191294
182932
175711
243060
221044
275850
219805
164707
225948
215514
193157
194075
208872
179107
190046
178704
178784
161996
158295
160734
172801
134015
122790
169469
174524
192877
173640
171123
213092
162903
135836
269420
258417
204594
210293
171747
231986
181742
185730
140510
243382
180366
141726
162623
154657
185104
199829
118904
165179
205472
185158
408518
177176
221093
157265
195623
183483
184258
175054
181543
186374
158453
238876
183886
169749
123619
221706
180291
202259
210942
207798
190205
167586
207681
200030
195750
192034
182893
197996
156393
197532
182010
193355
152720
179550
328480
178487
174865
177960
192173
435174
213749
174694
207538
181806
139396
172476
189070
150563
191882
225319
184375
212388
163077
141779
166665
202241
178803
163499
189667
181188
204869
196304
189060
215432
180087
165381
187037
188272
165824
213035
163216
164217
213654
32903
150762
179424
196647
140165
165738
162300
203456
220237
182110
157297
155756
155509
124506
214917
201086
283313
176403
160638
193453
163376
172612
158274
170969
220418
186254
131927
148916
189984
202627
182828
176480
169338
178562
182189
187907
221001
226027
187231
167967
165700
173597
253435
154178
192406
205818
175328
164564
228456
199273
186830
176596
156403
208567
198478
232719
187554
187632
159492
175111
193820
164693
169154
169741
134352
163530
210075
123135
180806
171175
160487
157001
185306
201042
213708
195442
163991
186347
157353
190225
218812
204006
240519
178813
247833
162910
186803
171114
165438
174320
164727
169514
174101
131859
202929
147091
226171
162132
6866013
180056
299566
151661
145430
168016
216115
174132
192547
193872
158867
145308
176374
149536
168837
157919
173390
144259
137247
191963
219458
169296
186645
273095
247771
156273
209282
157164
167821
163278
161880
179526
179965
172539
150528
160644
216551
179087
169967
186190
159560
160500
126225
163305
150020
211731
156728
184027
175674
160055
277180
734769
694552
826909
177862
852396
768729
856641
958414
760710
784359
776923
712293
1118626
943986
903125
1154574
1678612
2025181
1372574
1872850
1884532
1404870
1925586
1866732
1535688
1851874
1776269
509881
1033574
526735
1136221
537054
1037069
745062
210416
670173
170390
590653
556823
738112
639806
150213
176259
705968
181760
176843
161966
177348
173702
198406
164986
170448
202628
165600
133037
160146
161150
141866
172305
229837
180246
170419
190432
122456
155654
160251
215788
183923
153780
210353
25704
199565
253555
180706
272158
227164
167647
176393
3413809
229251
187548
206961
200176
180901
172913
150059
171960
155909
171132
373577
167340
198501
255441
274799
169520
167316
206171
161210
132176
233278
160589
129578
160964
139658
123497
159780
148421
187101
151328
184211
201504
192261
179321
220263
164636
174967
167905
134396
160278
159085
151088
145263
221928
224704
200653
207324
178019
181317
1966618
180695
165950
192278
196186
169035
45880
183854
242591
188363
198556
172144
197209
275541
180357
167677
249779
157411
205276
193687
226944
169975
176194
184723
148315
237740
184247
212416
172653
170400
159655
182200
201380
241146
213906
158645
213456
136641
179995
187792
144922
164988
213245
177425
228299
186022
183131
170358
167814
179774
261008
162485
179801
127765
184845
240343
184566
241007
176366
187725
193467
194075
196775
133073
176762
229254
178445
175897
443064
159947
291163
181641
130592
179233
177816
243909
172720
241689
140769
233391
166553
163625
202953
215003
180838
171394
262929
162467
166076
193256
170830
177572
184521
134717
166682
142584
195982
188823
170688
428433
188826
177636
182540
155488
194919
156462
197273
167957
161978
182299
193941
185395
204790
211454
166222
229707
185424
184040
137332
174662
180615
166892
232438
131537
158459
169772
191979
154323
197368
179650
173636
141476
164253
151160
155782
169603
176836
233583
194771
152844
231542
232806
202171
173073
125738
177101
162852
124988
116894
170391
151859
209311
153736
141834
183167
127957
158521
199728
217767
190569
170652
128630
157571
173686
154988
158643
166411
134874
151116
209112
158262
203300
211280
165895
180072
216128
145612
167038
166054
186086
157498
152825
204758
192411
154233
142707
222953
27266
174759
176336
138995
185510
139704
160329
171532
187610
169369
232152
179328
184507
159637
167379
164320
208934
208993
216924
179608
196266
150368
172231
764114
179797
142434
756094
701809
188212
155493
1012517
685044
226635
234628
633091
574203
207884
662524
169564
161461
176172
205707
178126
155049
348455
216709
174341
191200
188032
174475
158824
152525
195122
197420
176749
158000
217112
169459
201947
183161
177060
158180
177499
192104
214822
220497
213137
186187
179141
192812
170689
165107
184028
178239
338085
252919
176345
186055
181982
179559
182025
157306
165079
175722
175229
195506
179604
198379
134524
220655
262714
167239
146051
178003
203365
186359
316582
276132
169018
209225
188650
192777
174862
148691
202692
138727
205932
156412
171801
193408
178872
225972
127934
126123
155991
169603
172359
230514
172298
233115
24275
236663
140005
159553
180608
221650
173689
160513
149039
151044
223822
173691
136117
166380
138249
158629
234339
196947
176954
209302
171308
179446
150309
178225
156911
228260
17329
177287
193697
157422
137026
149645
161627
153725
172224
236392
235110
194313
165318
220585
227758
170076
204270
173641
480859
512882
207564
236096
139759
527970
514277
474584
597967
559919
536920
165908
590177
512917
553910
202542
553805
514317
627865
727286
576560
574815
697071
632030
673806
664463
648217
571032
735720
605014
781754
738841
660463
605291
1220152
1147446
1052562
978853
932393
648402
1183497
930609
502966
646496
627007
509396
640426
1003948
562509
775618
844072
980876
1572448
849369
1151288
1159143
884337
939528
835887
1088434
976486
944720
1036636
1095194
952098
973499
1065464
494150
502922
899647
156783
552112
719609
585716
711549
512619
589120
450646
489441
453598
578200
629514
536189
556931
481772
173086
255277
503679
541417
457871
203637
21001
476044
397494
158793
172204
211650
173324
188853
174371
155843
161115
184043
216438
228337
176939
179004
157939
138585
221230
146028
197144
152729
182933
211512
184594
199595
185193
249439
168981
173674
176194
175020
153161
197822
193109
149759
181852
143165
144510
180114
233905
189809
231734
189660
152139
159928
192187
189483
145176
183629
221927
180972
203280
156331
187207
196572
173134
170472
150415
193075
188129
241650
175178
157030
215804
254111
169363
162346
281024
204687
203196
157191
202882
268390
168804
185342
153410
195058
122072
225937
228213
144785
189412
185530
165240
183613
175789
373012
150817
135013
120670
142622
167577
22361
170432
164598
177452
137297
168617
217923
193686
143484
159910
171411
262725
164577
172814
215912
180305
176118
163970
177206
172161
128011
498507
474656
1034318
613877
214295
132971
336193
185635
143373
161044
160306
137527
174017
117732
205207
216421
226732
149771
162384
204751
196092
148113
139229
169378
181101
153437
151113
158091
341685
146830
114726
177576
172788
178966
173635
193455
186832
191426
148949
155711
143469
166676
178498
188632
191005
182697
122821
183367
165548
122157
189600
185922
169254
185111
154684
216414
201055
192263
152023
211733
164682
201452
201594
164443
193588
177564
205685
181366
235770
137280
194089
170042
198872
188100
187965
211097
179618
160994
177959
204475
224357
130236
205929
198065
208984
173636
150428
165965
154829
259836
174850
228332
188231
185277
210113
205099
174596
160925
193159
315562
202122
479032
185614
160005
189293
230132
157961
216443
242264
190258
157872
162891
197473
165257
204478
174346
183984
182331
153568
222795
207533
197606
167964
183767
177957
178368
253451
186701
204442
142071
242162
149607
154138
220757
187278
185856
171534
197440
185377
216850
156819
263047
201227
184990
166792
124432
178487
157662
226971
190144
216754
138369
160972
187233
300557
137305
238591
152901
140554
175311
192516
191389
161680
190198
135206
171289
218336
194539
157991
14580
176778
183668
181903
170581
172322
207487
202892
188682
185934
387911
139908
186656
182924
222374
148945
202121
196614
173026
185237
130855
168209
157979
170850
180789
225679
171488
181889
172791
133880
154201
195015
172300
195225
208146
167203
177798
151200
156429
179722
195434
170628
777513
788935
303377
148312
172639
155724
212315
213791
158048
157292
185034
165998
196859
160079
176778
620276
994135
782047
716371
213301
919738
772572
663687
154358
167586
753075
161698
170773
174261
130125
198591
250325
176496
166814
200779
175725
168441
162727
159001
177971
783232
2432082
822455
619378
910728
592500
188424
171243
207784
183546
254043
996046
160814
178589
267446
215378
171725
194692
188718
189284
135951
219479
178194
203264
159176
154343
185438
222993
1082795
1042266
1030376
168579
1276578
2040685
901224
1764096
3672936
2417811
2260044
2533292
2026346
1805301
1714992
1858351
1732827
1652275
1510549
1487608
1793044
1579847
1001544
1999479
181964
1644567
942347
1690291
2223352
1347224
2893923
1407043
2298363
795756
846537
790397
1119660
985434
1344927
150388
895962
624412
809134
2097416
1365248
196038
201256
2196050
864339
1760824
1545591
816454
3336214
813594
2888567
1232357
1525731
977221
825422
902513
3159381
2726213
2554102
2227078
2028744
1314900
1297805
1785578
2303528
2588492
2213345
930605
164983
187573
1775656
1093626
145008
1782648
1107544
1550720
1103685
2066413
945617
195875
228764
178334
201999
1279809
1761842
733687
869580
809007
183280
178808
210994
833085
676490
631068
172765
194276
218844
195734
194625
170198
203283
677725
583877
591414
201419
217127
280903
215805
239407
182382
204141
147821
193891
222073
245163
190464
170445
175043
293819
163881
201659
173970
190186
173351
155223
245277
193542
162489
231096
209315
194990
152816
168583
172727
196627
154478
220283
179461
213405
201109
222292
192362
191610
29731
159568
163885
188573
214356
200928
192790
144237
168765
151806
201269
248565
172808
235216
178360
153772
187286
161008
171701
238541
322966
213426
169273
248960
175236
211885
125836
204638
177782
160930
227368
185070
164607
191095
236926
177309
190498
160245
158359
276437
188986
181254
221335
179439
169288
192323
198647
174905
126693
172296
231633
249158
187141
139243
229702
249696
161285
198120
216698
167303
140876
158144
195986
203389
242028
211615
201725
175894
190768
198750
438860
162899
193595
420227
271912
232463
228901
367641
216996
255047
213852
160751
167446
223602
205201
173397
147752
225092
150238
273567
185168
221229
229669
199085
140513
175167
189476
239593
193252
202455
212266
161980
164877
169363
188646
168275
159320
219128
174120
192098
197942
230095
186896
189294
153253
191563
257589
192937
193622
162046
156196
181550
190766
199970
171457
185877
194245
207628
152948
157195
197674
148123
190583
174685
170198
172876
194444
197847
185821
250781
140162
243664
160925
152880
254913
263215
143279
146893
187754
190237
184839
197399
199653
2765904
201841
232871
158569
211845
28410
183777
214098
241541
177303
195579
144576
184241
160264
291613
195041
239153
331330
191953
238697
187003
202601
183547
226411
353496
297527
183953
266300
199916
286997
190135
223327
193890
168617
206487
190603
202912
149656
214119
223741
203077
203908
167808
222903
194734
148434
237200
171404
197428
223493
184357
238331
160688
198042
260654
168395
151113
212298
209097
157021
265367
181584
168140
131019
196540
160375
247543
177269
203281
198988
225526
233667
364916
218972
201255
224361
185572
165658
276529
138499
126635
296018
221324
169596
142700
148012
153877
192599
225841
178853
168810
217351
171572
183575
200058
198340
223598
198151
208458
198967
172980
156356
167898
156007
132570
181514
180994
270922
151999
202574
257095
208646
185720
228542
172481
136919
207875
200282
179905
193508
180322
180484
162514
111928
134873
247237
175429
216592
213783
189185
176495
134803
146277
182276
151645
260614
195597
197200
155980
196314
244324
189537
286223
279932
243178
365068
186168
147315
182924
173501
204360
193845
213320
170101
224292
208945
359157
210034
285910
198360
165437
145493
218268
205839
190488
204796
210421
177408
189999
189490
218084
163565
222840
338696
200289
249964
189582
222798
174838
155596
275822
173888
298485
230957
233392
134713
145112
175315
252521
150044
235401
380227
181670
216897
258323
194615
199831
424725
251332
167730
159758
179827
187922
182985
144027
190367
121266
238571
228424
181105
258518
188155
280751
176100
274245
408685
172497
229781
333389
209865
212026
189917
347157
187191
220344
238238
185387
259209
175123
238867
139948
199641
227901
227890
184845
182243
195581
161911
200930
171850
263441
231324
298617
187781
195475
243401
232785
199484
173314
152462
198272
192236
247205
146402
491295
164309
295530
206592
236334
205135
411047
271232
215063
187668
164348
208784
218112
228392
953037
214972
205439
240345
221785
211661
269265
216041
259600
270029
172714
254007
236054
171586
169163
186047
193225
238465
158491
209910
205371
246470
172960
239440
186734
185059
219734
287267
320826
218515
157748
167692
216064
246818
222931
197454
259958
200167
271861
262051
198036
235341
281447
197638
212558
197657
190830
233324
198748
184518
264638
184783
204885
234062
147241
207124
224119
191602
173160
267044
215486
208262
700622
210112
197900
162014
191327
177069
188430
223223
194631
172792
153526
179674
167569
301826
229270
214171
196886
208841
147114
187893
189689
497852
280389
188188
170004
225546
179186
178433
228229
213342
225918
300500
138478
192191
181618
241137
197583
172025
167630
179908
176528
276473
143697
220434
206433
271209
196572
200037
180822
228053
226967
212932
224998
187777
192654
253674
265768
178401
191264
251714
135662
195279
312150
284260
274609
229455
197946
186742
149489
179893
169083
227122
231190
216109
237851
212793
153942
235705
256647
220035
156754
130254
26220
161632
203501
183482
163522
232538
185889
151686
178058
234932
269836
168083
198790
179300
207037
185546
187314
213173
212097
152966
233746
205897
201763
153781
243169
192404
184303
240082
138339
213650
202912
160879
238033
189140
190415
189998
24921
204754
158249
134306
194759
207594
214803
175945
170617
192618
197703
168137
202938
262862
257821
193062
230279
250239
174077
222760
222751
174117
338338
173066
150429
246291
368396
284778
219536
180584
266313
168517
290284
173629
217620
268941
296356
314500
178677
223256
225533
182319
140629
63459
189773
169758
173096
225713
185586
158779
148850
244826
185499
208778
190409
160557
175405
210843
195126
175226
180343
182667
230644
198407
185532
196877
176642
138527
391855
213887
218121
191722
686027
199586
187369
22236
190618
191665
226007
200148
262698
186707
204298
142348
27272
263337
194272
177464
244281
184037
169032
216688
182062
188135
189917
180606
227092
215846
239185
206526
224668
221519
177951
179542
232297
175535
204902
222237
149558
245133
223696
199231
203730
450852
184052
215568
190204
203633
190347
225631
190259
271214
237326
179267
161659
229617
212235
177237
188882
355562
247955
188309
213663
178308
211719
183156
161468
249478
188472
239458
194131
244054
209067
207586
197810
188227
228592
135013
29507
197397
192551
236649
176386
200219
271536
195687
236431
221011
214503
137167
168315
211791
196448
153270
210927
191702
241464
210471
175061
204535
155388
183254
34598
157771
159462
308703
294621
178646
170212
208007
186823
214033
199616
178794
205381
258504
246771
366241
185211
212939
172746
209934
169003
139206
160288
200848
219082
171044
202139
169868
247100
178258
200187
194092
211823
225256
199689
334163
222256
213981
177673
185028
263299
197380
184132
205599
234554
214837
239252
189753
217881
191794
219552
201921
252439
223722
191393
253730
266215
164925
228823
305465
244852
186137
186473
178453
158854
195694
224680
218328
140725
430871
179639
253508
184537
198654
225205
174302
212311
162511
194457
172210
211446
214580
176616
144243
266588
235432
301422
191767
197436
159333
242414
190187
154875
174363
227670
329448
180230
331294
162214
307784
179063
176375
187916
162375
194170
184011
224009
217242
178544
235053
200830
237435
163085
238247
207666
232799
179724
142794
178694
196660
256221
197365
208955
172996
199306
283106
147995
383842
158194
178215
167781
182013
193132
175394
210565
383937
229962
193839
169771
171937
157795
192507
143668
313841
187701
272960
223015
152870
158754
274176
271107
193485
151726
203774
263168
192246
151240
206429
295495
195123
183139
215529
290958
205811
203359
204362
189746
176000
263125
288781
168418
247600
153838
303396
235882
209579
186902
184434
192211
251836
187528
190439
148776
217686
176733
199134
23532
160054
215725
213209
165041
179556
4491002
209330
189506
498701
169882
237494
249671
173753
222753
191447
228126
212550
206472
221945
248910
185949
210888
194070
207230
209824
292296
191803
156094
193784
248766
229438
222981
256683
260120
232459
179981
248203
277444
241633
169993
222064
236217
169553
207816
195057
292015
299159
184943
185732
125311
53932
257664
210182
249925
228224
172231
363288
241281
205088
185966
174257
183431
350308
141201
190566
246437
230035
196088
195678
157921
282519
266346
222799
223503
286607
231445
4637280
160111
322460
271601
177280
196400
118326
35851
179077
201836
249148
248343
188633
154622
202408
171344
175994
177795
194566
164504
158427
262408
203986
166520
249291
201053
255015
210456
229273
251256
279117
217616
304663
198740
209708
182148
154603
188308
176083
540839
204108
197286
223057
184952
325001
190762
244597
232456
315368
208129
193040
240580
207759
356112
202255
254941
200784
211048
212761
171626
196192
260303
196375
147802
240176
194717
181989
255672
203163
160947
172313
145459
293415
202429
189314
193148
225278
187634
299785
157062
253875
186924
191865
194951
174164
199901
422961
215263
253315
182793
217697
204989
158233
183928
215874
186755
176479
239264
193276
202389
240972
235962
167538
37253
191226
247442
283024
200511
181047
220463
206896
303216
199666
271879
219319
195678
195744
152019
182158
189351
198842
188717
213036
230877
149688
192912
265743
196122
213790
212653
207971
203555
303636
235779
209467
223381
232587
218818
200430
167458
141915
200269
191458
292845
291093
204860
296189
205142
219598
186257
163966
1353344
199237
1341774
1622528
250508
181661
205744
170915
1394811
1047901
186317
1081975
819009
254658
254188
178385
166464
1198682
179396
1283139
235730
262847
182671
290013
167230
192257
225325
169134
175932
182630
192016
839464
199770
204245
160319
394627
187770
165876
185183
184643
186216
165533
219417
162836
126219
178229
188755
165373
188729
227010
214557
202644
214562
196135
160776
185251
373311
184064
196802
200162
180154
329967
184938
190729
183698
184129
181122
159573
182115
193424
174339
325249
172810
276436
284482
193166
192404
175499
340856
185116
201203
246636
264305
172538
214037
186234
169676
153467
195599
169731
194234
193426
196022
125427
167814
184572
225400
222485
220755
218373
160378
187629
167548
208743
239580
164869
207221
161282
163678
175844
182711
173401
177893
219322
171485
223805
238837
176928
224709
205506
140219
209900
171969
153834
167201
267387
202895
191403
136287
156031
180009
202680
161779
149528
170927
239991
148722
162109
176409
212994
220750
276259
208033
208674
185309
311294
216858
310891
229040
207375
176649
258566
210593
157243
188017
189253
208671
196304
165981
191504
142598
181016
168358
221397
164827
162036
265202
163424
193084
180969
449921
234410
242485
211787
241129
173296
434057
194655
163941
243107
174696
195410
168671
183810
191531
198724
201914
171905
221315
120782
197819
198386
352928
192062
243190
132423
166248
191481
168341
179391
296934
199893
143637
204508
159538
168945
189923
137728
147422
150438
152933
168615
160813
127778
214543
173016
239366
179213
180381
172696
178725
195827
182309
200143
158817
207372
166176
200599
118386
167603
208028
194184
171963
157739
227338
168515
267670
186572
170843
183673
205561
197508
184809
175414
133608
267509
183508
195713
188263
155893
217071
169611
191760
192683
173532
266957
213346
323912
199296
312491
167608
257755
212459
170442
207644
279593
260867
179049
178905
194632
183593
203162
227552
156649
192956
167668
190679
202314
206873
167020
158629
180221
169141
352902
261736
286325
244999
167986
181730
198507
199023
141450
196358
168711
172677
172704
118668
174603
149127
157386
180883
161914
131243
317437
22243
223088
210245
169796
170520
183961
245556
170821
153921
194416
137580
181720
164552
194365
184552
139213
194046
317996
161594
176176
233662
130857
192356
195760
180917
190145
175189
157117
183440
189542
167881
200188
174590
156234
191153
123314
257044
215577
195424
206400
204005
168037
235940
206302
157790
137094
160858
154204
150023
169886
191495
227990
171961
190617
220305
137377
274145
155868
206962
174180
196778
182752
162541
242394
218249
205267
284763
163992
180351
168567
177360
195090
125045
168532
140359
192011
180584
173536
261852
147698
200695
163410
318612
132636
223520
161821
262002
184228
212234
187658
174305
171048
3862227
177633
166025
175818
161592
155213
215355
146864
216002
167462
186505
124106
196963
172035
165316
189450
388459
176427
177152
182703
151965
163003
193624
168879
131541
245671
210923
185490
199044
174966
233457
183624
336720
129664
177120
215444
167803
180588
158595
154800
200112
120342
182571
207638
215749
283626
189586
152232
134026
183436
189115
244987
249733
133267
158154
174717
162488
168480
311539
253240
406615
309234
191132
175226
185624
175489
154694
166172
242251
143393
173451
230317
199059
205269
190870
170220
121126
182643
166713
193376
180403
208277
183106
187554
239047
166383
236070
190852
177154
190600
194954
201300
159825
159170
214720
200256
187887
242314
188413
263595
178164
170534
199051
200775
159170
192030
187994
141935
221472
178188
177874
205595
190865
186426
139774
133497
157174
250174
163211
201903
176542
171721
220541
181114
186624
1188899
275046
198930
333114
307000
239466
157602
374694
138568
191677
208301
204758
187534
166508
196274
141833
210756
200859
162789
298352
244033
202410
236307
195661
173166
269401
176755
198737
146051
191332
185014
163600
194645
193247
186572
314004
227293
148567
192653
162326
169012
238822
257591
169402
253987
182237
235579
185250
173500
132370
172275
153414
437966
152410
215073
404690
173359
240041
170657
150511
170149
175996
207952
239480
341120
234544
217422
268158
207303
207126
142354
218042
218167
191424
178303
141377
203964
204647
177301
191350
316705
215761
209794
174913
293088
169409
387573
242991
246990
195060
214196
222499
200729
171046
269824
186513
201710
195240
188260
216503
188482
204347
144557
165184
165858
163960
198812
180309
190039
198717
315096
226692
255362
229534
222827
146521
25393
232781
157877
176862
202491
169803
188282
242715
168957
174220
176726
177961
185133
228261
201755
168148
168764
206051
124757
202506
165525
314474
277272
217160
206481
194305
173345
223134
192301
188954
168870
155238
178441
124240
153253
199532
179821
139087
166104
144777
165109
214037
196679
180745
186630
189803
175139
261986
215575
180554
214732
189532
124846
222306
162805
195676
180697
236756
231257
151662
174087
286758
171943
138058
202517
166759
88798
191747
141839
209230
884760
261960
192677
169618
197865
176843
213475
172981
195485
192066
170434
328537
196515
210913
158940
195553
179233
195621
165105
184639
270792
175825
124194
187475
147360
155124
175782
184249
199283
208696
157769
169727
215124
248536
162491
284443
155177
216889
250919
201101
247470
196383
218117
144720
196316
238748
156132
194344
172310
230488
214294
147791
188763
190689
227517
158354
215645
202031
204066
201328
200941
164191
162985
217589
216671
172688
145681
237035
202508
178933
27233
203879
192013
247636
185891
187973
218315
174430
171478
180700
224365
187761
157005
313490
340238
193886
242528
198802
208572
193820
300394
158656
190182
224636
128359
142121
130016
246152
226162
206479
135355
134776
25862
216845
159290
196742
171154
180072
185869
183093
177716
238365
324340
172780
189346
145220
160566
184632
174835
158668
312968
206479
196870
181377
349380
166391
178383
306547
174180
216692
160447
205963
284048
192359
217749
169176
203085
165657
191698
259159
218881
183714
287294
242943
186040
178520
185263
151371
195801
182288
319057
186489
250728
316712
180544
163826
183056
205243
144874
179314
153942
219198
188243
192242
142800
192945
141867
204616
205334
185590
228468
182717
181063
229897
157685
232554
202072
222022
159845
220276
170504
166599
260317
137576
173868
184466
213652
253566
232078
216570
177927
227006
177807
202674
261911
132781
135669
163261
204769
238836
159789
176364
203033
213155
221512
184872
167372
169508
175635
222677
140097
259839
167934
181434
240278
183157
206304
203688
180964
323408
268799
247443
188745
260738
139878
200934
176233
110427
22062
153684
183874
295742
214000
245817
253989
172208
200996
141638
261065
128250
168775
192005
191773
204116
287385
165849
137754
204915
139505
233498
132106
180127
274504
153241
200559
141081
193022
178334
168363
160689
230353
175335
252079
167455
201297
200089
156318
287838
175534
262765
171176
166736
188949
161858
179142
306098
179971
188272
210741
178122
250090
169595
293741
173528
195350
220275
185545
203030
343793
222597
220803
306214
171528
266537
213493
189850
133246
206768
163885
177422
193271
137750
161456
163117
128708
198498
182046
175888
181696
130671
237981
258539
164893
180533
178613
129184
120111
231274
266535
227707
218902
212088
190580
137575
158739
153152
210772
128609
204185
155755
176468
190827
159124
185859
205685
402604
211316
218096
135371
209730
145319
186671
199039
161783
203884
198422
182334
235839
210875
198354
375691
233371
414137
177669
224008
294113
283623
294256
192295
255537
194417
187751
198301
146654
189836
208912
204022
208775
173659
204650
192948
244116
190883
176159
351853
210837
272011
226715
154870
278985
194003
196296
195142
172297
269067
389997
143837
163662
371707
174369
211402
266346
267265
177326
207020
161420
205404
162699
274409
346283
210820
182671
179034
176029
240174
154881
160102
188530
242910
194120
185900
205510
229938
205860
160929
209553
255278
188286
186335
174887
146479
135468
185051
120603
201820
194906
186805
170430
211243
231620
201388
262838
175459
208813
178172
187197
208531
151758
305948
171021
183319
235637
176748
217618
133527
381998
253641
204160
181833
262364
145714
184823
186272
168670
247153
152150
194881
206036
168471
187058
287401
171477
243057
161408
199548
228824
174862
168727
161990
202743
231537
207759
129419
249008
170039
180023
212209
166983
171411
164874
185617
215579
230829
21163
175051
257616
135104
165019
196246
159026
172911
178329
175136
173328
167448
142272
192471
125225
177518
168611
161732
173000
183393
164368
307400
136141
227739
191490
239971
152187
269467
186425
334384
169898
181285
128153
149429
147242
204816
278478
165034
182746
182499
169821
159003
176847
158602
982876
169466
144784
903395
289225
185383
190287
1326665
197091
183836
178098
196440
265792
185615
140496
171683
184056
185757
159980
232503
209877
165886
173203
255218
220980
274093
229155
287795
6136142
180204
228084
199751
206237
151288
193128
303169
204183
193873
181089
159919
185760
176756
241573
322205
211261
169867
266697
252062
238157
232751
298054
169329
208457
190838
247771
254969
184488
1272794
1168324
136045
165755
166987
200066
179829
185588
190232
262914
188379
156365
160683
257758
316049
202919
276774
161016
136176
209702
249455
313666
215943
256800
170251
152942
287690
190005
239103
203298
162051
171946
189996
168889
169091
145841
170978
167319
186982
190336
370966
402588
168303
161359
166837
244708
166044
276945
352314
266409
173523
187856
281405
224674
159887
324144
250407
242019
199542
185706
305087
190161
225038
244095
232008
223760
232217
166581
246974
230924
170279
234696
198155
3591354
273756
209705
198036
169941
212858
175968
284121
222660
333926
168351
251260
167501
174577
144945
149110
170545
178528
195818
257491
254306
186269
262991
172737
3173117
186601
189891
205604
194519
154743
184853
173406
259862
216925
197540
205920
180506
191084
215650
252780
183029
196595
192736
167606
185315
179350
210467
194432
163615
182541
169221
207632
272655
173043
296772
178646
173412
227904
247455
203228
182199
158119
227380
175306
173342
171622
173848
125942
170504
199062
178805
178581
175300
182221
172464
193691
178574
224169
445366
157227
175008
166454
156213
188319
214503
138290
134468
179360
190409
185101
169474
137114
147249
221023
136850
176333
182551
175836
166439
171708
143334
177416
215065
227720
150808
172501
164266
169574
156902
250903
232272
171692
182003
179039
151840
220838
160735
184359
185266
175147
202593
181626
148034
159144
211025
166390
182899
187388
179655
192201
130772
174753
155325
165714
182340
216897
225824
185228
203609
834411
129379
872169
800206
633804
634771
714006
699362
565805
645454
581297
237082
22272
585191
593993
143876
517870
1332809
498855
536709
531947
480225
454920
472661
466780
471491
143661
126508
138482
588299
187460
758692
518667
472357
647246
159287
574817
213890
182137
346275
167965
198187
164026
164195
239835
129061
166309
155382
175995
117964
138150
174842
158129
163560
176103
141519
173357
157750
176053
207335
139988
236995
140038
160110
147894
160603
172501
164310
282283
169153
160995
237071
172584
162699
143376
159108
191904
168141
166748
170331
153557
275959
171108
189641
175525
217913
210171
196622
202939
175382
130091
191882
158690
163256
166324
172260
193662
356952
185148
228223
149498
199191
166080
130536
165446
208758
150562
168574
161520
170103
166357
246106
178476
125057
132337
178000
171339
173739
188105
160653
161197
175842
145064
132429
155272
214679
166950
173644
161115
155057
170256
194135
164862
134242
219729
169218
186139
185383
133883
130192
156050
167443
150070
165051
235136
196542
183422
174810
166690
131923
181841
148316
178900
221907
204662
147699
167980
160511
255786
141311
178105
139918
185783
200946
168813
161896
135641
164522
185411
142905
130562
177172
204701
236536
206981
174165
198389
164925
137766
165456
212128
163107
175316
170307
182274
203666
26357
174455
184617
160618
165556
160355
238172
171224
182960
172105
175175
170155
162941
122009
178118
170274
164154
174302
155595
173871
137311
177665
224311
190352
176951
156906
137255
154098
184639
164444
163671
121121
172565
195579
168232
180084
182862
134438
141141
153042
181613
131471
133818
223081
723848
135400
167496
179103
204022
205005
215828
176120
140633
154384
173308
153648
180500
139248
217697
161446
159890
178916
156928
165299
215227
155470
171523
144929
159999
170062
179943
172689
166125
179339
159877
220404
160897
167042
221157
197958
169336
168522
170139
131987
213386
149729
183467
227427
194700
151780
178019
171732
171093
178854
165505
32779
212469
171132
165634
196620
226394
199205
218369
173424
175377
171143
173333
120708
174154
159806
185421
183556
176133
156561
165297
208167
160597
180579
142374
135491
180331
135610
141028
220291
168809
180292
126701
190522
150387
172767
166075
232442
156722
115305
167152
153743
193412
191937
190610
170283
174180
179711
174698
211346
183283
200886
181644
156679
179661
157336
209886
256978
129921
133600
199139
183278
224602
163797
184153
159212
207961
126982
204585
156014
199083
162003
182084
184994
151638
165278
237998
170848
188793
164331
145481
167475
143406
216944
174960
193771
168953
179249
136253
170993
187545
150783
166106
169710
169592
122098
235316
204303
252397
218930
177975
182652
172665
191790
156690
177276
150179
172031
177815
182081
181095
184522
183091
120413
191530
182754
129411
168800
167134
179478
190268
240163
198751
245454
210726
180897
188153
300501
169450
173455
165158
185559
176731
171499
119737
152804
190598
179392
161400
133054
174236
161743
182966
161824
169916
177426
224017
201986
162321
156723
197876
188610
179837
198892
162809
137639
171268
171622
186141
264652
171873
171194
215624
213074
230974
264800
229380
141689
180203
182544
202645
179099
160164
167749
180528
184333
202494
206375
204568
172113
171787
157815
192047
170275
206565
228358
179554
767149
225398
125120
162673
195472
162283
230807
142020
169992
158205
257034
204772
262269
166135
179168
181836
179527
225968
147615
218415
179100
165503
169196
175846
178367
206650
145342
199434
172140
240708
154090
224677
136097
239874
158505
176854
156356
176467
123566
179552
141305
157572
160312
329111
145767
202276
219422
158258
205103
160572
173599
185131
182265
181319
168999
225165
159171
168846
160814
190341
169769
156490
197079
181311
125304
142341
196982
172130
128970
179109
167744
144544
175161
178486
138336
139101
126284
163467
173989
161225
152713
157461
120543
206897
172066
177021
153511
159885
174345
205067
192774
142614
149859
186663
154907
233119
178204
134085
259441
127116
249098
253337
166401
272971
200202
219977
251342
200537
187980
297036
188462
170632
193570
168245
182672
179062
135365
182251
136711
136573
186229
166863
181368
181745
189348
190224
257481
320885
221417
186571
193789
177747
210719
196598
154840
225223
289781
171824
151612
174028
158594
181669
120307
188514
133378
219144
178283
183394
130722
167417
179444
169355
144093
124447
163665
136743
159262
177745
124649
178525
204922
210368
271514
167022
179983
164812
131880
156688
209063
217766
249901
200110
152902
168201
272267
167290
280103
229366
135749
176985
193011
182681
163348
209315
193629
144836
213596
159371
136738
128727
147474
188025
230658
172641
174863
164495
131289
156279
134592
166249
147599
228545
170093
247411
212943
170132
127570
183623
131734
161406
126828
237467
170767
142474
131456
196173
152061
185803
129115
154417
191741
196466
293148
159357
164390
209366
137482
319413
120313
240380
166843
176609
171119
213582
203973
170374
181549
229655
197768
219620
188189
229619
122893
165523
138773
174999
119428
160097
143938
175889
220716
209735
150287
178755
379370
178244
195232
130404
129172
175525
175273
137140
230167
191156
173481
136783
261341
210532
124827
137830
168572
179732
237224
198591
181077
184610
172153
221108
193237
136607
146286
190737
160707
168012
172944
176105
