4491
4019
4303
10889
4908
4811
4560
4455
5993
3210
4667
6382
5262
6934
9333
1223
7989
5683
4605
4567
4882
5776
6204
4229
2509
3299
4669
5286
4555
5243
4120
4947
7383
4106
3981
5892
4410
4777
6697
5348
4171
2561
5159
11606
6947
5024
5834
5892
4833
4432
4338
4155
6255
6043
4419
5972
4157
3393
4116
4038
6850
6535
5457
4943
4138
5377
4867
5621
4759
4141
8895
3703
5367
3958
4622
5874
4441
4515
5949
5108
4813
6215
5387
4049
4284
1885
5149
5119
7731
5884
6057
7514
6724
4702
4172
5348
5977
4041
5825
7335
5843
5945
4479
2015
4277
12795
5626
4790
5655
5000
1229
3982
5978
7706
6642
4200
5171
3801
3632
6012
6897
5468
5060
7181
5552
8640
4939
6138
4372
5449
4987
4141
6940
4541
4758
3975
5156
8014
4822
4618
5354
5822
5841
3931
6137
5052
6613
9663
4965
1476
2232
4940
3948
5721
5620
5587
5184
4065
6582
4450
4408
4832
6844
8350
5808
5433
4240
4241
5568
8929
4835
950
3689
7208
4805
8779
7053
8855
4621
4631
3320
4684
4253
5680
6390
3038
4625
10060
5794
4852
7972
10263
4241
4321
10697
5604
3171
5072
3433
4868
9139
3539
4183
6248
4932
8762
2128
5393
8159
5238
2313
6715
9196
9324
6613
4738
3622
4688
5243
2348
5432
5773
1142
6219
5834
7450
6549
6810
5848
4864
6652
4743
1692
4767
4677
5857
7469
5133
5776
4363
4744
5732
5921
5034
6788
5570
6125
1969
5566
4585
7213
4723
4723
4101
5014
9086
3658
4223
1339
7685
5511
4260
5483
5498
4067
3737
4848
6662
5273
3334
4532
4264
4831
6338
4106
7431
4178
10281
5907
5517
5630
3422
4855
4033
8063
5360
4901
5501
5102
4984
2031
7566
8201
1858
4518
3492
3519
6394
5704
6334
5389
5072
3974
3984
10207
4147
4086
5926
6134
5364
4865
5071
7649
4638
4236
6443
6108
4881
5223
4957
5699
8810
3237
1311
4476
4589
4725
4935
4229
6038
6521
8208
5986
4472
5398
4643
4677
5255
6267
6382
1729
8297
5194
5136
4283
4971
4729
3965
858
4923
3323
8788
4833
4755
6449
4872
4285
3881
4006
8471
4677
5755
5239
6459
6503
5144
4363
8575
4984
5401
4897
5441
6486
7604
4365
3730
5801
4018
5368
6112
4554
6104
4445
5928
4348
6637
6637
9788
6823
4892
4915
1461
6202
4219
4115
4139
4221
7431
3748
3960
6859
5039
5772
4011
3278
5635
3859
5228
5149
4498
7156
5177
5237
4686
4540
4815
3098
4710
6025
7975
9445
3394
5551
7721
5195
804
4658
4287
3660
5173
20908
2004
3548
4414
7086
4452
7826
18482
4351
4393
6312
4997
5381
5585
5604
5337
4335
7670
4897
1015
6044
4272
5416
5469
7578
5041
6983
4153
5371
5272
6665
4338
7266
1242
5606
3725
7195
3194
4371
4663
3855
5948
2908
5503
4161
4948
4846
5903
4801
4045
4851
5720
4300
5936
3719
4549
5578
4780
3959
3047
4403
4289
4403
2922
5700
7685
4496
4670
3697
893
4253
4220
4975
5125
3621
4822
4231
4081
6948
6141
4060
8101
4227
6479
5888
3721
6088
3056
4684
5734
5489
3166
7616
5514
7338
6170
4342
1194
4562
3616
5163
3816
6891
5020
4710
4036
6654
3797
5203
4124
3298
4476
7027
3406
4572
3875
4397
5095
3974
5057
2686
4879
3693
3806
4319
3683
4168
3810
4927
2904
35792
4446
4106
4872
4540
5334
4824
1012
4446
4732
1271
3795
5246
3800
5365
7365
2714
6671
4561
3989
5067
4658
4521
4768
3847
3104
4082
3933
4296
4912
5750
4747
3145
6052
5080
5506
5526
1296
1132
5183
4562
4454
5644
3689
4689
3168
4280
4609
5429
4412
6907
4183
21267
4848
6663
9660
4918
5123
5052
4631
6074
4711
6847
4848
4156
3862
5284
7392
6177
4359
5677
4468
4135
7948
3575
4354
5248
2989
6185
5834
5233
7079
4316
5503
4211
5161
3391
5034
7352
7405
4547
3336
5489
4194
8695
14629
3503
5437
3940
4682
3847
3032
4789
3543
1498
3746
4021
4910
5642
3776
3412
2920
6665
5612
6829
5830
4793
6544
6013
5682
5248
3707
5531
4297
4558
5477
4516
2657
3835
6339
5176
5482
4124
6257
6259
3889
3472
9066
4771
4657
10953
4535
6350
2473
7380
5454
5204
4497
4751
5852
5179
5070
2993
3791
3894
6102
4666
4598
7739
2343
4178
6687
8991
4874
4267
1359
3350
4415
3625
4146
4282
3860
9476
5249
9601
4509
3025
3269
4254
4483
5746
3851
3246
4472
2567
3450
4004
4694
4115
3936
5348
7110
4948
4342
5686
4538
7211
4629
3279
3912
4194
3360
35279
4301
4196
4121
2956
4865
7614
5082
4579
3900
3786
5486
4332
3646
7999
4701
6672
4667
7443
4434
4274
1181
4504
11499
3951
3439
5261
4372
4667
5212
7506
4876
6879
6514
6750
4019
5414
5482
3990
19707
5291
4310
2395
7375
3709
5268
5721
4745
6149
2624
4671
3829
4925
4081
4188
4066
4365
4692
1502
4780
3471
4749
6564
3493
4485
3210
4689
3817
5890
4897
18597
4984
3646
3910
4097
3965
2968
3884
3975
4194
5205
4605
3755
3598
2989
4403
3582
1521
3527
5627
6776
2985
5290
3867
6203
5008
3181
6562
4612
4995
3706
4934
3976
4051
4506
3929
5067
4311
3311
4199
2596
1143
3962
8076
2765
4664
5243
1186
5016
4503
4544
3440
3625
5191
4316
5301
6312
4300
4011
5894
5562
4340
4229
5890
3963
5766
3704
4038
2890
4950
11210
7170
4725
5683
10406
7636
5198
5105
2753
5392
4866
8816
5814
3181
4598
1192
5927
6328
4719
3515
3827
4925
4906
4971
3824
4396
6532
4561
3601
5407
6130
4535
4613
5937
4343
6712
4124
4278
3996
3928
5053
2995
4000
5161
2414
4443
3722
3661
4590
3279
4447
3678
5139
5880
6132
5895
6537
4148
4808
5441
8705
5406
4698
9472
7891
4344
7381
6029
5268
5780
6071
6098
4547
3911
5223
4508
4363
7841
1423
4366
3908
6791
3918
2758
7881
6333
5352
3306
5144
3755
7324
11157
1112
7795
9377
4601
1670
12317
9108
4409
6621
13390
4208
4784
6687
5209
5058
5269
3905
7050
6784
5071
4635
5488
6136
5972
4703
5697
6732
8281
25602
6346
3754
3032
4090
4450
6084
4540
3902
5974
4993
4691
4203
5343
4499
6237
4828
1225
5543
5376
4630
6698
2493
5806
1160
8331
4623
2833
5302
3515
4775
24630
3624
5320
4789
6686
5464
4399
4249
3646
4130
5965
3923
5531
1768
7835
4196
6521
3835
3622
5642
5726
5332
4698
5063
4955
4960
23425
6899
7340
6593
3508
5625
5942
1721
3927
5448
5963
4871
10655
7477
4880
2878
5306
3631
5638
7002
8508
5321
7556
3820
3751
8748
3604
4414
4846
3622
2836
3315
4773
4776
3976
4230
2163
6660
7133
3718
5989
3344
10109
4389
34146
3328
6247
2004
6527
2151
5421
4852
3392
5130
5769
3570
4897
6381
5347
6907
4632
5665
7195
4456
1173
1091
2617
3344
3498
7075
4551
5454
22760
4001
7227
2549
4183
13039
7833
5682
4396
5136
6574
4863
3856
5477
4802
5388
2239
5456
6321
3827
4945
3080
6468
5959
4184
4061
6146
5600
3440
7266
1378
3584
7758
1937
3595
3618
6746
3190
3935
5709
5292
9520
7398
2971
4148
12342
7304
4755
6334
4130
3954
3766
4632
3731
769
3628
5380
5203
5672
30932
5006
8218
5349
4930
6703
4257
3738
4453
3183
4372
4452
2823
4805
4274
4302
5475
6118
3415
2562
956
9850
4467
6202
5534
3048
2385
3914
5389
7050
5833
5761
2522
1924
6594
2714
4795
6546
3568
6793
4826
4233
2935
5375
1286
5099
6660
8057
4858
5933
3283
3695
4717
4126
3456
3695
3624
3933
5247
4440
3280
6162
4230
3771
5593
3887
6106
1247
3496
6520
5722
1812
3938
4128
2164
4269
4916
7808
3290
4366
6240
7220
1265
7058
3868
8508
2889
2519
7591
5022
3181
8598
4335
2855
3547
5756
2330
5121
3313
4263
5197
5923
6852
6265
4106
7655
6277
6086
4001
4335
5753
1945
5189
7731
4613
4589
5164
4378
6218
5472
5568
2990
4002
4253
4426
3690
4328
3681
4503
5151
5406
6544
4099
3434
3345
5370
1192
6485
3978
4845
5817
5715
3991
6320
5044
3305
5076
4041
3632
4753
4623
4317
5724
5217
7185
3286
2095
4047
4476
5633
8003
4594
4398
3262
20695
7296
4451
4795
5805
5875
6183
5292
6189
4604
3831
4129
3867
2357
3901
3907
4148
1861
3934
4123
6013
4401
4352
8032
6234
4068
4280
3648
4166
3293
2064
3017
6464
1028
4481
5758
4335
3580
8107
6123
6349
6483
4623
4613
4812
4398
5573
5636
1748
4842
5837
3549
3681
4356
4689
3686
1220
3727
5264
3334
7149
4245
5871
3049
5130
20533
3149
4719
4570
4045
1895
4516
4847
5799
3492
3286
4353
4816
3798
4200
5406
5048
1118
4837
4762
4902
3483
2500
5227
3958
3769
3338
4739
3782
4012
5320
5789
4224
3254
5381
3313
4607
3887
5052
4916
6413
4390
5158
4729
6847
2407
5210
3337
4210
6452
4619
4333
5039
4775
4462
3837
4491
6668
7249
4176
3432
4368
3806
4028
3367
4736
4532
4849
3997
3499
3778
5644
4499
4553
5092
4178
3519
3591
5396
3518
3428
4928
5287
4738
3894
4720
4236
3709
4289
3313
5184
4747
5126
4563
1004
3476
4111
2596
4001
3209
4470
4422
2717
5124
19370
6141
3711
5981
6663
3994
6932
3791
6750
3288
7172
5295
4467
2213
3758
3501
3460
5060
2335
5868
5058
5732
4353
3908
4835
2800
6125
3913
4713
4946
3808
3486
3331
3936
5174
6459
5406
4407
3809
7061
4300
4879
4926
4286
4190
3769
1171
4724
2884
4232
3702
4235
3431
5324
5777
3233
5847
5735
5903
4917
3961
4101
3923
3343
4784
3247
5051
5475
4769
2697
4314
5963
3468
3992
3943
4063
4674
3082
4568
3059
2910
4780
4684
4608
4007
4460
5218
5044
5655
2167
6909
5312
5213
5789
5443
4289
3017
5413
4237
4672
5339
3909
3853
6332
4562
4217
770
2518
4123
5460
5096
3120
5087
4619
17387
1448
3918
7390
6231
7690
2087
4121
4295
2884
4591
3794
7411
4868
5908
5100
3967
3998
4876
3198
4656
4598
1316
4345
4627
4022
2171
3671
4472
4217
7212
4505
4291
3096
6971
5082
3854
5883
5523
3128
5056
4950
5435
4990
3808
4054
4907
3527
3878
4333
5385
3506
3846
4376
4259
5015
3683
2698
3096
4409
4244
6515
4973
6513
4944
3279
6160
5011
5117
4808
3380
4741
4268
4260
4268
4225
4176
4218
5522
1014
4601
5756
4111
1520
4742
5387
3516
6468
4980
3939
4092
6863
4043
4909
5263
3337
5164
4086
3585
7394
5441
3294
4371
6831
1503
4130
3984
3551
2927
4849
2312
4047
7943
3347
5222
1004
1329
3544
3469
3479
3959
2642
4179
5523
5001
4160
6404
4355
5702
6276
4338
1421
5034
7903
5642
2211
5132
4671
6797
4320
6051
1061
6662
6503
1919
3795
4854
6384
5244
4350
3908
6353
5189
3807
7067
4827
4095
6759
4351
4464
7635
7716
4364
5780
5097
6640
3926
3557
3949
6920
4310
3793
1253
3600
4695
3823
6759
4080
4321
1141
4235
4843
2290
4954
5020
5220
4638
4537
3517
2535
6275
4074
3734
5284
3297
3620
5268
6113
4421
4047
4238
4347
4434
5588
4055
4564
3501
3686
4263
4217
4595
4392
3253
7771
4264
4547
4989
5453
4489
6830
4337
4096
5290
4192
7446
3393
4406
3778
3982
4789
7543
4649
4387
4346
5084
4596
974
3468
3742
4061
5506
5183
4382
3604
3340
4526
4433
3883
3370
4111
4318
4551
3931
4941
3191
3993
4355
3535
3732
5603
3768
4029
7266
7078
5514
4393
5440
3649
6224
3122
3810
4988
4723
3993
5142
4986
2196
3658
3638
3273
5027
3385
1366
4262
4439
4526
5575
8063
3444
3931
4811
3888
4614
2244
887
4216
4281
4069
4410
4565
6790
3202
1172
4024
3815
5727
5521
3515
3832
5391
5453
4027
4284
4506
4092
6840
4894
3507
7956
2854
3425
7414
1220
5030
6455
4246
3217
3552
5078
6356
5722
1200
6451
4648
3564
20811
3033
3385
4693
6178
5057
3445
4442
3908
4164
5453
3331
3704
3268
4863
5074
4276
4094
7810
5419
5700
2072
4254
4348
6252
2967
5174
5216
5984
3916
5541
4070
4735
3667
5557
3654
3459
3521
5416
4047
4853
3113
2350
4956
4822
4019
3779
6424
4858
4315
5909
1084
3809
3816
4508
3734
5024
5162
4979
4980
3585
3211
11542
3541
5984
3076
3547
5423
5131
3946
4155
8101
3856
4920
4358
6389
6351
4442
4380
5383
3587
3269
2778
4911
3890
4236
5518
3013
4790
3338
4108
4257
5691
4329
5677
4298
4647
4791
3861
4417
4851
3778
3903
3292
3845
4122
3194
5865
4329
4316
6448
3793
3912
4389
4373
4513
3545
3000
5560
5653
5760
5258
5922
3530
3898
5264
4094
6900
5500
6632
4433
4775
5301
4406
4437
3372
3512
3373
4261
3287
5517
5162
6379
3845
4105
8530
5384
5628
3062
9038
5418
4922
5583
4420
3668
8062
3385
5452
4846
2966
4639
3152
3831
6237
3555
6318
761
6199
4911
7144
4601
2563
3782
4760
7031
6889
4471
3408
4345
4685
5695
4193
3631
5251
2420
5103
7542
5160
793
5173
5615
1529
2717
5003
5196
3958
3488
5081
5069
3811
4276
8071
6750
5312
3799
9587
4613
5693
5362
3116
3338
3950
6356
5875
3494
3930
8114
4576
3297
4916
4271
3247
4814
6347
5399
5375
2823
2592
5134
3219
4384
4114
3846
3671
4414
5724
938
5953
4590
4520
4114
5656
3837
3271
4502
5070
3946
3732
5209
4234
9295
3934
3853
5174
6418
3216
3849
4866
4439
3775
5000
4824
3626
3834
3853
5319
6361
4567
5123
5409
4741
3028
4381
4116
6016
4517
5521
17243
6920
4861
3745
7301
4037
4041
3974
4149
4640
5245
8528
4624
6095
4591
5419
4646
3801
4163
3033
4473
4433
4789
4495
4500
3700
3384
3358
4767
4421
5092
5001
3398
4659
5697
4877
5948
5822
3715
5655
6159
4236
8863
3738
9913
5102
5164
3708
6644
4844
4322
6566
4538
3338
1400
3841
3632
3222
5082
3744
4716
3866
6375
5804
8235
6151
7065
3855
6405
4561
5084
3544
5566
6247
3323
4597
2670
5302
5776
5707
6918
3918
5402
3886
6222
3934
2213
4486
5408
8218
3563
6788
4400
5344
5479
3275
3930
3661
4644
5531
5275
9659
3897
3030
3496
4029
3718
6364
5338
4241
2896
4195
4097
5218
5077
4872
4107
6199
7069
4388
3803
6295
5881
6256
4150
5520
4573
3039
4025
3411
3501
3706
3469
3910
3727
2742
20843
4112
3322
1634
4642
9071
4554
2198
3708
4357
3949
6234
4854
4749
3620
5617
10401
4047
3700
5042
19003
4293
5580
3363
4793
3673
4282
3497
4731
9234
4697
4343
4580
5317
4309
4905
4303
3307
4721
4797
4126
3565
5228
4936
6564
4577
4325
5208
20216
5665
5138
5423
6712
9483
6106
18256
3696
5097
3690
2043
4125
4140
4595
4825
4183
3326
5486
4201
4264
5332
2607
4054
4333
21129
4458
4955
4900
3562
4270
4413
21469
10010
4048
4228
3022
5103
4547
5288
2290
6415
2272
7161
3789
4130
3404
6026
4826
4561
4430
4887
2096
2859
5612
4416
6765
9879
3713
4273
6044
2453
2678
4596
5222
3783
4459
3247
4406
4031
4893
3969
5115
6756
5071
5078
4655
2940
5293
4029
6081
2794
3892
3604
3301
5101
5365
3905
4158
10049
5604
4652
4696
3968
4242
4012
5523
4928
4278
5648
4015
4771
3960
6052
4102
3202
3807
6641
4333
4743
2734
2124
4093
2712
7488
11560
3284
5562
4077
7073
4488
2118
5061
4234
6720
3300
3866
2722
4237
5123
4199
10395
2864
4918
1718
1114
4900
5501
5348
4553
4533
3473
5186
6575
6557
23408
3528
5947
4262
4348
6033
6755
4884
1202
3946
1375
4081
14775
4141
3452
5015
5164
4939
4581
7059
6632
8481
4296
5300
3970
7050
3305
4109
7513
5066
4009
3423
3060
4299
4544
6359
3863
8955
8204
2994
5739
5433
4733
4694
5893
7447
3084
1330
7963
4303
3224
9386
4262
6508
6623
5258
21662
4600
6308
6774
4973
5837
5395
3348
1638
3885
5652
1826
5882
4938
6436
5293
4727
5971
4458
1652
4822
5527
6265
8225
4478
8081
4015
4687
5215
5464
4218
4567
4312
4389
2834
4257
4553
6034
6972
3539
5013
5687
2110
4629
3197
4731
4261
2654
5185
3875
4121
4124
6057
2388
6479
5166
4364
4440
2447
3571
8279
4439
6732
4484
9717
4266
3085
5476
7385
4807
3079
3417
6778
2073
3127
4468
6199
5954
6490
4096
27658
5688
3939
1080
5561
4888
4751
3304
5587
9481
4303
5401
7312
5659
6499
6087
5665
4120
6444
9218
4078
4167
20116
3823
4853
4565
4597
4271
4887
4367
2969
3700
4533
3879
8043
4362
4421
4804
3864
5198
4692
2995
4818
6137
6630
4885
4253
4710
4981
5920
3843
3818
4774
6780
1853
1378
5272
3237
5249
3600
5437
3774
5934
7749
1308
3603
2168
3907
5817
3844
3622
7346
4764
5628
6235
4995
4881
8013
6229
4884
5062
4734
1580
3301
4784
4218
4474
5514
6394
2439
4053
4440
4579
4389
3982
4744
4058
4694
8382
5179
4940
3575
3924
5348
5342
7612
4229
3327
4729
5326
3628
3543
4595
3918
4260
4308
848
3855
6090
4334
6285
13402
3554
4361
4245
5292
3095
548
3928
5293
4807
5812
4114
7223
8357
5987
6326
4744
5138
5507
4169
3067
4747
4024
11228
5648
5659
4715
3070
9492
5244
3926
4501
5897
5903
5079
4624
5566
4516
6030
4716
4109
4363
4084
3911
5832
2418
4934
5100
5348
7425
3486
4372
4989
4950
4187
4149
1340
6427
5341
4751
5301
4056
4888
4557
4212
8222
3749
5030
5509
4363
3450
8257
7203
2629
5173
5704
4398
5136
1922
3853
4671
4014
4352
4160
5208
4046
5533
3054
4827
4469
6064
1192
3270
3003
5209
3250
4805
4800
5508
2718
6295
3437
4984
4567
5627
5726
4722
6137
9864
4560
5710
5253
5153
5620
5424
4394
6947
4555
3910
3956
4111
6094
5421
4599
4561
5217
5365
6682
5547
4636
5477
1123
5284
5043
5133
4504
4333
5771
7063
6044
5450
3926
5394
3679
4244
4967
3985
9072
5904
4684
5471
1379
5718
4958
5685
5530
4211
5643
4425
4239
6227
1783
5149
8411
9030
3797
4301
11977
4595
6467
3831
4770
3901
8952
4166
7221
4537
6931
12000
4920
6916
4844
3305
4548
5192
5869
3184
4383
4968
4343
3972
6020
7784
2046
6356
4924
7393
9755
4681
2598
4458
4698
4238
5499
4039
5008
7106
4800
1866
4080
3035
5719
2266
4985
4263
4870
4430
1746
2097
6998
4853
4481
6511
4993
4925
3888
7499
4786
9675
5382
4239
4301
4571
3371
3742
5640
5891
4147
5338
8545
4074
2889
5609
5469
4278
6433
6029
3447
6818
5762
1084
5045
5213
1070
5523
4950
5158
5791
4257
4746
2397
9779
7259
4404
4678
6409
5656
3035
5794
5401
5122
5808
4351
3517
4749
5728
1212
5759
7726
3917
4110
5191
5075
4402
3433
5529
4598
4837
2975
5028
2491
4040
3724
4845
4134
4893
4675
6957
4929
3496
5374
4983
6798
8142
3860
3243
7912
3920
5506
6161
5910
3344
1700
5007
6345
3986
4075
6296
7576
5478
4298
4713
6394
4906
4585
5803
2782
5160
1633
5228
5168
4758
4290
4709
7739
5908
4324
1298
5385
3440
9110
6080
8122
6476
7871
5162
6788
6670
3548
1844
8468
1340
4809
5745
4005
4322
5443
4362
4353
6875
6232
1603
6380
6164
6145
10485
5247
6455
4776
3720
4106
5101
1709
10294
4730
5371
4373
5788
5278
4934
5014
5559
1503
5049
7416
4014
6371
4148
5095
4618
5268
4362
8275
4423
4858
4509
5843
1150
15220
8337
2697
7537
8281
5538
4762
4887
5861
3488
4307
6395
4009
6046
8712
4242
7593
4400
5643
8416
4680
1874
9197
4563
5814
4231
7958
3095
6788
6845
4900
4213
8493
5793
4972
7810
5825
3994
4728
3583
7258
5314
22182
4440
5694
8505
7204
4949
5744
4612
5632
5808
5752
3947
4187
815
4658
5448
7772
4805
4434
4715
3974
5650
4561
5182
8713
4801
5660
4713
5171
4038
4564
6396
7204
4443
7172
6234
6022
3824
4870
7017
3691
4780
1377
6182
4798
4181
4079
8180
5849
6188
5122
3959
4473
6072
3412
4915
5443
4222
5119
6593
4638
3832
4055
4433
6485
5628
2894
5487
4799
2949
4967
4117
4041
2091
5202
4938
5085
4330
11160
4543
6943
1737
1581
5143
3883
5194
5008
5604
4724
4484
846
4913
4286
5444
4299
3899
4309
3953
6526
5547
5057
4969
3976
5215
4451
3815
4615
4732
7404
7918
5430
3715
5012
4307
4436
3946
7321
3879
7150
10123
5212
2809
3481
4023
4166
5795
4491
5611
22606
2528
4880
4678
5632
6367
6334
1367
4274
5956
4190
2822
4175
7138
4231
1193
4857
5416
7873
231950
4240
6048
4701
4141
3771
7323
4224
3994
3932
6948
5064
3433
3787
4340
19256
6219
2696
4759
5202
5401
5404
5712
5022
4690
4067
5441
4287
4815
3819
1215
6208
5166
4838
5695
6848
3521
1078
5296
4516
3471
3503
4958
9475
4456
4144
1089
3761
8860
3310
4541
5398
5855
7031
5118
7136
6899
4778
8337
6319
5677
5158
4486
6220
4355
4233
4105
4487
4443
4676
4600
5481
6382
4284
5405
5914
3711
7539
4596
5519
5029
4199
5305
4568
3720
4118
3886
25813
8041
3124
1081
3772
5552
4555
4596
4669
2689
3940
4757
5534
4199
4699
4424
4679
5830
3724
5034
6996
4441
5302
5315
3587
4316
2045
5109
4881
6052
4901
7436
4975
6027
5992
4162
3476
3346
3135
5131
7870
5021
9991
5730
5036
3534
5777
5187
5421
5500
7137
5659
3893
6144
5314
4346
2901
6496
4610
3412
4684
4802
4545
4258
6910
6161
4829
5254
5841
3309
4205
1175
5517
5641
11173
5275
2230
3885
4072
4741
5900
2167
4332
2139
7288
4909
4222
4391
3436
6125
4853
5462
3350
4922
3268
4103
4201
5320
8078
7260
4408
3726
4228
6190
4559
4677
4177
3988
4026
3647
5136
4885
6123
6014
3337
4776
4726
3047
2402
5097
5555
4501
4709
4097
4895
1903
3673
6021
4384
3786
3380
1986
4994
4992
4483
1515
5689
4853
4064
4604
6005
18353
2905
3230
6000
4180
6318
6421
6519
4359
4614
5071
5166
3184
6271
3744
3811
5513
2747
5663
3956
5189
7067
5400
3536
8338
4700
7149
4159
4999
4233
4080
4698
5698
6378
4091
4723
3605
4945
5551
3290
3912
4254
5385
3974
2141
4630
5613
4205
3271
1221
3937
8094
4763
9129
3109
3736
5089
4484
6603
6538
4007
7013
2272
5145
6006
2047
4655
5238
1842
3520
5051
4816
3343
4453
3897
7197
5274
4484
6859
5231
3755
4209
3918
4227
4223
4563
2396
5011
4026
4373
4496
7116
4017
4324
5027
3199
3907
4054
4295
3921
3532
4042
3703
3220
5312
4377
4250
3779
3345
4283
4378
5029
4998
3377
6216
3952
4013
3543
5112
4268
4838
4791
3615
3597
5134
4608
3469
4394
3975
5275
6569
6425
4000
4921
3967
4441
4380
5158
4942
1352
3981
4209
5931
4272
2124
1509
6405
5630
2128
4611
5731
4857
4491
4764
3341
5427
4895
3862
5961
5794
4278
8052
4402
2130
4464
5228
4738
3544
4902
1064
3649
5202
2508
5548
4299
3012
4517
4887
4169
4695
1713
3957
4824
4475
14471
5109
8039
1328
4360
4653
4953
1930776
4395
4985
3992
8057
3710
6070
3997
6023
2190
4034
2697
5091
3262
3173
5318
5545
4904
4300
4213
1800
5403
3989
4863
3798
4506
3504
3953
2145
4224
3997
1421
5443
3509
3461
4703
5248
5189
5204
4364
6413
5629
5726
1838
3646
7170
5831
4509
4526
7752
4950
4311
3986
4828
3718
3463
5294
6043
4369
6584
4255
7541
5469
4212
8924
4918
5544
4968
1205
2015
4072
4849
4537
4129
9413
5532
4990
4323
5254
7559
3257
5946
3765
7979
6765
7523
3985
4321
5092
1767
21902
4697
4875
5691
5583
6355
9648
4930
5978
4698
1717
2325
6552
4477
6868
8500
2293
7548
3991
3653
1888
3707
1327
4807
4046
5608
4479
7438
4911
3342
6224
4748
5784
4357
6126
1798
4506
4500
9646
4564
3957
4452
12086
3794
6421
1335
4335
4870
33828
5966
5187
4808
5342
7547
6120
4160
6252
3934
5583
3817
3377
5795
4758
5054
2477
3695
6975
2628
1950
5104
6999
1284
3081
6058
1929
3592
4947
7065
7480
3719
5954
4296
7615
1520
4404
2849
8444
3643
6102
5329
4672
6445
6588
3157
5785
8410
5589
5000
4798
5460
5140
5307
5245
4599
3958
4030
5370
7475
4726
4920
5541
6910
5345
6876
2811
5301
4256
4630
6127
4110
4001
4899
5264
4514
1760
5084
5300
3275
4535
4926
5356
3399
6485
3837
6523
2339
3530
4477
3403
4045
6266
5024
4269
4231
5924
4445
4115
4597
4837
6227
6183
4952
5500
4144
4041
4692
4808
4423
5309
4228
5023
6017
6660
5337
4826
4662
5116
4825
4732
7904
9994
4468
4571
4528
3859
8803
5165
6785
4296
4692
5701
6906
3865
3616
6752
8181
4898
4571
8692
23095
5674
6032
4031
6759
10248
6837
1380
4024
1372
5895
5164
7577
1635
6169
3975
6322
5801
4440
3592
2354
4446
855
4439
3811
4975
5798
3865
5093
4313
4805
4977
5262
5322
4755
6142
5998
4169
4794
3635
5691
3932
4262
4222
4131
4456
5179
6939
5102
5579
2290
5725
1955
5478
1364
5651
6919
4329
6423
4172
6752
8916
5399
5855
3640
9975
888
7144
4387
4983
9686
3808
3595
5745
5179
4169
3776
6086
5571
4665
4652
4748
4310
2531
4119
3937
2750
4313
8225
4346
4459
5317
4388
3922
4692
6074
5217
4260
5153
4085
3346
3633
4897
4316
3510
3829
6180
3885
4350
6180
3543
4508
4346
3649
4854
4686
4738
4955
4215
3692
3920
1161
3841
5302
5512
4168
5171
5342
5464
3052
3890
5793
4338
2356
5329
4818
5105
6106
4275
4469
4435
5631
5222
4131
4232
5273
4875
5133
5003
3994
4143
6817
7870
4645
2728
4955
4921
1507
5247
4765
5204
4807
5941
4256
5859
4548
6646
5287
2672
6006
6335
5169
4676
6092
4832
4157
3134
1346
4239
7272
4675
5605
4402
3741
4998
2893
4129
3925
4402
3729
1137
1566
4315
5279
4476
5195
5836
4869
4653
3790
3999
4220
4579
3433
3595
5362
2877
4548
3924
3466
5120
3520
4504
5086
3714
3291
5667
3872
4285
5725
4058
5246
1315
4646
6851
3932
4462
4875
5166
5843
4787
6513
2617
4548
6342
4656
5908
3944
6264
3801
3841
7500
3647
5389
6314
4868
3434
2985
4372
3674
3259
3079
3217
4569
4678
4284
5225
4133
5956
6416
6606
4036
4276
7236
3924
1142
5176
4704
5307
5237
3860
3868
3854
3874
4584
3472
5079
5806
3618
4279
4705
3958
5336
4561
4622
2335
5394
5271
3636
4079
6128
5422
3858
2916
4307
2700
6209
3062
3049
4486
4386
4968
6883
4094
5446
3613
4979
4443
3274
3739
4955
5078
3464
2617
4502
3036
3895
3683
5646
7626
3330
5004
4340
5826
19650
4714
7264
4404
4776
5420
4426
6987
3837
3137
4499
4512
3821
4138
5771
4709
5383
4755
4203
4226
4814
5304
3274
2971
5830
4005
6018
4609
4916
4374
2930
5428
4386
4409
10633
4690
7096
4283
3516
3251
998
4886
5452
3817
5903
5467
9006
1157
4035
4665
3861
2118
5206
3373
5730
5401
3489
5117
4651
3774
4629
4404
6473
5351
3725
5377
4332
4798
5534
5801
2829
4590
3752
5023
5066
3596
3837
4060
3727
6243
4886
4553
3706
5423
2159
3986
1530
6043
4346
3855
3665
4046
1983
4769
3524
4989
5012
3582
3951
3937
5199
4762
6065
3630
4099
5705
3146
5372
7828
4028
4280
4697
3723
5789
3659
5130
4194
4574
5530
4122
3826
5408
5459
3951
4096
3620
4506
4397
3000
3972
11046
5006
4894
3588
3114
4382
2439
3774
4736
9417
4277
4285
4499
3164
4307
4140
4891
8334
3626
3221
4059
4623
5164
4107
4770
3423
3014
5362
4125
9590
3628
5967
3646
4955
4955
3356
3741
3705
4173
10053
3447
1224
3900
3944
4313
4555
6839
3294
2668
2502
3965
4848
3761
3984
1153
3289
5886
4768
6325
4657
5112
5231
5156
2925
4241
3573
1695
3973
4941
7867
3163
4728
3994
5359
4918
5350
4212
4719
5258
5064
2902
5425
6832
5992
4223
5313
4328
3434
4444
6025
7706
3877
4342
5358
17426
4545
3956
5028
3491
4361
3860
3786
3133
4665
4737
4675
4800
3249
5775
6178
5706
6499
4243
3826
4174
7019
1778
4643
3360
4697
4391
5651
3027
4197
2950
4646
3824
4688
4757
6437
4397
3600
4397
4249
3647
4885
7078
5450
3682
3415
5299
3086
5282
4287
2680
4780
4874
4741
52624
7873
3915
5167
7315
3729
4938
3519
1984
4797
3832
5315
2055
3714
4073
4916
2996
3388
3738
3739
4586
4145
5401
5043
5847
4654
4572
4013
3680
4978
4329
4115
4009
4220
4967
3554
5795
5457
3702
3078
5016
6129
3451
3904
3456
7151
7275
3339
5569
5252
3835
3656
21207
3611
7262
4394
3571
8447
4410
5781
4055
4219
4087
4400
5535
4121
4271
3822
3299
3207
3909
5261
3821
4689
4732
4231
4786
5015
3108
5004
2610
5528
3817
5454
3432
5124
3841
4267
3987
6851
4249
3117
3721
4879
4233
3922
4957
3971
6870
4703
4141
6483
3546
4263
4654
5766
1037
2691
4440
4698
6234
3650
4311
3873
9860
4041
6662
3635
7045
3763
3112
4192
3150
6401
6296
4996
4840
5299
5783
5335
6015
2253
3735
5124
3752
3482
7713
4545
2243
4345
3912
4138
5566
3829
3417
4534
2267
8659
4658
3848
3995
3989
5166
5935
3256
6223
4233
2866
4989
3901
3642
4015
4515
5874
4460
4666
3579
3973
4630
1995
4152
3596
6737
4569
3601
8851
4836
6161
4074
4395
5922
1729
3325
3230
6230
5952
14687
4086
3912
4169
3287
3675
4596
754
6010
4538
5228
1962
5397
4873
4130
1320
3929
3886
4157
4077
4431
4355
4974
4243
4989
1498
3629
2797
4098
4193
2938
4588
5209
5447
3145
5489
3523
3074
2992
3591
3822
4453
3597
3351
4795
6216
3754
4941
3925
4593
4444
3978
4511
3169
6363
5010
5568
5358
2963
6008
3008
4915
3465
3692
3300
3787
7993
4774
4736
5532
7607
2298
3638
3891
4106
11650
4975
4447
2393
3179
4510
4769
4747
4310
9185
1725
5107
5265
3485
3466
5541
7661
4171
1811
7520
4252
3861
5698
3744
4993
8026
3455
5575
4863
1594
5509
3804
5360
4890
6715
4502
3240
4358
4279
8050
3681
3777
6188
5208
5469
3774
3322
3697
1807
4925
2879
5201
4287
4507
2784
3328
4856
4280
3739
6695
4140
4952
7587
3587
6143
4890
7082
7351
3561
5535
5297
5513
5749
3721
5624
5026
6625
1845
6357
6960
5175
5672
5356
5179
4485
2673
3767
4822
4082
6769
8835
4300
4341
4936
3835
5139
9565
5337
4595
3503
4468
4745
3907
4266
4700
5180
3976
7428
3212
4931
3567
1819
3694
5149
2731
4882
5070
5665
4443
4060
4575
4239
4490
2427
3504
3292
5415
4495
5231
4640
3873
3889
4953
4926
2287
2225
4908
4761
4560
4950
4262
6173
6752
4136
5115
4496
3851
4212
5984
6968
3745
4128
5145
3628
3715
5578
4376
3662
5572
5711
4543
4193
4063
5611
4049
3707
3940
4131
4592
5654
4777
2205
4096
3842
4793
6285
6339
5707
4848
7888
1475
16296
2469
4400
2886
4354
3811
4502
4100
2509
4476
5590
16940
4419
3862
4005
4928
6298
5232
4145
5421
4262
5728
8229
4095
3199
3576
5144
3591
4197
6096
4685
7936
4440
3352
5773
1676
4758
4033
4330
4331
5413
3922
3920
3579
5970
3356
3497
4045
5177
8821
4031
3686
3962
4151
7789
5098
7394
4422
4322
4977
4516
5972
5153
4560
5639
4863
7264
6787
5480
4109
6341
4675
5402
3463
5465
5515
5577
5255
6451
6099
4386
3928
7022
3975
6585
6382
12265
4739
2747
3357
3576
3257
7767
4462
6728
4798
3627
4933
4023
2719
3302
5195
4021
4926
5839
5456
4916
3352
6050
3948
4860
3815
1872
4361
5328
4866
4467
4445
3685
4004
5022
3912
3520
3509
3910
6315
4490
3805
4916
4803
3138
4438
3799
5259
2282
6768
4396
3260
5161
5667
5830
3532
3986
6345
3183
3934
4907
6606
6467
3744
3870
3690
4385
3751
5409
3359
6018
11706
4099
4581
5327
3621
3687
5244
5372
5146
3900
5130
4418
18952
4444
6802
3129
2216
4543
4934
3819
3636
3433
4487
4447
4913
10434
4414
10819
4460
4552
6423
4511
2918
4867
3695
4005
4600
5096
7074
5695
5728
4697
4813
6306
3025
4379
10001
6802
6230
3259
3779
3811
5153
3672
4394
4322
5615
3750
3686
3974
6962
5921
3160
4892
4575
4741
4037
4168
4114
4157
4520
1934
5388
4148
3683
3723
2659
4518
5347
4856
4349
4717
6024
4387
3270
4649
4298
3813
4908
4509
3105
7806
4203
3635
4533
2775
3830
3088
1830
3420
3265
3992
12201
4294
3005
5590
3523
4624
3603
6989
4342
8238
5841
5472
4204
3635
7229
4503
1870
5535
5895
3625
3701
4406
5013
4032
5037
4495
3869
4296
3786
4921
4705
5111
6111
5269
4952
5267
5163
4389
5010
5218
23311
5934
3517
4121
2151
6514
5004
4578
6160
3792
2858
4326
4556
3375
4406
4208
4639
4501
4873
3833
2567
3849
4565
4868
2671
4839
6262
5755
4520
4258
8133
4337
5883
6637
5865
5119
4747
3910
5097
5862
4267
4074
4990
5319
6981
5621
4308
4167
4771
3534
7511
3775
3840
4265
4383
4268
4570
4452
4059
3824
3944
3166
20378
4378
4303
3792
3229
3390
4384
5045
8519
5098
4499
6173
4553
4812
4604
16810
4548
5218
1923
6024
5589
4476
6578
4227
3713
9089
3811
6633
1264
5877
3709
3525
3631
9103
4196
4778
4416
5468
4370
5505
4651
4365
6799
988
4532
4283
5837
3661
5115
5291
4079
1161
5535
4223
5880
7082
3977
4411
4601
4003
4347
3820
5623
4978
4177
4176
5401
1878
4055
4766
1880
3925
3668
5305
4569
5570
4440
4380
3642
5005
3904
1789
1098
4457
6046
4619
4209
6499
4344
5325
5960
3958
3818
3626
4126
5190
6467
10467
4044
4902
10840
3546
3902
4823
4408
4899
4170
6382
3446
1162
4647
4308
4388
4076
4824
8050
3757
3797
4861
4081
5201
5334
4074
5122
3489
3761
4458
4305
4601
4634
4692
3524
2806
7894
4815
3493
7222
5486
7488
4413
5963
6695
2990
3802
4914
3420
7786
9155
5183
4533
7679
7555
7979
4344
4011
4379
4709
3446
4137
5075
3025
5089
2441
6419
5704
5895
4634
6434
5594
3858
3847
4726
5857
4833
3934
4325
4490
4813
4181
6640
3260
5968
5994
6703
4987
4159
5175
5536
916
6179
3772
4833
6573
5733
4367
3884
4415
5256
3861
4464
3127
4581
5664
3583
3116
4011
4167
4437
4656
4036
3124
3556
4071
5165
3924
4404
3569
6324
3085
4771
3560
5497
3607
6304
4084
5865
4144
5631
4132
3639
5463
3224
4474
3422
1862
3952
3619
3941
5469
4201
4550
3987
3779
6350
3964
3983
6881
5536
6183
3717
3706
5308
4171
3400
4543
1623
4869
3708
4397
4051
4576
4712
3924
4220
3971
3831
3885
3908
6052
4479
4241
3820
3574
5203
4628
6139
4990
3947
4610
4901
3933
3477
6082
5404
7367
3977
4411
6303
5794
5323
22662
6096
6677
4358
6233
3212
3633
4460
4680
7308
5085
5826
8169
5808
5567
7371
4163
4230
6608
4715
2393
4160
3675
3902
4226
4060
3792
3592
4011
4519
2530
825
3571
6853
9560
3895
4820
4041
3450
4663
5579
5247
5465
3711
4868
4259
4683
5907
6988
5433
6014
3121
4715
1824
4209
3644
4474
4135
1388
2428
3997
4190
3318
6024
3944
5235
7216
3741
6230
4481
3874
4133
5113
3260
3691
4449
4585
3226
4102
4972
2766
3633
4768
3516
4920
4674
3504
4104
3892
3647
2893
4076
4940
4116
3549
4216
9055
4378
3744
4155
3532
4139
3277
5757
3101
4052
3615
2963
9457
3396
3590
4988
913
4351
3559
6082
4352
3222
6952
7041
1032
1181
4242
3339
3939
3004
4740
5604
3668
4906
1557
5591
6979
4138
4782
6378
4579
6108
4314
5904
4175
6378
6024
5087
14778
4360
4227
5117
4488
3052
3326
4283
4303
1466
3940
4781
3720
5840
4742
3560
3714
3881
4082
3584
3873
5139
4453
8218
4511
5595
3492
4928
4284
4832
2759
5103
3934
1087
4782
4207
4381
3159
5210
4376
3726
5715
5216
1761
3452
5046
3372
4908
5494
3239
3953
8053
4168
5000
5189
5802
1152
5298
6953
5418
4303
4081
4022
5132
4576
5507
4126
1179
3931
4797
4969
7343
4633
5469
4728
4821
1016
4568
4160
4350
4937
5635
6301
18457
3913
3962
2855
5345
3464
5222
5602
4080
7107
4898
6762
3962
4526
4025
5428
7103
4061
4620
5158
4055
4992
7086
5007
4325
3776
5549
4035
4540
4659
3136
8703
4591
4652
4661
4039
4801
1881
4366
3870
5559
5637
3931
4410
4007
4655
1577
3406
4154
4925
4791
5081
4791
3436
2983
4570
1533
4522
5739
4931
7120
3793
4721
3940
3890
7848
3576
4770
4781
5637
4629
4222
5563
3734
5586
4865
4268
4094
4298
5130
2727
8052
5951
3945
4517
5977
5344
4921
3932
5508
25122
4651
5717
4516
5168
4473
4307
3474
4899
3677
3959
3831
4695
4393
4804
5285
3854
5639
4821
5306
3389
4986
3756
5394
5059
5053
4525
3282
4492
7216
4590
3725
3598
3491
8010
4050
5848
4819
4889
5382
3971
6579
3134
4196
6924
6337
3858
3971
6291
4557
4470
4641
3987
6368
3872
6646
4401
4536
3337
4612
4353
5469
5244
5737
2205
4859
4102
4818
6177
4082
4630
4132
5641
7149
7804
4137
4273
5816
4265
4850
3914
4164
6353
3815
4523
4701
4265
2739
3634
6193
3520
5062
765
1346
7430
4365
4253
7966
3943
3707
3869
4699
5086
4037
4388
5160
4483
4254
5102
5326
3362
4384
3906
3417
3634
4723
7582
3590
4257
5518
4362
3870
3675
7596
3856
3719
6278
3264
3855
3980
2813
3825
944
4420
4596
5243
3696
5141
5494
4804
4226
3570
4330
3948
3943
4157
5055
4722
5910
4700
3426
5747
5860
4763
4310
4331
4594
3334
4480
3296
4522
3280
6553
4833
5028
3975
4401
4113
5653
4145
4204
3573
3376
3681
4359
3720
6960
5672
4357
3122
5615
3882
3801
4710
3933
5196
4406
3702
6058
4110
5285
2284
4076
3788
4076
3759
25576
1911
6889
4640
4320
6697
5289
4448
4540
5508
3593
4665
5095
5384
5416
4716
5504
3897
2899
3263
4447
3370
7227
6615
7180
2840
5552
3461
54632
3867
4271
4343
4310
3437
4882
3906
3124
3542
3889
4501
599
4685
3448
3826
5066
5563
4244
5260
4918
4235
4121
4946
4566
5575
1154
3070
3591
3159
4379
3637
4506
4689
4469
3119
1448
4820
5061
4461
3842
6082
6102
4867
3723
3840
3743
7082
4641
4284
4736
3697
2804
5715
6406
3385
5381
2595
4358
3615
6112
4448
3297
5499
4155
4412
5306
5567
2969
3406
1960
2779
2532
6188
4353
1337
4101
4229
6306
5607
7050
4089
4402
4590
4259
4244
20739
2445
4045
4073
4480
4636
4964
5465
4050
7012
5512
4544
6267
5274
2399
4999
4705
4558
5628
5358
4703
7610
4846
3594
3541
4815
3857
4633
5046
5875
3880
3690
8294
6526
890
4836
5600
4819
3849
5606
3519
3785
4558
4325
3943
3326
5049
5003
8082
4076
4558
4387
3489
4258
2926
4051
6542
4810
4662
3033
3908
3699
4501
3164
4706
7482
4605
4550
3605
4511
4963
3583
6919
3660
4670
3258
3950
3996
6478
3973
3535
4694
3345
4620
4770
1897
4628
4455
4599
3378
3641
4704
2540
3666
3496
4569
4463
4074
3677
1948
4083
4801
5452
1889
4103
2414
3457
3745
4712
2590
3798
3709
2759
3042
4643
4288
3779
3953
7423
6263
3832
