1338
1238
3094
1373
5016
1170
1334
1094
1251
1168
1059
3194
969
1215
1107
767
1153
8061
2483
681
1678
911
1209
1021
5521
1014
597
4988
933
1076
841
1298
1010
1035
1553
1071
1169
899
727
2171
6064
1426
1063
2989
16864
4587
2007
1529
1076
996
1364
1289
3688
914
5357
1320
833
979
2559
2544
8470
2759
6989
931
999
2845
3032
858
2449
2809
3941
4871
947
1084
7828
4705
6854
2975
3511
1738
3437
1227
6054
713
1182
5591
856
2269
4611
5894
2691
1209
1443
1469
4677
1220
4203
1133
978
3844
793
1888
2034
1072
4556
957
3596
1183
21975
1734
4694
1073
535
1382
1034
953
929
875
1190
21118
4270
1911
761
4207
553
1060
1605
5148
907
4438
1318
2830
1100
1130
4539
3113
4524
941
1241
3632
936
1164
1011
1564
2632
994
5271
4087
2260
4417
9335
3672
2046
2812
1290
6204
1362
1396
1345
3764
5008
1481
4265
1208
5255
6473
1208
4511
1290
4317
1744
1231
4518
872
4317
1015
3608
3767
1134
915
4211
529
2135
4529
648
535
1027
4341
1361
1218
3335
2967
1072
1135
1463
1002
3729
888
2281
1653
5463
3322
546
790
9422
1778
1049
4318
4417
979
1108
5961
3321
4471
3870
953
1017
670
5211
2997
2280
1083
1358
950
1534
1094
2645
1344
995
4643
1094
3344
8841
2626
1184
1007
7406
2720
5313
1140
4650
909
961
1017
1278
912
918
5373
787
5489
765
704
1591
798
3733
1201
1207
3085
4007
2924
1478
1217
1022
583
6359
1289
3975
1417
1083
1503
1112
1212
3699
740
970
2457
5929
951
1596
1600
7486
1069
3172
4315
1057
1589
866
1574
2695
1417
2015
4537
1320
2671
4049
1348
974
3540
938
1228
5043
1272
3865
1031
5790
1164
1396
1027
1259
4961
1015
1197
4293
1156
4160
1061
1425
3831
1242
1851
3928
3045
1968
3356
1428
1363
1340
5559
1462
8299
1036
3802
3104
4769
1164
852
1057
4571
5002
1136
3844
5315
4735
1244
5365
2566
1628
1921
830
1586
8607
2730
1542
5459
1395
4184
3977
1117
721
3762
1372
12075
5408
5138
1421
2012
3794
1380
950
4191
3995
4510
847
976
1572
2948
1305
1363
1515
949
574
572
2999
981
1260
4187
4728
6335
2273
5827
1058
1273
1800
623
851
745
2198
943
2028
1049
2699
3860
1148
1539
3672
585
5682
2189
933
4414
848
4564
4804
664
3120
4910
3625
1938
2691
3013
3315
3775
2836
4712
1050
2557
3504
1945
760
1135
904
3964
722
6130
3842
1227
707
921
1242
1839
653
1049
1236
949
579
2670
1133
3024
3292
997
3019
1192
881
2306
1030
706
930
535
3655
13369
2770
2294
1017
2823
1005
2998
2424
3541
3865
1307
1129
4026
4824
3652
1547
1489
962
1040
2677
1074
3003
4207
4550
3486
3421
2191
982
1363
2590
3358
968
3562
3391
5177
3872
1221
3748
3700
1959
7696
4148
2026
3181
5643
19585
3815
3899
3039
3381
3736
1193
1104
4444
5252
741
3271
4891
802
2635
1839
2852
2879
2436
3866
4696
5572
4081
684
620
1128
3796
2614
2476
2369
2400
3950
2078
4223
931
5158
2990
1159
3776
3766
1579
2419
1383
2383
4686
996
2856
3248
1234
3079
5212
1269
2632
1805
3180
5140
545
3108
4898
4052
7296
1593
3406
2940
5435
2363
3798
3842
4614
1615
4901
2969
4748
2985
3370
1026
2243
2822
2183
18184
1935
3226
2308
2870
1532
3021
3861
1392
1217
4145
3187
6573
4024
4024
4942
1081
1413
3361
2817
5563
1133
3282
3877
2470
2659
750
1251
2805
3931
1375
1059
2909
3901
3170
3979
942
873
18883
4215
2576
1473
2182
2190
3489
6798
1461
962
3883
1827
2872
2261
1955
532
2322
2125
743
3166
4698
2322
828
2742
5016
2176
9790
4385
4148
3340
3788
834
2988
2782
809
5139
860
783
3691
2146
2409
1034
6257
3578
4840
4565
790
976
1040
937
597
13098
3454
937
3711
2438
953
709
3556
4618
750
600
3365
2997
1904
3713
4272
2813
4078
3382
996
1940
507
1118
3080
5009
1167
4513
1593
2426
733
2982
6312
2585
2913
3840
7809
689
3192
2897
4834
1910
7809
4488
4883
742
974
3410
6505
4392
1223
3127
5105
3273
2894
2546
4270
3560
969
7221
3736
4839
1189
3780
2203
1048
3790
4295
1079
2814
745
2206
4552
2807
2760
1018
3602
4698
621
1041
4973
1320
993
1120
958
3996
1096
3060
6860
1000
2532
3958
1010
5040
3243
3212
5226
3366
3155
2767
5709
2674
838
4662
2044
4036
899
3432
4069
5482
3372
2501
853
6824
3141
3198
3671
2800
6118
1007
4918
2984
9778
2181
3290
835
4747
3093
2660
1491
2859
4924
1048
4221
2231
4474
4369
5038
3400
2658
3109
2462
1798
4295
852
4553
4292
5299
3528
3897
2254
1088
5063
5686
3331
4472
2403
5490
670
3728
4445
4395
2140
8450
4609
3244
4805
4079
2544
4008
7152
4312
4599
4556
930
4345
6876
3661
1008
2623
1026
3476
920
3195
6202
982
4556
574
1114
5461
4438
3274
2584
3174
1309
2939
1071
4779
2800
5074
3888
4744
4317
4292
2946
2742
1014
2998
4954
3170
3326
3026
1696
5118
3615
3963
4090
997
2748
5814
655
1111
2492
2636
14561
2707
2021
5164
1683
5893
2467
2709
2431
19086
3041
1241
1781
3581
7720
4420
1511
794
2801
3917
1399
2800
4383
1261
2566
1505
2397
2748
532
3616
1843
1337
1022
1695
1477
3128
575
4669
4898
6236
5150
1160
4986
3375
3343
1005
1372
2872
1195
1227
3542
4312
1423
3230
3427
673
1990
4126
3274
4401
3611
2291
788
3482
4442
1680
918
4072
4026
4603
2126
6704
2485
1951
5880
3151
2682
2823
3683
2721
9393
2684
3615
965
591
4130
2915
4432
4051
3441
5433
6932
3780
1066
3522
822
3857
2044
8408
2127
1595
3930
557
3523
3316
16619
5225
1225
3178
6297
1547
2065
5419
3084
466
4666
3384
2968
5823
3358
3785
2649
2607
1760
3370
2975
2888
1242
3470
1005
2145
20553
896
5611
1789
2725
2999
2534
7886
9942
813
3321
1562
4106
4756
2785
2844
4014
1287
1885
2691
2400
1699
2231
1999
3067
3003
5330
5078
2312
2197
2602
1026
7591
1959
3365
1364
4410
1063
31559
1529
3994
899
2859
1413
1676
3875
4956
2924
4561
6413
873
1289
3629
3497
3378
2422
1333
1105
2257
1178
933
2569
2364
4777
3319
3135
2467
4243
3130
2393
2942
6955
1106
3130
3765
7368
3634
1884
2093
5227
3452
917
4081
1421
4338
2380
2913
2209
6354
4431
3030
4519
2145
6259
2562
2928
847
7642
2503
3252
3323
5619
2229
1355
2166
2064
2375
1300
1199
2338
2043
760
5168
1793
1619
1539
1417
4133
2194
3842
2805
3638
3713
5329
1311
1375
1367
2708
643
2691
2983
1663
3183
2473
1560
4112
3902
2336
2188
3301
3014
2451
866
4650
4173
3150
4563
6316
3763
874
922
1888
5619
4560
2247
4167
3802
3856
3021
2546
5452
4587
2024
2861
6729
3112
3628
4695
855
5337
2313
2782
3561
3042
2767
3461
4524
2820
3901
4426
1405
3704
1802
1281
5521
3273
1129
1250
4287
2285
1462
1131
3325
1174
2928
3076
773
2254
869
713
5420
3801
2876
1044
4152
1788
2120
4053
5236
1244
3446
1210
3023
2442
1277
17812
994
3036
1430
4033
4181
2736
2337
3835
2951
1185
5851
2375
2455
4752
6674
2243
2896
4082
2726
2594
905
4263
1164
743
4708
1694
1653
2633
5911
2440
4283
1062
7079
1294
2959
6437
968
3116
1090
4182
6472
4639
1285
3894
1987
1085
3164
716
1133
3264
4353
873
5020
857
777
3929
1391
1235
834
2572
819
930
890
3025
4327
689
820
4076
6603
5067
1044
1080
2963
2912
4309
632
5070
4105
19480
1378
2872
2328
974
1044
4375
4156
2408
1227
609
1106
1993
1707
4014
3529
3166
1090
2953
3192
832
3414
862
2414
2222
1125
3158
805
5780
5935
2461531
1016
968
2483
1069
912
696
3053
3829
871
5205
5321
6032
3180
2701
10296
2968
1573
698
5285
5504
2264
1100
2641
5553
3833
4082
610
1085
3410
1377
3203
1959
4471
1090
922
3903
2651
701
5804
1937
1797
4593
2739
2633
3181
3866
3633
879
1188
3758
3203
740
6685
3115
1205
3282
875
920
2212
2301
3879
40381897
770
1095
1045
3768
3713
4792
1982
1055
1052
4139
3748
5315
5146
2558
3532
2201
648
4016
3935
8106
629
2865
2071
3784
4228
1309
827
3348
1186
959
991
573
3804
3468
1093
4078
5449
2697
3238
3389
3551
5240
2347
3587
1020
957
2654
3845
3880
2429
788
1064
2836
3108
2076
1392
803
2916
1065
2693
3211
2891
4618
20564
704
2647
4047
4200
935
605
4588
4518
4219
3545
1048
4793
2578
598
3162
2979
988
2915
635
3942
5296
1079
3888
3747
3124
5112
4674
1349
1034
7567
3140
3202
4380
4645
2288
546
1257
4398
4122
909
1224
719
2601
4175
8284
4204
6760
916
1112
775
4438
2832
3429
2973
5060
4408
2913
992
3327
894
835
2288
5195
3626
7436
875
2520
5488
11689
1651
2120
828
4644
4228
4182
3454
1295
4272
576
4001
4478
1323
6319
5600
2127
4576
2247
6182
4971
1396
2488
4716
21220
4835
2395
4638
2856
3804
2372
4717
1137
3344
3618
3893
2528
2044
3748
3250
6548
4254
2446
3072
3693
3621
2033183
5212
2100
4005
1720
1092
4084
3495
3980
1479
3398
3480
6055
3551
854
4114
1023
973
5148
2256
2864
1371
5433
1405
2750
1654
1395
3826
1843
4121
1302
1385
1388
2872
5646
4802
1789
5997
2538
893
2193
4942
3339
1020
6547
8523
913
6563
4087
4843
5828
4626
3630
3705
4345
783
4412
4722
3386
2778
6585
7669
5161
5112
2197
4406
5211
5047
2675
2744
3488
1453
3199
4028
2485
5145
3953
1202
5017
3151
3687
3700
3066
4516
3466
5359
1162
1145
2435
3401
2952
4595
3743
2489
2522
3288
3388
1116
3493
4856
14084
4373
3955
2507
7270
3954
627
3422
40720
10769
2502
4634
952
2807
1750
3198
966
3695
1062
5632
2868
4288
853
896
973
5554
1105
4278
1042
3705
3598
3647
4216
4331
3535
998
3677
1011
1201
5313
2887
2842
3937
3544
4471
4288
4657
988
3144
2139
1094
3675
4130
3530
2185
964
5333
3122
4855
1151
3055
3237
2869
5909
5160
918
1406
3831
3944
1364
4552
1138
1211
1137
5189
4670
4550
4984
3103
4757
4165
3523
2671470
4012
3928
3314
1593
3701
3365
5517
3873
5933
4603
1063
573
2193811
1878
4023
1228
3281
639
4172
5370
4521
6929
2837
2829
2826
763
2677
1880
4822
3201
3228
1210
633
5571
1009
969
2996
1039
2760
1338
5257
799
4502
1014
3319
3731
4608
5363
5363
947
5399
3384
4323
931
4917
1898
1654
2943
2531
2542
3366
981
3437
1556
4187
2254
848
3485
5184
5461
3053
5619
6488
3056
2669
3621
833
4210
4174
7714
3981
1197
3095
3187
1072
5129
4229
2517
5163
46792
2667
935
3968
6562
1917
2316
4224
2403
3566
6134
25947
988
3257
434446
5752
3815
2208
7435
3429
660
5362
2708
3895
3737
3832
4360
3010
4466
3710
1495
4304
5262
1111
3386
20986
5089
4595
870
4193
4854
2218
1056
21644
1064
26642
1002
2591
4130
4245
666
4867
1211
853
1068
1076
1492
3763
3377
4234
26388
3545
5200
10455
4648
3833
829
12486
18888
4233
4310
4877
3852
926
878
2847
1187
2518
3748
3597
3615
3135
5227
2012
1628
1067
2694
5077
4258
16087
3904
2516
6063
2515
1027
3746
1421
2059
3559
2583
4687
916
3226
3181
1318
4373
3740
3642
4051
1030
3580
3864
2162
1382
1215
2960
902
2582
8422
4081
1102
3098
4142
4074
3446
5635
542
598
2742
4584
22184
962
6466
4966
3297
2978
2754
1861
5725
3059
2370
8338
2324
3878
4878
4598
2884
3362
5383
5597
4266
3252
4260
4798
5851
7751
1230
4230
4381
2127
3715
1742
2337
3440
7639
5352
1168
4754
3997
3734
3410
3980
761
5362
575
3056
3015
4051
3288
4555
4070
2131
2536
3249
4654
4607
4491
16894
3116
995
3396
4616
4407
8015
4777
629
4721
3410
910
7797
892
1342
845
4429
1860
3393
4614
4649
869
4098
3258
6178
2836
3620
859
4381
4482
2282
5020
2851
1793
4885
4215
5294
982
3158
3775
980
5476
4673
679
4202
4267
3606
3445
946
4040
2367
3632
4824
8738
5773
4922
3791
4252
5220
3959
4581
14482
3135
20156
3611
863
3649
2942
1138
3565
3122
936
15768
2879
3416
4072
3590
3810
3580
1213
1389
14947
3784
4080
3894
4426
6188
4348
2934
2764
1435
2948
18452
2505
9087
6158
2652
888
1119
971
935
4637
3569
1380
3425
869
4039
3894
4704
4776
4711
4158
3495
927
3299
15226
4782
5826
5610
2551
8112
907
2238
2047
2849
8745
2567
5372
3929
4955
1900
1160
553
957
3431
4162
872
6307
1035
6230
5479
910
4108
1891
3357
4930
5060
4878
3281
872
19019
3950
5936
5740
7082
3421
1165
4487
4405
2920
3478
4135
585
2172
19057
912
2111
7578
4001
2684
3823
6647
6998
1776
2559
3439
937
16462
1257
3131
25556
1129
12517
998
792
1024
2680
5520
2995
4314
4527
3715
3857
5725
1619
5008
1366
5294
2674
2655
1635
2503
3365
3372
1212
8841
5399
878
4881
3814
3433
2753
4352
3003
1891
8103
2680
3397
3440
3345
8032
3157
6949
1075
2144
5202
2679
5034
2340
1519
5101
2933
4158
3748
4291
6134
3212
604
6820
5446
3928
4395
2410
3231
16539
6004
3919
4006
4357
1047
3544
1221
5179
1267
573
987
3760
4229
4055
2966
4962
2822
5753
3783
2691
841
2266
5144
767
1117
4162
1115
2338
1120
6972
3507
835
3146
5106
2846
1712
1296
574
501
3877
3905
695
3998
1096
2477
30460
12761
775
5277
3728
3083
2038
4879
1171
2538
4269
5287
748
4438
4805
1255
1145
1359
2045
899
5730
4227
1463
1131
903
4208
1236
801
5416
1556
2085
741
2087
1924
4438
1852
683
1320
3906
1467
4331
4929
4353
1513
3350
5144
3847
2666
3507
3128
1238
4977
1013
4161
783
5868
675
3533
4283
2237
4453
2895
5034
4550
5071
3198
4132
4080
4604
3822
3543
5672
1991
3442
6320
2393
2415
20781
1724
1898
3396
3013
2758
4162
1654
1753
4721
1925
6074
2296
2234
6154
1190
2425
1060
1043
3268
507
3653
1562
3601
1763
2397
921
2627
1211
2099
5072
5854
1596
2785
1311
1249
1478
2022
1346
3290
940
1817
1115
901
1424
1666
7652
1118
2147
3580
3317
2966
3470
2721
3658
1165
1047
659
1490
918
7230
4121
1240
4853
3636
5001
3196
1102
2771
3260
3276
4207
2409
3189
1398
5419
4552
3557
3890
3222
1310
881
5743
2947
1075
3503
4456
3797
6295
1341
1261
3418
4246
1136
1103
4765
2548
2457
1921
1363
1018
1414
935
2480
2048
1020
853
4813
1618
5054
2380
3595
4159
2983
897
4825
2262
2805
4589
3737
6344
1357
3384
940
5538
5451
5257
2899
3666
609
5680
768
3675
4585
668
5179
20044
948
1108
2228
1158
1850
1503
3470
873
933
3654
5524
1013
7957
6939
2940
5379
2501
2259
1048
740
606
4527
3402
2904
2761
2768
920
2774
8454
3232
856
755
5482
4117
4736
1087
5311
5720
4890
3910
5742
2335
6257
4038
3942
3684
4180
4857
3494
3404
4634
3110
902
6735
2280
2487
4264
2406
2508
4107
2280
3482
3521
4297
5281
899
2628
3389
1538
2777
2695
1310
4750
3067
6138
3687
8489
4618
1040
831
5111
5791
4841
960
6323
5135
3956
3174
2429
3175
4813
2520
5404
3466
2657
5447
4792
2577
21431
4433
2969
3299
1470
2607
6203
4876
5178
4174
5323
2692
4297
3484
1885
4320
6207
8767
551
3422
5090
920
3423
2567
3637
5526
3410
4082
823
2383
4331
3637
3078
3412
1672
4508
2844
5194
2708
2637
5694
2684
1108
999
3314
974
4745
1004
1927
4487
833
5258
1772
4114
2988
4776
1099
3143
979
1037
931
832
3128
1939
21142
2019
2324
4985
1801
4134
6306
3406
3829
893
4648
2416
1248
4165
2185
1058
5395
4657
3955
2509
1678
1081
3164
1764
3096
2483
5420
2808
5231
2174
737
1045
4932
3098
5288
1713
5443
4213
855
675
5297
4464
1028
3136
3705
4208
2660
2922
1139
4257
2173
4880
5346
4742
1673
3770
2584
4023
3067
1114
1765
2682
1315
1423
4671
876
2504
657
17514
3085
8741
4359
3073
4562
1828
1447
3523
4784
3802
3251
4449
1786
4422
2230
4919
4658
2498
4993
5250
2041
1260
3001
3360
5204
4044
2738
4293
999
3729
1599
1108
4135
4643
1354
2258
1904
954
4761
2964
3563
1152
4457
1706
800
3404
802
6288
2875
2243
3049
2991
3218
4243
963
2522
3988
1186
1939
3808
2277
1187
5024
7179
681
3422
2041
1025
1137
4469
675
1023
6084
2043
2123
2710
1069
3216
642
4643
625
3625
1624
16433
1933
1112
1372
1366
757
2066
2787
6889
1691
21878
4687
3948
3839
2691
2605
2584
4222
2692
1120
3945
922
1842
6214
2587
4050
1380
1424
1687
2569
3278
2218
4110
1403
5129
2236
1124
1305
2098
4153
8558
1327
2503
605
5139
1010
1316
2122
1105
5732
894
1475
1194
4857
983
4766
2250
2407
1911
5070
979
3019
6384
1170
821
720
1045
1179
2145
5274
840
3247
4417
1147
1409
5293
961
1435
1112
2643
4539
885
1000
3020
6308
586
3930
4105
3851
535
3974
5660
689
3317
4315
4297
1620
756
865
1024
997
4468
1353
993
4637
1201
848
1034
4502
3135
6888
1239
2821
1042
1055
1079
3178
631
3007
4194
3376
1420
1517
1074
1091
1051
5415
5320
5260
1315
9873
4587
3735
818
1084
2427
1681
1333
7144
4875
1161
3169
4525
4374
1817
8314
1995
1125
1324
1885
5027
1017
1379
1215
4617
1173
2872
1019
6488
1355
1068
1086
4216
912
881
1133
4565
2583
1045
616
6975
4249
4399
852
1842
1386
3282
4029
4885
997
772
1480
1512
970
3831
1090
1199
1221
4673
2628
925
848
3420
3770
3652
3020
7401
1610
1290
5111
943
1378
1158
939
3826
1071
3678
1091
1157
984
1770
3429
1542
4649
3642
1070
1161
1622
1642
2890
1096
883
1558
1214
1541
1402
5276
1052
3323
969
3670
3486
859
1533
1125
1164
2662
1430
1270
5568
4733
759
4847
1293
1060
1399
4770
1358
959
1210
1546
651
3485
1038
8161
1427
6101
2180
4762
1227
5392
1530
1043
6567
735
4828
731
852
1039
3145
910
4676
2055
2718
1022
4832
1349
4893
1157
610
1105
1335
990
1033
3353
1135
911
1038
2322
6146
972
2501
4442
1007
1497
5279
1443
975
4818
1335
5827
3547
1165
5401
6019
4233
1265
5082
1100
1192
1550
1417
6067
4601
782
1359
1040
4266
1015
1231
4649
1065
2296
1423
1141
780
903
4078
1959
1478
1064
745
1452
4352
1189
4453
682
3920
1174
1357
2170
1313
3367
1071
5727
1238
4084
1767
4198
3905
3698
656
778
966
1667
1121
1058
3470
1615
1014
863
1287
1085
1243
4292
1132
4940
605
2851
1046
1058
2756
1250
1628
1348
969
929
7439
3587
2317
1938
940
4336
1031
3288
4033
2442
923
1600
4257
5392
4149
2049
605
4425
1271
1864
2937
2661
4582
4420
1431
1186
1116
4742
864
2366
1041
1318
1786
3408
1122
1074
882
1229
1048
3031
3600
4229
933
1208
2222
1327
4588
1069
4082
4995
3958
1924
1177
5577
1074
1248
1144
2871
3163
1921
1364
6684
1492
1220
1436
2963
1293
2969
2947
864
4325
3318
1553
1072
2994
1052
1084
1188
573
3862
1035
1193
4211
904
902
1229
4050
722
1158
736
1168
904
1999
3714
2026
3426
4169
4407
851
2471
1018
1142
5078
1044
1012
1245
639
1103
3299
1144
988
5177
4059
615
949
3666
552
1619
1278
2863
3673
746
6976
1094
828
2204
1155
946
3746
977
1206
1507
975
5130
1078
18264
967
1157
2520
930
953
6222
1175
551
4082
4135
881
1849
3603
4179
1070
1193
668
869
1231
5026
2561
1345
4409
2436
42649
4179
1007
3350
879
619
1133
1099
1637
1226
830
946
5472
887
762
944
863
5463
5608
1001
4932
889
4161
2923
831
4714
3539
1517
1085
1138
591
2182
3452
5340
2471
1016
3031
1012
3761
4184
3176
1226
7113
1199
493
5110
1022
1178
3956
1275
2503
1042
1757
1089
4230
4037
5418
5558
4820
3454
6956
4174
1188
2751
1026
954
667
3419
3648
3774
5004
1299
1290
2429
1756
969
8483
5559
3701
3293
1369
1048
1125
2649
2272
4256
1408
2080
1006
894
3231
1025
1154
1018
4796
2842
1043
1107
3165
999
833
962
953
1751
1060
1240
1032
18022
1030
4552293
3771
1302
1661
2386
1064
920
1405
1104
2357
3018
3063
801
5796
909
1015
1059
766
2892
2357
1505
4730
1349
1499
1150
3642
1721
3662
510
2640
920
3507
1397
975
1160
1919
1514
4294
1026
4876
2694
1087
7842
659
2308
2576
1427
2762
4561
3942
4926
1605
3626
807
1042
2493
1300
1033
1289
752
7147
4033
574
1131
1044
957
1287
3514
3070
10240
1064
2720
956
4815
1056
5511
3271
14403
998
4538
888
1397
1225
905
3927
1327
2478
1076
6329
2616
1018
1154
995
1935
955
5387
4892
1700
1180
1950
2859
5675
1344
4925
2310
5251
4306
4453
1486
5137
1571
5601
4576
3915
1067
5025
2294
1262
4075
748
3284
2948
3473
603
2718
2044
1530
2253
927
2515
1300
1487
647
2258
1325
1064
868
3401
1617
2998
1326
646
4893
669
1299
1234
1265
3627
2073
1116
1680
1071
1088
564
1332
1111
680
5207
1745
3953
1088
1231
1135
4699
1309
1948
1055
3223
1248
2756
1022
995
1433
1210
1140
1226
985
4697
6439
1271
3950
1193
2038
2033
2476
920
3439
3609
3604
1113
1017
1465
1041
1197
1021
4574
1168
1306
3615
1313
3821
972
4996
702
1360
1192
1834
874
974
1081
1074
936
1108
3205
3506
1129
5672
1010
1648
934
1049
970
1749
2781
1192
3260
560
1198
1008
860
1196
1052
1170
1195
998
6587
8391
4963
747
4308
1162
908
617
1410
1103
745
1011
1148
1353
2397
1188
5209
1171
4630
1178
992
965
3697
1050
686
1519
1039
4485
2591
1012
961
3165
1570
4186
1050
877
931
1180
560
3357
5484
997
783
2229
1284
1202
2895
689
3359
2719
1203
1008
4482
819
1704
3758
3627
770
3576
1307
885
1060
620
1159
5566
2794
900
2330
577
962
905
962
2023
1213
4181
3462
4575
1016
1204
980
774
1537
1274
1527
1229
1150
3791
1157
15441
885
5545
1067
1066
1070
1173
1331
1200
1073
3392
986
1152
1669
1055
831
1303
1287
1178
1242
979
1125
1159
624
1183
1067
1271
1081
804
917
3923
993
1079
4004
5161
4655
1215
922
1086
4681
4279
937
1617
1213
1367
956
570
4764
984
1007
602
1128
1326
651
2481
542
916
1346
3795
3626
985
4523
1162
1446
1784
3333
936
6249
3622
5770
3278
1391
6529
3921
1048
7844
1076
3576
1198
3754
3346
1111
5102
1407
2233
3385
1263
972
1113
4883
2897
1055
1128
2391
3196
1052
1344
1036
947
2638
1122
849
6936
1130
1029
1644
4487
1231
1412
949
1028
1137
3914
665
918
1295
1014
2081
2207
5121
1343
2654
5128
1259
3124
1273
8466
3330
761
2865
1827
3284
2489
908
6805
969
4541
1122
1149
1165
712
2061
673
717
991
3450
4330
896
926
596
4290
2379
2835
3890
1090
1125
1109
1511
3520
5832
1167
2128
1152
862
1029
838
4791
1242
641
5668
4410
5486
1169
4252
4891
601
4951
1567
5031
1214
2043
1569
1215
1042
1044
1040
1412
3236
5134
1870
3739
1242
2934
812
1131
5621
8892
930
2020
1385
3969
942
1154
2568
6179
607
5163
4740
947
3600
973
6167
3789
4404
939
1041
1524
636
4268
718
1223
2524
1104
1323
1314
1038
4320
1918
4562
2937
2035
1330
2279
1289
1094
5058
2588
1302
3024
3448
1697
2556
2614
3283
526
1238
896
1157
1398
2835
15636
3927
855
3929
4293
4018
1197
1393
3014
880
2853
3412
3740
4146
897
5432
2283
2387
3055
4339
2081
9019
1425
2028
791
4536
4137
1084
2327
5487
823
1653
1165
3431
8051
3966
3733
3805
3012
1266
1164
7847
3649
4405
989
3816
3070
992
3459
5724
1035
4907
4821
467
841
2579
1727
568
2957
962
942
5569
916
1022
849
1913
4038
3846
4013
967
4321
1082
4279
4218
3778
881
5948
4112
1350
4104
2399
1181
774
3740
1175
41256661
2887
1266
2204
5783
909
877
2605
5128
1347
2713
4284
628
3422
906
3243
2614
3723
3760
2040
986
5750
1791
1881
6558
1069
5723
4215
9677
3441611
2006
2295
1297
2975
1131
3470
747
1099
3546
4279
1237
894
1411
2209
4501
2186
2218
5088
3166
1107
2622
1914
877
4870
5798
1235
1198
895
4831
2967
3073
1094
3732
2879
1250
1139
5967
32698
3093
2583
2168
5976
1045
1040
1143
8405
2986
1753
4088
4169
2597
635
5191
4682
2609
4015
1128
2775
1247
4700
3889
4610
1770
575
2232
962
4534
3475
2675
6083
3316
4165
2164
3313
2971
6980
4659
3715
613
2596
1012
3722
2822
3303
2440
700
4351
4521
5599
4332
3852
5500
3969
3418
7135
2560
1199
2990
3041
1217
1207
1229
683
2327
1167
2193
4591
2016
2789
5952
4565
1813
2438
4179
2490
2439
1290
2293
4078
3450
4002
5591
2077
2854
5921
4030
2789
3726
3905
4158
7234
2145
2997
2011
1094
5593
952
6248
5575
922
2279
4008
2010
2891
7037
5253
3577
5636
2247
5647
2658
3457
1176
562
3471
2934522
2485
3249
4091
2471
1288
5652
1890
6031
3830
3232
3903
2859
931
1265
1143
1725
1702
4503
1040
1629
2480
2231
1592
3726
3898
984
2946
4059
4011
5792
4009
5473
1231
5271
4688
3882
4759
5809
4238
4540
2922
4468
5903
1037
1191
2730
1022
5251
4244
4430
5102
910
1103
913
1044
20899
1421
1242
904
4466
2224
4543
2818
7335
1932
2828
3697
901
7077
3156
4683
923
3967
3531
5641
1846
1238
5816
4813
894
2252
3228
1280
4822
1974
860
2171
3303
1872
4821
2778
4413
3848
2061
973
5457
4139
4560
5530
994
2059
1466
2847
1054
1073
783
1009
5336
4690
4414
2622
2457263
8212
2907
4003
5528
1226
4796
806
1174
4038
3655
2691
5485
2461
5016
3681
3679
5438
4797
3068
5978
2672
4263
4000
717
1269
3737
4102
964
1321
698
3499
3713
1763
2761
5745
2343
7074
635
2568
4105
3313
4624
933
2345
3025
3402
2770
2718
5725
1012
2202
8641
3978
2279
2420
3541
5985
3293
1095
6013
2623
3360
921
3295
2731
5861
4069
1357
3333
1178
1188
2301
1191
1009
1879
1198
3672
4997
3565
1769
3437
2175
4514
2010
1072
922
760
3064
1216
2440
2867
1037
3828
1849
2969
4750
543
4107
3490
3493
1149
3079
1504
633
2947
5604
6815
4675
5478
983
6101
1116
1191
4469
924
1728
5521
4569
2454
3441
4118
3668
3646
4225
2794
5640
2983
5652
1998
822
4648
3184
2352
2586161
3547
4009
836
1003
8774
4963
2468
3931
804
3150
3511
5684
7276
1246
1130
1324
583
4263
1300
4818
4064
3157
2318
6629
4216
845
1236
2094
4381
4147
11867
4422
4427
853
966
2643
5234
2830
2292
3711
578
2338
4094
1663
936
3635
6285
5519
3066
4750
2305
3108
4378
768
6577
3460
6016
877
5315
3727
2675
1197
4975
1943
3182
3272
4107
3654
5202
1254
1917
2509
2054
723
636
4707
5780
2282
3897
994
3284
5139
1763
2315
1028
3471
5276
5078
2531
1855
2843
4828
3659
4156
1625
3243
963
4380
5118
1437
1009
3339
2465
4326
2324
5060
2942
7112
4398
862
3671
4441
2823
1064
3363
1080
1016
1248
3932
2201
2251
2418
1219
3708
3220
1027
2138
2618
4533
6209
3591
2114
3136
5483
2724
3027
1100
10150
3293
4909
2807
4141
6219
3643
2422
1000
929
2535
2792
5864
3330
1026
5615
1233
4135
4663
6589
5561
5034
19619
4971
3355
3161
1545
4067
1328
2534
4121
942
2933
1186
560
1031
5419
2783
3605
2128
5631
3749
1270
3449
2875
3303
3868
4592
6193
2895
3760
1119
1796
3718
2628
1303
1432
991
1118
4336
1297
772
3620
3919
2875
1366
1017
2720
7382
4286
1776
6268
5512
1638
6108
2516
768
4618
1012
4424
3991
806
3055
5462
2503
3968
5619
1053
1400
3248
7744
5606
2806
1200
3702
5475
5062
1634
3503
3989
1501
4796
1257
2779
1040
2686
5164
4130
2777
1343
3101
3816
2392
1358
748
4122
3471
1062
10047
4314
2871
1160
3539
2635
2358
4220
1151
3805
4770
908
4066
641
4182
1935
1047
2692
4197
2609
4087
1355
2126
888
836
4955
2033
3745
1980
1888
1331
4222
1089
955
1244
4104
5665
943
2100
570
985
1129
4261
879
4540
1161
910
1712
10678
4072
1810
4768
3142
2412
2960
2678
966
2116
4892
2830
3350
3492
4749
5417
1428
3782
3906
2029
818
2868
822
919
3682
1019
1223
1088
1342
5442
4598
2844
2983
3598
2673
3268
4524
948
1889
3316
2191
5030
1012
1235
3823
1281
4868
1071
2436
1999
1946
3296
4653
872
978
2599
644
1154
3830
1265
4271
1350
1050
1106
5076
3838
3307
3958
2986
1317
4179
1091
1439
3336
2878
1204
3207
4028
6911
1184
1136
1527
2462
2814
2567
840
4226
4167
1782
1216
1400
701
2293
2561
1111
4645
889
1478
2988
2140
1213
5448
2928
4132
3942
3432
2080
5546
910
5055
3729
3506
3492
2593
1017
1156
1053
3801
8008
4113
5595
4870
4506
4447
1289
1260
1183
2691
1006
841
3869
3382
2357
4559
4939
4945
2413
3965
2786
1262
4160
4170
3900
2690
721
3420
4552
2485
3067
4002
3987
2066
5576
2657
3410
5981
991
3461
2090
3780
952
6620
5553
1356
3140
3150
1998
3372
1650
3940
4639
3231
4639
7801
1114
4534
3100
714
3015
2805
3722
4019
887
785
4731
8217
4388
3849
1050
864
6253
1820
934
915
8356
854
992
6359
3764
1069
4392
2694
794
986
1030
6213
5954
2509
2043
3858
4968
2580
934
902
2841
2825
2867
4498
4593
6281
3823
5514
3824
1165
3673
4111
4636
5390
531
32655
1528
3914
952
2056
1040
1451
2134
3559
2719
563
2684
1287
993
4900
1063
3505
4505
1186
3782
3141
3182
2694
3998
5719
538
4189
1378
5911
986
2532
4102
870
1249
5899
6153
1049
3789
601
721
1368
532
3423
2944
4190
4613
732
1297
1119
3591
6465
2768
969
840
1250
6043
1204
4340
3788049
1038
4179
765
5142
1342
685
4078
2010429
2924
4401
4680
707
590
4357
3486
4551
789
4805
5347
2594
1215
2335
3983926
1216
4480
661
1224
3455
5119
938
4425470
3431
2861
6483
3126
4083896
3532
2956
3909952
5230
4157
2723
3425
4019
4398
1287
4518
1939
1407
2470
3781
1181
1104
1000
1092
892
1250
6409
562
4759
677
3051
4599
7972471
7142
1186
3903
4154
4279
936
2824
2925
892
3110
946
898
4472
1163
1537
2844
758
3356
2861
923
1806
908
1017
1164
1175
5674
3217
990
748
829
4037
607
4072
1089
1421
3612
2474
2685
3073
3664
5137
3016
1543
1229
7847
1020
725
3178
925
570
3753
5415
1008
1076
934
2533
2931
3831
923
3533
1056
4939
4240
6246
3795
4189
2478
981
903
3815
3845
4292
916
5340
6479
2528
4184
3570
2927
3474
4253
5550
4057
4078
998
2443
618
767
2955
843
1124
932
3151
4483
1969
4004
4646
746
2633
1630
1144
1072
1082
916
1550
4092
3585
4520
5720
2209
2506
2971
3546
1179
2045
2865
4250
1239
1986
6337
847
1173
1458
5049
812
1208
2867
2863
1160
1200
1060
950
946
955
4117
4004
1015
5075
3465
2433
1209
2674
972
1437
3438
3308
1074
1784
1169
1458
5374
766
1716
3089
1307
2562
6039
2855
1144
2432
1056
1336
1253
1763
1670
3503
1064
1521
2361
1116
988
3694
5224
933
3882
2224
1060
5744
836
3698
1021
3669
5780
1292
4488
2687
3125
4713
2871
3938
2935
3946
1865
2259
2615
4925
5407
886
2874
2435
4674
996
6199
910
4027
3582
2189
3662
4743
5361
3231
880
5207
3619
4261
521
3129
4734
2439
4575
1351
2661
1583
4544
3341
1365
2501
3785
3127
4482
5058
1272
5150
2881
1402
1161
2986284
3212
6378
2058
2367
5504
3520
4322
5498
1229
3471
2976
1903
4412
3774
1066
4273
1024
2669
5286
3299
4540
2861
1150
994
1750
1320
3019
4844
3906
2940
2688
2515
1026
997
2368
2896
3261
14360
3309
3732
3062
3927
2367
5368
4270
2603
1093
5435
3070
4709
1157
40409204
2179
4465
4040
3478
3430
4720
2682
4325
614
3192
3979
3553
3162
3693
5363
2148
3055
2580
4496
2826
2486780
3418
1406
2682
641
3188839
961
3976
6108
3643
2045
5910444
5234
4663
5481
4046
6315062
943
4369
2979764
2868
1997
4257
3062
3792
4617
3088
4257
3480
5785
6230
2398
948
4454
5397
5384
1410
6504
4229
3847
3573
3279
4169
2103
1366
3821
3452
6526
3920
886
5881
3103
4014
3451
2677
5995
3497
1527
4043
3067
5518
5273
1247
2366
1992
5314
1257
3839
3388
2245
4012
5909
1403
4298
637
3478
4458
3702
3377
4802
2735
52458053
879
4739
2843
4279
4036
5813638
5079
6619
4303
4932
1467
5026
8267
3795
3324
3000
4623
5069
2557
3717
2166
5503
2354
4147
3966
4525
2299
5720
1004
2231
3600039
2275
4183
3909
5310
3811
5267
4300
991
3334
1402
2380
904
2815
3897
1972
6106
8006395
4158
2393
6473
3409
6571
2383
4226
4418
5333
1285
965
4873
4940
4332
4584
5883
4255
5457
3712
3126
5107194
2059
3639
6219
2070
3905
6168
5639
4286
5020
8897
4070
878
6042
1316
3179
1178
7798966
713
3689
617
2854
4862
1764
7024
5271
3301
1207
3045
2266
5436
3592
5754
2624
4948
6021949
2369
4731
1842
1860
4096
7302
4412
910
3435
2927
3414
5791
5430
3080
3152
4930
3290
1166
4353
3583
38586225
2879
2780
5006
947
1442
3347
5722
7420
1607
4294
1969
3345
4345
2584
4227
713
4317
2566
3950
7986
3567
3656
2309
3864
5984
4460
2106
3081
5437
5964
2930
2356
4180
4962
2601
3479
6119
4930
2834
5251181
1715
5093
4301
4672
3911
2463628
3196
1148
4614
3877
2475
3320
4087
1375
4944
1319
2640924
1083
2456
968
3936
2731
21869
3084
2623
2678110
4405
4087
3740
1261
1593
2235
4435
5068
2627659
2148
1335
5191
5088
3831
4438
5015
21696
2971
3316
3859
2963
4421
7777
3897
2706
5577
2744926
2874
3931
2646
2946295
3389
2468353
3582
4235
3080
5011
1410
2882
2505
1967
4778
3408
3932177
2278
3565
21862
3013
3612
1695
4851
3747
2984
3087
3277
1199
4111
3506
3557
1086
4108014
919
3922
765
2677
1189
3462
3773
6698
6346
3378
4650
2263
2192
1239
4532
4430
3820
5338
3261250
2300
1149
3392
3336585
3318
4168
2667
1066
756
3407
2528
5209
2539
3338
2752128
1048
4592
1120
2733126
4627
558
4987
2206
3429
1083
1180
7901
3841
3459
3549
5018
1970
5003
3841
1219
3079
3280
4429
2722
2182
3753
1469
6278
1241
2462
843
3339
3608
6038
4432600
1898
3533
3901
3162
6048
1779
4537267
957
4414
3698
3285
1390
54372939
1275
2674
3835
5844
46399687
1259
1805
3579
3215
2706725
3939
3361
4012
1446
4579
4851499
842
3791
2831
1957
4475
4098
4188863
3950
920
2593
5529
2656
2960
3164
2804
4430
3961
4537
3856321
4430
5171
3015
5765
2231193
3514
4306
906
2889
2791
4440943
4911
4608
3279
2970
7866
5257120
3531740
3292
2418
4255
2948580
655
3904
3056
1074
5037
4660
5100
2343
1920
2784452
6718
2752
3965283
4056
2217
2942
5295
3830976
930
4905
5756
3337
3043014
1157
4519
3881
2897451
1227
3291655
1248
14005
3506
3453
3580
762
2301
3087
1680176
4182
5587
14634
4002
20796
4721
9804
3661
16052
2515
2737
4882
4581
4254
4865
4987
4917
10213
4370
4162
1540932
4540
4164
4425
4410
3495
3820
8297
4754
3718
4205
2908
2156
4566
6533
3812
34246
4687
4967
2820
4222
4439
2270
4401
2712
1971
2823
5237
3870
17396
4138
6674
13175
6446
5003
2120885
1302
3293
4034
5293
4298
4291
4559
5543
3904
3343
4684
4302
3844
2114744
4360
7233
3290
2258
3789
1630453
1834168
4660
1726
3762
1655393
2959
3740
2145
1878
3648
4179
1991103
2379
3028
2363630
4230
4389
1852
4189
5069
2415
2687
2868
2120
858
21506
1956
4274
1573427
3505
3636
606
2437
3966
3596
4159
3149
2170
3270
981
3050
5583
2540852
2706233
4268
4379
3092
4237
1904
3722
1751332
5752
4907
5104
2255922
4363
3576
2632
1615766
4515
2018
5122
1933082
1360
3618
2370
3129
2295
1431
4296
2358
3801
4104
5632
3877
2484
1755
4040
1703
2539
3039
8134
4369
3747
2091964
3685
4021
4548
3094
2231721
4084
3542
2344871
3550
2421
2808
3681
2257
3553
3156
3726
3126
39924974
2510
3575830
723
3770
3020
6574
3178091
1251
4114
975
4267
4267
4890
