7188767
1125784
907958
1043475
1077881
94687
890669
1023351
1058017
669286
921969
1018152
1009218
1084819
1108429
1016425
15754762
974814
1044218
1093058
1049204
7338115
1133146
796518
443056
1057931
906881
948995
1082717
1135548
984367
1246450
1058000
885401
852632
1031803
726916
1118748
704538
856642
1003484
910857
981965
1036331
1073761
1074185
975346
1048879
1058386
694756
790100
925804
684970
914025
1895683
1063562
1040054
1011994
854960
682224
882421
1041192
666673
868236
953447
888383
690849
857711
733891
818006
634184
906338
860218
737788
7068031
1067044
1237599
1274618
967991
1006781
1041543
903784
1095755
999425
945997
778197
948149
1097482
8561630
894657
722377
755688
1003595
1222760
1018709
652853
1120726
1028928
887758
793032
1047251
683134
981663
1039688
1060037
1566893
995414
958768
1116758
1380070
1280668
1079220
1083670
1314708
988033
785137
1142500
1098261
1017347
1196978
1003637
1085034
1679449
1335991
969801
1227166
1308163
1157083
1205213
999570
880164
735858
1100567
1138466
1133996
980133
1030268
1093132
1277676
819660
1044982
803177
1078068
1162250
1443818
992491
1159550
1314197
880333
908035
1031273
1098121
1062441
2906789
1283810
1329387
101757
768882
1118154
1191997
1253833
1522041
1122881
1164088
1060832
1104682
1045560
1009724
850060
886403
874883
1262618
934813
1158762
1084019
988105
813843
1114202
817486
1136018
1078856
978195
844703
982082
777855
1129986
758640
1096756
1236781
1036926
871740
1036287
923297
1047493
896372
919358
925724
943368
892896
935646
798512
1060395
937099
992342
980986
897278
1068411
968857
1053711
754864
984597
781846
986486
959279
1136029
1254417
1237697
1082071
1163963
1416761
1505604
1034585
1388587
1241171
981220
1447370
1327831
1417279
1686596
1165388
1331925
1256353
1213283
1297577
1061285
1137714
1731224
1327518
1078662
1087471
1300197
1519945
1524262
1556894
1313966
1242708
1480431
1489860
1488951
1323271
1411249
2493288
1359614
5219806
1559125
1508898
1431137
1503861
1647846
1509294
1070519
1600134
1116508
1302741
1349916
1783291
1511002
1128119
1084277
1432932
1399986
1349094
1495823
993898
1497887
1064214
1580683
12045591
1230435
1229207
1521118
1305452
1172289
1492573
1403551
1667768
1341187
1676228
1243429
1659731
1583934
1473540
1466344
1566513
1441837
1693376
1237481
1050920
1311812
1536430
2414613
1428587
1756833
1539803
1520341
1555975
1255182
1113465
1363343
1257607
1085201
2154500
1599493
1830985
1417827
1074479
1252535
1501309
1530924
1398250
1662967
1275182
1397867
1247660
1185977
1313316
1318261
1285208
1289695
1270300
1586496
1366312
5626471
1240920
1097600
1286922
1402854
1386878
1323419
1762609
1346194
1123459
1447116
1171058
1658313
1564945
1565565
1460555
1713759
1787829
1401897
1826264
1629461
1376348
2246107
2178838
1150380
1755670
1604915
1753610
1649340
1646804
1307703
1469993
1475845
1527979
1493688
1274269
1110085
1316248
1617219
1247244
1218875
1474663
1252967
1176581
1271490
1267301
1585512
1646121
980521
1450426
1388567
1402114
1160334
1316963
1271197
1247489
1000124
1484927
1564873
1418015
1486490
1479392
1561803
1235578
1418053
1092193
1320469
1406580
1465736
1357703
1328300
1379759
1181353
1677879
1594685
1411003
1939098
1224700
1497477
1473326
1259689
1446789
1280714
1430631
1007500
1310261
1323920
1317140
1015969
1244009
1344199
1255289
1628261
1038014
1279082
1523825
1491539
1481991
1480329
1367088
1069016
1383788
1339694
1444547
1356964
1157785
1045450
1165967
1289038
1029457
1415804
1272164
1479590
1861966
1196039
1546539
1194673
1496575
1446391
1273722
1357160
1539820
2190170
1474098
1265852
1356277
1394808
1286528
1279832
1411680
1190070
1696127
1971355
2538000
1581503
1510567
1330173
1730098
1381739
1262303
1479979
962044
1408490
1616843
1748194
1160726
1119940
1063920
1384801
909566
1108398
1180521
1229274
1662962
1311659
1160786
1377249
1520100
1368333
1372517
1551369
2903144
1343874
1137393
1406217
1491111
1291971
1481365
1402901
964432
1382313
1461169
1319826
1421698
1004339
1223594
1278723
2140387
3495352
2976365
2045857
1355130
1413726
1803647
1697488
1739694
3151668
1713131
1881657
6912544
2474870
1878736
2030226
1549296
1769871
2097026
2034583
1852531
1772434
1335230
1237461
2214696
2399341
8810895
2353062
1292448
948332
1196449
1139770
917444
1083921
924002
1065426
1038898
1206284
916009
1100293
1000438
1372965
1012373
999068
952406
725499
1118806
1103448
1014654
954340
987783
1106254
1138068
1011518
1138438
939017
979911
924074
1082848
834635
1034125
1263009
796027
908035
911139
958947
991314
940344
982372
1060221
913893
976528
947479
1156040
870655
945591
833870
1160940
1421891
873019
1228315
1060550
1068499
1257904
1267870
1065267
2181220
819920
1004073
699272
731360
777763
1060665
1128567
997912
970007
1035506
972567
942168
919076
930087
671271
710806
1185012
801404
1594673
738883
931382
932954
887624
852316
117239
1080181
759533
981000
976675
1057673
856101
819836
736737
1074403
677431
1099793
782369
868342
1662895
703000
609991
714882
966369
771248
1280165
842152
1034775
825055
1007757
5199460
742647
604079
750817
880399
915318
969051
6455746
882292
861198
938453
809699
827946
760708
591400
792586
883805
892813
670077
1191466
929775
973662
1026777
928842
992068
801271
686934
699739
924241
633141
868466
1043085
927747
1008981
747249
1124860
3787447
961783
1040744
906794
1056280
1132084
1051883
1165836
897203
1061074
1063854
1023577
946250
1049604
731745
812809
1114261
861593
1032210
1106922
1778794
1032926
808090
1189118
1069883
1221773
1230600
973771
1220228
1296984
1150016
1269905
1073120
935178
1252574
1390441
1525601
1186278
989597
1520771
1011775
1304778
931542
1486892
1517203
1440578
1052127
2460864
1282376
870269
1394812
1544916
1110313
1443883
1487187
1858314
1255588
1537863
1075141
7391358
1475038
2690330
1552686
1542573
1439735
1339381
1449936
1417820
1387607
1564874
1470110
1344104
1482375
1222730
1245491
1032047
2200651
1256555
1365296
3014031
1350960
1346004
1007988
1025527
1309112
1521956
1199450
1330892
1276039
1328786
1249610
1195851
1408085
1277496
1059214
1323289
1160819
1217446
1347209
1134371
863939
1349742
1218540
1218841
1146407
1290157
839261
1137373
922204
1190900
827446
1213083
1325183
1054743
843276
753166
1269772
1013739
1339994
880631
1285687
1181459
1029193
1083142
1826501
1302443
1171422
945101
1163333
1153903
1059899
1168565
841106
959113
1166725
1175615
1013413
1042273
879497
989099
1210121
1385156
1514085
1072272
955228
963854
1702213
1134572
998079
1479815
1317573
1146701
1297236
1134612
1385917
1024291
863566
1308459
949853
903022
1332630
1236141
1133690
1211340
858352
905714
763671
873825
1143782
1041080
1158618
1207487
1196084
1162977
1048451
1126803
979396
890416
1140036
1087060
861287
1018850
1059938
1060230
1348613
1347257
1120247
971927
1344428
1251508
1042837
1188537
1053272
1318225
1462741
1377194
1034782
1548449
1359726
698482
1012766
1436042
1234963
838070
1029183
1431538
797098
781815
835097
1231020
1062356
1310764
1149498
1183260
1119194
1267333
1332230
1333860
1318981
847696
1293479
789374
1053932
1181870
977060
1063725
1054163
1205555
1277381
769458
1376039
1145263
1031896
1202990
1198249
906840
752717
1222753
1285931
1500042
1228839
1395264
1056137
984162
1349807
1334362
1068565
1096203
1654632
1081542
1212139
1354839
979548
933530
1355647
1554123
1312263
1554466
1242677
1250138
3125640
1233554
1245374
1304575
1401300
1273579
1284835
983785
1427110
1547339
924588
1409539
1468753
1196162
1317128
970990
2268076
1155952
1292657
1183113
1311910
1528332
1354030
1369665
1495057
1452232
1356319
1417956
1023796
1441562
1181006
1335170
1165774
1222407
172994
2169917
1369545
1561751
1526009
1331014
1298648
1430523
999190
1393222
1469945
1718544
1067598
1207441
1100002
1376446
1364833
1344109
1165683
1201651
1351250
979576
1359074
1424138
1391972
1445098
1260819
1162836
867929
1442940
1342192
1365150
1291445
1401835
1423148
981575
1280642
1174126
1408676
1082545
1147136
1598237
1329661
1402390
1062607
1484070
1308673
1333225
886753
1377152
1220890
1376767
1002969
1371217
1642058
1503067
979208
1049400
1475980
1375533
1540397
1378216
1871327
1560232
1451020
1381306
1472401
1849125
1410968
1682690
1052447
1516848
1418874
1358161
966494
1244333
1044057
1152429
2603974
1388941
871578
4775260
1436491
1101829
1305874
1142555
1224214
1272533
1440930
1159820
1133170
1275161
1161635
1457015
1412494
1169083
932167
1450265
1147418
1216427
1316320
2558171
1399352
1267496
1385735
997496
1200563
962544
1245983
1125799
1266215
886699
1246289
889408
986878
1221900
1167842
1399273
1385883
1122377
1093552
1243986
1165913
888894
1128143
1473086
1497627
1485538
1104372
1189316
1588392
2578276
1653662
1798541
1355045
1176895
1199640
1264712
1215677
1427081
1185332
1172172
1208483
1190287
1204829
1336307
1231881
1938073
1324999
1151676
1375159
1125769
1601252
1136720
1330590
1014021
1222211
1269584
1181931
1255130
1292986
1276541
1071828
1317296
1299265
1376306
1124575
5323543
1080113
1602264
1266037
2658116
1637580
1443003
799845
900671
1191323
1386268
843195
1287185
1310131
1343619
1244159
1134882
1132488
1360176
1173585
1092869
888244
923654
1326937
1400957
1232445
1324883
802628
1074446
1283436
1523398
1048800
1433805
1199681
846853
942262
1337845
1234504
865514
1246152
1204431
984528
989177
1171134
1200995
1105543
1255936
824757
1372817
1287602
983909
1269854
1102332
826356
1163227
1299888
1347441
1297979
789788
1342213
1200456
1136612
959580
1110788
1355996
1235206
1161394
1238420
1515356
1068728
1083220
993950
1087912
1285471
1169053
1322665
1270071
989524
1266151
815674
1418378
824720
1277014
1159531
1290604
1333311
1253592
1563159
1253043
7140554
905559
1522789
1354201
1200016
1202178
1275262
918646
1026736
1231535
1384708
953203
1013407
1402265
1271804
1369771
1283137
1230311
1226470
1348926
1120590
1299433
1221441
1324034
1421173
1204889
1201362
881097
1335962
993383
1071629
1021452
992101
1296622
1276780
1149933
1274663
942689
1171231
1279991
1194800
1046785
972566
837906
1366368
1122133
1220468
1115934
1147547
804428
1163814
1348709
1195499
1217783
1350583
1209551
1332005
1203333
932260
1144913
1230149
1170258
994888
778593
1425100
878935
1059324
116243
1182070
1051154
1208308
1444867
818087
1248862
899468
1160649
663985
1129560
1485337
1250230
1333618
1186086
1242671
1315822
1090780
1324544
1381413
927414
1403166
1327266
1264625
1542002
1476516
1567204
1752463
1263201
1415963
1432449
1450657
1593458
1692683
1861648
1605986
1648804
1190428
1645994
1199859
1945436
1461238
1352429
1955132
1875557
2191092
2284285
3058915
2763501
2474939
2262106
1498702
2131578
2111705
3875912
1738976
2240024
2382595
1387859
2191209
1510488
2227628
1645458
2765344
2212839
6487063
2426306
1564779
1996209
2200724
1661608
2361854
2479997
2048268
1869574
2668709
2396092
1945827
2914759
2526085
1946961
2529511
2940863
2667671
2590037
3280078
2254301
2721815
2889349
2662323
2238566
2269969
3145456
3440746
2958786
2139688
2629764
2271690
2417993
3218203
3162152
3860746
2294235
3695645
2362212
2638799
2795725
3739694
2791555
3144953
3336811
2989030
2809645
2795062
8541631
3327708
3874299
3440344
3582151
3367003
3270202
3461253
2346647
2481368
3187691
3509605
3579398
2754728
2315415
3023714
3482423
3629328
2399120
3288757
3998862
3041870
2881143
2480717
2700224
3459473
3131116
4153303
3495782
4008224
3426316
2278171
3342139
3269468
3357385
3167495
2291023
3854716
3047857
2435126
4198377
2812011
3432109
4379956
3497073
2536537
3593131
2895062
2640034
3054056
114938
5569153
2979083
2693417
6524787
3689988
3410984
5002520
2833140
2833791
3428670
2365734
2942695
3189703
3086336
2516107
2460145
2702268
3164058
3428407
3070615
2705347
3569981
3528819
2827262
3020196
3120587
2780474
3241661
112581
2869257
2866117
2823837
3389036
3943447
3152641
3489351
3417054
2822767
5507931
2391936
3863952
3238776
3238821
4172585
2614374
3036575
3001900
3055885
3653467
3401320
2674655
3541755
2834665
7641614
3207019
2725090
2718918
5180200
3330853
13943446
3091817
3311726
3009123
2536454
3140811
2413467
2967205
3827695
3263670
5363166
2813534
4133288
4517793
3357764
2758276
3181241
2551687
3400821
3184900
3118738
3526858
3474532
2324409
2844491
2414372
2829901
95765
3025907
3774127
2877866
9366797
3552413
3186194
3578424
4972139
3595972
3120022
3927460
3101590
3113554
2315848
3073742
3333180
2732023
2565426
2572825
3071199
2607245
3623151
3069284
3475927
2356257
3309500
3759881
3298978
3351046
3397376
3668779
4531986
1935742
3863085
4975656
3734600
2854235
2681866
2555040
2917744
2110577
2794687
3531857
2389867
1599938
1925275
2290030
2023900
1868399
2581930
1417046
2063755
2461272
2096839
2274412
2725107
2275712
1932000
2350243
2635052
2491982
1562095
2018668
2242721
2325370
7681228
2855656
2379366
2323085
2604281
2089769
6884139
2883328
3018618
2810998
2610761
2759364
2784688
3024137
3412245
3038922
3064785
11393690
2857938
2468867
2830200
3136842
3410586
3312331
3370635
2829027
3790975
3009677
2634695
2232244
2508255
2029378
225367
1942134
2062764
2590800
2850526
2056973
2524601
2418805
2579204
2567251
2005888
1914366
1919225
1308429
1747576
1268501
1807459
1929767
1531518
1450945
2008207
2054737
1664999
2234704
3013457
8139506
2861345
2822102
1749015
2820861
2344538
8223828
2453320
7131041
4193649
2459747
2467792
1749151
1694844
1828592
2512950
2186380
2949200
2259629
2526700
2312335
2668121
2804396
3063252
2494591
2146893
3157651
3191792
2926308
2683570
3803589
2392037
3102203
2837801
1621409
2565982
1955889
2323284
1570727
2060952
1379108
2524380
2107107
1612372
1662708
2474640
2166821
1530047
1672078
2272454
2116526
1628835
1382230
1330245
1302649
1310599
1689267
2050324
1782362
1836399
1863697
5465355
1683118
1819222
1913718
1845149
2218248
1870734
2078223
1589453
2002602
2189716
1855385
2018908
1402731
1288512
1911098
1848630
1909785
1565840
1535333
1682188
1371651
1570206
1297348
2069700
1818750
1955189
1666648
1417915
2621109
2019682
1658735
2611952
2196557
2134621
2273706
2550969
3061480
2499334
5632901
3126811
3591097
2625784
2520391
2443912
2630845
2432223
2662157
3525336
2723528
3105806
2572630
3432005
5401565
2680677
3441775
2980462
3721437
3016325
2705935
3138601
3502495
3404684
3133495
2640225
3246249
3206483
3257855
3071305
3107363
2335909
3500536
3471758
2929697
3679751
3618730
3210295
3168015
4191705
2568567
2734865
2459726
2375618
3263502
2967523
2845818
3090315
2841512
3154077
3226808
2741897
2380582
2356270
2424339
2514653
3203680
2903808
3850855
2833650
2161073
2391640
2257411
1927807
3083765
2839909
2448269
1896564
2777702
2420189
2713107
2683819
3015907
2834952
3124419
2076685
2663239
2603431
2213737
2704178
2668354
3154739
3223689
2703628
3019893
3156272
6474752
3380779
2106626
3263794
2301174
2734175
3039376
2905249
2993050
3286020
3312650
3319483
2972030
4172722
3267742
3370002
2775756
4476847
3917602
3351220
3003487
3101623
3786325
5715222
3389900
4286370
3706940
2781519
3625550
5241166
4561416
3701843
3417910
4818959
3943141
4438999
3768001
3890160
3304691
3743573
3932548
3187200
4296840
4611191
3788894
4225838
5317041
3738217
3947034
2977251
5306716
3161400
4239467
3893841
3908241
6317819
3734286
4423781
3960086
3513264
5677018
5299516
4435679
4451666
3517457
4974161
3998382
5139763
4319946
5378298
4743509
4376361
2964280
3310899
4316513
113034
3048193
3837655
4794837
3404617
4175247
2708735
3276700
3924841
4621253
3682845
4062518
3893131
4298042
3453800
4096066
3712953
8589986
3433542
3195551
17509214
2666498
10148852
3752163
3971494
3223117
2795720
2532154
10680118
3686441
4681790
3680247
3185874
3158918
3660664
3440542
2583717
3655130
3235248
5127977
9205510
3213118
2672212
3607664
3324006
7850848
3364319
3144713
2571127
3105443
3457357
2836308
2800110
2900607
3259764
3166187
3924818
3680382
3983873
3078790
3477072
3581822
2207605
2750242
3009671
2877836
2965953
4464025
2442847
3158293
3156640
2643610
3272963
2457778
2925816
3493635
2723904
7431642
3780527
2297338
3413233
3924367
3208994
3361771
2581445
2474929
2556280
3082676
3254668
2635495
3039698
2773039
2671535
2457158
2879415
2019162
1657847
1736846
2669601
1904490
1765982
2041789
2473163
2002621
2368912
2483467
2170455
2790871
2126828
2833218
3362674
2925741
2477890
1917820
1513836
2229491
1963462
2091563
2590286
1804999
2239481
2429331
2550059
3138362
2357457
2388938
3280412
6615591
2916741
2294875
2862991
2761505
3076554
5354541
2751862
2356549
2907915
2422961
2826057
1929181
2659822
2477285
2052232
1892831
4598190
2590777
4545132
2435099
2132270
2355305
1580891
2924650
2335054
2443251
3773005
4058374
3940568
2353343
3733168
2644884
2569656
3255022
2464015
2892686
2121644
2283242
2265185
2572167
2793625
1671623
1495237
2710898
1824976
2877495
2194330
2567215
1811507
2817857
2428256
2309995
2946649
1975947
2452651
2871712
2759190
3333892
3334067
3859971
3107430
2945241
2768473
2604450
2791823
2271639
3475942
5006660
4019539
3049845
2398626
3916000
2752737
3997364
3133591
2596979
2586715
3653466
3073848
3569099
3181496
2886804
3376590
3439409
2817483
3204013
3670706
3943021
2484760
2458992
3603725
154117
3810031
3164389
2622296
4121876
2929248
2665364
3621605
2999833
3563271
3516184
2869020
3881094
3024085
3410258
2736317
2963394
2761094
4397458
4205888
3349502
3177213
4316141
5585394
4522784
4194263
3756641
4271240
3689109
4693466
3965477
6367245
2717203
2850087
2768412
4549710
3196869
3204504
3087836
3904442
4947931
4985091
3164471
3818910
3880748
2963270
4537649
3367603
3103645
3561964
4851990
2910444
4055441
4053422
3826452
3496366
6463856
2956785
3646901
3983274
4202806
3976906
4864760
2963929
164423
3172009
3121917
2935930
4073875
4266745
4317667
2873985
3233765
3195962
3278265
7982777
3715857
3334463
3649734
3536785
3018682
3749250
2589092
12466133
3852374
3463718
2523182
3460848
3496676
3543769
3388255
3131458
3662648
3118144
3618711
2429680
3090764
3711026
3606125
2718715
2477403
2749605
3725458
3127760
3048600
3440765
10345424
3204737
3278324
3329618
2428745
2724389
4641617
4500790
8246885
2937495
2471378
3474178
2693071
3464145
2912734
10310406
7901488
3346362
2457127
3606004
2815786
6899934
3111601
2895114
2492875
2669012
3884017
3350396
3203391
3086709
2824288
3028235
2676094
3043790
2203556
3760180
2522655
2737144
2718251
2988591
2397887
3680878
2872036
2044888
2717843
2531100
2490247
2178279
2164577
3509575
1825883
2311019
2875091
2427142
2807187
2749520
2995665
2626945
2480668
2696793
3330870
2378106
2462237
2065864
2484260
2123031
2953346
2571022
1983039
2037155
2225802
2280261
1423769
1476145
1738842
1027851
944716
1123363
955860
2239656
1306164
1368429
1274697
1076686
1103115
1198273
1132272
966127
1174624
718268
746380
791955
965091
601132
653663
1005207
916431
1083237
716093
1641511
1230527
826112
841995
1209818
1424714
828599
790470
749115
725323
1009928
895894
1324953
1000859
1300977
974413
1495257
1404302
1450631
1136232
1516606
1285564
1362041
1456569
1432570
1429297
1225309
1491964
2022040
1518307
1662427
1430845
1734708
1549604
1361166
1816668
1656200
1733767
1481622
2277438
115667
1690448
1631896
1883488
1186188
1478070
1258471
1496838
1590881
1392544
1663863
1328383
1106325
1420365
2126089
2790114
2834974
4082946
1677040
2750130
2542679
1431857
1764078
1524475
2192390
1412174
1247607
1156899
1406071
1464490
1058061
1195085
1017109
1168698
1682685
1635951
1348717
1826667
2609377
1641436
9018499
1599948
1560013
1777742
1542610
4233945
1860784
1506984
1558459
1568532
2125808
1894482
1293237
1260568
2719907
1175279
1807414
2069326
1961410
1367352
1477843
1522677
1765969
1436519
1732635
1701740
1798661
1632958
2466243
1431113
1895510
1645475
1385330
1663720
1372923
1792435
1795019
1595758
2112704
1693787
1248666
1284855
1330895
935102
1275784
3428263
1342124
1522287
1614591
3902876
1464763
1724821
1457958
1150324
1116352
1745441
1338936
1155360
994082
1339397
1313916
1529101
1754296
1010610
1323768
1136015
1374765
1005716
1504042
1199187
1250682
1523771
1299061
1629324
1518429
1468389
1499118
1695355
1941506
1438747
150656
2283825
1697155
1398847
1317876
1462472
1536845
1033169
1454892
847134
929891
989025
839632
1367868
1197334
1317271
969188
1120206
1159770
1301745
1186752
888052
1985141
1012278
988578
1046152
133613
1220732
1202518
922382
1005504
964221
961057
907151
1049611
1065476
1001505
1466851
1242967
1114139
808278
996337
1202356
1234909
1117601
832544
3489904
1340461
1584129
1205438
1333954
1320451
1524449
1272834
1019028
964753
1149992
985933
1331776
1255743
905165
1091472
1148297
1205807
1246996
1232238
1248797
1238515
1341779
1583046
1285209
1378158
1001178
1598837
1253392
1418730
1713255
1743916
1574990
1602788
1248828
1104801
1172883
1371217
1311746
1271042
4564358
1378642
4373242
1344599
2253343
1204744
1238088
1301421
1062788
1103623
1288245
955728
1049421
1052887
794346
941675
1000854
980524
656476
1024271
982933
953795
721159
1003844
1477857
1281505
1316019
1349204
1309421
1306125
1256937
1311857
1056348
1632496
1314992
1150455
1891612
4490384
1399855
1804114
1443772
1394234
1409410
1748653
1250715
1318954
1891349
1238798
1187540
111603
1390048
1130536
1225378
1284520
1335878
1181584
1773861
914512
929573
2612402
962034
1037982
1147444
1116576
1425022
1176959
1152600
892358
1318113
1480122
1055933
1288893
1294259
1439924
1016549
1016008
1237343
1483724
1434448
1139045
1545427
1686673
1051216
872777
905712
889814
1296571
1339205
1318961
1380254
979150
1075408
1185413
1532725
1590348
1390628
1152261
1093181
977429
1565195
1257514
994992
1083112
1027618
1043435
719876
2105515
750682
757224
745333
869134
1206355
1291004
1304217
1207794
1354927
1061474
1228210
1370968
1163795
1106357
934153
793442
999866
865332
601910
906916
892667
698401
808222
604659
1038210
828654
938774
835272
940460
933413
919759
1114413
568846
946555
888192
78914
1042521
996120
945366
933162
610434
925270
941505
979179
928469
650340
935155
1227981
938614
861792
1162939
1086035
746106
1007394
1190081
1003341
1071204
947307
930905
909145
878737
1116054
1109405
1107813
1138254
2407290
1282913
2685822
1099665
1099080
1264355
817431
1064441
674177
2145811
746602
1145569
978073
1087628
777133
1007451
1050456
1191592
746758
769587
759525
796109
1190874
1096738
1286685
1376724
988512
1245579
1154728
1390831
898212
1472980
1100909
884765
1213432
1545982
924220
1059645
1374302
1581726
1432198
1022855
1488815
1574852
3229391
2169962
1273173
1915075
1742440
1589219
1200802
1554191
1228054
1557247
1609838
1616859
1607728
1597523
1517434
1095542
1397054
2115785
1490921
1425883
1430980
1815639
1913989
1596574
1347137
1589903
1862646
1231303
1860801
1227643
1664806
1465942
1596399
2333991
2136250
1861224
1807711
2033701
1560360
2061010
2230607
1878586
2726631
1324265
2147614
1532261
1838974
1952506
2218897
2327073
2032104
1770257
1837852
1434310
1579380
1775291
1946465
1865490
1689423
3792750
2525430
1730219
2361767
2073258
1698497
2164857
1734427
2659927
2080696
2085980
2072366
1563006
2110335
2433906
2772411
1587310
1473612
2020937
1869061
1758498
1941606
2039504
1840934
1720060
1777643
1913081
1763338
1896498
1993333
1741075
1940714
2109894
2593645
1304844
1309393
1734920
1340163
2033599
1864533
1913729
1650849
1453789
1274210
2259244
2050442
1736631
1599439
1505789
1448936
2170593
1826215
1725233
1827463
1434860
1932394
1534043
252977
2289603
1674764
1414702
1825220
4777689
1617104
2135826
2093685
2064721
1799380
1876523
1190551
1518518
1269224
1867492
1813826
1894440
1831769
1532578
1738315
2003637
1605826
1447938
1698983
1835565
2069083
1393456
1905012
1483457
1338234
1762085
1358311
2035780
2212216
1646742
1775455
2010422
1869680
2074821
1959448
1383275
1680279
1466459
1909358
1664414
1454424
1640182
2047517
2129038
1753185
1986489
1481468
1986558
2424086
2307829
2281931
2011164
1799151
2149785
2083840
2126187
2084707
2381771
2525060
2360437
2548799
2667819
2630644
2596899
2233219
1459696
2639420
2374955
1842133
2370639
1339045
1958597
2113450
1729300
2247548
1559193
1942606
2319746
1794804
2366304
1756411
3043195
2473439
2852843
2360161
2782709
2714612
3089140
2571196
2772349
2224357
2330297
2576905
2281680
2716759
3638806
3241580
3276012
2743983
2792311
3105836
2729907
2670686
3295612
4815155
4296515
6528009
4147849
3219994
3600441
3929952
3289326
3340104
3050727
3492338
2831819
3446834
3370825
3815863
3355836
2926979
3653974
4359570
3732363
3782290
3774307
2625248
3118489
2706185
2905378
2660624
2342777
2824340
3054607
3362162
3157704
2433148
2839890
3387422
4412527
3762102
2694951
2318997
2494688
9184406
4242716
2806747
3490217
7757263
3003344
4036123
3667264
3970500
4398438
4238000
2979368
3478133
2576689
3088678
4066398
8475587
3768490
3852611
3540306
3825072
7938196
3398628
4131646
3787703
3463320
4445692
3513231
3586867
3756385
3722332
3258474
2508168
3488718
2733544
2405797
2863820
2548330
3525137
2734507
2224467
2916799
2608549
2565936
2764513
2600212
3871224
2617589
2352277
2738020
1759985
2636086
1665045
3801031
8774944
2221626
2544914
2417863
2588780
2058677
2622799
2611210
2774208
2226900
2634082
2427820
3326956
2249958
2193032
3014921
2170545
2562781
2298344
3452744
2725945
2347735
2049960
3104398
2317178
3001729
2976487
2963618
3144655
1787263
1849516
2301292
1361430
1761491
1859582
2355000
3068088
2281379
2859776
3532346
5278450
3046907
3541273
3722374
3579869
3825936
3376903
3704155
3403475
3662131
3537034
3637663
3004012
123473
2328160
1991400
4108132
2954201
1061772
1856850
1817140
1413405
1791546
1632737
2086892
2463423
2259295
2101433
1571890
1665550
1719539
2091529
3856300
5636336
3261319
3181285
3067924
2407125
3569330
3299504
3370453
4161361
2488875
2395199
2730997
3178044
6384320
2770637
2153720
2589781
3620651
2885947
2220314
2176331
2058026
3220866
3376448
3296361
3323978
2692632
2620231
4665834
3213772
3106915
2959999
3404253
2898358
3288377
2875507
3102696
3681173
3166521
3594384
2907284
2563330
2890526
18727807
2259909
9271062
2694139
2732891
1918512
2575542
2916697
2496175
3546436
3318825
2680238
3213847
2727496
3902421
3820103
6523885
3976856
2921464
2722963
2895933
3671730
2879941
2776177
3169060
3595861
1905271
2546097
2836869
2920751
3895991
4810676
4386015
5516498
2595120
3080712
3407171
3700889
4183316
3433043
3394252
3791053
3423391
3559193
3647922
3290053
3210883
3558842
3944854
3559956
4227477
4008296
4589447
3049179
5450827
5874599
4141006
3256734
2858032
2490228
2622050
3554343
3440862
3141106
3789687
2950337
3190774
3467719
3464115
3447610
2891043
8795859
4729156
3034687
3160921
4348255
3181008
5824178
4491747
8147091
4239830
4996406
3778707
3753082
3370572
3210037
4851685
3180015
4318576
3707047
3596992
2827081
2488553
4002210
2810260
262713
3513943
5483718
4231280
3980331
3914226
3925573
4484959
4177304
5401219
3747378
4072194
4201542
4051739
3940778
4475335
4110666
3739090
3540718
4210973
4150090
4608399
3880503
15567769
6565481
3272503
3564523
4471368
2768510
4131257
3370070
3109383
4501657
3503872
4367739
10860242
5679177
4044212
4012953
4443117
2807863
4347851
5523960
4918779
3042245
4251016
2964603
4069710
3984460
4307552
4539561
4226006
4865452
9554451
3377185
4474326
3838014
4014271
3737947
4367359
3627624
3085010
4037740
3353236
3775105
3987323
3341767
11803385
10442004
5456363
4118539
4538588
4238549
4334476
3412483
7677143
6230136
4158788
3681381
4175266
4040573
4726836
3115485
2743878
3376954
3348701
3996708
3226144
15957402
3994060
3551474
3694770
3631342
4002211
3582076
3101253
3004596
3929436
3859767
5054637
3070780
4464554
4089596
3458134
4667645
4633354
4500133
3552079
3562620
3421804
4501278
4003741
3932994
5102020
3983502
3157243
3491157
2909269
4461879
4129881
4844159
4566721
3659246
3164639
2952085
6885030
3969973
2922831
3308134
3626256
10025239
2995516
4082879
4113521
4082809
3440376
6578238
3198328
6653650
3562696
3672371
5407515
3196304
6063458
4425805
4509111
3771015
8932027
3816535
4103492
13166299
2917571
3998606
7526941
6713313
3638225
3349607
7863804
3124090
4466462
11592375
8637567
3445791
4450599
3209770
3959173
4923723
3429250
6347728
4289231
4225721
2989261
4791356
12647662
5402658
172690
4145621
5166209
3633768
4677439
3767651
3704657
5096243
5469934
5133164
5732423
3534299
7674198
4056736
3936819
4196295
4498428
4448171
11570830
4356844
3337090
3465451
3526250
3428186
4870725
2899778
3960346
2877413
3669913
12855447
10176103
4965479
2937486
4291902
3792305
3596214
3947328
3628748
4118164
4610903
8049825
2935993
4104513
3761582
3734075
4956793
2745456
6049180
3606914
3919140
4504580
4073519
4175458
3957970
2900401
3854779
5424685
4307904
4151843
6247743
6283680
4518359
4219358
6786382
8124895
4649975
4739363
5021558
3821737
4110878
8551380
5321825
3307057
4485463
4674775
3934125
3556183
4080921
4507758
4375261
4158443
4729928
4839921
4146487
4367318
3155647
4426696
5830602
3717913
4492097
4187165
4306798
3859464
4368112
2841460
6203694
13693950
4158716
3634333
3810208
3637449
4182664
5549515
4372801
4316465
3170944
5377625
9887709
4262777
3628452
4237770
6095512
4262099
3739225
3516614
3786988
4179524
4268475
3853002
4291888
3860034
3719757
4060614
4068655
4743492
2863554
4570078
4264727
4116854
4360909
3390528
3899694
3851860
11871403
3141885
4507682
4070031
4405624
4117105
3555897
5430921
3430500
4403041
4678350
6290088
4084535
10069452
10636773
3392383
4611267
3992381
4113099
4486743
3927827
4042483
2904500
3884559
4851856
4837650
11100212
3684976
3168508
4752717
4152358
4201373
4749660
3090903
4513925
4038973
4395342
4846223
3476293
4610680
3990403
4096878
3735795
5407620
7098435
4222235
4250738
3418655
5213252
4065040
2864924
7581060
4376238
4059629
4456037
8533964
3854621
2852603
4099645
3337384
3134892
4190899
3074003
3904542
5106274
6538444
5176567
3561347
4005915
3753598
3811673
3836750
4717222
4572914
5000798
3892069
3427252
4193888
3926655
3670554
6089397
4112515
3683327
3641603
4453775
5284732
4444687
4292835
9823094
3932941
4904327
4281107
4036403
9393241
17340277
3898639
7046003
3964670
3705136
88212
3807591
18543139
10329244
3872282
4342770
4254372
4181051
6161781
4569258
5180468
3758537
5098495
4559939
3475066
3782180
2967834
3353517
5029901
3637003
4013598
4102665
4088088
3972931
3565489
5872562
3657776
3994547
4128351
3774533
3798036
3927172
4085631
3023578
3698866
3808359
277689
10338222
4607948
4131588
3568827
3236689
9617722
3816447
3726136
3038992
4550400
4477214
4530887
6172838
4499896
3268195
4005874
5262992
4325045
3727669
5195552
6341530
4196562
5418318
3672775
4869230
4423871
4769023
5337127
6100842
4154803
2912434
12657140
12514585
12258903
4303660
3120614
4042902
3610164
3363277
4037144
4268760
3798148
156026
5190803
3550078
3578301
5475625
3583092
4540741
5622760
3061662
4101536
11918322
3152193
4001202
3186743
3826212
5670792
12774413
4274188
5272931
4042886
7118043
3209010
3844671
4122047
3036777
3417848
4073395
5319802
4084458
5138935
5703622
3020898
128443
3849877
3184092
3800695
4116230
5386479
5380143
9168634
4764414
157075
4128751
3176259
3189549
5375067
5117730
3534386
4113040
5057317
6034281
4467618
3619579
3701399
3913770
4044925
4087705
4260768
4149635
8507502
3192802
4386266
4490079
3417748
3110656
4585640
4581062
4337128
4348303
5662482
3690453
4377003
4569908
6974415
3544164
3936101
3154480
5649996
4226704
6122246
3932606
7481655
11540441
3665920
4120420
4284842
4387256
5784938
5381894
5154141
5226762
4874122
4769668
4160281
5092938
3612148
4622679
5988956
16210435
11759231
9905126
11278824
4115506
4526591
15759228
206440
3348539
4510832
8725091
10729376
3673229
4334215
5454225
4339990
8010461
4273317
4123373
4585253
6500383
4189857
5985725
3081222
5847095
4667982
4795450
8456954
5905678
3054224
5392940
147564
4370643
13060720
4299229
4303500
3354112
5325093
4202968
3266564
6069329
6348836
4126877
3691939
3046454
4402524
3746675
7693722
2966503
4264812
6569572
3725969
3742685
3737365
4186698
16964967
4398878
4279155
21246103
15277961
4962494
17076743
18426133
5568839
3650459
4964731
2720588
4750896
9657653
4160514
8413202
4626906
3419708
3205462
6136477
2932770
3495739
4094655
6456883
4455444
5240612
5175159
5691831
4608889
7214011
5224300
6163891
5539543
4220516
5206889
3710266
7565420
3560662
6763076
4171811
3699242
4080913
3745782
4551299
5331548
14075896
4354259
4241746
5335907
4030498
9448233
3761109
4068976
4294526
3377617
3451215
3361037
11017199
4469405
13843424
12998447
5494598
11706349
13705644
4576867
5492485
3821516
8169443
4971146
4922626
3866304
4180722
6468396
8361446
5032495
5064813
5245999
3984702
6233930
6152755
4928671
4748429
4971765
6548340
4038423
5283406
3378698
4813337
4483615
42375669
4569958
3718864
9972337
3347800
5784675
7275851
3193760
3553243
4263504
3890144
4511172
7413916
3671197
4090646
3649715
3395663
5916027
5675026
7865063
3683821
4933894
5714737
4800235
4376417
6878844
4464028
4545091
4811254
4004349
5505691
4621251
5084924
3850186
4096082
3307973
4434082
4329090
2990946
7839194
3257365
4258304
4021914
4587941
4053632
4560611
4327794
3494891
3799776
4539282
4783643
2945139
4758797
5295996
3601472
3735272
3790542
4765933
3582353
4134892
3038971
4763656
4116697
4251387
4388004
3289509
5059272
3413578
4960449
4203923
4435517
3447491
4330536
90027
3603243
2950711
3408269
3663167
4641610
5038792
9916016
3434558
3877462
5238117
13498898
4656006
3668057
4172386
5640476
3511149
3838217
7550319
3002011
4690264
4661793
5278436
3733164
12015330
3053402
11537601
5696629
4508397
4456429
4352978
5026269
4059539
3764068
4755658
4208994
7499828
4401443
5492648
8397232
4355155
4102752
4945824
11839940
3834863
5141634
3535272
5133425
4324388
3888427
4475464
174417
4395902
3456903
7076784
4022340
4621614
19085011
5002272
5368591
4388340
4779526
3622791
5862043
4588743
4920356
3455918
4638905
4862025
4145206
5847857
6042968
15457411
4947384
3757266
5187966
7748098
7221517
6965184
7054618
3994886
11708069
4886119
7415318
165169
15147309
4422879
5112285
7285595
4481446
5096275
4155138
4992836
5026678
9421222
6094109
7248982
5148688
4547619
5312403
5634368
5243230
4671297
4682932
4038304
5076535
3793334
5338286
4396593
4624946
3824874
4622405
3945395
4376538
3441398
3348740
4555188
2771767
3880584
3361056
14991535
4421925
5188289
5735399
4320387
3953109
8736964
4545778
5386575
7643801
5331862
4658405
4561565
4820810
4058046
4571392
5955027
11163072
4760864
9922365
4887134
5312632
5330568
8641250
4742504
9523111
4826970
5495250
4812590
5044498
4131473
5042807
4490706
4311762
4172109
4577968
7031120
3853429
3957977
4369004
3987842
4534941
4731316
3463885
4310571
3611458
3427152
7592563
4878467
4384847
4805677
5460608
6298540
4163314
3923366
5253276
12700136
12477256
5201544
5737594
85756
5930432
16906970
10955615
4795505
6071768
5163374
8884567
4625884
10430845
14552559
3309256
7255356
4614336
4536612
3759104
4916941
3728504
5261638
10302524
6887072
4147653
4672177
4682845
8236944
11482955
11688059
6391156
6899922
10149469
4931448
3966723
5575960
24410329
3361215
4359423
3539031
7399886
5003343
6976537
20995890
6000867
3863691
3395652
5193449
2992038
3993790
4010619
4072323
6813091
3279549
2977373
3195719
4649703
4117251
3931252
2905897
2941794
3503083
3308033
2441234
3149423
3206095
3401727
12759644
3804079
3214184
2779700
3601288
2253967
3931555
4023804
3008987
3325503
6500658
4089895
2459972
2482717
3029583
1988172
3480929
2236400
2313236
3244110
4536850
2868262
5699783
2647622
3156170
3663706
3318434
2354274
3633854
2049684
2676792
2378924
2619972
2656649
2547904
2408548
4659371
2641176
5285311
2224214
2468957
2471581
12779349
2958854
2526767
2712933
2468798
3000469
2539314
2442736
3283571
2694328
2705274
2559170
2544072
1689572
1707977
2657704
2104883
4151772
1774815
3054045
1945241
1618614
3043881
2521682
2552200
2910913
2518087
2311395
2235027
1649348
2324318
1666322
2184394
2301606
1735081
2145892
2384306
2602740
2501254
2092595
2153273
1830284
2839888
2482726
2157413
2029259
1954633
3708209
2221182
1481571
2421507
1918102
2314733
2897193
2262723
1723358
4830867
3023158
1797045
2076271
3836017
2278450
2733423
3863326
2768768
2794134
3736862
2142628
2797846
2386342
2647095
2554451
2092887
2655831
2693124
3051312
2829623
2948809
2999640
2480417
7979513
2851406
2220890
2773289
2749760
2711866
2084249
2906852
2637172
2534358
3249138
3052849
2491007
2745346
3091229
3256255
2792491
6411422
3418880
3423725
2553911
2685454
3101490
2699931
2935876
2443025
2140060
3304797
7734611
2469203
3571264
3436690
3196789
3068797
2619406
3150687
2840200
3339218
3623708
2569564
4886668
2949326
2686515
3125249
1988843
3645484
2796866
3477141
3087361
3589362
3085585
2662073
2815346
2461497
2733419
3314236
2950717
2847472
2687313
2235908
2933253
2605751
3030008
3082836
3112205
4722220
2477359
3067614
2754141
3327993
2862052
4583242
2312818
3406205
3196720
2948724
2400636
3301695
3405490
2281274
2052275
2950032
2933708
2952181
4947280
3049998
3174543
3028747
3073467
2539377
3370603
2077011
2472164
2862985
2818473
2039066
2228657
3230871
7184418
4131770
2517197
2911182
3499206
4370112
2788202
3154507
3012420
3275496
4387443
4339013
2739447
2717833
2587762
4984292
3200014
3141128
3619051
4598854
3183572
3344293
3044938
3541795
3446845
3405118
3478840
3122052
2733703
5090771
3259374
2941917
3112390
3527879
3006817
3246824
3113871
3228788
4248101
2469977
3273219
2683644
3606654
2952687
4673485
2301237
2970539
3473986
2690563
2914382
3220021
3463654
2938293
2673080
3514842
3826389
3071156
2705929
2927831
2300960
2931680
2943740
2197839
1989802
2326577
3182877
3157574
3670571
113420
2892963
2347067
2471379
2179288
2502993
2020158
2216152
2232024
2604603
2899595
2252273
2747252
2921369
3062050
2319537
12245147
2000806
1941936
2181704
2183337
1985815
2141696
2619641
1871533
2684614
3629517
3409184
2654285
2674801
2504653
2877284
2716534
1946224
2192678
3235580
2590980
1810366
1507810
2422214
2858897
2805662
2693296
3661931
2926885
2150880
2466094
1812187
1758777
2866227
2178727
2084389
3088851
2448677
1977183
2555492
2711205
2644216
2325570
2939567
3320561
2975038
2737923
2480711
2896118
2676344
2847383
3733599
1825544
2490613
1669117
2562407
2157208
2476390
3196300
3102118
1978017
2560071
2476037
2739478
2822217
3616533
2443471
2688554
1892132
2743438
2715525
2401688
2413941
2410409
2746562
2943776
1903895
2770233
3462594
3732294
2795324
3178189
2919135
2265952
3268562
1618663
1904371
2842336
1893113
2743021
2032856
2677340
2902604
2844264
1996794
5605880
3769470
2557716
2301094
1915570
2367116
3762978
4951791
3112363
5768060
3142795
2184402
2848430
2633046
2589963
2095926
2454853
2501436
2397897
3113445
2409720
2239596
3278416
2015631
2528744
2039930
2665659
2919496
3273457
1728439
2812339
2428697
2614926
2712872
2084937
2848183
2459957
3396394
3854358
2679539
2657577
3700615
7892482
3252695
2826725
2500742
2775560
2360235
2463493
4066882
2489282
2970092
2469614
3315473
2663694
3079739
2052817
2916739
2583138
4221289
2757310
2912921
2423069
3031429
3045463
3159857
3534302
2727755
2359381
3074206
2989932
2090510
2650863
2146860
3132883
3502780
2233729
2169524
2439868
2536601
2682745
2689776
2779327
2973820
2204081
2549577
2301451
3205580
2330676
3193009
3094236
2654177
2939580
3610465
2779271
3098593
2802725
2384647
3314259
4131899
4075145
3614469
2312244
3147077
2889345
2884621
2898125
2311430
14285093
2738876
2879472
2776979
3274230
2919972
3411559
3032100
2662564
3040337
7772223
2542422
3473166
3614092
3455389
3397921
2195011
3640658
2513604
3104186
3147798
2851476
2571474
3178362
5337450
3206284
3432692
2244856
3117844
14196485
3311867
2514659
2550861
2450144
3746047
3164111
2363460
2301826
2457675
3172272
3737889
2903372
3377681
3021737
2596992
3563246
2792362
3175587
3147120
2727292
2477118
3429470
2708986
2460765
3064550
3795214
2576660
2508217
3359503
3829038
3905597
3429845
7298252
3115211
3190850
3187660
2562344
3161410
2475801
2341917
5085733
3557902
4953188
3253422
2547625
2855101
2452544
2973317
2361888
3380050
3001210
3469908
3167697
3767975
2516209
2921718
2754539
3488779
3565260
5342490
3189047
3562141
3462811
4163290
3451368
3655064
3315673
2338566
3052016
2664383
3036097
2547293
3201356
2975500
3161710
3330464
3501546
3583283
2819520
3144097
3944745
2480333
2516269
2659412
92509
2934442
3399422
3207999
3308295
2318106
2806753
2871553
2406490
3581439
3086062
3841875
2303380
1827615
2533649
2478442
3344581
2953253
1962758
2311868
2667208
2805747
2154728
2328704
3395432
2474230
2149310
2942197
2493172
2809432
2705736
2162472
3219816
1961053
2191790
1873795
3071211
2085941
1729303
2648661
2602503
2559809
2638090
1634249
2549859
2519582
2434116
2367275
3104223
1823212
2662537
1688803
3103612
2718782
2165788
2151102
1696113
2354523
1714668
2092121
2323364
2556018
4424475
2077394
2198868
2398753
2536714
2252794
3082205
17336522
2702594
2762262
2399230
2663916
1703395
2281108
3100795
2655993
2331205
2410604
2537863
1857683
2200839
2352068
2165622
2557657
3073627
2561653
2940298
2517883
3206612
2522823
3012943
3096940
2376662
3063701
2608620
2834610
2311277
2467465
2385089
3469115
2491189
2498238
2322575
2783702
2824377
2621364
2380794
2789030
2438552
2623237
2658427
2639212
2314099
2882851
2706677
2927525
2545862
1999871
2367368
2641340
2237177
2409940
2553307
2574204
2933396
2595407
2924894
2222210
2570803
2128420
2399393
2077913
2485068
2649512
2222687
2284417
3371148
2244063
262871
2455045
2503508
2135013
2406511
3017867
3016164
3027794
2902100
2738489
2035682
3391007
8736017
2304965
2596603
2676088
2283877
3572809
2095906
3179972
2870890
2093798
2825776
3005466
2071719
2679996
2479758
4321209
2717282
1969831
3352415
1651254
180494
2467057
3026404
2339456
2125392
2450027
2609124
1949790
2225301
2618482
2011880
1956591
2298524
3144630
2973090
3769413
2525953
2256059
1991752
2604278
2346016
2701483
2791680
1701133
2288114
2630535
2113793
2400438
2886607
3622198
2767721
2030307
3165458
2575990
2974499
2332224
2538674
3280847
2052757
3421267
2721474
2912671
1875362
2207692
2829238
3005030
2468416
2404545
1824016
2429444
2857137
2987026
2012775
2465211
2555208
2674612
2926138
2463372
2449455
2214736
2330396
2449979
2475556
2034541
2610071
2691861
2241812
2473498
3343303
3474424
1963376
2465095
1898166
2640533
2310021
1953206
3034017
2683183
2694584
2310245
3190477
2908368
2652567
1873732
2672180
2521835
3080168
2512240
1836601
2834947
2060564
2683753
2555754
2343217
1963364
2302772
1993371
2488424
1721703
2971318
2373862
2801497
2524035
7520484
2505347
2335967
2446661
1766838
2842011
2454809
2275017
2297629
2564815
2676419
2495367
2325907
2650711
2107758
2857117
2537536
1890671
2265175
2034065
2597460
3268228
2121898
204270
3095685
2175591
2331767
3434730
2243894
2986107
1880735
2092936
2820476
3280086
1944631
2055092
2113701
2206836
2554688
2880644
3543304
1784556
2368483
3020081
2159381
2274761
2270628
2268988
2346493
8015557
2604713
2264609
3040518
3424966
2538255
2558947
2134476
3272289
2406294
2564391
2496971
2560398
2460554
2381412
2360168
2423429
3341419
2196729
2102578
2297137
2963261
1954213
2840861
2232835
2727563
2552487
2808019
2618163
2994008
2542737
2270672
3308946
4613396
2698981
2465388
1788580
9093520
2448372
2244144
2491587
1921946
2561198
2108053
2614165
2371913
2610124
2488669
3552676
2737243
2810317
2314179
2289503
2893122
2036194
2568406
2446693
2867304
2613842
2118997
3323337
3414995
3395581
2306527
1785987
2284859
2572459
2484789
2593083
4749415
2581146
2777600
2684117
2796782
2456683
2258024
2249630
1770618
2521188
5081580
2286771
2395877
2555340
1981226
1677916
2723160
2697283
2009675
3851365
1695811
2268315
2493620
2118047
2174349
2400243
2418912
2245996
2581696
1934553
1961398
2486962
3799699
1636289
2310867
2446090
2253096
2438616
2983946
4061593
2779961
2372885
2502018
2250572
2886526
2626612
1964087
2212035
2420502
6913496
1901706
2058041
2559220
2504381
1872582
19234465
1842189
2010496
4378167
5497780
2442811
1981005
1767438
2313113
1851529
2512995
2093838
1886706
2226063
2496836
2532820
3069527
2234165
2051581
2768799
2748348
2091625
2032856
1959919
2454202
2382759
2691980
2864792
2447755
3586524
2920607
2746831
2318628
2321498
3915265
3903963
2861145
3415264
3153521
3754700
5753881
5892481
3489758
2911954
2571078
3001239
2794300
2538730
3148678
1884980
2497426
2509202
2450522
3169076
3695389
5144323
5278717
2425494
2831233
2909813
2974150
2994393
3104376
2214621
3253857
2051385
2886794
3035382
7825678
3502624
2677685
5083847
2428352
1850279
2536092
1826973
2279146
2742950
2298212
2803389
2505847
1976212
1814338
1927328
2100774
2647550
1618612
1875171
2649194
1933437
1568697
1556893
8307536
2192496
2041729
1742766
1805315
1592583
1436516
1512373
1836454
1634857
1531090
2035175
1995526
127841
1170708
1427804
1844596
2237044
1389741
1533327
930630
1310442
1430084
1456034
1440592
1500194
1048494
1549421
1174019
1479526
1075880
1888177
1432977
1816822
1318887
1362305
1713859
1038444
3376313
1402419
1425797
1325960
1286300
1333602
1226885
1318455
1331645
1530761
1267314
965392
1582803
1475424
1653812
1369078
1201415
1587876
1949260
1145605
1483990
1902554
1657960
1378000
1604700
1331668
1582829
1617627
2519438
2094621
2448237
2077978
4854798
2533191
1967285
2399880
2818132
2780447
2709659
2710469
2757011
4262343
3286029
12992442
3884971
3153412
3219936
4198151
7406099
3159420
3186054
2786385
3023598
2996274
2797968
2903747
13811448
2996116
2944322
3481244
3840653
2996516
3064317
3619324
3247718
2686091
2631468
5014280
2719378
6869248
2421603
3556227
2154972
2813239
2913803
2679883
3297468
3538127
3242948
9863197
3045891
2893367
3028976
2657728
3034015
2778015
3349480
2269901
2790826
2692367
2037384
2637837
2773999
2327655
3118688
2960814
3798609
3469197
4395254
4101315
2158340
2614269
2611120
2097291
2701619
3378347
3926700
3601830
2210755
3270985
3330869
3142532
3147821
3284798
3525598
2740286
6791838
3137593
3506359
3380086
2715593
7231919
7653649
3262519
3667461
4601031
4472919
4233745
2916609
2568454
3507023
3085203
3321962
3622854
2709076
4085528
2791354
8282493
2665760
3618617
2835698
3791125
2453575
2885708
2874515
3772688
2657096
3253062
2859496
2940809
2613945
9768116
2946660
2255923
1991689
2577306
4574401
2470407
3042059
2078757
2663261
2741671
2519795
2625682
3075389
2417335
2294873
2131225
4349748
3223906
2789318
3016449
5331861
4723551
3472199
2138630
2370426
2472222
3618007
2717047
2045727
2248598
1872968
2425150
2615898
2050470
2194649
2901959
2180266
2386589
2309883
2121749
2154022
2146286
1775311
2473979
2766213
2214408
2463643
2596944
1871132
2701845
2864131
2130211
2034833
3796122
2389307
2572448
2409984
2370247
2421069
3051876
3026259
1899753
2121618
3008982
8580055
9193646
1995934
2121503
1810828
2310961
3468058
2392808
2544641
2329321
2162826
2713346
1867285
1885143
1895414
2018005
2005112
2876564
1768935
2342127
2478051
3408020
2009101
2101522
2420727
1713383
2350354
5493801
2183707
2645012
3093546
2919935
2760100
2046948
2426406
2314303
2698653
1971853
2104636
1453386
1797798
1898396
3022688
1379551
1320191
1920605
2180587
1735420
2017926
1870936
1817828
2070305
1869351
1522602
1556582
1537510
1873422
2025647
2263399
2108228
2047431
2125672
2241171
2435606
1968374
1441851
1291711
1954370
2680989
1822552
1809517
1537316
1921928
2454006
1768225
1438139
1578911
1635778
1892924
1488652
1703383
1719843
1249567
1774323
120392
1997186
1966985
1708580
1861912
2214812
1882287
1934086
1727867
1470229
1745265
1560948
1128841
1775526
1325237
1831489
1761788
1724317
1708028
1026576
1682796
1662464
1486220
1278329
1648695
1098849
1582331
1145108
1362657
816430
1156425
1179499
1379443
1273639
1155129
996057
810065
951422
868235
1301295
1169536
1347149
1151018
959130
1005087
730525
1078403
1235536
1126443
792684
915991
1202094
1371082
1086766
1130232
944116
728113
1061714
901442
1200909
1234028
884130
809224
1017832
999552
1097860
1000474
1393218
1344333
1266076
929394
1123373
871228
1160997
1399471
1286357
1096927
981313
1176796
2778107
687394
943504
957749
653023
942798
1385598
828240
1225916
854168
1420413
721490
839200
733468
890643
943501
675948
942433
773792
1211135
830170
697611
918335
848345
773572
984791
729859
657160
920118
939909
1038832
786147
827572
606449
961533
858580
873039
1378092
1572164
1134105
1037382
905338
615942
1040756
1047287
991140
1071748
1160331
998402
1166786
1187948
794547
1131283
769806
1125990
794794
1379694
810385
1045959
959577
1081163
1109786
1160328
1123974
1135973
1075534
1286640
1036206
1001174
742643
702458
685445
712814
851698
790042
945237
961547
596380
620062
938832
992455
932131
900277
788912
1112182
1032944
975297
1148887
628108
1179099
957179
798777
1117531
861038
889445
99192
990471
1184035
1202137
863329
905285
1067975
1067826
927850
1041252
752509
1011072
1471979
1061900
747092
1142490
840655
1161552
828787
1150081
1351752
1168739
1231912
1492823
1284620
1309527
1472026
1251163
1264716
1247179
1282732
1376623
1759087
1217795
1337429
1203555
1292186
1181724
800023
1383463
1529500
934675
1299188
1326300
1379504
1080938
1117143
1115168
1075163
1236062
1011387
1160254
1176624
1266416
832462
1005908
857044
1054629
947490
1411951
1271927
1487204
1183902
1314551
2000656
1479736
1401198
1619746
904995
1199826
1431181
1348619
1102646
1698203
1666097
1743984
1577612
1176533
1334400
1294975
1357858
1361270
1015507
1048450
1335151
1561717
922838
1066082
989642
1348827
1466715
1284641
1547158
1173280
987975
86592
1282805
1355255
1373887
1220507
1293609
975943
1573627
1725690
1433141
1126267
1535045
1487607
1663281
1738142
1452139
1445222
1466505
1639855
1530602
1363179
1048382
1223877
1230410
1649544
1255403
1969077
1551473
1227141
1173667
1300413
1756636
2709349
1345640
1267294
1785320
1755435
1483852
1389923
1159780
1613584
1252471
1409097
1238436
1626345
1868566
1673652
1595727
1564211
1261457
1371719
1277015
1603280
1992645
1748900
1620817
2124959
1720627
1476866
1693535
1377202
1734631
1800249
1608548
1621589
1373593
1685125
1492489
1185937
2025065
1752350
1572355
1446404
1702331
1916810
1271445
1861859
1571353
1696690
1481722
1478913
1924265
1196300
1432565
1532116
1765903
2005489
1251539
1478105
1668061
1742310
1827132
1310604
1705191
1928230
1329724
1361904
1851511
1146060
1809400
1807436
1664554
1637822
1670936
1721045
1764801
1631245
1465449
1689201
1500830
1956156
1309082
1501591
1859003
1385536
1754521
1346413
2013303
1706135
1736803
1673738
1270229
1649237
1721040
1182081
1781689
1703660
1511477
1263801
1670892
1605856
1486837
1249184
1397535
1925978
1851486
2033790
1904741
1450868
1557835
1193287
1139559
1134328
1279184
1660600
1408294
1572220
1277575
1874316
1657617
1479884
1722055
1764017
1586222
1629251
1336421
1594074
1588782
1262378
1662644
1829592
1693683
1381469
1540945
1663504
1839986
1448229
1850508
1528752
2133336
2679463
2295972
1431790
1481816
2106628
2099283
1906098
2004416
1393126
1762378
1671296
3285859
2015259
1585982
2300925
2049352
2812951
1440404
1731802
1951913
2907935
2281260
2477954
3738725
3936982
2817603
1581281
1944794
1952761
1696519
2529374
1861714
1228310
1602707
1946010
1623504
1319809
1345330
1639281
1263655
1702867
1569802
1685327
1796597
2044465
1928545
1894839
1469953
1707043
1410658
1440295
1871316
1455633
1483780
1491607
1342216
1620271
1928482
1304710
1916277
1641205
1921986
2252582
2389473
1670098
2058498
1436733
1449918
1647809
1393091
2135283
1951365
1415032
1746112
1821800
1924943
1747821
1586574
2740904
1463080
1612369
1887924
1319297
2033384
1829653
1482491
1758276
1506339
1650014
1342921
1305396
1434938
1748616
1330884
1330394
1903935
1411429
2003668
1595670
1344540
1821249
2294833
1932355
1695524
1576329
1446469
1953522
3838980
2280423
2070640
1343272
1873322
1522461
1838509
1436265
1825741
1849727
2703678
1967433
4880925
1675731
2508431
2185300
2441276
2717114
3707243
3210138
2683473
2614225
2717619
2630033
2352138
2140488
1631054
2122091
2302199
1717254
2056116
1807533
1890723
1803736
1805786
1970492
1909435
1452390
1392461
2024557
1873636
1583060
1498772
1563570
2078681
2126903
2172821
1852840
2110219
1690756
2213719
1914607
1555260
1746904
3806756
3233650
2028288
1717338
1729333
1492142
1387043
1787900
1090662
1964821
1234027
1083523
1582298
968886
1110958
1403553
1151148
1914961
865660
973960
1464262
1093459
1442020
1611643
1328054
1366446
1299971
1242394
1433684
1052522
1138235
1454439
1195222
1349085
1437937
1143169
1922905
1092407
1084119
1692495
1509406
1102708
1715287
1572920
1165305
1479143
1529410
1323810
1592239
1566988
1421322
1475470
1338721
1852905
1675238
1524545
1231774
1145478
973050
1488942
1397629
975410
1527468
948066
1428138
1494630
1587688
941251
1305831
1640073
1420833
1000336
1336646
1350064
1438167
1662843
1715481
1428360
1374341
1377157
1084008
1266686
922962
1340349
1289486
1371179
970170
1192641
1400327
1266027
1027902
1230855
1375223
1288045
948382
1198320
1299682
1452978
1242033
1299341
1144813
1221728
1197416
1123692
1200718
1219514
1160283
1102459
1257420
1154470
851240
1423926
1182226
1014726
1291611
1529353
1100143
1115970
877571
1200418
896709
1230033
1041793
1075332
878433
1209151
1202818
1057946
1254854
977503
800013
879524
778606
1073813
1062405
1351214
936918
996227
1122339
1246973
1073650
1111189
