2471
3886
3847
5078
2618
3158
2382
2934
6126
5571
5148
4564
5000
3994
3779
6068
3660
8811
3889
8208
3826
7734
7572
6771
4625
7646
2360
5935
5250
5555
5227
5088
3118
4061
3188
6028
7307
3810
9103
5165
3863
6350
3563
3862
5027
12362
18773
3099
5633
10318
5076
4339
4452
5832
4736
4593
4598
6093
4108
5637
3778
3688
7232
3531
5217
3184
3916
8544
4788
3972
8209
5309
6790
19339
7207
3594
3125
7044
8430
6492
7492
7079
7174
4342
4045
3147
4200
4443
6790
4981
7308
4411
7084
3820
3788
5281
5145
4700
6852
4551
7298
7239
7212
5821
2008
6095
2247
4494
4580
2676
4350
5156
5368
8619
5686
5531
8004
3412
5493
1681
5929
2791
7015
8915
3806
7816
7072
4244
3496
4636
4495
5467
2930185
5235
3574
4093
4583
5284
6011
5450
4125
4252
9682
3939
3516
6747
3949
3462
5993
6135
4605
5689
8939
5663
5778
7853
5201
4226
3873
2806
5324
3846
6848
3436
5149
5651
5134
8313
4212
4596
5972
6004
3278
6885
9029
3075
6154
6767
5361
6932
4789
7743
2991
3601
5126
2382
9058
5881
11261
10890
6036
11563
5501
5874
8955
2591
3451
3951
3364
3745
3594
7173
3670
3815
6248
4937
5178
6553
2476
2697
2243
5426
2783
2832
6852
5922
5097
8267
5702
3386
2744
4480
2909
3422
4738
5531
4193
11056
4271
4207
3266
5609
3478
4090
5584
10785
4437
3294
4310
5510
3581
4387
6501
5617
7196
7125
3891
2511
6343
6246
8835
5976
3433
5937
5014
5019
8218
3014
7658
5335
5785
4618
3550
4340
6778
4975
4140
2777
8917
9171
3867
3649
5858
4765
3311
6568
4090
7204
3868
3588
4788
4238
6404
4187
3521
5316
6474
9371
4195
1116
4186
3082
3381
4356
11031
3042
7595
8350
2924
4566
4890
5630
4797
2806
5557
4040
2972
17849
9201
3467
4379
3180
6946
5942
9995
3569
3034
4367
8564
4713
4607
10917
5544
4355
4271
10728
7512
6245
5426
5087
5928
7751
3239
4444
6840
4696
5734
7283
18796
5136
5597
6609
5542
3073
4717
5520
4542
7007
3137
5514
6027
11688
4187
4585
4990
3362
4872
3505
3339
4111
3042
5042
3117
7167
3759
7036
5384
3034
6872
6018
2619
2508
3642
6545
3970
7570
2586
7787
8869
13009
5099
2883
5939
6082
4504
3717
3875
5767
6436
8796
7648
6417
5609
9226
3366
4777
5934
7047
4485
5827
2004
5640
3245
5002
6199
2682
7671
8047
3025
3085
3719
5115
5927
4312
4231
3099
7427
2765
5546
4023
4501
5248
4620
6079
4402
6505
5559
3194
3282
5504
9912
4692
3815
2702
2751
9715
3129
3625
4524
5927
3804
2401
3385
2893
3094
5503
2817
2862
4151
4765
4924
7174
4951
3773
2864
41931602
2152
4159
21163
2642
4670
2908
37229
2974
2905
13721
4197
4871
46410836
7048
14571
1976
23895
3998
45467980
3098
3161
3710
3243
3476
3465
13045
3681
3082
45583924
3418
41833641
4240
51955858
4269
4088
2498
4909
4060
5198
4004
3063
5199
35146
4982
4352
50177270
5971
2912
21763
4158
4114
41359160
3593
3794
21521
3785
3489
53164204
4415
6317
3480
39529837
4823
3878
4185
19368
3871
17344
5763
2257
2957
45082515
3608
3037
4123
3225
4715
45342678
4872
3053
38496034
2896
4224
15268
4463
4065
3752
45627014
3565
5576
3207
4449
3895
4252
2995
3905
4114
2273
14628
2913
4356
2930
39067938
4741
4016
3891
14668
2836
3556
2923
2692
4823
3871
5565
40449910
3133
4436
3711
38524807
2746
40992873
2659
3532
3274
5228
6030
8863
2933
7917
3216
7599
8408
6903
5169
6820
3637
6368
4272
3531
5980
5408
3249
3321
5588
9732
2351
3584
10310
3302
4223
22342
6697
5847
3291
2407
4564
3739
8658
3436
7108
4770
6300
6294
6684
6165
5281
11941
4653
4836
2999
10711
7062
7477
4780
4766
3771
4565
3877
5337
5019
3127
4635
5087
3644
5763
6278
5401
3904
3806
3458
3864
4800
4679
4250
3887
2894
5975
6364
5469
8811
2991
9061
4488
3118
6390
3044
4903
4654
5694
4863
5095
4309
2908
7042
3272
4309
4234
6965
8203
8932
6061
3916
7074
5414
6070
6136
4136
2671
3823
4960
5123
3357
5426
6529
8177
6020
4623
5576
4382
5905
4260
3408
4182864
3542
3043
4562
4111
3781
46584327
4025
43483479
5255
9359
2671
4320
3302
4692
5514
4198
6671255
4062
52320438
4049
44327873
4600
4525
43660741
7321
4547
5089
3879
4371
4277
4661
49134105
4726
3182
59663558
6121
43416315
2455
47080354
4149
5614
2775212
4823
40549529
4366
3006
58344649
3444
4319
4608
2465
3882
43954474
3288
3531
3198
40674293
3274
42244047
3800
3849
40398527
6621
17985
3834
8852
41841964
6698
6332
2777
3376
3615
3823
2870
38914204
4262
4078
5594
44909492
3813
3207
39412210
4526
3674
40851337
4221
4011
4215
4341
5155
4394
2459
9312
3395
45527339
2788
2765
3252
4195
2700810
7429
2856
4439
64172672
7540
3842
2676
1995146
2897
5211
4120
2832
4846
3691
4237
3323
41662529
3210
6240
3951
4065
45070805
4001
53603731
3864
3529
5325
3883
21530
4311
15571
4067
3573
47858915
2531
3745
4513
4712
48103350
4948
4957
50378646
4088
45962155
6873
4511
3130
2132
46064984
3635
4591
3801
6982
3119
5141
3137
19256
3152
39252
4875
24581
2796
46595036
4380
42931243
3274
41610365
4769
38185760
4204
3133
3927
5057
2710
4035
40498295
5782
2855
6834
2873
3633
5568
4344
3876
4886
43955624
3910
43592099
4823
5904947
3228
4565
4310
5446
5155
2124871
4443
3729
2955
5049
4983
3133
3573
4783
46058813
4388
2768788
2800
6480
6400
45533895
3972
46599333
4559
7651
4201
42588070
7186
43913928
3115
4440
4232
44479087
3100
48138454
3174
3875
46722077
5332
4013537
2639
5626
37193287
3984
3224
8970
6729
1975
4525
3788
6087
3816
5943
12672
4954
5279
5572
5543
3336
2578
6467
4753
7136
6843
4071
5390
5778
5188
3718
5091
4067
5395
4654
8015
3429
7384
4371
3064
4042
4725
2993
6536
3352
4458
2642
7473
5076
9635
4504
7478
5707
4401
2881
3521
2994
5756
4775
5644
6237
7363
4306
3442
4037
5996
3094
2710
3188
9825
5397
4572
4488
5445
5095
4537
3320
3455
3918
6104
3342
4303
2954
3891
5590
3202
3562
4901
3119
7731
6795
4744
7090
4697
5828
5606
3787
10063
5516
1779
8357
5946
4282
6469
2705
6154
44480
6802
6783
6881
5269
3405
5465
3573
3742
4975
6421
27019
4972
6444
3980
6479
4597
3949
3946
7008
7299
4151
3631
7234
7165
5043
5528
4540
3601
3180
2468
4784
8329
6450
3175
11031
5026
6935
5509
6861
5547
3518
5268
6255
5314
3024
4356
7142
2522
9719
9379
2830
6138
5290
3703
3151
4098
4501
4550
4913
4492
6641
4489
4908
5340
4453
3455
5006
5367
3503
6153
4038
3196
5706
3743
3658
6497
5898
5218
6875
4162
4916
5982
6203
6171
8408
2818
4662
3002
4446
5940
9210
3829
9160
3385
2441
5284
8145
5157
5753
6983
5894
3786
5172
4356
5601
5517
4919
5794
3737
5195
6601
2901
3379
3308
6226
5508
2359
5663
4983
5023
3428
5422
3837
3337
3838
4903
6496
3968
4016
8720
4488
6922
3611
6335
4710
5440
6607
5661
5599
13202
5455
2851
6484
4983
8375
3589
8238
5015
5137
6918
6142
3155
4837
4369
3064
6313
21667
3414
4997
3850
3951
4458
3291
4529
7905
2636
6150
7596
3903
10424
2179
7061
5620
6345
6727
6374
9838
5232
6424
5932
7099
8693
3771
9343
5237
3235
5116
3533
6408
5867
6647
7022
6949
3479
4966
2982
6504
6350
6069
3388
2613
5870
5753
8083
3292
5020
2786
12240
6223
5393
8217
7456
3091
4794
5189
3089
3577
5775
2923
6735
3259
3575
8590
5426
4934
5036
3512
18314
5697
6481
3472
7919
5591
5425
4902
4476
6836
5751
2482
6535
5262
5027
4917
4805
8009
3957
4916
4907
3072
8667
4353
8510
7726
4902
3271
4480
3852
9576
4646
2234
5201
6031
3938
6160
4349
3741
4809
4293
7194
5481
4579
5363
5527
3973
4011
4139
3238
11402
4625
6789
2506
5266
4852
3304
3642
4017
4977
3817
4564
3413
3449
3603
6434
3234
5753
4199
3775
4879
7662
5202
6024
5766
3712
4691
7251
3217
5516
4382
4698
2986
4291
3378
3298
3903
5422
4092
4221
4067
2884
3686
3312800
4677
3537
4176
3297
4854
3079
3081
38620102
3527
4183
5779
2293
3506
16542
3108
3815
3768
8051
2739
3706
3549
4118
42591770
3732
50874680
4920
4967
4314
5213
2874
3299196
4586
3186
2971
3797
3389
5326
42689401
4148
2529
3758
1960
38649140
3789
2912
3206
5768
39235761
3530
3903
21512
45216295
4127
3735
5011
3657
5052
37989945
7621
2814
6992
4580
7243
4771
27822
2273
5530
3614
4305
4636
3131
5750
2479
5334
40907989
4317
2350
4341
40489129
5410
3072
4481
26710
3218
5699
475060
4394
4957
2640
4859
4170
2908
6622
2583668
4913
4670
5235
3389
4260
5643
37419
3594
2057
3484
40055991
4112
5076
36777843
3473
5392
59314986
4977
4855
5442
3258
2764
44038372
3120
4162
3547
5483
3026355
4683
3166
3025
2654
2540637
49084409
3504
4189
40152923
3375
4900
3473
4272
40019487
4183
42160235
4672
46489738
3391
4895
3885
4756
4055
3521
41210271
4420
3315
39927857
15965
3430
42528079
4746
2714
42670102
4443
3286
43682673
2255
3985
3224
2680
45019183
2387
2304
5374
4060
4599
1160
3694
6476
5161
3163352
2446
4387
2893406
3651
3214
4293
2877
4217
3993
4851
4095
4803
2836
5755
4300
2541
3483
3324
3549
46990871
3759
4663
3621
3540
3027
3102
5639
3945169
4391
3115823
4015
4249
4242
3467
7150
3690
48253742
7409
3753
6811
44021722
4289
3004
42683792
3714
5096
45633657
3032
2594
4686
3668
3084
2936
41226690
3345
4658
4921
40944974
4861
4273
5439
46378253
4435
3436
7386
34616035
2407
3715
3743
4709
9715
2931
8649
43087108
3016
41177673
4018
2888
5210
4295
6651
6067
4035
3552
6126
4375
42771617
4871
3113
3857
3362
5829
4329
3486
4164
3511
3123
3876
4444
8578
4262
3993
3795
4616
3912907
3083
43196840
3098
3583
4134
6560
4652
5886
40384114
3403
3951
42121158
3661
3904
2442163
3138
39962386
4070
4146
7742
3533
3158
5411
47508304
3853
5067
5224
4125
5549
46868713
3420
39769694
3668
8954
3802
3129
3922
51084220
3514
5650
41637194
3140
4091
5271
6525
3268
43100904
3720
1730983
2087
6920
1717993
5439
3442
3798
3573
4036
8856
39488578
3212
37392557
4353
3305
2752823
3289
43952416
3345
39393950
3239
3580
4278
6455
4350
4130
38204305
3290
6169
3540
3316
39892955
3923
5377
5383
4869
4865
2909
4827
3566
3309078
3520
3604
6519
3178
4753
3761
5228
3715
5087
39708969
2593
4952
44251272
3720
3921
4406
2470
43223673
2803
4521
42356699
4278
3729
4918
3847
7526
6385
4709
2904
3669
2764
4318
47165823
4702
2978
7064
46263255
6007
4394
4928
3720
46722548
3686
4647
3356
47972770
4117
42575839
3869
2504
5821
3189
46022734
4652
2627
5076
48448442
3821
45260250
4263
5349
3253
1592
4320236
3605
4128
5274
3422
49563652
4554
4424
6248
3043
5095
4522
5796
4143
3878
46653294
4352
43679492
2954
55665227
4675
46371220
6451
44136425
3366
41688837
4861
4303
3170
5589
4081
6359
3144705
2272
3643
5529
3349
7159
5188
1582
3643
7286
42120659
4217
43381397
4447
47890723
3000
4011
4370
4048
5067
5997
4271
7067
3123
2821
3390
42394968
3450
5944
4268
42705437
5962
4389
3478
39046846
3686
4037
42101819
5827
3286
2278451
4341
42972903
3542
3772
4830
5669
3059588
3861
2324
4945
2366
2398
4087
38475990
2852
4795
3424
2449371
4427
3062
3759
3223
5888
4170
37519489
3245
2628
42066054
2852
4526
2712492
2281
3882
40780982
4238
40897309
4202
2874
37144061
4294
6057
38504174
3454
2931
36560308
4120
35811496
3577
3762
38635283
4619
3602
35396745
2830
4701
38993135
3581
35091422
4306
3992
4333
6180
36735747
4302
38741052
4263
4156
2213
5266
3850
7219
3243
4325
6693
5753
37606584
2708
3964
5421
36929819
3532
5732
3672
5657
3224
4026
4208
38536991
2054
2753
3658
43875974
2935
2314
37898707
4568
4941
38441195
3750
3725
8021
5898
40290585
4308
3310
2479
43630853
2439
3335
36775067
4805
35037566
2139
3277
5060
5222
40908
3921
27130
4447
37129972
3254
5637
3671
38341339
2565
3183
4150
4905
3705
3122
3044
4628
38158656
2824
1795585
2601
3966
45882474
5184
5004
3973
2217776
3435
42007708
4043
47929712
2602
3063
5129
3293
3696
39461051
3226
3889
3454
4751
3872
4574
4684
3304
4376
3342
3879
5417
3725
38761601
4199
4516
4535
3690
2324611
3347
2577583
4734
3760
3708
37846594
3271
5554
41578178
2951
4897
5595
1959
2446
47350422
4150
3945
5295
2982
2594
19289
4425
3318
3868
40097235
4891
40181402
3905
4911
3377
4552
38162091
4679
4240
38962270
2768
4082
29592
4842
3868
2593
43269972
5092
46112720
4520
4842
3382
5265
6100
4311
38065339
3831
42946412
4712
3388
41604989
4537
3424674
6175
43437227
2636
3513
3303
2764
48063355
4023
3008
3329
4670
4292
3406
36555156
2671
4372
5281
4152
7415
3177
2008
40846981
6993
3931
4228
38230156
5643
4578
41769181
5784
2895
3455
2073061
2726
41844329
3754
5364
4465
4438
3274
41922346
3212
37930744
2999
4766
5139
3577
4650
3638
5833
43137957
2334
4666
12918
43242923
3173
2672
6177
4708
6683
4064
2545481
3330
5852
46082289
3826
3590
4245
49846778
3888
4366
4127
3680
4659
9312
5333
4050
8329
4636
5561
6157
5194
50882557
2774
5233
4570
4207
3301
4126
2865
5028
46751397
4110
50583825
6118
3055
3165
3683
3402
3927
19932
6619
46560954
5233
4513
4091
50992465
3531
3075715
7124
4518
46107148
3793
4492
3483
5543
43304164
1888
43183081
5561
41121195
4223
3984
3353
4846
4989
3390
5287
3209264
3665
3287
4195
3344
5009
3894
6160
5136
39717531
5589
3168
4031
3977
3657
3228370
3988
4338
3214
37058254
2947
7933
3393
4071
3474
3890
4825
4908
3842
2519
2428
43777485
5675
4129
4965
42045065
3765
44341864
2740
41688478
8612
4831
3882
4540
4916
3221568
4544
2333
2839
4346
4719
3318349
5971
4721
4964
4454
3003
3498
3712
7860
5742
7317
4795
42402742
2427
4518
40281343
4041
5640
2807
6539
87551
3314
5061
38475197
4783
5088
3821
4749
2637
4768
4571
4264
4540
4077
37777661
4016
4491
38574376
5255
40975039
4752
6397
3917
4527
1866
3012
3162
4778
4812
3804
3409
5285
40625639
3405
44826357
4940
5673
3302
42466281
2510
3383
4974
44593118
4280
3858
2989
3017
38583629
3524
41869504
2893
8108
5187
4527
4039
4149
8197
3296
2611
4532
5567
4953
4025
3968
4361
2817
7590
5204
3731
5851
4421521
3829
2654
2561165
3345
2861770
5244
4806
3474980
2956
3219
3536
11747
2451
45223635
4752
3532
3745
45382885
3296
45080087
4293
45077710
4760
2519
5796
3231
3207
3425
3236
2365
3026
45447749
3528
4597
4525
23460
5593
3131
3799
37421357
2331
37270545
7487
9543
2779
3465
1578
43939106
4049
12264
3056
2766
42251026
3453
5242
53242774
2429
4856
2849
2965841
3044
3599
39877991
4226
8303
3834
43314710
6007
6628
3596
42973628
2879
4273
3973
2507
49824474
3006
38446691
3840
44321931
4708
4082
3549
4398
4027
3175
3689
3126453
3913
4254
3557
34779636
2926
4523
39528467
2482
3534674
3509
55460444
2408
2523
4136
7392
8603
5348
9367
3633
7168
6486
4191
6181
4409
3937
5089
40922572
5059
42683995
4236
3426
2504
3897
44387858
2382
4019
8341
4439
5216
3326
4842
6674
5321
7564
9510
6779
4845
4374
6006
7662
3712
4102
8229
5256
3875
4758
4195
6649
7022
6843
4813
3160
6229
3132
6625
7867
3443
4026
4712
5541
5892
10197
4307
3116
4295
4071
5599
4376
4863
6297
6421
4264
6120
10257
7628
3704
4550
5594
8423
6503
6347
2917
2600
4872
4044
6313
5386
6739
7536
5099
5394
2826858
4237
2820
4040
5498
4362
3650
5354
3907
2681
5153
4274120
3339
2979
4788
2894
6212
3126
38376259
3477
42448736
4816
47812193
4323
4313
48721602
4879
3531497
3779
5580
47550571
9191
7810
3740
3502
4562
2257
2997
11472
3336
56446486
3800
3857
4678
5427
9299
5785
6938
2244
5669
6370
6131
5123
14579
5057
7965
5701
3657
5964
5858
5226
4124
7093
4765
5262
3607
8162
3124
4901
4635
3221
6445
3600
7702
4142
6659
4932
6754
3576
8064
5692
4613
3655
5637
5726
2617
23030
2338
4823
3780
3108
7302
4755
8252
4096
9476
6227
6070
6710
4507
2154
10064
5753
8163
8698
6192
4442
5594
5381
8175
4819
11324
5214
2812
3733
2431
3924
3594
41961714
3922
4135
3502
3914
4965
3297
41309152
5141
3620
2776
39712102
4619
3903
5449
4173
3933
4033
3655
4585
4912
4567
3953
6374
8082
6848
5387
2883
5341
2577
7124
3371
5739
7949
5974
3816
5514
5211
8258
4549
5683
4069
8535
8067
8582
4016
4915
107887
5357
5008
5269
7499
3622
6307
3867
5498
4608
3738
7665
5844
6253
7804
6522
2765
3311
3901
4732
4207
2923
5580
2695
5172
3672
3401
7785
3403
4597
7348
5785
5269
3761
2639
4483
7709
2109
4020
6018
3901
3609
3732
4385
3781
4892
4927
4280
3426
6279
10505
4644
5760
4444
5726
5155
5831
6041
4255
9437
2788
12647
3993
5616
5355
5954
14965
5128
2854
43066350
5757
5172
4001
40050948
3471
3732
4758
3756
4084
3288
6636
3753
6639
5416
2561
51304138
2892
54231032
4296
4762
2894
3081
3034
5530
3390
5822
4485
6088
3571
3977
4186
4031
6080
5669
4635
4723
48558325
3407
4891
2958
6190170
3012
4379
3404179
3724
7970
5069
9515
5835
46257625
5016
5159
3991
20566
3455
3559
4150
4736
4274
3856
1501
50023859
3374
5739
3013
3537
4164
4621366
4075
2714
47569757
4761
3187
4592
5313066
5654
51332183
3491
9526
41817814
3381
4037
5159
6032
3674
36615894
3573
6973
5630
5390
4985
9257
5599
6167
7574
3495
6578
4301
7056
3899
4266
6156
6749
5672
8508
2664
5765
5704
4708
6079
3413
5915
4465
2241
9482
7293
3814
4142
6362
7369
10811
3820
2678
6507
5994
6195
8106
6930
3882
5692
7787
5010
3250
7262
7457
5109
3610
4858
2062
8953
1946
3030
3439
5495
9709
5864
8704
8010
4678
5490
5564
7947
6118
4943
4020
5264
5455
6667
2575
7870
4526
3343
7627
7850
7654
2910
5985
7078
4682
7445
3603
8163
3016
4093
4133
15740
5835
3581
9445
3070
9076
7974
4539
7485
7110
3712
6569
2548
5775
7778
7250
3054
3948
3141
3137
6810
4893
3664
13883
6188
8613
4745
4849
4526
7714
3360
3382
7493
6705
2856
6231
3742
2001
4983
5735
3735
7404
4515
3076
4969
3018
2901
6173
5594
10125
5999
4832
8431
4744
5400
4355
6120
3193
4351
3514
5435
5493
4375
6305
5279
4395
6116
2497
5543
5322
7673
6040
5167
6119
2758
4734
4888
3690
8710
5239
3564
3461
3244
3354
5309
6125
2171
4684
3157
4933
3088
2982
7198
7770
5366
3971
4243
2826
3570
5621
6336
5379
8051
5119
3446
5400
2703
3343
4688
3894
4918
59982234
5709
2855
3553
4428
5286
3954
3822
3913
2332
3799
4960
3906
4453
7160677
3082
6139
4930
54956245
4685
4819
3651
46197721
3722
4031
3073
48845842
4007
3154
3100
5853998
4538
3956
48174677
4100
3471
2952
63650381
6221
3677
3902
4047
3933
51916690
4274
5103
6848
4805
3815
4067
2189
4035
3125
7622
6274
3499
3065
6203
5512
6996
2532
5032
6185
3456
3105
9682
9621
3565
3755
5617
5296
7599
3092
7699
6592
7531
4485
4600
5929
2993
5796
5133
4570
6688
6699
6018
5979
5701
4721
5372
3645
6251
4900
6430
4006
2503
4174
3289
4610
3615
7225
6463
5230
2427
5710
2889
6495
6212
3686
2560
5178
4305
3101
9727
5622
3288
3725
4069
3049
5856
3667
3546
5713
12719
2829
3531
4873
5705
3961
2943
7140
3238
4142
2476
3642
3925
4126
4532
5097
7715
2901
6340
4888
5670
3027
4773
21256
7034
12639
6021
3358
3327
4664
3677
4402
6810
3553
4417
5731
3070
6197
7484
3467
2722
5101
2829
4856
4685
4608
3338
3678
5646
6952
33601
4340
6991
3883
5202
3409
3215
4605
3580
5161
3829
2742
4777
3410
3674
6097
3294
10547
3074
8400
4741
3287
5600
3287
3480
2862
2575
5059
6045
1999
3405
4918
5510
4681
7561
5077
4226
5448
4139
6358
7002
4059
3009
4431
6495
3369
6548
5486
4622
15780
6908
9637
2918
6089
3978
3465
4597
3475
6892
2852
4161
5131
4696
5679
4333
4457
5123
9302
8800
2008
4169
5545
4835
4903
4452
7358
5609
6086
3815
6052
4217
7924
4784
2639
20792
3628
2590
3637
5038
7647
4943
6658
3877
8641
3873
4264
3766
6167
2821
4432
6524
1858
4589
4436
7543
3010
4626
4165
6541
3272
6790
4351
5512
11080
5493
2993
4163
5461
8651
2228
5087
3603
3423
4051
4494
5772
6844
3484
4142
4539
3170
4343
4911
3125
4910
4141
1459
48173415
3632
3877
3685
3787
7243
3092
6939
6488087
3124
51347049
7613
2935
5059
4166
51524957
6204
5249327
3577
3322
4895
3188
4096
52482173
2412
3832
3079
5266
6702
58679427
3053
4051
2774
4442
4665
3184
3711
3032
3832
7575
3326
3963
3890
4412
11703
6277
10070799
5230
2872
5095
5150
3256
3505
3244
3694
48012922
3136
4954
5502
3748
4970
4155
3957
2587
2873
49977009
4289
4357
51913579
5212
64566906
3003
46703745
3311
6755
5492
64105122
4182
5973
2823
3420
3479
3699
4747
3971
3321
3978
5607
2648
5916
3513
11612088
5044
4890
3462
4619
4359
3040
3330
4165
55055041
3343
3166
3346
3121
3933
56509025
2864
3495
53385758
3619
3291
3786
3521
6700
5780
53608894
4722
4057
3088
46822899
3582
3712
7253887
4092
4154
5051
50548612
3932
3777
59978026
4949
4858
52464649
7845
3265
5012
3571
2255
6325
3678
4339
3399
3432
5090
4655
4840
5895
3342
3654
7443
2550
6640
2613
4582
3749
3204
4686
3951
4614
45767582
3161
4260
3788
3415
4512
3561
4153
3426
3882
55828355
4395
3096
4893
2603
4016
58337712
4658
3477
2932
2932
2811
6923314
7833
12300320
5208
4410
4931
3413
4840
4088
3555
6283725
7060516
3147
7683
3962
53251386
2798
2119
4548902
4113
46760684
3289
5505
56686781
4073
3022
4264
55581090
2898
52417887
2879
4428
6066
79209332
3024
4265637
5470
2917
5312
2830
3859
49114762
3822
3982
6682
5949
2797
3943
7660
2158
11124587
2721
4231
7241893
7319
5513
3599
3379
4524
3136
3894
5114
3727
3961
71493105
4954
4540068
3557
3798
4882
2734
4033
53999023
4322
55568927
15739
5116
2978
2580
2710
4489
5330
6758474
3422
6049
8743723
2660
4772
3775
2921
3633
2918
4828
4211
6230
5438
3937
7822
4436
2635
6162151
3454
4188
8207749
3558
4681
3354
8631
5088
4977
4168
3593
5253
2864
8262
4102
5902
17129
3306
3614
3869
4767690
2966
7784292
2904
8139
5512
3005
3801
49813389
6372
3997
4520982
2446
54484718
5140
81115689
3307
4662
4040
8252808
4064
2918
3265
6487642
3394
4034
7141367
3691
4182
4037
5324
3477
2917
7297
3864
5710
4301
3461
4547
4038
2743
6947
4035
5728
3797
3260
4045
3752
6622
4071
4387
2391
3814
73410650
2943
33511851
5062
4168
7548
71257
4586
3749
4317
5246
3032
5733
4937
4170
3685
3438
5554
1891
3936
3245
3186
7910
3437
4034
3534
3959
2494
5360228
4402
3446
3137
50749154
4194
3128
5881053
5319
5517
2477
6959
4557
5904
3415
4136
8620957
4024
7454797
3035
3805
3375
3599
4754
4577
3467
2830
4112
4138
5288
2827
4920
8141
3378
4323
3166
4397
3037
7488
3800
12406
5208
5975
5181
4788
6519
4215
7407
4115
2551
4719
7993
4591
4543
2529
2880
3497
4320
4738
6292
3220
7256
4881
1846
4046
3885
7901
3081
4619
3577
3935
8016
3986
2727
4244
4395
5976
6448
3399
6407
3835
3161
4534
3268
3448
3928
6065
3764
10155
3977
3231
3863
5148
5787
2863
3762
4850
4708
5566
3130
6248
3352
4041
4412
3438
6358
3367
4768
4204
5464
5625
3171
3585
4787
6168
4139
4826
2927
4627
8052
3361
7906
5233
7206
4207
9243
2443
8506
5276
5299
2753
8126
3279
4958
5296
4052
2762
3977
3488
3052
3201
5231
4489
9161
8150
2568
5227
6542
3768
3995
7209
4371
5981
4097
3511
3701
42427
2384
7838
5925
5108
4648
4489
3500
2264
4049
6008
3123
6427
3046
4377
3147
3404
5426
4668
4787
4504
3205
3879
3140
5960
4146
3177
3307
7667
3706
6601
4276
7480
6170
3336
4616
2977
3548
3389
3591
8718725
5103
5567
3558
4767
3280
2799
2936
3109
6026
4517
6211
4717
4057
3337
4408
2795
2911
50745831
3201
7078811
4193
4020
6526
2928
4540
5056
3115
3281
2937
3117
5248
2795
5484
5867
2633
3191
2434
8259
4744
6526
3337
3725
3439
3269
4384
4359
5615
5114
3371
7218
4371
4202
4437
4740
3887
3016
6126
6481
4451
4485
4049
5928
3507
3283
3838
4152
3081
4165
2985
3166
3356
4805
3685
4386
3003
2216
4839
12406
2654
4225
2997
5859
4172
49282798
3203
2782
5406
7252
4292
6512
4669
4598
48137514
3237
4234
4025
4645
5512
3368
5599
5240
5111
3029
6000
7534
3428
3213
4749
5957
9400
3091
55488
4263
4638
4187
3796924
4828
48585408
5878
3931
4725
3918
2907
5478
3593
3948
3942
4754
4657
3875
6922
2571
3674
4517032
4254
2920978
2867
3751
1894
2400
3265
41999145
4562
3359
3446
2466
3441640
5150
3130
4340
6380
4252
5819
3525483
3741
2214
5505
3510
3569
4766
3953
3382
3575
2677
4109
4929
3537
46641426
4556
3430
2442
3858
3663
3017
3912
4207
3191
2803
3647
35570725
5287
4705
3528
2892
4032
5294
5589
2876
3130
4075
3429
4041
2165
17226
4728
3102
4610
4763
3562
3036
3957
3234
4156
4406
3864
4827706
3743
4263
2996
6053
3887
5393
2281403
3671
5663
3510485
4681
5356
5925
4234159
2652
2980
3364
2972399
5642
49975101
2744
3744
4704
3016
4740
6150
4303
2247717
3358
2801
44933671
4133
3917
4888
3506
3978999
5577
4249
5077
48088421
2989
6094
3436
5569
4616
44731421
5432
4235
4051
5150
4153
6491
3968874
4409
3378259
2842
2116
3271
3181
4467962
2190
9582
5242
3734
3174
3919
5333
3977
3245
44546485
4161
52742146
2498
4181
47068368
2656
51275212
3642
2793
5321340
3327
61938895
3218
6007
53127175
4522
3915432
4375
3045
4735
1976
4383
4291
2225
3914
5017
2578
4118
5265
5602
45093983
4907
3010797
44787586
4973
5073
5079
6968
3495
7520
43086789
3957
3315
3948
5492
3901
3375
4553
3616
3349941
2218
47119369
2909
3666
3846
2384
6821
3578
3566
2056
3580
3239
4753
3561
6066
3332
53821738
4052
54273632
6148
45793201
3686
6846106
2906
43522419
4589
3920
3891
4136
4409
2958
49054491
5414
4761
4652
43091576
4570
3567
3196
3807
2541
6907
7308
52170932
3610
2049
3705
3391
5153
3544
57432606
3804
4324
3451
51549879
5448
5250923
2714
4125
48706449
4029
3229
4276947
6174
3264
7165
2656
6703
3826
3940
42387831
6358
6818
4011562
2646
3111
2893
4808
4520
47733929
3050
3740
4782
3374
3510
45850106
3572
1613
10383
3669
2666
3177
3863
3734
46643586
4210
8875
5333
3339
3356
46590507
3931
3535042
2492
5207
40788623
4216
2427
55515686
4688
20281
6684
3956
2960
2879
52387657
3685
3188
3410
7554839
3285
3478
3277
43974733
3050
4065
44496123
3447
4137
5232538
2775
4077
5203
2791
2651
4909
49935589
3063
3593
42513109
7085
2801
4090
3729
47245247
4586
45533733
3259
45254830
3001
6304
2798
46180770
3524
4158
3914192
2636
4025
4467
4771
3894
45234416
3838
47955192
5842
41994692
3621
3236
48207351
4051
3010
3666
45121235
2865
3325
3373
41752853
4397
56709605
4389
2580
3734
3151
3834
3083
40305905
3506
4566
3514
3651
4477
2477
4683
44405104
3173
3533
1842
2403
2230
3247
3188
4241
3534
4440
3077
2918
3525
4429
49268015
4029
7198
43477119
6395
3127830
3136
6122
2476
3734
20065
3838
5104
43054986
20231
46706919
3466
3380
3645
3432
2663914
3527
1935
5140
48598578
4244
5147
4216
2072127
2420
60457743
5100
2447
3310337
2420534
52462950
4336
4956
45896680
2546
5762
5340
5406
45450414
3209
49202042
5544
4555624
4510
5492
53400869
3310
53692667
2813
23073
3147
3852
45809299
4481
2917
4818
3573
3404
3534
3475
5547916
5695
44328945
4370
3751
52741476
2258
47826789
3986
5694
4762
2982
5500
2797
3846
4690863
3803
4093
7034
3659
2922
3427
5462
48704083
3423
3834
2788
42378049
5313
4176506
3638
3484
4698
4329
43473632
7000
3909
4508
49999630
4680
4914
4841
3794
5625
3891
4821
4045
57875762
3992
2667
3339
45464592
3059
3203
2543
4840
3539
4849
3776
3814
2574486
3917
43105230
3711
3159
5790
49948539
3827
3398
6112530
2600
52603848
4330
45899888
4845
4779
2959
4336
4003
4611
3788
4915
3288
5624
3806
4038
5077
2467
4081
3922
4026
45908797
4987
7011
5705
52764399
2801
4048
43090899
4938
4167
4244
46539392
3616
4015
3642
4183
3925
6527189
4139
44912961
5866
45020760
3652
4433
3602
46947735
2514
6053
4497
3458
3092
3953
51177042
4722
6345
3925
3959
3641
4267
62261796
2941
3197
3780326
6873
51346791
4927
5557
5691
3289
4805
2690
4767
2874
5002
8483
3283
5961
3667
3493
4562
3171
3268
4757
5417
21052
3102
10062
48959004
3598
5681
2517
49531301
4853
3340
2986200
3995
47846960
4233
5323
3690
4384
48744115
4476
3503
3810
5944
2970
4939
3307
7166
2570
5083
47866
5885
4186
5217
19500
4490848
5067
2629
5955
3785
2369
4832
46164246
4704
4481
3132
3324
3611
5328270
2523
3687
3500
4048
3406
3908
2966
3144
47512570
3214
4516
4391
5709
47581823
3160
3201
3991
4174
3534
3658
5419
3733536
2306
4037
2631
53250370
2889
3397
6762
3531
3108
2841
2535
5645
3111
3108
3768
3600
45630364
4963
19390
4085
5878
3667
2725
4994
3222
2474
3680
52994429
3825
42605504
3200
3492
8270
50790877
4727
3851
4689
48268439
2576
3270
2703
3184
47959948
5965
44561398
3879
5168
4791
5599
3211
7287
4415
3260
3731
3889
4041
2885
4247
3397
3380
49783276
3829
50682463
4756
3701227
4559
7090
4856082
2463
3901
5342
2931
49790100
4424
44699753
3387
3392
4439566
4282
3874
7020
47563836
6399
3808
5742
3148231
3913
4549
12424
3598
3979
5265
5195
53408615
5275
47054897
3076
46183117
3965
2813
3771
48938844
4542
3792
42647663
4105
4361
49757525
5876
3098
4588
3602495
2552
8520
3864
5673
4152
4154
3825
3781
4200
5466
12713
5104
1904
3663
3211
3617
3227
2804
4941
41777540
2825
7107
3416
6356
42750032
6744
3269
2752
50411926
3843
2130
3133
3223
4827
4471
44835517
4408
4899
4579
3682
4791
4456
4766
4307
3242
4541
4834
3194
3912
3811
3627
4447
4952
6343
47097394
3266
3607
3520
4467
2596
2308
4472
4609
4186
5366
5131
5999
6153
6012
4541
9078
2392
8869
8418
3675
4149
7497
4878
6357
4418
4240
3652
3776
3293
5992
4820
6821
4999
2985
9701
3721
6133
8192
3480
8050
5572
4250
2193
3703
5619
3714
5532
5394
3213
4390
5524
2917
4021
5138
2867
4711
3996
53142317
5487
2317
6951
2425
55329069
3470
8058
3964
2972
42690106
39669
6000
49248010
4187
3859
3126
4213
48793873
2474
2705
3382
6459
7694
3681
46898289
5484
2881
4568
7936
59127697
3899
3348
2982
3247
7689
4914
7201
51197089
5558
4509
5198
3426
5591
2595
4735
7269
44492467
3501
3401
5049
4526
7378
3902
4752
48172943
4246
4160
3717
3796
47416944
3482
3635
2618
4982951
4418
46728266
3509
50623349
3649
52225822
3976
6088
3690
4532
6126
50049718
3255
3448
52485668
5097
3595225
4812
5307
5030
5272
2566
2811
14675146
6861
3186
4705
43561686
5825
5858
4500
2761
5169
50573800
3199
3208
3487
35539614
4242
3554
9981219
3823
3501
46096298
3738
5603
42949666
3341
4757
3870
3368
48426227
4958
4243
4758
4552
42935153
5282
3107
4724
4563
4023
5168
51472886
3263
44447114
3505
6849
7018
6025
3733
56285528
5047
3331
4139
5604
3084
49171174
3661
51514053
840
49384452
4687
4829
4949
2929
4393
3519
20948
5199
4076
51600810
5028
68817703
3226
4413
4153
5193720
4675
10008154
5250
50941518
16213
2776
46225303
3529
46353232
4588
4262
5570
3038
3005
4500
3549
56742116
4943
4036
3077
3264
44024150
5571
4078
41910232
3730
4199
3349
3085
42464814
4555
4289
42826282
4139
3936
52971793
11676
2563
3509
48076979
2649
3641
47774498
6435
2471
4507
55083760
4520
4793
4834
5771
4668
3921
50955376
3090
6848
4671
4098
11132918
2857
2880
3844
3192
50460762
5357
6459
5983187
5178
3652
4498
5270
3635
4687
3631
48367973
5739
3553
3772
4019
3488
1636
3238
3096
3613
2181
5611
5514
8813801
3236
2790
4457
2231
4411
5183
3886
2596
5035
3770
5112
3248
3738
3748
3981
5316
5339592
3577
5935531
4006
6269
6138
6752
10290
4584
46969431
7744
4292
2136
4107
6487
3551
4110124
3194
4102
3219
5580
50634629
4998
2986
51900581
3061
4380510
3881
3623
3739
4421
47128773
1961
60716124
3969
3415
4024
3805
2778
11988
4261
44836585
3143
4194
49396079
3383
4371
49437936
5394
46294816
5653
3823
2859
4317
2679310
3588
44950362
2400
5153
3600
4033
2672
3819
6973
6457
2452
4885
3510
3583
4331705
2473
3037
3719
3066
4837
3479
4524125
2159
2940
48496592
5792
3289
4432
2703
3800
2691
5851
3763
4555
3007
3178
2115
3234
3114
9545
3875
3490
3400
40796808
4251
2672
3292
4417
4792
6520
4690
7136763
3744
3412
3444
3468
47372000
2280
15547841
3360
4106
4792
2855
4052
47911405
4491
44918285
5331
2865
2794
6509
5543
4356
6731
4171016
2378
3079
6218
40179133
3280
3834
5814
4988
5039
2838
2658
3359
5501
3642
2004
4334
7142393
3921
4548
3478
3811
6465
3454
4958
4054
5947
2595
3865
2940
3814
2585
3335
3797
4808
5284
3924
3213
42282493
4776
2153
44374634
3052
3234679
4865
4757
3742
6158403
3054
59038157
3954
4687
2730
4095
2603
3460
1972
3712
2798
4983
5529
5725
3548868
4544
3737
2941
3302
5023
5460
45632497
4330
3921727
3679
48706655
4151
21582
3871
4767
67668665
3311
3922
4636
3601
48681731
3402
3589
20340
20824
5413
4711
5685
3012
3841
5927
3087
2269
2559
5781
3742
4405
2014
49332665
4233
4688
6432
4320
4166
5571226
2986
3403
8198
7515
3815
45538430
3638
4575
4736
3682
5463
47301519
4820
4666
5380
52420734
4730
3135
3364
5948
2918
4938
3600
3032
2641
6765
3726
3721
4418
5668
44908014
4924
49451298
2790
2721
6270
4471
4005
4299
3782
47627932
4717
3614
5030
47858794
4651
57393225
5730
6254
5091
6253
2187
4389
4551
51621643
3304
5267
4064
4047
44779508
4318
49661486
3474
5533577
7174
3796
45120434
2693
3765
6435
51994540
4671
47414645
3741
3074
6017
49190560
2219
57348732
3697
51311062
3607
3790
45372356
3336
3060
4010
3082
48830481
7308
2415
4101
3344538
4200
4087
5703
3673
4202
4146
3730
45510221
2773
2869682
3900
3345
41365437
5367
3437
4834
4205
3493
5452
3271
22197
3453
43775194
3415
3475
2805
53091397
3547
3110
6323
2369
45908283
3020
5227
6087
50650368
5109
4809
2941633
6266
50309938
3002
4222
3486
4541
41434825
4896
4586
5182
42199665
3371
41525875
3623
5937
5023
4510
4522
3828
2208028
3410
3362
2778
3717
3062
4897
4225
4542
2948
1525603
3934
2816
2937
3887
4033
7443
41175637
4079
40110046
8092
4196
4273
4518
3548
3753
5343
5017
3711
2312
3219
44738597
4506
4394
38620422
3220
5243
2014
3157
2965
2172519
3849
3568
4145
3991
2606
3430
8776
3130
2771
2674982
4313
4486
41523482
3101
3944
3721
2977
2273
46641994
5496
3283
42845583
4221
40323816
4484
5356
5544
4339
5354102
4953
4067
3694
43285614
3696
48345775
3233
2355
44671337
2483
3176
4801
6430
4018
4341
5898
4836
3324
4538
39167015
5903
2947
3344
3876
4970
4160
4473
3456794
4238
5344
40962466
2436
3279
2635
2143032
2852
3761
1887
4475
44592008
3385
42067859
3091
26293
4063
40450367
18935
4925
4419
41118545
5517
2900
5633
3453
2963
39766913
5426
6099
3861
7096
43111293
3723
46021397
6296
3432
5353
5377
5140
39142163
3583
41276417
4040
2394
9179
39672522
4033
5038
2949
2966
3596642
3921
2866
4581
2440109
2348
4398
4648
2633
5364
4516
2940
1682664
2420
5103
3684
4660
4328
45088469
3480
3430
3586
3529
3850
3040
40965928
2113473
3756
4907
5251
2993
3224
4885
4873
2486
4706
3436
4571
4456
2917
7596
43802181
5285
2345527
9209
3855
2656
3565
3205
3253
3262
4615
3876
4259
39510661
3305
3809
2689
3393
3046
42700546
2975
4418
39368619
4320
4328
41197009
2775
40930595
4498
43261164
4860
2849
2631
3879
2979
2754
3092
3359
40128917
3036
2091
39679797
5153
2647
45339677
4229
5234
44289190
4757
41524761
4661
48496728
4088
2849
5917
3662
3911
4275
6179
2472
3266
5533
5184
2277322
2666
4258
4407
4641
4081
4358
3748
3676
2122
4030
3639
4377
3602
3278
41859478
3384
2436
37445058
3426
4339
3295
41380411
4095
3752
3698
3991
3491
35952705
4365
6633
4046
4527
36638365
3935
40142339
2183
4329
3166
4484
5962
3871
4549
3729
2499688
3393
8908
4526
42738729
2870
5660
2008
5070
2368
45169336
2581
46729538
4367
4475
4186
4980
3399
3640
2354033
3834
6084
44537655
3975
3855
45643486
4648
45467874
2946
5248
3992
44096331
3890
3572
4261
4292
4642
40472370
3973
2742
5468
3815
41111313
3993
2186
2449
39484698
3614
4386
38705503
4922
5918
39801118
5075
2877
38279445
3578
43692490
3136
40130830
3155
45858151
3307
4423
6195
6044
3531
4437
4994
4252
4400
3094086
2694
4516
3486
2839
3630
4170
3296
4808
2391723
5426
4832
4386
3835
39272237
3999
3312
2460
9950
46156590
3270
4861
2468
42463303
3347
3927
4630
6673
2433
4730
4739
4775
2187
6153
2903
3909
4089
50257800
3381
3313
40801152
5376
5111
44698112
6762
3887
5870
3675
39480001
1830
4536
3381
48239903
2957
3230
2819
3610
4556
2428480
2880
3206
45008579
2198
3609
4062
42678119
3635
4532
4188
5283
5449
3703
39103561
3233
3795
4663
9020
4093
2823
4189
5613
3639
44548131
2455
5193
3511
3558
3192
44963097
3034
2204
4594
3364
4244
19058
3455
5620
5367
4374
4755
2969
42813685
2300
3722
4567
4182
4789
42987515
5743
3076
5448
42028798
11729
4142
4443
3303
4045
2946588
3910
2997
3829
47096440
4174
3832
4592
46792921
3488
4742
5169
2302524
2835
4820
4385
40942675
3462
5527
3299
44004701
4497
3351
3755
49522004
4039
2766072
3434
4455
3347
3829
3793
3228
39725551
4217
5028
18673
4566
3155267
2616
47432753
4863
3278
44068408
3874
3689
2396
4706
2499
3272
42092819
5383
3336
4072
1921
44591216
3661
4458
3752
5179
3943
4189
3015
40555499
3189
2593
4215
40355261
4146
1947100
46118972
5137
2599
40651210
3191
42528103
2848
1933
42386743
3975
3756
2081
1455025
3103839
2268078
4351
2415
8009
43352157
4916
3116
2734
5634
2476
41723271
3446
2663
4581
39584774
3855
6315
42445219
5131
4649
3009
5764
5899
5637
1898894
3419
3930
34181369
3139
40776577
1770881
6463
3720
3849
36860141
3668
4331
3691
3549
38030981
5690
4066
1857
3257
2395
2502204
44776486
2809
46670872
3163
2866828
2096
2274921
3334
3650
4294
2548
4174
2915
39564626
5292
42333503
2297
4752
4516
4168
2535
3656
4763
43342731
4612
38306407
3772
2735
6214
4655
40423846
2560
3133
3604
5086
2956
4135
4642
39597626
3908
1973427
3975
3660
2236
42115591
4543
4231
2321
1758702
5010
2876
3737
1914
4598
2336
6812
2765
2574
3491
1750439
3726
3160
5229
5064
4025
3214
2631
2695
3316
3447
2991
3457
38200204
4116
5103
2543
3403
1881585
3568
3970
3396
2485
4111
2723
5272
3659
1759532
1977
41653852
3625
5095
4268
19247
4165
4567
3613
1852600
3465
3999
4690
7066
2483
4899
38321696
3266
4051
3788
1840215
3227
2273781
2429
3804
43113848
20127
1771171
2383
2825186
3664
3856
4089
2598
8444
2546
4279
4495
3407
2648
2207
3371
3899
3131
1972
3611
37364030
3592
4311
3496
2687
2053840
3702
42291035
3907
