5205
2886
4071
2874
2759
3888
3674
2001
2949
2353
3456
3163
2704
2246
5519
2500
2382
4061
2729
2262
4676
2544
3375
2598
4119
4183
3094
2988
2687
2239
3070
3230
3731
2618
3020
4123
2599
2696
3507
3776
4834
2930
3131
3150
2671
2810
5838
4111
3986
3181
3290
6274
2963
2665
2641
3476
2845
3403
6931
2803
3601
3393
3234
2904
3325
3342
2452
2907
3947
2492
2783
2808
3156
254218
3253
2218
2180
4316
3544
3468
3587
2618
3364
2754
3243
3183
3291
3609
4048
2870
3655
4595
2889
2032
5671
3650
3865
2345
1902
3198
2508
3362
2247
2839
3714
2411
3054
3495
3103
4648
3054
4297
2087
3607
5070
3281
2614
3151
2465
3093
2087
3992
4314
3704
2039
3997
4090
2923
4569
2175
2827
4373
3393
3855
3115
2698
3108
3022
3819
4130
3102
4251
3143
3150
4806
2739
7623
3871
6791
3063
3423
3186
3284
3294
3238
2222
3569
3568
3191
4501
2938
3744
3053
4180
2781
4695
2831
3076
3285
2893
4352
3119
4886
3102
1611
3705
2952
3009
2787
5515
3045
5160
2836
2556
3242
3735
3071
2697
3139
3154
2949
1964
2622
2901
3077
3222
2634
3290
3116
3247
3146
3342
3183
4619
2818
2625
2799
2845
3911
4207
4139
3167
2931
3134
3001
3885
4741
3154
2778
3505
2813
3482
2565
7873
3081
3211
3642
3721
3583
3476
2777
3491
2930
2465
2743
2918
3095
4266
3852
2719
3126
3809
2953
2724
4353
3661
5364
3133
3600
4421
2922
2487
3936
3611
2301
2970
2433
4742
2915
4042
3590
2422
1917
5109
3151
2856
2723
5136
3271
1773
2942
3125
2991
4092
3083
2615
2272
2959
1676
2516
3351
3125
117587
2634
2862
5394
5332
3165
2580
4446
2659
2971
3959
4012
2115
2600
3253
2764
3500
2949
2934
2751
2392
3030
3253
3587
2624
3446
3381
3499
4596
2411
2866
3015
1713
3714
5236
4124
2755
2800
2679
5416
4343
3155
2414
2832
1976
3061
2810
15002
2322
3424
3015
3759
3752
1948
3068
3308
3960
3982
3533
2986
4290
2440
3315
2517
1751
5541
2739
3384
2979
3361
3294
2974
4846
2655
3233
2971
17080
4491
2754
3800
3350
2403
2643
2197
2790
4353
3014
2346
2782
2878
2870
2989
3044
3777
3012
4038
3915
3321
2723
2990
3671
2744
3414
4239
3635
3158
3621
2868
2582
3801
2480
5765
3164
2882
2299
4809
2790
3026
2494
2855
5075
2055
2913
3547
4448
3280
3276
2639
3010
4137
1997
4987
5818
3629
2826
5055
19875
3230
2970
2488
3561
3717
4498
3146
3324
3044
2878
3913
2958
3387
2843
4364
4636
3412
2214
3572
2642
3103
3875
3057
2712
3298
2782
3184
3047
2311
4255
3985
2571
2800
2751
21272
2939
3861
2527
2485
3060
3096
3133
2434
3448
3030
4463
2798
3617
3128
4443
2838
3219
3740
3583
2978
2944
2345
4171
2883
2937
5758
3650
2465
2548
2108
2848
2945
2949
3456
18475
2645
2785
3029
1945
5153
2240
2702
2219
2956
2809
2680
2388
2881
4094
4199
3897
4785
3177
3425
4985
4021
3936
2977
2707
3951
2410
2070
2284
3443
3280
2682
3510
2992
3719
2972
3090
2934
2707
3662
3670
3415
3230
2559
2774
6740
3156
2402
2619
2740
2968
4374
4974
2557
2152
1773
2453
3433
2798
2646
3205
2292
3735
2537
2634
1648
3368
3986
2799
19144
4688
2383
2764
2825
3687
3194
2953
3966
4627
5572
2863
2512
2336
2126
3568
3251
2388
4778
5007
2851
3172
3375
2738
4095
2181
2869
3088
3552
3473
2809
4060
3227
3014
3008
2326
3227
4401
3825
1891
2695
2771
2799
3391
3445
2924
2878
1966
3434
2833
3235
2455
2523
4466
3525
2726
2636
3077
3870
3199
4288
2748
3292
2496
4722
3332
3290
2147
2783
3770
2855
4076
4205
3005
3882
3504
2934
2961
3331
3092
5683
3034
2176
3050
2578
2645
2663
2442
2654
2776
2603
2936
2530
4923
1766
2766
3389
3930
2969
3807
3235
2919
2642
2657
2467
2427
2315
2661
1868
2323
3696
2852
3457
2424
3872
3066
3260
2792
4126
4003
2257
3403
2897
3260
2279
4274
3062
4704
4542
3162
3342
2974
2737
3223
2662
7380
2758
3083
3396
4361
2955
3345
4496
3511
5143
3163
3242
1909
2965
3662
3013
4298
3218
4570
2032
3250
2660
3642
3193
2692
2870
2150
4192
2795
3529
4142
2453
2226
2598
2963
3224
2558
3164
3920
2099
2118
2079
2000
3639
3116
3121
3489
4515
5396
2590
3283
2818
3114
2157
3059
2504
2671
2333
4405
3059
3363
1771
2492
4623
1975
3151
3342
3395
2409
3473
4705
3643
2859
8452
2791
3105
3719
2994
3965
2561
3544
3795
4273
3676
2594
3105
3732
4313
3053
2400
2807
2682
8589
2903
4116
1886
3153
4758
2739
3220
3851
3745
3786
4871
3055
3574
1984
3540
3253
2594
1499
2190
2633
2403
2645
2772
2779
3147
2676
3250
3406
3419
3486
3029
3203
3551
3387
4246
4435
3088
2661
3796
3075
3053
1878
3730
2894
1969
1988
2830
2774
2360
2819
3111
2331
3321
3781
3183
4426
2940
3078
3789
3551
2564
2808
3913
4230
1807
2448
2152
2644
2354
3046
2889
2401
2482
2312
2683
4192
2704
2575
6427
2563
2242
2649
2543
3098
2529
3133
4414
2959
2813
3070
3504
3457
3670
5075
3732
1774
4957
3055
1848
2730
2604
3813
2674
4878
5895
2016
3042
2179
1451
1887
4008
2474
2719
2833
2711
2945
2132
2185
4438
4221
3322
2408
3088
3083
3907
2172
2329
18110
3329
1653
2497
3816
3973
4134
2867
2712
2810
2918
2306
2013
2772
6349
2507
1953
3404
1813
2748
3228
3150
3574
2069
4360
1854
2476
3299
3140
3235
4544
2191
2702
4177
3311
3390
3268
2958
3907
3009
3322
2688
3867
2858
3235
3403
3420
2483
2617
1949
3077
2902
3424
4147
2955
3868
2646
2316
2605
2591
3273
2433
3296
2614
4128
2485
2889
2009
2474
2454
2428
2109
1959
1615
2572
2204
1387
3098
2909
3166
3333
3109
3002
2672
2991
3098
2911
2454
2919
1574
3768
3360
2498
1971
2915
4055
3295
4210
3173
2966
7157
5673
4123
4121
7046
3281
4026
3261
2487
3012
3701
1621
4049
3289
4140
2010
3453
3009
2122
2747
3785
2119
2273
2996
2687
3750
3608
2732
2596
3446
3304
2513
2654
3336
1901
3363
2811
4076
3780
2953
3059
3042
2961
2718
3536
3194
2796
3313
3462
3076
2055
2540
2627
3053
2086
3805
1978
2201
277097
3506
3287
2210
2452
1858
2925
2976
3375
3909
2589
3740
3819
2293
3165
2490
2946
3338
2200
2755
2202
2979
3382
3312
6886
3359
3241
2816
3656
2694
2807
2685
2156
2561
1905
3449
3643
2800
3268
3764
2819
4334
3588
2477
2215
2902
2456
2978
3505
2654
3021
2861
3248
2635
2269
2726
2788
3222
4884
2623
4050
2992
3825
1792
2878
2551
2060
4684
3446
3429
4502
3554
2527
3334
3240
2408
4064
3945
2000
2136
2949
2784
2800
4898
3152
3047
3190
3595
4875
13595
4178
2534
5102
2959
4214
1868
2682
3089
3817
2797
3619
4942
4077
2662
3059
4068
4458
2806
2736
2423
3173
2360
3519
3264
2564
3063
6191
2596
4197
2721
2813
2853
4269
3066
2432
2231
3022
2875
3027
3222
2511
2207
3211
2435
4203
2530
2609
3320
2562
3779
2389
3111
3486
2652
2926
2431
3795
3489
2839
3225
2180
3411
3484
2503
3847
4478
3041
2622
3065
2334
4053
4303
3259
4421
1942
2656
3182
4850
2793
2959
2720
3757
3223
3211
3434
3613
2370
3860
1990
2404
1839
3061
2846
3746
2432
3018
4369
4991
3299
4327
2576
2748
3129
2893
2603
2308
3092
3859
2919
2491
3789
2207
3950
2243
2885
2271
1971
2073
3188
3322
4899
3378
3843
3430
2457
2667
2869
7124
2947
1605
3703
2678
2509
3914
2855
2982
2309
2769
3100
3049
2691
2772
3233
1743
2597
13738
2694
3404
3558
12395
3842
2916
2870
3678
3994
2148
2126
2744
3595
3226
4309
2556
2586
1841
2104
2389
2579
1854
3160
2396
3018
2506
3158
2383
2763
18983
4061
2810
3766
2681
3131
3200
2932
3172
2891
1857
2414
3177
2804
3597
1819
2984
3097
1899
17967
3531
2612
2301
2510
2670
2628
3233
2635
2742
3446
2125
16913
3389
2344
2971
2884
2317
3075
4101
2390
2665
3584
3328
2693
2165
4202
3202
2198
3477
2868
3114
2773
2334
3645
2680
2966
4035
3399
3644
2539
3125
2863
3766
2784
2909
2722
3073
6717
4135
2959
3471
3804
3325
5774
3275
3210
3062
2967
4006
2683
4178
3023
4412
4657
2562
3168
2829
4299
3061
2677
2699
2793
5233
5266
3807
6184
4637
2649
3623
2520
3009
4000
2523
2669
3352
3580
3945
1628
2410
2643
2850
3131
3318
4896
2864
6381
3603
5131
3067
2449
2272
2541
3120
2988
2711
2312
2109
2233
2854
1947
2850
2837
2779
2326
3082
2619
3176
2381
3015
2013
3100
2644
2835
2845
2603
5379
3078
3077
2411
2087
3902
2481
3073
3409
2598
3897
3560
3547
3104
4215
2674
3127
2013
3488
4313
2633
2508
3008
3342
1738
4485
2248
4182
3326
2548
2754
3151
5017
3002
2510
2673
3045
3060
3705
4392
3897
3207
2880
5824
5014
2326
2759
3761
3150
3987
3623
3458
2979
5165
3101
1730
3224
4821
2937
2174
2785
3069
1359
2864
2691
1689
3851
3557
5719
2762
5137
2752
2876
3854
3574
2770
2923
2873
3206
3873
1962
3176
3256
3078
2909
3645
2961
6269
3024
2585
2726
2650
6348
2167
3016
2405
2991
4065
5098
4104
2519
2624
2599
2834
7373
2557
2667
4617
3371
2788
3720
3349
3680
2826
2938
2913
2107
3836
2611
4086
5427
4103
2643
2991
3387
2344
3949
3900
3135
3338
4277
4177
3001
5910
4279
4541
2582
3922
2401
2690
4169
2244
3407
3341
3353
3650
2440
2753
2984
3958
5223
5927
3617
4322
2565
3651
4189
3182
3356
2754
2935
2560
2292
3793
4690
3755
2603
4774
3185
2602
6118
2223
2667
2960
1930
2866
2983
3276
3370
2193
3776
2297
2341
1975
2951
3594
2685
3191
3491
2325
3324
2288
2484
1885
2437
2661
2723
3399
4721
2965
2160
4890
4198
2207
2574
2053
2512
4095
2214
2699
2184
4315
5048
3547
3670
2380
2977
3276
2501
2157
2911
2101
2690
2676
1822
2529
3395
2948
3674
2898
2627
3775
4739
2838
2636
3557
3668
3246
3309
2403
2548
2758
5829
3209
2626
2383
2928
2626
5925
3289
3205
3351
2637
3177
2902
1928
2262
2782
2627
2356
4251
2830
2743
3023
2919
2663
3411
3357
2407
3357
2230
2864
2276
2415
1784
2826
1442
2883
2532
2749
3300
2948
2897
3138
2697
2578
3761
2235
2619
2974
2508
2183
3188
2360
2315
3516
2542
3085
2863
2447
4179
2432
2519
2931
2734
3589
3072
3182
2999
4083
2919
2981
3032
3870
2153
2662
4120
3738
3122
1794
2947
2309
3844
3884
2881
1980
3189
2624
2135
3162
3973
7049
3210
3378
2404
1914
2887
4392
4493
2582
2947
4115
3122
2830
3218
2342
3260
3861
3353
6145
2808
2762
3239
2473
1923
2588
3692
3635
3186
2926
2791
2202
3508
2765
2476
2509
1693
3398
2412
3014
5457
3605
3498
3395
3726
7407
3261
2542
2193
2143
2641
2720
3019
3349
2838
3706
3387
3061
2852
2563
1992
2532
2877
2757
2524
2660
4135
3244
1605
2001
2681
2708
3276
3177
2116
1813
3040
2238
2464
2409
2710
2841
3110
2886
2968
2907
2978
2681
2994
2082
2772
2457
3938
2380
3323
2291
2253
1694
2988
2953
2179
2401
2431
2719
3046
2895
3186
3312
2617
2703
2713
2818
2392
2472
2671
2433
2777
2816
1812
2800
2445
3102
3186
2974
2898
2775
3002
3441
2133
6409
3309
2167
2786
3117
3052
2057
3461
2490
3180
3028
2977
3437
3990
3061
2679
18263
2751
3576
2884
2891
2644
3583
2955
2666
2368
2882
3224
2745
2248
2622
2322
2124
2837
2806
2831
2323
1948
2571
3980
1696
2494
2749
3180
3294
3074
2079
3437
1808
2611
3016
2761
3374
2711
2812
2461
2220
3505
2976
2973
3096
1879
2350
3131
2292
3145
2663
2654
2842
3283
2858
2919
3165
4141
2934
2131
2141
2879
2859
3181
2869
1713
2335
2904
2486
2111
1964
2659
2539
2573
2470
2879
2636
3921
3095
3101
2385
2892
7745
3541
3156
3096
2424
1678
2831
3321
1956
2856
2948
2428
2634
3085
2200
3331
2353
2747
2229
2667
2781
3456
2422
2928
3809
2436
3826
2548
2915
3574
1766
2790
2651
2668
2499
2911
2789
3054
1848
2966
2939
2821
2967
2252
3811
2793
5642
3006
2621
1821
2075
2538
2081
2624
3465
2755
2830
2750
3404
1498
2671
2269
2970
2962
2404
2639
1962
2357
2226
2735
3167
3637
2191
3613
3859
3230
2499
3036
3190
2948
3953
3491
3182
4484
3457
3181
2724
3125
2628
2978
3094
2752
2051
2066
2371
3620
5693
4529
1457
3050
2995
3111
3129
2558
2949
5611
5494
2028
2483
2846
3008
4195
2706
3137
3256
3346
2987
3025
2327
2683
3419
2587
2928
2569
2803
2230
2017
2149
2735
2466
2974
2265
3266
2634
3408
2426
2016
2453
2594
2735
2820
3280
2499
2697
1940
2217
2669
3601
2201
4094
2799
2726
3101
2986
4076
2825
2397
2933
2091
3628
3343
2542
2293
3777
2560
4882
3523
2950
3420
3433
3120
3584
3344
5724
2741
8082
2007
2976
3224
2644
3286
2605
3064
2398
3199
2959
3005
2581
1857
2890
3500
2672
3211
2257
3796
5342
4222
1876
2196
2981
2951
2466
3619
3457
3171
4359
3088
2481
1436
2582
4111
3218
2631
4119
3017
2619
1927
2434
3315
2973
4053
3207
2259
3576
2472
2964
3449
3432
4038
4270
2288
3071
2415
2419
3068
2610
2424
4971
2925
2898
2879
2550
2482
3076
5710
2634
3317
2878
3045
2776
2883
2799
3222
2396
2557
2809
2243
3246
2153
21716
2185
3043
3222
2525
2747
2351
2197
2561
1511
2600
2890
2424
2704
2933
2994
2975
2152
1735
3178
2681
2694
2958
4790
2416
2750
2470
2256
2399
2735
2308
3312
3034
3006
3601
3010
2307
3292
1957
2793
2679
2967
3273
2700
3411
4012
2217
2444
2483
2423
2744
2416
2625
2414
1607
2912
2037
2570
3212
3473
3192
2387
3683
2896
3521
3150
3644
3138
2994
2843
2513
3089
3921
2573
2957
2034
2176
2431
2012
2318
3474
3492
4641
1746
2944
3321
2834
3257
2402
2906
2981
2879
2619
2213
3387
3727
2757
2819
3630
2690
2531
2639
2469
3055
2456
2739
2785
1934
2700
2290
2423
3447
2392
2633
3453
3598
3131
1795
2884
16765
4174
2353
4923
3254
4522
5607
3994
2112
2630
3074
3105
4624
2885
3873
2841
2255
2641
3667
3902
3580
4250
3084
6436
4017
3103
4893
2984
2659
3106
2503
4857
3599
3675
3008
3466
4638
3448
2430
3442
2426
2444
1967
3534
4363
5924
4270
3664
3072
2606
2598
2788
2860
4169
2896
2793
3297
3501
2102
3600
2901
1899
2449
2343
2355
2162
4393
3577
3614
2910
3581
2892
3433
4360
3199
3581
2594
4459
3117
2437
2524
2495
2917
3041
3423
2583
3163
2391
1794
2195
3456
3753
3039
3626
2598
3115
2867
3038
2622
4605
3034
4216
3361
3412
2800
3648
2113
3683
2651
2094
2814
3095
3073
2397
2370
2548
3368
2722
2794
2872
2672
2773
2887
4087
3271
2627
3420
2866
2013
2763
2622
3291
3343
8472
3279
2439
4158
2977
4543
2861
3224
3751
2793
4158
3289
3151
2334
2892
2782
3152
2640
3148
3622
12780
2941
3469
1444
2698
2738
5249
2835
3222
3726
4930
3747
2206
3025
2871
2866
6213
5149
2581
4013
2474
4263
3053
2759
3926
3264
1942
2945
3323
3151
6128
2982
3445
2514
3375
3642
1664
4052
3304
2822
1803
4154
3375
2845
3182
2923
4633
4561
2268
2493
3673
3870
2829
2786
3153
2927
2627
2600
1727
4126
3308
2646
3543
2485
3464
2213
2654
3146
2699
3742
3750
2253
3536
3645
4268
2808
3082
3050
5990
19500
3871
2793
3062
4182
2796
3412
2858
2955
4566
3207
2384
2906
2684
2843
3676
2309
1896
3002
3318
2179
2794
2670
2351
3524
1701
3877
4575
4492
3530
3266
2626
2862
3075
3808
2107
3977
3695
1454
1850
2868
1782
2405
2933
3900
3781
3664
3931
3732
3215
2939
2909
6418
2527
3599
3404
3498
4347
3677
2962
2503
2736
2711
2737
2729
3840
3538
3089
2997
3027
2643
3584
2837
2975
2682
4333
2726
3171
3317
2764
1516
2669
3938
3164
2433
2494
3265
2957
2092
3776
3200
1810
1869
2655
5079
2350
3840
3402
3742
3932
4573
3107
3262
3172
3875
2855
2893
3258
2732
3289
6705
3834
3083
2785
2603
2401
3712
1874
2305
3150
3590
3494
4129
4176
3660
5356
3051
3486
3665
3907
3330
2753
3662
2270
4371
7094
4007
5838
3178
1695
3250
2745
2598
3386
3365
3495
2231
4485
3221
4257
3404
2881
2837
2485
4275
2866
2193
3456
2291
3999
1960
3521
2990
2827
2763
1562
3296
2490
2883
3254
4819
3638
2678
4296
5473
3309
2999
3338
3392
5885
2938
3545
3135
2501
4067
3500
5095
17189
3026
3284
2564
2967
4799
2558
3296
2621
2886
3813
2606
3400
2072
2864
2876
2454
3571
3122
2379
5094
2260
2524
3340
3785
3878
4461
3780
2621
2651
7432
2709
2951
3522
2793
2707
4612
3013
3382
3159
2482
2942
4080
2910
2821
2874
2884
1713
2990
4558
3011
3379
3386
2849
4371
2134
3805
3418
3599
2980
4661
2365
2603
2947
3152
3959
2216
4461
2275
2941
2322
2927
3319
3510
2692
2537
4112
2760
2700
2715
3617
2414
2790
4513
1892
2790
1985
2299
4542
3364
2881
2121
3171
2493
3194
3356
2971
2397
3965
2134
2421
4529
3162
3522
3698
1331
4814
2654
3003
4026
2886
2739
3029
3079
2731
2944
3072
3723
26541
2299
3393
3452
3128
2355
2297
3621
2884
2909
2237
2780
2564
3980
6019
1950
3294
6292
1724
5328
3724
3482
3339
2797
4056
3460
3027
2650
3243
3005
2771
2752
4008
2586
5156
2813
2127
2870
3175
3393
3194
2923
2748
2780
18013
3106
2963
2790
3064
3840
3256
3443
2918
1895
2740
4864
3093
3194
3163
3171
3140
2395
2026
3818
3246
2672
2560
3048
3864
3759
2389
2411
2264
77029
3400
2695
2400
3150
2936
2431
1603
2022
3337
3410
3267
3530
2376
2504
3554
3230
3407
3181
3202
3174
5327
3332
3490
3631
3560
5224
3571
1804
4748
2840
2665
2570
2113
2526
19143
2659
3002
2058
2781
2958
3346
4372
1320
3930
4577
2847
2657
2521
4710
1354
13588
20379
2723
3157
3213
1479
3925
3429
3294
4299
4605
3090
1559
2741
3442
2590
2106
3367
2568
1763
3085
3989
5695
4335
2953
3563
3068
3282
2055
3810
3251
3726
2565
2943
4063
3465
3428
4015
4383
2676
2565
2965
2313
6336
3708
3314
2352
4442
4722
4889
3473
4761
3314
2214
2487
3402
3403
3956
3617
3057
3057
2794
4949
4785
5035
2745
4164
2754
2931
3711
3296
2898
2569
2413
3057
2812
3214
2246
3608
3785
2752
4340
3282
3204
4196
2791
2865
3257
2721
2817
3505
4646
2908
4188
2767
2401
3965
3032
3006
2618
2997
14237
2832
2657
3158
3414
2958
4013
2965
2819
3412
2572
4226
2968
3167
3566
2820
3426
2740
26662
4276
2825
2913
2860
3858
2505
3589
2833
2872
4795
3419
4344
2915
3148
2978
4118
3013
1947
3151
3217
2725
3441
3464
3498
4598
3767
3614
2891
1881
3137
3029
3333
2485
3084
3122
3858
3588
4302
2738
2875
2950
2442
2497
2658
3621
2407
2863
3284
2921
4360
3038
4691
3279
2272
3350
2765
2808
4203
3108
3154
2940
4128
3337
2444
3687
7212
3222
2808
2656
6215
2513
3509
3358
2465
14359
3636
2965
2946
12647
2459
3079
4600
3063
1865
3210
3290
2955
3020
2551
2653
4334
2603
3256
2878
3503
2866
3534
3481
3349
2904
2565
4300
2440
1681
3502
2831
2053
3034
2804
3492
3238
3131
5185
2943
2569
3851
4088
2778
2965
2881
2495
3093
2707
2406
2746
3548
2727
2281
3262
3993
3532
2927
4751
2716
2824
3021
3668
3928
2889
2532
3098
3015
2487
3394
3814
3923
4858
2684
1685
1921
2822
3210
2962
4456
2527
3095
2843
2989
3022
4359
2928
2413
2908
2618
1928
6445
4246
4413
2487
5216
4002
2256
2985
2161
5253
2458
3657
3519
2354
2996
3787
2792
3690
2083
2811
3016
2497
1604
3082
3109
2904
2922
3724
3325
2425
2878
3040
1686
3338
2996
3271
4554
2795
19091
2767
1691
2697
2561
2814
3026
2262
3120
3814
3111
5078
2952
3243
3127
2528
1152
2915
3347
3905
1558
4223
2997
2932
2329
2106
4291
2989
2711
3846
3594
2893
2884
2497
3049
2578
3080
3062
2470
2420
4428
2905
2202
3506
2825
2317
2761
2006
2498
2357
3343
3719
3962
4149
3620
1942
3635
3064
3306
4348
3173
2547
2376
3062
3220
2600
2795
3077
4033
3325
3602
3484
2979
2687
3655
2770
2411
3089
1285
3097
2895
2870
3172
2328
3254
3565
2786
3021
3246
5594
5173
2646
2192
2507
2673
3691
3035
3976
2325
2447
2410
3763
2344
3185
3876
2909
2974
2070
2870
3921
3080
2854
2198
3145
3362
3254
2810
3056
3042
4279
3022
3890
5359
2455
3231
5003
2423
3753
3246
2824
2693
2917
2793
2936
3330
3112
3326
3035
3336
3237
2265
4845
2999
2970
2861
2329
2917
2426
3155
2581
3475
2482
2847
2412
2320
2806
3671
3625
3839
2834
3581
3453
4063
3319
3969
3395
9478
3061
3391
3356
2742
2342
3021
2819
3227
2232
3192
3768
3638
2327
3401
2725
3492
4719
2464
2820
3052
2790
2990
2798
2938
3698
3238
2338
4073
3333
2781
2706
3227
3223
3537
3049
3914
3474
1622
6548
2491
4359
3525
3098
4043
2556
2892
1657
3364
3973
3531
3035
2874
2533
5106
2958
3003
3634
2520
2605
2848
3501
3240
3404
3515
2434
3580
3004
2437
3332
4663
2731
2387
4208
2629
3088
3564
2935
3044
3923
4459
3084
2969
4166
3882
2834
3807
2748
3586
5713
4010
3769
4256
3091
2849
3626
3842
3030
4306
2459
2797
2585
3449
4075
4402
2417
2644
2812
2454
2869
3131
3097
3448
2983
2974
3656
4893
3214
3707
4307
5109
3256
3468
3025
3223
2284
3455
4939
3145
1964
5457
3356
3123
2441
5521
2790
4138
3086
2252
2735
3462
3676
2095
3038
5215
5122
2659
3206
4219
1960
2096
4010
2648
4800
4703
2349
3208
4019
3076
2775
3029
4268
3450
3456
2764
5496
3455
3109
2231
2550
3565
2730
3110
2640
2887
4944
3017
3987
3254
6497
2869
2875
3034
2391
3234
2782
3736
3047
3821
3461
2739
4612
3150
2180
2735
3279
3195
3341
3266
2969
3149
3576
2675
2687
4437
4212
4840
3319
3749
3863
5875
3398
2585
3460
3598
2881
3775
2091
6016
2559
13570
3419
2925
3250
2944
4104
3711
4382
2517
2950
4283
5299
2755
3037
3269
2426
2473
3194
2362
3144
4129
3272
2985
3227
2487
2369
3090
4188
2652
3024
3454
2489
2506
2878
2643
2565
3329
3435
2661
4495
3162
3417
3220
2835
3165
4179
2468
3442
2258
3405
2273
4067
2690
3411
3632
2654
3492
2545
2687
2710
3200
2778
2121
2212
3044
3399
3128
2823
3656
2765
2942
2964
2847
3745
2840
2004
2830
3830
2647
4542
2348
4746
2972
4262
2191
2764
3461
3448
2624
3935
3659
3483
3693
2863
1857
1934
4811
2251
3715
2748
3600
2750
3067
3299
3829
3608
2509
3036
3900
3349
4820
4706
2438
4644
2829
3559
3198
4000
3308
2194
1857
2632
4134
3967
5067
2708
2815
3212
2572
3890
3699
3935
3142
6767
2823
4000
2876
3275
2469
3636
2764
2828
4007
2928
2860
3313
3653
2913
2575
4199
3267
3040
4053
3705
2827
3035
2776
4670
2889
3364
3506
3079
3188
2943
3293
2896
1907
2693
2199
2663
4155
2565
7369
4702
3043
3043
3342
2823
4325
3880
2809
4327
3977
3680
2951
3082
3771
2779
3192
2768
2388
2984
3439
3378
3115
3621
2768
2697
3245
3880
3798
2928
3134
2715
2845
2606
3328
3661
3738
3048
2523
5033
2793
3832
4984
3294
2500
3641
2996
2877
2667
2511
3525
3521
3450
3010
3227
1934
3084
4983
2813
3076
2613
3419
2647
3389
3758
3210
3002
2454
2952
3148
3475
3617
2175
3354
3003
3955
2537
2654
3125
3453
2811
3142
3544
2293
2759
3939
3159
2679
3073
3341
3409
2272
3875
3169
2602
2486
2590
3336
2813
3023
2902
3320
3097
2938
2608
4012
2955
2498
2827
4182
2237
3083
3063
4613
3515
3688
3183
2690
3171
2549
4783
4584
2594
3544
3006
3865
3133
3937
2290
3076
2814
3188
3942
2901
3017
3134
6997
2885
3935
2543
3301
2028
3523
2773
2558
3323
2605
2563
2398
2774
4387
4199
3231
3026
3217
3464
2424
3078
2945
2900
3000
3140
3209
3020
2913
3602
2929
2493
2468
3131
2831
3782
2587
2304
2582
3033
2839
2443
4802
2447
3871
4444
1961
3644
3224
2777
2497
3218
2657
3226
3952
2539
2378
2772
2848
2842
3244
2376
3165
2893
2938
4836
3729
3405
3891
2721
2466
2882
2910
3066
2994
3069
4169
2876
2999
2549
2831
2918
2523
2562
2865
2829
3285
3674
2899
2951
2550
2498
2933
5235
2655
3895
1815
2874
2897
3924
1891
2963
5871
2822
2137
2898
3308
3110
3797
3351
2384
1903
2169
2977
2846
3536
3007
2286
3389
2467
3467
2900
2633
3570
3188
2908
3303
2909
3121
3398
2330
2718
2439
2203
3734
3289
3793
4402
3393
6362
3919
3433
2842
2791
3130
2453
3335
3433
3209
3373
3108
3215
3152
2364
2641
2505
4269
2777
2819
3369
4631
3283
2823
2791
3249
2542
3152
3810
2094
3140
4548
4545
2135
2594
2934
2909
2803
2746
2237
3210
3450
4145
2988
4379
3271
3646
2681
3019
3045
4710
2614
3238
2937
3297
3540
3431
3002
3283
3315
2623
3123
3410
3834
3646
2926
2148
2820
2126
2765
3387
2004
3267
3270
2860
4023
2218
2898
3567
2756
2765
3184
4242
2181
4488
4168
4137
3532
3387
3474
2667
2859
2233
4364
3310
3808
2193
5219
2870
3735
3728
3815
3283
5789
3579
2832
3488
2585
3917
2540
2701
2823
2143
2480
2712
2711
4848
2431
3835
3803
3150
2761
2211
2750
4584
3196
3412
3211
2617
4758
2814
4332
3051
2520
4455
2693
2798
3257
3405
3083
2326
3332
2836
3923
3756
2689
2924
1941
1995
2896
3904
4432
2113
3241
2965
2819
3518
5005
3129
3275
2857
2898
3538
1907
2653
2833
3363
2393
4006
3090
2726
3366
2860
2752
2654
3186
4142
2901
3584
2994
3457
2980
3095
4005
2858
2944
3517
2849
2642
3089
3616
3086
2153
2714
2890
3171
3768
2978
3288
4721
2840
3114
3376
1927
3337
2803
3143
2902
2797
3501
2559
2261
3691
3545
4160
2857
3322
3191
3668
3238
2597
3900
2817
2980
4536
2666
3889
3991
3985
3498
2517
2870
2640
2622
2678
2337
2804
3552
2185
3360
3042
2371
3944
3050
2559
3547
3243
3385
4270
2872
2478
3310
3158
3057
2099
3619
3961
5089
3492
3641
2736
2981
3316
3520
3188
3152
2628
2219
2259
2275
4426
2799
2851
2922
2943
2679
2836
3987
1846
4828
2872
3610
3963
3552
2358
3295
2769
3277
4369
2423
2967
2504
3180
2870
3467
3712
2417
2541
1402
3300
4517
3571
3418
3493
2372
2960
2675
2753
2944
2349
2217
3546
2268
3060
3552
6847
2895
2999
2928
4821
3486
3738
2664
2128
5525
2267
2610
3940
2821
4893
2385
5417
3507
2503
2314
3341
4423
3086
3319
2897
3796
2435
3403
2567
2779
3818
8827
2226
2914
5329
3606
3044
2210
3101
2523
2910
3753
3654
3063
2887
2689
3466
2858
2918
3038
2888
2661
2707
5097
2399
4395
2813
3774
5345
2393
2488
3475
2673
3453
4134
3521
2797
2890
3636
3571
3020
4666
2712
3606
3004
4574
2642
2446
3894
2772
3138
3629
4480
4368
2880
4922
2623
3109
2648
4410
2797
3630
2722
4333
4137
3341
3539
2526
2823
2686
3004
3601
4530
1932
3176
2817
2797
3130
3401
2821
2526
2962
2789
3470
2262
3114
2698
2659
2554
5357
2875
2682
2133
3558
2676
3194
2298
2607
6816
5613
2445
3144
3965
3870
3558
2739
2749
2441
3883
2500
2678
4763
3542
3144
2946
3139
4605
3329
3235
2654
2329
2486
4105
3548
5041
2564
15753
2464
4194
2358
3482
2846
2540
6765
2521
3907
2357
2576
3029
3024
19445
4554
3184
8315
3409
2789
2432
3335
2663
1931
3419
2062
3126
3097
4339
1957
1969
3157
2329
3263
2966
2782
2783
2337
2223
2856
2742
2096
1976
2677
2862
3171
2457
2930
4722
3092
2637
3452
2469
3656
3565
3481
2219
2937
4145
3057
4115
5122
2872
2095
3505
2853
2397
4878
5227
3691
2830
3176
4445
2984
3128
12985
4316
2699
4099
4583
2158
2654
2532
6334
2735
3508
3043
2246
2459
4200
4511
5840
3331
2718
3772
2918
4101
3318
3491
1897
2683
4974
2761
1545
3437
2758
2777
2812
3581
3379
3431
4545
2388
3734
3245
3695
2600
3451
1913
5038
3671
4398
3761
3439
1698
4029
2392
3275
2875
1834
2198
2492
2298
2932
3567
1742
4129
3596
2684
2941
2395
4081
4185
2652
2553
2135
3294
2982
3081
3924
2550
2797
2327
4172
1822
2981
3440
3115
2588
2483
2750
2920
3184
3185
3513
2950
2842
3089
2877
5327
2595
2730
3713
2631
2802
3114
2081
2070
3735
2697
4076
6400
2752
2597
3119
3982
2403
5473
4017
3759
3020
2325
2260
4593
3328
2499
3110
3673
2850
3091
3735
2222
1727
3264
3116
4544
3623
3734
3707
2337
4105
4219
4117
3249
2849
3360
4011
4067
2932
3088
2433
3424
3791
3280
3003
2026
3255
3227
2499
1470
2665
2328
4828
3081
2109
3187
2920
1980
2416
3369
1856
2660
2964
3092
3048
2468
2857
2903
3646
4090
4000
2910
2671
2993
3359
3784
2864
3025
2236
2550
2291
3103
2401
2800
3447
4235
3509
1639
2645
3338
31620
3563
2401
2105
3928
2198
2645
4155
3158
2742
2151
2256
2475
2416
2508
3915
3166
5070
2365
3142
4142
2766
4108
4034
2820
3022
2984
3052
2720
2634
2146
2961
2786
2973
2902
3635
3995
2668
3216
2779
2219
1891
3427
3875
2953
3468
2426
3781
5135
2611
2751
3625
2184
2558
4187
3804
3268
3839
3761
3631
3123
3583
1512
4565
3254
14913
5728
3162
2735
3410
2449
3020
1995
2664
1651
3538
3187
2873
2273
2854
2409
2145
2472
3262
4339
3395
4172
3682
5031
4098
3274
2502
3329
2848
3770
2573
3534
4691
1975
2394
2354
3716
4831
4574
3442
3456
3310
3875
3741
6370
2497
2889
3094
5047
3384
2423
2656
3070
4744
2927
3716
2849
3060
4057
4106
3451
3874
2006
2838
2961
2703
3414
4079
2244
4053
2683
2995
3908
2399
3416
2528
1948
3499
2568
2492
2842
2947
2885
3384
2992
2758
6569
3164
2993
2430
3008
2677
2884
2669
3989
2453
3012
2875
1873
3053
2286
3151
4037
2271
2132
2623
2439
3386
3241
2897
3564
2344
3293
2537
2743
3514
5539
2812
2859
15754
3460
3388
3755
2280
3835
15331
4341
4276
3212
4423
2269
3355
2493
2878
2750
3588
2900
2722
3822
3341
2199
3003
2933
2826
3196
2311
2806
2843
2844
4336
2775
2843
3799
3241
3610
2581
2563
4375
3582
4405
3159
3044
3084
4063
3250
3510
3100
2352
6055
3109
3205
2891
2835
3169
5225
3015
2680
13886
2750
3860
3306
2646
2950
3023
2386
3047
3535
2331
3266
2756
3198
3160
2677
3369
3509
2268
2466
3502
3765
4732
1951
3521
3898
3961
3706
4349
3637
3018
3704
3952
5206
3913
3042
2702
2885
3453
4122
2474
3532
2980
8621
2400
2746
3814
3357
2733
4006
1600
2733
4522
2582
4626
3328
5036
4751
2730
4290
2947
4743
3543
4008
3148
2473
2776
3642
3324
2617
2602
3103
3619
2744
2529
2589
4829
3420
2950
6542
3600
2779
2919
1752
2879
3120
3144
2538
3909
4541
3782
2342
2177
4539
3135
2868
4036
2706
3016
2339
5346
14982
2341
3694
3712
5115
3348
2222
3827
5464
4569
2234
4440
2942
3581
2904
3641
4881
4510
2351
4358
6856
5367
6145
5629
2788
3909
4089
3763
3406
5754
2052
3916
3762
3563
3576
2900
4237
5703
2482
2299
3897
2687
3844
3164
3392
2677
4321
3746
2504
2797
2668
2860
2037
3431
2756
2924
4487
4012
2666
1824
2908
2918
2959
2492
1981
4467
2766
4102
3105
2968
3536
2946
5187
5192
3090
2077
2281
3255
4250
5460
3195
3263
2974
3233
6329
2676
3327
3764
3986
3441
2900
2060
3291
4049
3019
5949
3031
3050
3850
5577
2300
2696
3717
2692
3075
3386
4030
2706
2678
3151
3189
2906
4202
2427
2917
3354
3384
2532
3375
3180
3668
2779
2049
4750
3947
3690
2618
2572
1956
2792
2686
3679
3372
3804
2880
2898
2379
3337
4137
3042
3040
3381
3798
2976
2136
4148
1995
3369
1705
3077
4833
3444
2397
3026
3100
2248
3163
2852
2705
3687
3371
2746
2608
3650
2529
3503
2265
3211
3590
3161
2537
2947
2471
3358
4455
4159
4474
3157
2545
3425
1742
2826
1595
3897
3195
3245
2411
4085
2260
2160
1929
2289
2823
3105
2872
2818
1917
3302
2633
7832
2690
4158
3248
2072
2098
3562
8556
3331
3635
3119
2672
3438
3735
2880
2854
2504
2875
3069
3277
2683
3142
4200
6230
3871
4794
2755
3212
2424
4791
8655
3388
3042
3068
4882
2760
4430
2349
4172
1972
2435
2794
3088
2916
3260
3055
6030
72201
4702
3963
3030
2682
3508
4734
2282
3588
3287
3888
3152
3763
3385
2957
3915
3665
4328
5442
12563
6706
3758
3524
3957
3203
2720
3081
3913
9597
5227
2792
2778
3614
5124
4836
3243
4358
2053
3396
2839
2919
3212
2550
2654
2978
4582
2234
2636
3454
3200
2698
3215
3178
3331
1997
2575
3012
4420
2272
3680
3820
2277
4426
4370
2969
2751
3039
4234
5131
2993
3437
2716
4562
2112
3256
3534
5708
3439
2076
4428
3515
3650
1769
5084
3142
3276
4556
2430
4338
2016
2530
2833
3913
2616
4310
2989
4387
4704
13862
4181
3032
3408
3198
3348
4956
3153
3118
4055
3465
2402
2436
3974
2372
1807
3902
2808
2984
4135
3217
1574
2330
4525
3186
4048
2421
3146
3315
1993
1835
3740
3537
3042
4102
2073
3804
3715
2999
3683
5453
2904
3849
3021
3016
3349
2703
4517
3728
2716
3871
2552
3136
2889
2378
3204
6143
3609
3673
3841
2582
2991
2885
3075
4050
3121
3831
3491
2660
2322
3111
3542
3031
3464
2978
2822
3412
3711
3059
3294
2966
4339
5104
2967
3391
2958
4034
3168
4774
3082
2851
2726
4016
3302
3171
3408
3843
3370
3866
4311
2828
3432
3567
4095
2706
3022
3355
2369
3016
4088
2437
3353
3798
4415
2503
3291
3505
2494
2626
2752
1760
1981
3214
3769
1976
2031
3124
3352
5023
3115
3214
4150
4094
2948
3991
2729
4089
2570
7307
12135
2928
3913
1982
3586
2192
3561
2602
3787
2898
2005
3031
1719
2637
3998
4215
3546
4393
4128
2957
3309
4498
3172
2385
2673
3237
2597
4202
2720
2738
3922
4240
2918
3039
3143
2533
3538
3072
3703
2946
3161
2343
2929
2854
3678
3174
3764
4132
3476
2145
1829
4823
3623
3553
3304
2818
2825
2877
2883
3088
2709
4221
3668
2369
3785
2227
3222
3045
3220
3724
2533
3189
2337
3594
2781
3425
2176
5066
2901
4772
4079
3296
4960
3835
2882
6456
3042
2872
2991
3162
2560
3428
2491
3458
2919
1952
2951
2802
2871
3500
2378
2895
1826
2938
2817
2632
2851
3163
3006
1695
2323
2775
2513
2678
2712
3055
3744
3525
3068
8065
3155
3341
4538
3685
2103
2901
3741
2672
2390
2319
2417
3589
3664
4324
1677
2983
2637
3878
3230
2159
2601
2354
3486
2813
3358
2430
2416
2495
2769
2064
2919
3265
3019
4159
3079
3663
3959
3482
2906
3492
2910
2026
3263
4160
2158
3226
2888
2730
2347
4799
2460
2801
3493
3048
2888
3671
4592
3025
135722
3098
2953
2749
2965
2108
2872
3368
2572
2652
2810
4331
2967
2628
2632
2544
3259
3149
3580
4293
3275
2940
2152
4631
2786
2709
2775
2839
3378
3198
3461
12904
2611
2671
4640
2616
2937
2970
3316
2938
2714
3114
4137
2379
3227
2696
2659
2964
2638
2605
3242
3514
5196
3031
3482
3910
2792
3387
3094
3211
3111
2886
3709
5093
4069
3958
4072
2633
2540
3803
2646
3125
2992
5433
3630
3195
2907
2925
2812
3492
2715
3197
2941
3491
3428
3403
3000
3183
4119
2415
3303
2940
3321
3029
2591
3154
2769
2679
2771
3764
2611
3489
2815
2886
2146
2718
3203
2821
3053
3253
2645
2693
2023
3200
1931
2941
2708
2764
3177
2381
2870
2585
4673
2465
2843
3764
2815
2896
2722
3399
2997
3503
2982
2870
3758
4265
2488
3491
3095
3485
2954
6149
3086
2607
3661
2566
3091
3229
2760
3250
4462
2082
3018
3140
2623
2828
3310
3382
3126
3296
3719
3215
1359
3122
3136
3018
3827
2367
3226
3282
3311
3370
3241
2390
2512
2070
3010
2620
2687
2173
2544
3094
3830
1442
2623
3299
2662
2672
4400
3962
4033
2481
2795
3081
2699
5079
3116
2694
2891
3199
2701
2926
3216
3093
2832
2721
1976
3166
3327
4647
3295
3400
3193
3129
2649
2648
3286
3118
3340
3320
3669
2922
4777
2952
2389
2647
3515
3463
2354
4079
3360
2959
3910
4343
2847
3303
1194
2758
3348
2803
3156
3022
2021
2439
2688
3200
3705
17770
2283
2472
2736
3735
3171
2847
2373
2807
4870
3253
2789
2831
2695
2729
2177
4101
2839
3140
1514
19119
2385
3729
4134
3471
3599
2389
3658
2713
2226
2953
3478
2347
4968
3386
2593
1856
2020
3546
3330
3266
3869
2762
2928
3026
3072
3589
2708
3125
2889
3403
4638
4131
2815
3088
2997
2750
3903
2676
3070
6478
1340
2903
3988
2922
2494
3085
2401
2417
2678
2888
3493
2832
2440
2362
2733
3269
2086
2752
4661
3633
3655
2898
2151
2513
3376
3219
2576
3528
1394
5542
2671
3058
3214
3332
3125
2234
2548
2829
2580
2750
3418
2438
2374
3069
2331
2333
4124
2784
3166
3281
3649
3070
3078
3115
3361
3113
2705
3993
3396
2293
2949
2630
2776
2789
3435
2781
2834
3630
2414
3945
1710
3286
2857
4869
3241
2769
3351
2713
47343
2562
3577
3365
2780
2856
3060
2616
2980
3112
3112
2741
3076
1989
3212
2769
3127
3028
2222
3550
2844
2495
2562
2747
3073
2573
3629
2492
2636
3132
2297
3114
2852
3753
3144
3232
4090
2905
2089
2946
3505
3482
2617
3203
2937
2347
2462
3297
2318
2776
2965
2105
2943
3026
2647
2446
2871
3967
2729
2012
2930
1870
3104
3293
2097
2938
2967
2548
3093
3916
2240
2867
2944
3241
9540
3071
3982
2381
1823
2677
2807
3735
3065
3250
3003
2135
1818
2865
3015
3112
2901
2958
3182
2623
3377
3658
2644
2413
2722
3208
2672
2487
4041
3287
3141
2616
2497
4002
3723
2868
2376
3108
2275
2619
2566
2551
2611
4049
2767
2563
3215
2910
2675
4050
4585
2820
12786
3965
3044
2587
3191
3922
2962
3656
2513
3180
2087
2954
3271
2128
2383
2139
2835
5284
2228
1787
3407
5560
2880
2980
2422
3557
2444
3061
2747
3420
2703
2128
3155
2607
2680
2976
3507
3026
1728
3058
2438
3021
2763
3803
2621
3235
2824
4019
3162
3733
2856
2368
2786
2480
3564
2497
3253
2723
3120
2701
3257
2216
3656
3213
2778
2305
2873
2224
3012
2434
4054
2889
2807
3470
2483
3200
3158
3162
2831
2853
3087
2950
2761
2396
2314
4112
3740
2584
2922
3231
3443
3862
2249
3435
