1751
1836
2039
2435
909
2674
3414
4068
777
4129
3486
833
2222
825
2459
2245
2071
3231
2221
3078
1815
3001
740
2231
1917
3920
3075
4913
3069
2966
1802
2115
2204
4425
3222
3661
2567
2251
2188
1631
2343
4119
763
2090
3496
954
1723
2881
1697
4855
2536
618
1787
2116
2819
3459
3048
2156
1558
4099
2998
1599
2423
3819
2684
3490
3595
2383
2343
2948
1555
1043
2034
2076
3046
2972
759
3101
685
3519
2019
1564
3063
1448
2793
2123
2243
2586
2287
3088
1977
2110
883
1880
1907
2934
1614
1575
3800
2995
2063
3328
698
4395
4233
2088
420
7933
2198
3829
719
2044
2175
1297
2796
4068
4887
612
3382
2102
3071
645
4195
1867
968
1323
2547
2406
3400
1674
885
2351
3470
1853
2927
2917
1757
3511
3874
4764
898
2128
3536
3431
388
2463
401
2635
2174
2322
2427
2878
2722
1554
5303
874
2428
2764
1997
1490
440
2250
1856
2570
5783
2905
2903
2079
1949
2143
2081
1268
2702
3430
2024
2059
2938
2156
2217
3986
2687
762
4567
2627
2263
2823
5761
4336
3182
2952
2069
912
3732
2544
1810
3450
3541
2331
583
2992
1960
1544
2825
2150
1632
4679
2238
2108
4317
2714
2022
1642
4102
2433
3375
2269
4440
599
1521
2406
2091
2816
1831
2697
2177
1209
2501
2613
3183
2573
1555
1780
837
1843
1726
958
457
2607
3352
2214
1790
2480
3350
3587
674
2777
2261
4099
3970
2549
2666
1411
2260
2450
3400
3200
2594
2113
1517
2911
1006
1777
1736
855
1038
1926
2852
2107
3047
2817
3491
2085
3902
2888
2305
1699
2699
794
2328
2514
936
5219
2831
3301
1386
1270
4942
2084
703
2425
545
2567
3109
454
3496
1775
2271
3094
2460
1658
742
2244
2233
2891
2094
1398
3513
2222
2650
3171
1157
756
2915
2035
1393
2160
4598
1952
1425
2960
2747
1557
2083
1394
4066
683
2119
2627
6503
4260
2155
2963
2214
2319
3750
19106
2150
3136
806
1736
5639
2496
1435
499
1709
3393
2945
4049
2060
706
3721
4772
4193
1938
772
2354
1036
3184
3437
2210
2405
2372
2313
2027
2581
892
1587
5935
1553
985
4727
3051
2145
475
1994
2386
889
4494
911
3449
986
4151
5081
4395
2365
3169
2732
828
1375
2289
731
1236
1479
2551
3514
1884
1747
2412
1235
3160
3008
2224
2716
2709
1937
3895
1498
1951
2065
2165
2933
1770
1390
2552
3858
1874
2702
1969
3124
983
2430
1613
2503
2230
571
3472
2760
17693
2611
3021
691
3316
776
1655
1695
1975
2209
1354
2551
3074
2843
2376
1943
1028
2157
2650
3949
2824
764
748
2800
2402
1478
2165
1813
3311
3775
1542
2138
2041
2242
2558
1784
2483
1782
1917
1725
2456
2447
1360
1939
2514
1709
1325
1771
1460
3235
1726
2304
1240
2587
2451
9475
2630
2075
2474
1316
2424
2593
1318
1483
2702
2188
3687
3198
3036
1886
1820
2298
1630
2939
832
1114
2070
2371
1508
1903
2786
3193
2602
2334
1615
1911
2619
1414
1466
1486
2367
2680
3273
2519
2465
1333
2349
2680
469
4053
1995
2366
2097
3403
2489
1932
2382
1396
2031
2992
2463
1433
1106
2300
4237
2047
434
1473
1810
1560
2355
1699
2644
2801
3175
2433
2273
2214
2498
2471
1569
2781
3136
1742
2719
2930
2969
3265
1865
7402
2971
2769
2307
2201
2550
2025
1463
2597
1358
4349
1177
2561
1770
2047
2130
3276
2490
3105
1928
2765
2209
2482
1433
2019
1463
1796
1888
1512
2364
2373
2373
893
1904
2112
1107
1583
1223
1817
2201
745
1692
3653
1439
1900
1751
1599
811
1674
1266
1484
2693
4285
2329
1330
2250
2474
1221
1295
722
3344
2506
1697
2328
2214
4195
1259
2235
1189
1712
2313
473
2256
1787
2150
2302
2011
1992
3097
1558
1625
1496
758
1298
2986
3327
1799
1066
714
1481
2619
3340
2178
3594
2114
2786
3830
3782
1943
1888
4138
2316
4608
1463
4092
2150
1143
2360
2096
2226
1531
1780
2259
2105
690
2439
2181
1048
2078
5101
677
3148
2608
2660
2267
1952
1226
2925
3183
2556
1887
1314
1230
2225
2428
1696
1078
1230
1729
1514
1903
1607
2165
1627
4038
1419
1585
1509
1875
1937
1432
3537
1181
1774
1699
1783
3484
2804
2316
1748
3180
2360
3031
3384
5484
2378
3647
2797
2322
2077
2381
2810
2773
2369
1510
4990
2245
4665
2623
1943
3443
1700
1830
2052
2512
1851
2006
1379
2278
1180
2551
2260
1791
2176
2955
3075
18226
1970
2311
2382
1829
1969
1452
2093
1722
2418
1513
1810
1960
2196
2509
1975
2244
1897
2360
1674
2892
1791
1822
2862
3030
2512
1633
2947
3676
2056
1704
989
1788
2543
1698
1915
2532
3529
1194
1651
1564
2030
1874
3788
2345
2823
1538
2447
2296
3265
1837
1558
3180
3117
1293
2156
2486
3579
2187
2078
2451
3390
797
2777
2960
1867
521
2061
3305
1616
2106
2348
2174
2025
2759
2060
1710
17508
2119
2740
2964
3168
4926
2267
1559
1903
1951
2705
3082
2547
2036
3004
2385
1480
3101
1252
2022
3207
2581
3178
1276
1508
1165
2697
2188
1980
2509
1665
3084
2363
847
2659
2000
1198
1613
775
1881
2223
1550
2260
2375
1697
1914
1647
3289
2672
1307
3852
1720
2783
1664
2547
3448
3372
2724
3206
2264
2656
2229
3118
1916
2055
3561
1961
3453
1440
2248
2267
1712
1754
2698
2093
2264
682
2790
3902
2322
1443
2395
1863
1999
2086
2717
2037
2214
3066
2747
2095
2270
3474
3619
2700
1177
1110
1201
2499
2342
2433
1454
2164
2136
2294
1534
2694
2421
1617
2988
1513
2498
1689
1012
1428
2060
1437
1438
2480
2691
1767
3172
2425
3079
1653
1861
1330
1750
1503
1651
1386
1383
1620
1600
1531
1823
1516
1944
630
1133
2652
1346
1532
745
1732
1907
1778
3139
1727
1397
2958
2916
2217
1249
5221
1424
2132
1252
1321
3954
2112
1253
678
1283
1850
1301
2597
426
2154
2560
2226
1570
1816
2731
1448
1760
1367
3248
1910
2962
2929
2259
1351
3410
3295
2247
2174
2669
2280
3548
1521
2545
2776
2737
1170
1643
2032
1101
3394
2373
2522
2976
1299
2027
1997
543
1263
2434
1438
819
797
1560
1851
1834
2263
1742
2050
1984
2953
4184
3043
1215
893
4253
2906
1656
1909
2282
1311
1843
33202
2365
5158
3802
2965
3734
2855
960
1513
1273
1221
507
2990
3285
2082
1964
2075
3687
2217
3083
1215
1777
1116
1771
2477
2199
2213
1042
1913
2648
1734
1197
1398
869
1791
1123
1429
1430
1084
1960
2181
2705
3699
1495
639
1318
1501
2178
1281
1054
1408
1613
2183
1082
1075
2030
1561
1790
2744
2882
1107
1276
1815
2549
1061
632
1700
1473
2475
701
1264
1536
1171
1290
3139
2254
1871
3991
2496
1700
2493
3491
2235
5323
1451
989
1185
1876
3638
1590
2396
2244
1467
1985
2053
3204
2494
2530
1675
1939
675
1209
704
1848
1895
3346
2016
2333
3307
2723
3606
2098
1566
2509
923
1327
1324
3313
2068
1452
1619
1414
1713
913
1698
1857
1263
719
3651
2086
3751
1871
1924
1128
1819
1455
1695
1918
1849
1398
1805
2372
1821
1382
1669
1411
1771
1930
3844
1004
3117
4575
4179
1928
1328
6273
1457
1772
2044
730
1334
1258
3922
1700
4390
1232
2152
1174
3259
1349
2370
1718
3575
1423
1206
3131
1551
1895
1922
1823
1718
1880
1294
3028
2358
1432
1428
1374
2394
3810
1663
961
794
780
1449
2878
2070
2408
2462
2240
3283
2359
1528
2144
1883
2059
2097
2091
2330
2674
1652
1007
1694
2760
1231
2227
2405
1744
1549
2293
1030
2004
678
2716
2320
1047
2263
1679
2058
1474
2119
872
1319
2410
2053
2803
898
1959
1641
4236
1520
827
2137
5210
850
1178
1988
2851
3026
1588
1772
2301
2869
2649
1123
3602
517
1957
2601
2445
2660
2249
2182
734
1550
2410
1255
2055
1910
1376
1967
1757
1816
1477
1200
1304
912
1485
1773
837
2111
1224
1317
1495
1710
1220
2163
2451
2263
760
1275
1715
1595
2416
2696
1616
2463
3009
2520
830
1483
1456
1802
1335
1708
2947
1784
2894
4066
1658
1382
1788
2134
2134
3447
2616
1881
3928
5818
2914
2492
2968
1971
2736
2498
2129
2438
2852
2493
3265
2967
2520
2349
2265
2094
4146
3593
3133
1465
3909
2643
2932
1583
2627
3002
2151
3109
2370
2139
4951
2579
2901
1802
5303
1238
2867
2230
1689
2471
1831
4600
1870
1942
3693
1512
2101
2237
2146
1057
2776
1565
1192
1601
2549
3519
1696
2060
2298
2722
1555
3855
2962
1842
3309
2940
2813
1948
3347
2843
3388
2629
1993
2326
1596
2864
1708
958
2801
2102
2467
2430
2141
2324
2493
2560
3214
1764
2966
4674
1280
2423
3048
2475
2450
2117
2033
2904
3263
3453
3046
3638
4044
1602
2700
3871
2308
2122
1569
3452
2294
2258
1387
2875
2416
1305
2958
1708
2935
5978
3197
5569
2515
3370
2303
1287
2541
2326
2864
3325
4016
2372
3055
1770
811
1346
2488
2398
1760
1629
2174
2372
2365
3112
1881
2271
1914
2893
1851
3597
1514
3299
2354
2518
1464
2507
2884
2014
4092
2594
1101
3381
2134
2015
2093
1943
1651
2127
2598
2881
1905
3498
2491
3031
2029
2619
1689
1384
1855
2723
2841
2480
952
1770
4368
2705
2594
3196
2741
3368
2624
1546
3765
2724
2325
1493
2245
2658
3553
2425
1688
2773
1390
2409
2426
2844
2505
2336
2831
3086
1422
1806
1511
3184
2727
2771
2408
1043
5024
1982
2589
1967
3594
2924
1890
1257
1788
2006
3509
1685
2815
17100
1747
2178
3400
2275
5108
3235
2795
3000
3207
4030
2304
2564
2851
2005
3688
4918
2116
3356
2332
2418
2135
4105
2801
2371
2468
2265
3543
2480
1946
2403
3114
2195
1820
3589
3897
2481
2198
2424
2065
2500
2399
2786
3871
2534
1766
1644
2806
2895
1652
2884
1427
2272
4596
1702
1275
3972
1716
3138
1900
2755
1995
1918
1851
2276
2875
3905
1757
1662
5772
3212
2155
1544
1668
2983
3370
3210
3144
2236
1435
2274
2616
4156
2249
2132
2757
1978
4698
3477
1965
2579
2366
2234
945
2360
2474
1715
2528
2877
2426
3952
4575
2597
2676
2048
2304
1942
3256
3722
2287
1619
4171
2793
2748
3600
3577
2728
3326
1647
3154
3437
1900
3256
2002
1434
3925
2393
3230
2561
3266
1765
1892
3227
2219
2372
2771
1566
2818
3648
3185
2531
2444
1439
2507
2463
1736
2130
1868
2210
1963
2172
2510
4313
2779
2553
1998
2426
1416
3163
3231
2767
2089
3197
3180
2865
2495
2011
2500
2181
3113
3758
1854
3178
2017
3375
1963
2543
3072
1937
3421
1960
1936
3079
1320
2124
2113
3488
3424
2582
2407
2523
2049
1868
1949
4649
2007
2586
4277
665
2228
3854
2453
1774
2409
2419
3027
1950
2396
3401
2136
2843
1278
1683
2952
2784
1941
2940
2880
1010
2040
3485
4028
3058
2694
2480
2787
2459
2276
3065
3164
2659
1929
2253
3323
2285
2706
1929
3226
4116
3592
3231
3217
2282
2022
1949
3079
2557
3727
2428
1723
2080
2820
2943
3640
2046
2846
1880
1671
2646
2403
2849
2717
2181
2782
2813
1919
2741
2738
1885
2138
1651
3544
2091
1495
1566
1058
2545
1736
3059
2432
2732
2586
1776
1212
2433
3553
1816
2257
1423
983
2426
3090
2555
2047
2365
3199
2897
2297
2478
4191
2502
2288
2325
2635
2652
2567
2294
1759
2362
1727
2971
1718
2672
1970
1958
3641
1939
3640
1578
2152
2478
2348
1383
3538
2067
2770
1607
2097
1565
2282
2350
2667
2989
1528
2339
2537
1663
2669
2172
2712
1809
3882
2429
1846
2431
2587
1800
2797
2136
3236
3496
3431
2615
1718
2436
2358
2380
2314
3341
2517
2401
1812
2614
2606
1936
1908
2788
2288
1845
1716
2489
3083
2521
2264
2080
1633
2931
2417
4384
2766
1979
2081
3882
2759
3308
1993
2982
2451
2795
2345
2849
2660
1827
3047
2830
2222
2350
2165
1723
2150
3266
3128
2753
3738
2466
2195
1961
3508
2047
1669
2490
1537
3587
1764
1832
3639
2551
2912
2521
2513
2467
3186
2884
3836
3455
2231
2890
2441
2387
1858
2619
2657
3056
1991
2320
2439
2096
3396
3123
1895
5324
2374
2140
2185
2471
1681
2427
1738
2323
2234
2243
1572
2425
3576
2235
2260
1841
3087
2104
3186
1156
1779
3387
2922
2118
1874
1361
1906
2625
2318
3408
1990
2073
4151
2112
2348
1764
3135
1353
2968
2295
1877
3171
3260
2815
3546
4108
2753
2386
1173
2783
1225
2529
3095
3930
2847
4316
2828
2155
3184
1202
2785
2468
2858
1966
2660
2963
2475
3017
3147
2074
5203
3066
3759
2040
2797
1748
2986
3482
2926
1907
4160
1776
3312
1935
1617
2290
3805
1996
2509
2389
4055
2359
2395
2120
2680
2036
1389
2024
1474
2558
2886
1803
3633
2145
1988
2554
2637
1555
2127
1865
2439
4560
2951
2098
3127
5359
4043
1333
4087
2036
2554
3103
2740
3488
3484
2937
902
2132
1141
2382
2458
1880
1106
2682
1993
1533
2331
2120
2815
1698
2882
2080
2242
1918
19442
3180
1573
2467
2264
2665
2744
4618
2561
2205
2892
1989
2145
2727
2969
3136
4017
2406
2628
3015
2055
2732
3965
2448
2793
1482
2491
2186
2630
5987
2520
2695
2651
1882
2114
3152
2565
1937
1477
3627
4231
1331
3344
3425
2018
1591
1502
4709
2303
2346
2481
1665
1994
3907
2187
1764
3352
4954
2928
3016
2087
3012
2522
3243
1612
1475
2140
4180
2093
2754
3798
2247
2281
2984
2046
3207
2405
3043
2528
1954
3075
1194
1980
2960
2292
1780
3422
3122
2475
3417
3087
2100
3505
4747
3145
2769
3963
3477
2185
2873
2580
3060
2065
1291
2824
1719
2187
4158
1693
4437
2230
3593
2824
2326
8596
2237
3229
2663
3923
2742
3187
3769
2776
2605
4172
2240
2131
4112
3176
2522
1938
2047
2947
2496
2921
3346
3480
3754
2195
3808
1171
2164
2301
2313
1747
1463
2493
2744
4090
2397
1488
2083
1866
2666
2319
2640
2189
2863
2661
3530
2203
2422
3037
2358
2268
2805
2940
2334
3709
1925
2064
2670
2223
2997
1749
1875
35020
2803
1704
2615
2916
2241
3298
2330
1989
2564
2357
1653
2582
2313
2107
1416
1548
2354
3201
2515
2261
1140
2137
2008
1750
4017
3486
1846
2005
2304
2973
6680
2649
2295
2153
2555
2159
2628
2244
1503
1951
2999
2492
2222
2233
2112
2892
1867
1843
2274
2070
2447
2830
3687
2380
1543
2736
1136
2138
1815
2423
1778
3043
1622
3373
2244
2809
2303
2161
2799
2295
3058
1863
2460
2067
2092
1498
1353
3070
2581
1768
1379
2605
2393
1416
2005
2133
2362
1012
2500
2620
2335
3829
2467
1901
2334
2778
1710
2663
2448
1850
1585
2236
3201
1750
1369
19054
3280
2074
1836
1972
1924
2008
1886
1473
1793
2742
2423
2491
3747
2657
2091
4130
1208
1171
2062
3883
2680
2128
2057
4045
1627
1728
2889
2589
1351
2714
1302
18381
2291
4058
1949
2532
1611
1732
2387
1783
1313
1516
1610
1833
1935
1939
1693
4022
2195
1478
1900
2718
2215
2012
2391
2451
2517
2118
385
732
1517
583
1523
1364
1593
2758
2184
1923
2407
2774
1913
721
2068
3133
1599
2528
2361
1962
5816
1149
2598
974
1558
2179
2035
2445
2083
2295
2044
1984
2758
889
2174
4436
2587
2918
1460
2893
2132
2619
2380
2617
2269
1784
3271
2117
3379
1881
1747
2993
1209
1597
2328
2959
1461
1702
1935
1944
1098
9699
545
1268
2741
2738
2583
18815
2004
3162
1674
2610
1271
3890
2405
2747
3434
1851
3013
1048
1766
1259
1724
4766
1537
1651
3944
3398
1563
3442
2501
740
2136
1953
3805
2094
2402
1614
2482
1872
3064
984
1560
1126
1690
1942
583
2565
3610
5881
1662
2328
772
2820
1923
1023
2911
1610
3857
4073
1598
2445
2451
2928
2353
3419
4642
1919
4220
1352
1585
2413
4061
1602
1526
2630
735
4181
4812
3732
2162
1636
503
2624
3020
1996
2608
2545
2244
2744
3382
1954
1788
1814
2019
4083
1684
3054
1777
2453
5219
2394
1439
1651
2879
1040
1881
2484
2523
1798
2019
2031
2810
2145
1609
4085
2092
1204
2285
2113
1904
706
1259
1301
23313
1328
3520
3107
1357
2037
1593
711
1901
3719
870
1709
6020
874
3222
579
871
2626
1775
3021
3231
1930
2474
2805
2971
2052
2989
2205
1595
1197
962
2472
2591
2656
1527
2141
1941
2407
1438
1178
772
1735
1724
1868
1881
2146
2593
4378
3757
2050
1371
2067
2184
2244
2335
1043
1640
1328
1517
2542
5148
2434
1692
2155
1739
2510
1919
1893
2001
1592
2386
2994
754
1692
2800
1779
2415
4035
2359
2734
2136
2283
2194
1656
1388
1482
1922
2985
2938
1422
2543
3331
2377
2435
3509
1107
2492
2648
756
2330
5521
2686
1199
849
2481
4043
2883
1446
2386
2276
1660
2777
2126
2232
3254
2169
2519
3275
2625
2430
2405
2416
1541
1649
936
2743
4872
2332
2298
2877
1700
3281
1762
2255
2466
2239
1120
1292
1147
2364
1468
1758
1759
2360
1316
2771
1638
2570
1284
1747
1153
2552
2996
2667
2888
1783
1792
4644
2232
1586
1020
1670
2854
3872
2089
1434
1871
2616
3381
1459
1713
928
470
1044
1754
2189
1550
620
2561
3312
2212
672
4599
845
1598
2559
1219
2493
2425
1672
2218
2308
1841
2421
1813
5260
5712
1982
2247
1472
1280
2606
2693
2136
1336
2776
1808
1474
1366
1619
1366
1818
1494
1235
1371
2322
1483
1178
2125
1482
1823
2042
1313
1422
2828
1875
1294
2021
1742
1883
1806
1947
2272
2092
451
542
1349
2063
1838
1812
2650
1672
2139
2801
3335
2490
2115
2007
2010
1736
1122
718
2159
2153
2388
3194
2267
2297
1829
2098
864
1438
735
4764
1866
1568
2011
731
1089
2612
2974
388
1953
3053
506
2961
3020
2271
2945
2040
2314
841
773
2458
1667
2487
2968
1866
6074
2346
2633
1916
1695
2164
1970
2209
962
1040
1425
1804
1772
2805
1486
2061
1635
1672
1255
1007
719
1950
1204
1386
1230
2864
1685
2024
1016
1512
1235
2082
840
1691
3222
2725
1964
1454
1089
2352
2394
1206
1663
1390
2472
2692
2773
2416
2056
3897
732
2372
1676
904
1105
838
3564
3512
1926
1253
2185
445
1441
1677
2320
2406
1120
2706
1633
2790
3232
1036
1897
2643
1322
1033
2539
2456
1090
3010
2075
3020
2153
925
3759
1730
3330
2418
2013
2314
3010
3368
2178
2334
1398
1575
1741
2710
2374
2352
3213
1944
1823
3084
1296
2240
1471
2058
1685
3368
609
2500
3371
3726
630
847
2861
3634
2506
2521
1877
3484
3226
2938
2431
2524
3020
2900
1076
2022
2458
2586
967
2488
657
719
875
2098
2540
5513
2582
3016
2506
1819
1864
1871
2441
2195
860
2706
592
644
1984
2397
1153
3224
2101
2657
1429
1345
982
2768
2493
1664
1640
2697
2660
2675
2271
3139
2450
2054
2495
2199
1102
1421
2657
2035
3083
2169
2967
700
1718
2404
1939
2600
693
1972
2779
776
3107
2945
1790
1338
2626
2474
2346
1658
1464
4001
2293
3968
1082
2402
2308
3741
678
922
2854
2262
626
2987
2299
2688
2667
850
4870
2995
2333
719
686
3492
1849
3436
1633
1916
2547
2318
2489
2427
2262
3178
2752
3886
2012
2698
2808
3530
2321
2514
3066
5221
2561
810
716
1676
933
2536
653
1808
2333
2214
3366
1709
2638
1887
2071
1861
3011
1900
3103
1054
610
3158
3968
1855
754
1910
2104
779
2097
2162
1915
2330
692
807
4780
2219
2018
3269
1123
3592
628
989
3867
1076
1840
1210
1673
1070
2445
879
2404
2007
736
859
2210
3503
878
568
3054
3421
2006
3744
2942
1837
926
2297
2448
3472
1392
2269
2481
3517
1968
1917
2857
1595
1902
2142
3105
1705
3149
1360
2441
636
2762
1330
593
732
1926
4465
3159
3174
1614
2655
1290
1512
2384
765
2469
1885
2603
1402
3245
1883
1708
868
3042
3668
3825
2388
3488
1089
2756
2197
2925
2568
2534
645
2963
649
2698
4741
4382
3119
1726
2031
2847
1539
2788
1689
2036
2576
2035
1727
1471
1249
4672
2653
2129
2205
3042
2197
1584
2629
5905
4110
1597
2317
2417
2474
3276
2855
2054
417
3075
888
1899
3034
2658
980
2539
2616
2489
1924
724
1600
2055
1360
1799
2221
1455
1780
1948
3472
2564
2510
2364
2302
1652
1929
2047
2052
2867
2130
1870
660
1831
3324
1832
2268
2756
3287
1959
1759
2292
1426
3378
2536
3184
2625
2054
2291
808
574
2559
2980
2249
1412
2267
453
2040
565
2701
3127
15274
2030
3535
1735
3240
3299
1500
1691
2957
3552
2169
1742
2464
2411
2223
2045
2410
3433
2913
2363
2537
2529
2195
3017
2997
2317
1698
3536
812
2513
1749
2035
277753
1527
3247
3289
1680
2065
3765
773
2423
858
1584
2484
1684
2411
1574
3602
460
2282
2802
810
2868
1263
2093
2495
2290
2444
733
857
2785
2333
2088
2294
909
1884
3024
2741
1857
3138
2399
843
2011
1727
1648
2655
2114
3377
407
2343
3384
783
3655
1478
758
2304
3010
1141
2938
2694
2439
3657
1631
2485
1621
2041
2726
3011
2965
1027
1146
711
1526
4953
3035
2563
2850
2433
2820
1029
2531
2561
3103
2955
1745
2006
1670
2230
1839
2314
2136
808
1655
2098
2686
2479
2329
2445
1471
4343
2695
2196
814
2677
2300
1994
2363
599
2121
2306
2322
1756
3466
2080
3181
2511
3867
2085
2308
1254
3074
3687
3924
2360
645
4121
2879
2432
1620
2566
1922
2913
1376
2879
2279
1761
1939
3014
3335
4356
2488
2239
4119
3437
3654
2139
2408
1581
2008
2490
2083
2576
1843
2359
2150
1938
2956
1745
815
4343
1999
871
2285
1977
1337
2877
1765
4207
5472
4574
3042
2303
2829
2796
1880
8623
1695
2331
732
1793
2152
648
2757
2865
3231
1624
3269
1739
2439
2445
1592
2550
3274
954
2386
628
981
2608
2678
2325
2682
1238
2638
1736
1665
2268
2299
3214
2047
2270
2652
1966
2232
1104
548
3282
2014
2628
1951
1695
813
1903
2094
1106
3086
2431
2104
2672
2012
2480
684
630
2785
2428
2604
1506
2918
1946
2614
976
1964
2328
1866
2545
1968
2690
2286
861
1973
2423
3149
1920
2443
1782
1988
2328
2577
2221
3020
1664
3495
2563
1414
743
2770
2383
2408
2933
915
3125
2177
3055
965
2193
5590
3588
3095
2736
2401
2985
1896
2148
2099
2306
747
1855
2016
576
2718
1269
945
1057
2093
1409
1691
3191
521
1006
2381
1611
2115
2216
2405
3476
2424
837
1951
3224
850
2356
2232
1482
2225
1440
4615
1998
911
3201
1592
1876
535
1837
775
2723
1102
2134
2163
769
2062
1086
1520
3784
1564
3330
2588
2057
3537
3892
2242
1851
2808
1448
4334
3783
2232
2501
2646
2027
3541
604
2781
1779
1464
3163
2368
1907
3601
761
653
2175
2208
901
2378
4907
2931
431
2101
1857
1237
2153
648
922
741
1302
1717
720
1380
982
2426
932
2794
2536
3500
718
611
2911
2215
1958
1765
1928
1028
407
1925
1500
2893
1036
854
3176
2084
1293
1049
2741
2608
2653
527
2638
3383
2834
1278
906
2357
624
2111
823
3087
3503
1441
2275
2613
834
841
1242
3067
1840
2250
804
689
805
1541
2020
1762
711
2234
721
2529
2591
1998
2839
2442
1685
936
3094
2154
2927
2909
1958
2611
2592
844
788
2334
1980
1074
409
2186
812
1791
722
1603
742
679
1054
855
1209
1364
829
1660
1683
4046
2282
2552
1309
2201
1746
2542
2987
1452
1811
4705
838
2681
661
1535
2047
1715
1200
2339
3062
535
1884
606
485
1574
872
892
2160
1325
3333
2708
421
1249
1387
2523
1389
658
792
2383
2253
1573
3561
827
3340
732
870
2849
2286
2663
2643
2084
2038
2468
2837
438
1330
592
2457
1418
1608
2631
2942
1972
2739
2384
417
2697
1911
3744
1315
2205
1599
870
664
3395
1684
726
3454
1972
2349
634
1780
732
991
3305
1652
835
1347
1782
1837
854
3066
830
1717
3647
2419
2540
875
2913
907
1943
883
1683
5128
2090
2631
2010
2354
1723
2403
2421
994
710
1649
3268
1723
2153
1266
800
1820
1738
1996
2105
2394
1898
1664
2820
3594
792
11240
3441
4600
2715
3305
2465
1631
2034
1922
2037
2477
2255
2471
2435
2719
2448
3242
2210
3274
1643
717
2870
1575
1754
1080
708
2649
3799
1131
2359
2416
2101
2614
2657
2058
1276
2402
1563
2477
2887
2484
2698
1634
19183
1716
1959
2075
792
460
2331
1965
1934
1856
1253
910
2434
1984
766
1977
1296
2566
1005
2186
1360
1769
2920
3113
2951
450
3349
2893
2502
1359
2971
2555
3029
4303
2311
3382
4543
2124
2911
2120
1347
1821
1750
881
1306
1828
2035
1658
2625
2037
2689
1033
2136
1298
2195
807
2653
2142
926
1112
1791
1566
2030
2263
3136
1134
1770
2278
938
891
3515
1000
854
1788
695
2083
2098
2374
3280
2356
965
2471
1639
3041
1350
1127
2397
1239
871
6408
3431
1502
3808
525
973
3093
2284
2196
3776
1580
1666
2777
1830
2405
2404
2364
2437
2044
998
1191
2075
16871
820
2315
899
2442
2215
1406
1159
2278
2648
2145
1854
1986
1948
4400
1520
2603
1886
1640
1706
2152
2075
2414
2983
1422
2167
2187
3057
2884
1861
1982
2040
1169
1413
1830
2071
2226
2120
2863
2788
1525
2584
1521
2520
1729
2354
1874
2532
1656
3164
2169
901
2252
2501
2110
3853
2029
3182
1712
1639
2356
2414
3081
2010
1908
3302
1467
3853
2563
2579
3106
1303
2128
3240
2014
2484
2536
1601
2006
1606
2790
3092
2189
2286
2486
2969
1557
3198
1958
3038
1928
769
1240
2266
4322
2321
2360
4163
3262
2551
3426
1354
4685
1575
2605
2804
1444
2985
849
2768
2889
2197
1683
2258
2851
1860
5768
2591
1604
1907
2530
2513
3216
2654
2023
2547
2081
1646
1459
1501
1800
2262
2588
2457
797
3226
3149
1249
28302
2841
1748
2516
2763
1762
2332
2412
1492
2373
1461
1627
1564
3047
1837
1778
2730
994
893
2232
3342
1762
2552
2427
3056
2002
2140
1772
2265
1786
2655
2137
4257
2272
1114
1909
2730
1341
2279
1770
2532
2480
2629
2293
3252
1497
1905
1273
1871
1737
1477
1808
2409
1181
3064
374
2548
1707
2221
1887
1468
1941
2448
1482
2479
1166
1674
1998
2648
2484
1278
1478
2114
2114
1512
1887
2534
2344
1576
1112
3220
3058
2324
2271
2570
2580
2255
1784
2427
2397
2780
3039
1614
1400
3523
2796
3220
1601
2096
1692
1912
2651
1918
3175
3019
2151
2783
2110
2636
2166
2049
2494
1926
2560
2611
1804
2103
5642
3331
1764
1807
1998
1862
1351
1348
1507
1531
2438
3209
1458
1799
1386
2119
2021
2254
2327
4929
2853
2791
2896
1016
2352
1853
1776
2329
2396
2166
1665
532
3624
2884
3252
1601
3111
1872
2146
1382
2062
2607
2271
2386
2361
1939
2630
1731
1980
2031
3180
2336
1338
1915
2626
2533
1870
2651
2107
2243
2440
1793
1490
2424
2257
1879
1532
2913
2061
2340
1964
3568
1773
1809
1641
2450
3148
2316
1367
1998
761
1784
3049
1835
2685
2307
2971
2906
1693
1353
1581
2901
2167
2217
1873
2533
2958
2573
2646
828
2296
2669
2178
2536
1654
2007
2508
2660
2294
2136
1635
2188
2217
2107
2108
2287
2233
2447
4254
2378
2614
2905
2907
2260
2516
3232
3286
2209
2327
2878
1424
3177
2288
2194
2710
1087
2226
1713
2042
1497
1747
984
1303
1588
2357
2289
2385
1249
2845
4852
2483
2512
2050
1773
2247
329765
2546
3133
2219
1722
2446
1675
2446
3303
2315
1521
2372
1589
2950
2193
2615
1941
2374
2285
1668
1930
2460
2242
1703
1234
2204
2887
2011
2411
2853
2337
1275
1249
3380
2437
1709
2370
1958
2832
2320
2557
1771
2151
3640
2800
2453
2016
2250
2906
761
2857
2149
1157
2153
3013
1375
1167
1948
2444
2073
2492
2758
2045
2021
2495
2331
2164
2163
2401
2265
1919
2058
2584
2490
2490
1942
2602
3135
1908
1622
2881
2294
1493
2277
1749
2134
2345
2490
1262
2534
4613
1134
747
3429
3409
1463
1921
1884
2452
2386
1923
2411
2570
1559
2537
1613
5438
1161
1308
697
2143
2280
2500
2702
2899
850
3321
3360
1639
2607
3145
1828
2574
2948
1763
1714
786
2558
2357
2838
1542
1917
2809
1536
2669
3334
3110
2634
3401
2667
1390
2186
2238
2755
2833
2762
3561
2035
2544
1925
2058
2503
1759
2060
1989
2413
2062
3764
2993
2178
17435
2746
2280
2259
2683
1911
2629
2281
3220
1034
1749
1200
841
2082
2468
2281
1915
2395
2215
1493
908
2167
2818
679
2343
1248
2294
2003
1429
2317
2270
2829
2187
1251
2400
2496
1151
1264
1757
1181
2505
2901
2151
2423
1992
2255
1975
44292
2190
1744
1885
2091
2191
4210
1642
1781
1923
1510
2136
3346
3951
2985
3510
1336
2066
2806
1761
1799
2593
1179
1593
1292
1997
3296
3017
1680
2588
1893
1347
2494
2351
3236
2078
2576
2445
1101
2576
1824
3647
1594
1554
2768
2562
2538
2092
3006
1899
2108
1934
3053
1560
1290
2277
1466
1433
1120
2402
2553
1268
2247
2759
2112
2275
3624
2363
1910
3605
3190
1732
2631
2803
2128
2722
2501
2337
3042
2139
1461
1631
1264
2582
2460
1916
4288
1113
2978
1831
2044
1502
2973
707
2514
1439
3090
2229
3000
2436
2105
1977
2616
1967
2067
3780
1387
1506
1981
1374
2450
2164
2160
1591
1559
1547
1709
2697
2314
2142
3276
2696
1932
430
1210
2382
1745
1688
2100
2366
2879
2174
2891
1624
3316
3284
2222
1860
2518
2132
2200
2284
2255
2264
2972
1795
707
2240
2391
1460
1724
1971
2418
1789
2192
1576
1700
4233
1917
1006
2594
2863
1759
2255
908
2176
2681
1720
1006
2927
2165
419
1504
1630
1047
2863
1876
12338
786
1255
2686
1322
1324
2612
2176
1325
2338
3433
3067
2479
1863
2375
1987
2265
2452
3002
1985
1662
1251
4180
2070
1757
2710
2793
2726
2835
2482
2309
1565
1753
2336
2127
2146
1858
2149
4219
4851
2454
2739
2694
2497
2532
2159
2513
2792
2563
1818
1470
2707
1245
762
2436
2101
2759
2375
1259
2110
3419
2209
1695
1263
2430
2531
2404
3685
2393
2656
2339
3749
2338
1718
2273
2079
1885
1966
1363
2791
1984
1995
2502
2686
2795
2201
3603
4282
2250
1763
1291
2289
1705
2652
2742
2729
1333
1987
2118
2384
2076
5628
2039
2115
1452
1661
1577
3169
2281
2636
3485
3028
792
3410
5149
2074
1673
3012
2070
967
2456
1169
2252
2075
2735
2489
1560
3173
4104
1694
3063
3522
1976
2162
1344
1521
2233
2491
2101
1891
2124
2633
2013
2735
1813
2469
4114
2465
1483
2983
1827
3669
2009
1781
2455
2020
3288
1294
1954
2353
2590
2482
1815
2495
3218
2259
1567
1820
1939
1834
2371
2746
1452
3257
3901
2644
1134
1643
733
2176
2096
2092
1307
2423
1822
1264
3538
2326
2723
1912
1021
3115
3286
2390
1802
2809
1204
1895
2162
2654
1901
1954
2814
1271
2345
1640
2250
2668
660
2386
2941
4432
1669
2192
2398
2125
1277
1751
2741
2803
2384
2539
2586
2100
2890
2249
3004
2308
1220
1998
3205
2176
1378
2875
4175
2016
2860
1377
2282
1632
814
2006
4910
1260
2693
2713
2979
1985
1791
3152
2068
1765
2363
2643
2441
1685
2519
3571
3810
2786
2331
3067
2032
1026
3174
2250
2911
3654
1876
1528
1820
1999
2890
1111
2345
2025
2145
1547
2366
1723
2069
1087
1787
1829
1997
2146
2428
1948
2529
2388
2632
1749
2356
1969
1731
2450
1508
2373
1431
4870
1479
2174
3228
2134
3045
2179
1328
1932
862
2738
3256
1898
1995
1320
1443
2576
3300
2187
2139
1282
2900
1354
1503
2041
2471
1996
2362
2137
1620
2075
998
2201
3281
2070
3361
2335
2231
3463
1853
2897
2523
2219
2093
1933
3658
3019
2214
2357
2640
4594
3738
2418
665
4135
2421
2040
2315
1267
2128
2835
2336
2608
1842
2666
3132
2415
2712
2097
2261
2287
2653
1106
1373
2161
3247
1514
2192
1469
6345
2707
1425
2418
2186
1777
2801
2841
2303
3809
3336
2207
1960
1009
2333
2314
2231
2355
2209
3420
2009
12063
2145
2803
3506
2583
2719
2900
1979
1735
3858
2464
1475
3543
1565
1461
1824
2414
2905
1933
2959
3459
2477
2034
2368
2097
2124
2035
3498
1924
5919
2108
1757
2932
2241
2573
2357
3033
3240
4200
4220
1948
2262
791
2229
1721
1855
1223
689
3511
2818
2601
2347
1593
1539
2455
1220
1684
29482
791
2743
1410
2582
3037
1618
2294
2465
3538
863
1715
1587
2403
808
2631
2181
2147
1638
1829
2106
1650
3726
1797
1049
2425
3371
699
1067
1701
2326
1647
2037
2200
2361
2321
2682
1600
1996
4716
4988
3449
2746
2601
2619
3640
1259
2520
2160
2664
2989
1954
1794
1962
2803
1265
2811
1481
3026
2164
2422
2330
1618
3636
799
2496
1186
2064
1844
1861
2314
1723
1787
451
2772
3393
1712
2131
2186
3150
1764
2190
1590
2150
2182
3040
3946
2022
1362
3841
2300
2965
2379
2326
1387
1720
2285
2452
1701
3030
2101
2025
1923
1590
2607
2424
1937
3910
2190
3175
1694
2752
1985
2639
1936
2500
1499
1763
2489
2732
1445
2252
2865
1712
2305
2590
2084
2283
721
2376
3440
4268
1629
508
2749
1835
2728
2163
2433
2681
2969
2876
1736
2144
2030
3265
789
2288
2098
2837
1823
2236
1768
2855
1870
2807
2105
1573
1875
2395
2982
1820
2380
1244
3333
2482
2429
1994
1429
1661
2222
1724
2097
3127
1804
2176
1238
3154
1724
1480
2359
1784
1997
2256
3012
2744
1659
2376
2251
2239
3428
1031
2660
2038
1346
2159
2003
2164
2207
1691
1710
2702
3198
3219
1241
2564
2668
1323
1520
2472
3827
3043
2211
2123
2070
1570
2988
2592
2749
2216
2723
2954
2781
1839
2455
1253
1298
2269
1604
2434
2169
3086
1812
1389
2356
2083
4157
2102
1516
2521
2455
1915
3062
2264
2883
2124
1449
2461
1981
1936
2941
3735
2664
1463
1035
1529
2195
2042
767
2356
1647
2868
2667
2575
3239
2186
2522
1959
1694
2498
2257
2524
2684
3145
2278
2273
2500
1410
2487
2111
2503
1181
2218
2071
2033
2037
2643
1782
1625
4412
1931
3809
1532
2286
4384
3738
2155
2302
2315
3453
2330
1892
1220
2488
2374
1968
2304
2698
2229
3529
2936
1976
1798
2592
3047
1347
3680
3073
2125
2841
2620
1772
1673
2881
2712
2423
2450
1540
2295
1910
2346
2759
1894
1397
2809
2177
2645
2549
2829
2671
1830
2588
1460
2739
2320
2773
1937
2299
2097
3443
2193
1575
2646
1668
2031
3823
2273
2355
1649
2089
5118
3055
3055
2183
2936
2723
2878
2873
2341
2539
1888
2098
1377
2995
4644
2433
3210
1313
1848
2538
3086
3139
2460
1660
2690
3577
1713
2438
3469
1385
2293
2865
1620
3255
1422
2381
2457
2062
2608
2817
2890
3720
3183
2261
2112
1822
4841
2823
2051
3070
2947
2439
4093
3071
2555
2500
2494
1869
2847
2344
1886
2824
1575
3089
3202
2817
1552
2840
1883
2662
1587
2242
2291
2258
1946
2558
2705
2489
2167
2674
2221
1790
2384
2387
2023
2665
3083
1315
1609
1968
2875
385806
2516
2006
1622
2033
1471
1629
2541
2612
2284
2457
1455
2411
1315
2152
2775
2053
2107
3057
2061
2483
2576
3333
3143
1886
3455
2965
3186
2414
2602
3761
1756
2731
2076
1932
2264
2378
3921
3722
3251
1431
2330
1963
1152
2590
1583
2194
2757
2592
2562
1954
2778
2532
1662
3220
1503
2457
3594
2851
3325
2463
2799
1836
1636
1414
1480
1858
2316
1331
2889
1592
1644
2293
1406
2203
2507
1495
2598
4051
2599
2222
3132
3652
1895
2996
2623
2620
2963
2621
2360
1257
1848
2553
4407
2826
1862
2545
1793
2369
1607
2969
18338
3424
3020
1527
3508
1776
1966
3195
2060
2785
2166
2563
1217
2371
2971
15130
2495
2007
2445
1445
1754
2287
2169
3373
2075
2168
2899
2298
2487
1535
2595
2028
18116
3490
1435
1898
2106
2215
1356
1279
2411
2822
1249
3584
1332
1702
3313
3602
2167
2139
1891
1977
2055
2209
1810
1543
1474
1938
2523
2198
2038
2686
3534
1945
3139
2653
2052
1497
2651
2723
2942
2224
2650
2041
2176
1547
2958
1589
2729
1910
2098
2924
1120
3108
1997
2834
2413
2557
1410
831
1925
2281
1811
1973
3124
3090
2685
2799
2606
1735
1671
2875
2881
2185
1536
2278
2645
1305
2415
2075
4024
2020
1547
2141
1656
1960
2414
2460
3612
2780
1669
1468
1445
1906
2404
2320
3362
2713
1791
3750
1983
1517
2331
2152
4237
2788
1499
2177
2124
2153
2440
2441
4542
1989
1365
2732
2636
2151
2786
1675
2607
2542
1288
2425
1749
2012
3890
1677
1578
1625
2004
3080
1351
1175
2638
2134
3405
3531
2216
1023
2512
2253
2650
2798
2207
2619
1975
1906
3815
2988
1993
2424
1843
3093
2532
2615
2464
1025
2285
2087
2824
1769
1938
2004
1698
2690
1929
1060
2073
2817
2101
1443
2903
2255
2071
1379
1600
2879
1657
2039
2313
2378
1558
3294
3024
3037
2752
2772
2803
2646
2423
2208
2175
1038
1615
1369
2767
1434
2330
2340
2569
3023
2396
3466
1979
1925
1593
1433
2117
3255
1929
1817
2683
2117
1674
2487
2204
2302
2628
3330
1790
2650
1570
3931
1613
2096
2849
1727
2119
2112
2179
2155
1759
1882
3430
2154
1812
1932
1820
3298
3092
2260
2544
2548
1651
2235
2046
2520
1891
1970
2675
2287
1528
2104
1476
1852
1346
1930
1844
1824
2512
2674
1550
1492
2514
1731
2774
1814
1885
2937
1228
2091
1642
2537
1479
2137
1398
1913
1938
1740
2351
3139
2166
1473
3131
2776
3689
2455
1834
2097
3069
1553
1804
1674
1282
1869
1933
2379
1467
2977
2764
3084
2010
3030
2137
2441
1721
1902
2157
2129
2008
1981
2025
1951
1409
1625
3310
3091
2593
2820
2316
2186
2122
2287
1354
1945
2165
2500
1190
2007
2267
1383
2389
2993
2833
2019
1672
2113
1861
1810
1757
1970
1803
979
1581
3053
2019
2443
1592
1265
1648
1560
2691
1984
1487
2294
1850
2935
2542
1384
2781
1563
2509
1282
2996
25428
2403
2638
2527
2363
1937
1921
2551
2077
1279
2846
2969
2237
1648
1995
1968
2326
1490
2197
1366
1954
1803
2643
3635
3175
1829
4317
1413
2066
2541
1858
3308
1613
1625
2605
2892
1930
1648
2398
2244
2359
3177
3876
2073
1861
2067
2992
2002
