31892974
73715829
24760555
25105202
26579991
22138327
85016473
26932704
35381327
406745
41379009
49503296
21765509
21847437
25878258
65326796
34547324
20199130
27207679
22707204
25830307
16114978
28805479
27984363
23626011
36692006
15740071
17307321
19362841
24670307
22565619
47665642
25938731
17248697
16648219
29080038
23447504
25414051
43137708
26943669
18148077
29570899
27840266
20537073
20138466
50959857
36325447
29844255
28357726
22568594
28044662
23528419
22768074
16829086
28946451
19206576
19582567
22123481
23710251
26142579
20437459
19657558
24044393
21524300
17217827
37973045
19838412
23963483
23783994
21616025
23825384
23879597
19377563
15650726
26927155
23726992
38440633
18396763
21566541
17349122
36321012
23058251
20019822
20069029
27982351
20492418
27067796
21832247
19914314
24718144
42254884
22613610
22179232
18498729
19473297
21736336
19455446
19794662
19774481
21974595
20210207
26842237
16028094
18326280
20666369
24279608
17682123
20522398
37078247
21688486
30952578
28321138
24664982
23253411
15481076
46307849
32718485
22319080
44627002
21896289
28433271
34243408
26738938
19884694
19176818
19197705
29947287
23922534
24971688
24013776
25721396
22524513
19100919
17122652
29687500
32623276
20663774
19725677
21727970
20802202
22356934
17654742
998613
17145301
21489155
16885779
23924459
47246818
37468396
30876218
20558909
20792135
19920815
16878273
23986285
18114232
26830087
36445350
16623321
30113940
40811732
28156311
25027298
27340102
23219078
24257234
33849878
24591279
31410651
27589539
25969199
64078369
19869260
17099855
19167926
14273364
16778366
25208463
17012996
24203706
15364689
53167930
16217221
22662201
18491025
20824900
18812073
24578787
21128301
29443208
25587489
56525168
19774577
34967406
30445903
16434474
46122053
28176397
22018385
22808377
16219064
23698913
30996657
17021844
18437783
12706057
22441704
17266118
11522032
15091166
14341920
25820361
15168980
18973745
14508302
12330288
13180606
46535211
13346055
19339341
19470957
37597347
13167651
15041162
12435501
15984708
27315444
15442782
15792065
44943113
14026709
32462505
10697711
11616173
17057242
15807626
31334127
17596071
14809930
11796600
9865463
13548980
12079547
20510920
10183822
12257120
27819736
12081159
28179082
16262030
17500572
22091023
14983740
17707996
18884474
15696376
23898371
11658369
12693653
12768404
11931671
14107608
11732619
10635526
18846418
11597499
18836625
16464944
17696558
30726289
19562084
22031395
39975788
24079283
10931981
22535660
13182313
16492012
18924735
15720622
22812343
24828282
17447765
20912480
18394448
17706431
12793175
15871645
20934750
16684711
27722392
21059469
19643620
11936361
14748286
22600674
16041764
26110474
20388872
21124440
16835187
15326708
16891705
18400835
18751576
13727861
14048095
19799687
21088715
13574599
32333006
22621174
15169263
16023082
16505077
25337976
18651392
18244515
16034025
19511935
16766597
21084201
15711899
13513334
14057934
21727946
14580808
30189899
20642644
17929926
30885941
22571074
19621036
16804791
19283452
20432212
14004600
38052217
21307347
21006498
24679526
14862739
20599242
15712783
16190810
17680813
23633850
19343430
22226366
16033182
25083733
27292813
21572623
22728868
33971553
26241083
36165626
23370485
22723649
37557177
44822973
18713520
28922970
28631541
22984413
17990874
23256260
48904462
16805351
26751225
20836212
21919821
19344082
41984379
29967206
28262286
36520811
19312695
28792854
23850498
24390642
51918951
24156075
17891300
21559493
44867315
23060605
42798602
21692829
19375228
21195088
27573026
18553305
28074745
19127172
15155230
25399162
32281325
19581103
19778251
31320436
30304410
17042134
16151000
21832828
13473125
16789345
23022530
17844157
15990147
18056524
24750011
19160690
30721206
17923199
13592692
27198039
15037486
28938766
36180735
16758293
13804942
22914419
29084423
17266363
27065139
23667517
28140985
22832481
23220332
32921649
18618623
28805493
17943079
21643803
31697775
20315997
32880009
41986877
25228937
23782627
50542935
37018305
53678980
26884321
34282384
17980101
17790456
19830247
21045208
12996526
45290945
13756747
18037035
15301690
22284476
28786434
17677256
16678230
16127206
38137589
13684007
17353631
13360083
10961751
11942514
11220745
27585437
13957161
15544838
12183981
11237261
12616868
10134495
12920580
9106496
12258806
11726125
12837387
12419955
14119364
19171192
10616615
10406228
10889462
12919427
11512718
13280901
10293828
13188534
13032498
21582860
19528612
13010694
14067637
9002832
19589545
9476584
11963249
12188522
12605158
12996014
12063500
11180600
10289217
10503808
12666667
13094185
11620573
13791525
13378444
12121899
12073693
11222689
11683886
9464739
8788467
12639653
10619840
13222897
15856701
15016786
12480542
14064959
9914778
12543212
12649396
19011181
11078214
13452495
15033373
14529623
15787901
11380886
11334338
11681550
11003897
13679924
11662901
11069833
10694895
12411734
12237839
11898775
11376754
10566755
15192186
14664900
11201817
12870340
13702324
10488475
12788712
12923760
13286225
11670450
16173884
11704718
11604230
12838415
12424960
14146005
13192523
12437393
12083857
13156767
13728054
11222309
13680369
13651659
11659085
24768323
13257001
14777608
14819995
12469232
22134785
14310501
11454776
11074827
23694027
12351542
12470140
15270327
15623122
12243418
19657616
13323093
14758252
14512885
13261132
13138511
18152396
16978617
17405813
15966853
17559373
13620215
13148541
16713573
20374955
17664861
14399517
14723199
19155053
15471186
231687
20273995
19025816
14242738
18468237
29109333
19792444
17291202
14522710
12786266
15161463
12572221
18201713
12887000
16137534
18732263
19598138
12118569
11797349
12146839
13648743
14556422
14028042
13092544
11942632
12148197
18479411
14946772
12121016
15094584
13247283
13006986
10928186
13963976
14827630
12804933
16429448
13142068
13749409
17251754
17477571
16950345
16944933
13503622
21555341
30026181
12657966
21870916
19905656
14857949
14211689
13120620
14429936
15047079
16213464
18274687
17782448
13632013
12742363
10828325
12623116
13487523
13519356
12826564
14803403
18538994
17237059
15057295
16540451
15270075
15974860
16500185
13993825
11090321
15648394
14318340
13102652
14136177
10887050
12126307
19599695
11094929
12758273
12568322
14477864
15852959
14505033
11675707
12661368
15237502
12577320
12621871
12974773
15145785
16326788
19997157
13900458
16180293
12942951
13397044
16479345
18676169
20838630
15585580
16185265
13187595
13756006
13422550
11331357
12156834
11422352
14005354
22613048
13750738
11910816
15361527
14662841
15389744
13090005
22166574
15482867
16702323
16076501
13459592
13828411
16346303
23106309
14677004
15632653
15174268
14263030
17875680
16443864
12634445
14630192
16347951
16686710
18955199
14784330
18804064
21044482
18277702
14192659
14814595
18424036
17076340
18467152
17025276
17036798
20643306
15113747
22208579
17573298
13651988
17446585
22818079
16889408
15978485
16398308
14974853
16346054
16273160
19142575
15594626
15046189
17941735
16644066
16434015
22929698
17765407
17455279
17192910
19930461
18898895
34840200
16302367
16021088
17650105
14288978
14554948
15258854
16343149
20146651
20531376
16157913
17437617
21168164
14760352
15996252
16611548
16104014
17470435
16555485
13409437
14177364
15060564
16246981
19147759
16851404
15877593
13777527
19085993
15712227
15563261
15414748
14884960
26578670
21028386
19858644
14906449
16143188
16590900
17162553
14667765
17652009
16222503
16896531
15592144
17498333
16166092
17907244
14749461
20553266
13705768
16053665
16489212
16483635
13416694
17571092
18436182
18815232
23074677
17504370
15942160
14006318
17597586
18178992
19550360
20303935
17255549
14509241
19241121
15732919
14843576
16867453
16199339
15807630
16528162
15367470
17585977
20101654
17088968
17863557
17490793
17188192
17876471
17244925
12867046
17566965
14785071
17015440
33452752
20248096
14756372
16283782
14935192
28245407
16744706
15487145
14496720
15895779
16231143
17553138
17785786
18056494
14812586
17685021
14954235
17617401
14203181
14232458
17623536
17989396
16493475
17565799
19683974
16161795
24373859
13281437
15687074
14932560
20748634
16756939
16727402
15894683
17710308
15021342
16693171
20112442
15475331
15915337
16427519
19676335
16831416
20396930
19824867
19390892
19046147
18191661
15549544
14563047
24394420
15541386
16948941
16114882
17717340
18422544
25089522
21600010
15999360
16066302
23534748
15572328
15224320
15304893
21361738
14605573
15087384
25637954
15379009
19262061
17091303
15815443
15023463
16061741
19096635
15212140
19845709
15856156
16912351
14288773
30283768
15960010
16901587
14787104
17953132
17213727
19324886
15566275
15599353
17631612
27763132
17277981
18783912
14138519
198815
18316875
14023327
15773659
16994828
15024132
13767115
17001784
16045122
15097416
14138935
20824328
20205456
19166512
15408873
14484345
14977641
14975088
24559538
14675104
17334664
16681597
15578185
14354067
12474814
18951642
17448113
16458271
19967580
14324026
15407761
14267472
22755604
16671354
15119364
17879192
24287057
20469596
20639814
21324074
19951565
32773922
14785725
25096466
22009067
13796995
15272174
16246472
19650288
29670299
14161253
16241454
18112537
16122854
16839572
17677804
16392356
19645675
21219895
15871303
27634404
15853747
30374908
16030337
15374670
12995272
15489333
21586275
20921726
22547455
16602014
19436206
16787281
17922213
30260256
13530070
14370969
18947569
17144480
12650597
18665890
14613948
18288050
14503684
13057543
13832522
13507081
18685589
16803523
15357260
19090641
18052828
21889677
36573467
15172978
19502524
13477190
13514658
18160773
14926376
15373083
21259827
13860974
13896620
14720867
14500543
14535990
18858431
16841189
18167595
13916966
17522988
21157360
14869385
16581558
15500087
13805649
18714720
16517351
14915315
23058593
18444460
15908521
20600506
21963673
12916707
16172399
14132275
19000675
14239992
17215361
17290725
18493287
14175969
19367905
16674879
14218567
29653992
20707353
15624273
18486769
18154152
18955126
15523835
22271541
14393874
15525489
15628478
21888488
17530261
14572349
16342576
14865161
19066447
15237053
17336574
16596587
14111096
20574894
13951511
19293916
15252105
14520308
14578101
15162644
14503021
13865600
15197679
18196447
15612494
14732493
19276902
15589188
17462158
14356967
12820050
16369328
15573429
20319411
15085113
16206798
15450354
23029424
16325978
19598079
12578229
19020724
20535801
18096051
12893489
14039685
24518975
13882466
18590665
34714836
16247858
17206374
18785997
18026319
16314507
31231443
19235860
27608919
18788701
12611662
23294576
15624515
16924915
19549983
15056139
17729858
16589467
17705388
23771816
14902843
14968887
26531222
16981206
15903032
16070320
14003686
17709225
16522080
19970347
16571919
15672365
13664790
14636668
17138100
14361864
12693074
13566119
18954541
17248787
13754452
14415670
14879517
18031501
13718840
13534812
18102172
14824986
18216824
13385428
17014200
13646121
17981228
14547696
19772141
14474145
15366276
35539860
17045715
16083139
13088079
16619950
15346171
15423182
16587899
15773885
14804225
15096461
20998307
14171528
14542415
21443063
13838063
21896306
16762017
20118889
14064128
21711507
16343444
14523919
23005373
15226784
15226305
31534723
23629518
29002406
15256626
21224850
16406597
19238963
14670633
14110053
15694960
21749604
25047802
19668409
15298566
13612929
19565226
14066037
16026735
16185360
16944482
17441699
14579365
15015076
20044088
13876152
17734250
18477112
13026940
17222414
14632929
14576386
15501716
14730971
19201875
14532504
14237481
30769231
16221871
15294612
12789589
19361473
15536515
16362754
13183235
19659693
27585702
302353
16440149
17797399
12825718
17377681
16117686
14564553
18086686
14880598
17106507
19294164
26648095
24265245
15608023
15545999
13328380
16983822
14784323
16370575
19808387
15842915
16950172
14184204
19134220
14019362
18494908
15284752
15770270
12465700
14933022
17132782
20105260
16382511
16119990
21550963
21389778
19247466
25180262
17695285
21391497
19390457
22286998
20462538
15346671
19393957
17856697
19036727
15298879
14420285
16904811
40283725
11643540
11785566
9002793
11081879
11521107
36508406
12430514
10994158
9205996
10826996
13742034
10450141
7165535
8217667
13569697
12221387
11241662
7843285
11157968
9335148
7407532
8426385
10645892
7938849
8382905
8939956
11049067
7538318
8112545
6849306
8092090
8323852
9716868
7299811
8019702
10873370
9812622
12197544
14040522
11260210
11426823
7328180
8422503
10586550
10501374
12510783
9871780
13873210
14189854
13625800
15788895
11370006
7793916
7656564
9157355
11505824
8808399
7871177
10501285
9575440
11497616
12139705
9822092
10009916
14720889
10786442
14256251
12210457
9322406
8956478
8790078
8730373
6463170
5970136
8239872
8258836
6878511
10155214
6748665
8469782
7249259
8492690
7182119
7884596
6836826
9007346
11010233
8109422
9332858
6822022
7611474
7146733
6916817
6386716
7316225
14091368
16217956
7194620
7635155
6711372
7323108
8392641
8206275
7421086
7295025
8660873
5961525
6012462
6877908
7606468
7171751
7237428
6544214
314574
6371236
7668655
13490734
6038596
7469161
6928141
10904183
9861336
7695267
7007959
6712464
6969567
9449604
7637449
7062057
6884979
8993214
5762441
7994362
7266584
8635155
7497700
8883825
6262123
5385168
8513218
8461844
6457394
414503
9799165
8043485
7236599
9473358
6959634
8240111
8754023
8186772
6765327
8423483
7838278
8033802
6998416
5962755
9798116
8826123
6412923
9046706
8659819
17062272
6873320
6645255
7497774
7937451
11154378
8299352
6722913
7661570
8103127
8551720
9343047
12260495
7495382
7674616
16656450
8312365
9648181
9728078
7490250
7753397
9403801
8558266
8124443
7985167
8503048
7981658
6544187
9792723
8092188
8564222
7234063
7849252
6137935
10333917
7614835
6165656
6850094
531948
6731785
10177977
7060730
7890199
6511604
8461615
7845763
6555127
7801276
7540219
8325354
7005699
8389443
7559493
7727140
7686138
8517230
12677870
8708007
8976549
8044585
8261951
9559073
8896854
16703722
9379868
9381144
11105087
7857979
10479137
9510947
9662744
10897462
8902926
9706385
11314643
10247905
16692459
11433370
11535400
9052332
11015761
11734298
13010792
10903653
17352196
14331293
11555887
11440489
12022992
13492852
11968644
11845638
18868284
16990379
14452681
16464277
16169331
16572124
16800505
26241508
17850492
16452869
29632504
13219006
11904238
11203109
12287305
11698999
12701726
13348221
10329407
12500160
11686397
11668239
11382769
10439206
11288581
11281729
14228277
15515597
10111956
12027462
24072199
14194047
25911838
12055878
10858283
16192100
11258939
12552750
15126526
16182929
16458523
12946741
11217585
13398355
777858
12289488
14411456
11813970
15226542
17464556
12308102
12070437
17553328
12972608
37559049
27103102
18359580
19379688
21161378
30480579
18732516
16666569
16632944
21662638
13623592
11842378
11758419
15973036
16792564
14327818
12889926
14984172
14489199
13949602
12213463
10102510
9581520
9406835
10838746
9078231
8349052
7511161
10256409
10983679
9420088
13581292
10690010
11032411
10037921
9244396
9183077
7181119
9498498
12865237
9077567
11054609
9986589
10840849
14432559
10659146
10581038
11343813
16341800
9486655
10661674
11271322
14266537
13142521
11860685
11926467
14913334
13752525
18835034
14153536
16763623
18608634
19543919
15565481
14061474
15481644
13073525
10873176
11431279
12912993
10020471
21717132
14037789
11197321
15636463
11173186
12291904
13304849
19274628
19414601
15182586
12640219
14249507
15623945
17491788
12599591
19584216
10353674
12932477
13767451
20373783
12493115
22417739
14326382
18459374
15891045
25702427
17746983
19135836
13954394
12882626
14415467
13022585
14851507
14012768
14007091
18101910
12323075
11632137
12122602
11806511
12567051
14215139
13748841
12834222
11619872
13749432
14340926
12986518
15869077
12283738
11713567
13493916
12898044
13228285
12134409
14686105
11843492
15295648
10851865
12315746
11444746
16974922
12651346
15178274
10275999
11889086
13044816
14886959
9914143
14987376
10176591
14301570
16803537
12326468
14227323
14379722
12297399
13265437
13733633
14681332
12287659
18988065
12674325
13560800
10750502
13119381
17478975
19020043
14419252
21362868
17074482
17269865
18656271
12966107
16738534
19096473
15815152
18192852
14125819
17992343
27132899
19738729
17295935
24052735
17428089
22526234
16201012
22799046
17516205
24429685
37558697
22817737
17636866
19001539
25890954
17415301
26069448
24146517
17089954
16213916
28267381
21684716
21676945
20526118
17563311
19303304
20201824
20839136
17548998
25619391
16175988
14945974
21143000
24369556
16401619
13677676
13338120
15498077
13322168
15759787
13087072
12824531
15423567
9030320
10765719
17763166
9558308
9648058
16438215
10037718
11069206
9575459
9725852
12389540
9565716
11718111
7919130
7402087
9047222
10040673
6343640
7137834
10349989
5573155
11399064
7003587
9788291
7219571
8322277
8183636
10085134
8111224
9295029
8836514
18593621
8356908
12015311
7556471
11751744
9797669
8391597
11741966
10648837
10947674
9507084
11625979
10637151
11862552
10649961
11800723
16379784
11743619
10372598
11534368
10736905
13813119
14803709
16236232
14953782
13712030
12745502
14960595
11596423
9651723
8087517
268854
7804065
12367295
11038931
10836791
9389697
11579150
13954856
16640000
11934750
15374166
15798924
15916965
20275287
13208813
10563076
9678729
15800369
13223883
21920554
10749030
12234261
15174062
10526417
14486636
10255021
12549099
12381077
11246342
11362938
20077119
10967729
11931579
12073804
10195981
14999262
12200659
12322772
9464479
11292991
13248129
15056762
10098344
9582110
10517696
12168172
11505806
14794408
17747358
16540701
24203133
16650446
14342028
17247425
12227352
11245083
10782872
12150479
13920359
12200501
9801108
9175566
11703559
9524172
11230026
14411661
15678126
11999083
12939180
17442904
12324135
12061906
12779920
11707541
8322343
9309292
12110765
14275281
12294864
11136923
20321853
12304681
11976943
12754809
12775225
15037001
18511882
17062963
8053227
13935021
12563958
11745022
13142256
12544193
11516069
12831323
12685173
19964493
15694752
20478556
18461661
15596637
14168110
15610517
10052994
13138953
12653060
10805871
8628027
12868042
13782179
10672582
12655030
12254635
10512858
13587312
14488881
11788610
12755762
14947074
10472873
11889248
9910290
11113525
10759548
12366677
12529630
11879953
11490193
12401524
7766066
9223758
7173917
10976360
15055544
11676486
7854371
9037080
8820986
17093995
11044658
12146807
9253403
9307142
10988551
10271633
14398139
10758988
8733746
11815507
9626207
13012374
18538752
13315061
11832033
10848929
11884863
14109063
11654619
13117738
21540121
14585607
12120930
19306347
18294681
19537499
17477564
20472819
17594191
24792314
20967744
26067931
18065915
17109573
11629502
12031382
13940691
11357562
11065250
13111592
11054065
12857510
13683147
10616854
12495772
12323711
10431866
25434035
9490254
12324640
14345159
9581644
10048701
9304902
12497828
12456508
11882115
14267745
11042065
9630143
16205044
11933936
15811623
16558123
9700782
10859593
13076150
9943426
12778708
17582335
14644638
10489182
10970398
12053222
12886322
11752688
10706950
13452696
12258467
337566
12676121
9538197
15989473
14555582
19949695
16777686
15329592
25812557
12422837
19545091
10640724
10838331
15821065
14736658
10705741
11698954
10781522
15098857
11446078
15267063
10474991
9087936
12317081
16561299
12468253
11807290
11442889
12677273
11742863
11440817
14432488
13198802
14604496
11233027
14809730
10926628
11733336
10343813
11109277
11040274
12163646
12244184
14205187
12453038
12460976
15434275
19693706
13749815
11401552
14988730
16755578
11659006
16985590
14931565
13986980
11575301
14626957
11236896
12863486
11341709
12466716
15031200
14142439
352138
12468065
14784292
13402170
23812560
11479638
12292234
12282349
12107066
10955090
14277140
12618453
14715054
11126925
18915888
15065861
10665062
14176008
12006797
10169477
11583248
11621064
12601481
9092006
9705859
11611724
8726481
12615300
12972735
11497781
12546922
13037115
11645635
12449176
12678448
20504965
21404981
15181087
9850120
11446965
12298033
10304897
9511532
11507382
13814824
8692989
11152028
10984024
9337371
9814355
9037468
9315672
10108949
11075240
20409356
14313181
10814715
15355551
8470662
8777837
12936401
8839883
8240272
11548357
16378484
11278448
8846888
11067871
14228688
15569032
12009432
11408069
9822580
12488438
16406669
14470877
13173458
12779554
13649278
15148755
11973255
13537619
23001106
12924503
17095132
15832724
11816133
12172025
13595174
12127888
11654147
14121525
10288498
12779954
12335382
11564752
10347308
11131260
10822370
14122950
18486147
13859620
12114980
12666903
16113855
23953039
13976455
21493054
13150730
11413629
14456064
17799881
13164215
14250177
17992373
15981773
23345409
24504861
14701972
17436653
14946635
12661874
14855243
16891137
17724742
15435876
12469195
13709965
16310998
13685118
16971658
12452385
16366374
15629300
14367908
21805887
14441961
16032048
21297544
16505543
13076146
15648178
20733988
14067057
16125026
18328809
13990139
17159566
15334725
16278090
13848865
13779188
13093908
16848874
13623166
17078358
15379491
12432817
14266523
14808220
16695945
16290319
15330427
12655794
17065544
19078583
12194713
16690530
13821346
21204160
13439003
13707461
13690898
15050874
12896305
16183732
15267270
17388398
22116734
11392419
16589805
185142
8649278
14249991
11445735
12966871
18256867
13120783
11638698
10054034
12636502
10472647
12554993
15044406
13144849
11801099
13480055
10300454
10111681
13397108
10166840
10125546
7987188
8415615
9213189
7734243
9625942
8281606
7805185
11911302
13410783
8934937
9397451
9174232
10962691
11205208
10138201
10178246
12363621
15028880
13347403
10593327
9362454
12249774
11895690
12780695
13587841
14534625
13415212
13749945
15083224
11942672
13305916
14751346
10925287
14331077
13202139
9965170
9902997
11778042
11017611
14839695
14262461
10624001
9816421
15328992
10633079
9543352
9261787
11320683
11670029
12238194
11375370
10390886
10959577
15218732
17220405
11758114
11528416
11952063
23419949
12917055
10901902
12937344
14464490
14179916
13718002
10568778
11697156
21633548
8714491
13110896
10028920
11441824
9068493
11867462
10272912
10490326
12271916
12530862
29242023
15724457
11770564
9959336
11627814
9470185
14796103
10415001
11289674
11079640
11631451
9885909
9943015
10826424
11649844
10455649
15680176
31581596
27668530
21887651
16123057
5039850
19081083
14150988
20112213
15874182
14934608
17245786
16181898
16580811
20553136
19473769
15249480
8850350
10038385
13644243
21916787
11400779
12751746
8391572
11154285
11822801
10701816
13980546
10851930
12415772
19368193
449437
13755589
15388858
15915680
13431152
14530400
12645405
11961138
13344328
9175653
10106517
12605144
12611496
12186214
10589868
15717579
9514728
9439648
13989988
10520670
13529692
36462000
14371908
14488881
13482494
46044832
13835116
11956453
16063162
11566290
12271485
13498623
21831434
21896889
14407125
22222268
9526761
9761687
11313723
8514559
7564160
9349227
8430492
9569127
7791050
24882550
10866806
9396548
8936102
8777098
9402668
10105392
9354920
8626461
13618022
33539478
11636681
10637617
11135761
14237655
12687668
9521398
12155914
12058270
12722229
11161474
15444451
15224476
17528237
14021177
12388952
14073442
12387911
13462983
17438103
16180851
12839403
22985815
12042681
11732033
14730882
16424167
13229849
16897866
18303306
16914999
17199809
11981047
12758924
11969501
12693323
15482257
12642401
13694927
14554492
15696530
13890515
16765670
13689302
11683426
16689168
18928460
13226941
13731705
21591735
18321129
15931199
19960164
14353083
487585
19986477
15782794
22132774
14953107
20556327
15743645
14546037
21452728
15987228
19146814
21161601
19710370
15442079
14974797
15615696
17203655
20223065
17254350
15250164
14623388
13964584
16975688
18772753
20079872
16020347
22284176
32050991
17918846
23052320
23082568
17272668
18246226
18909009
21527407
17628729
19113714
22741029
22228178
14232026
17993391
13032583
14995893
17502838
16978869
16162511
15180096
24322042
12889680
15170561
15780989
19912522
21413132
16358295
18623868
17305312
35190154
26345920
17956636
19534225
15045701
11523041
18743330
32215553
12753702
13626428
13266546
19826101
14551734
18403356
18061374
17203539
23436262
22323711
19490446
19373186
26788610
31687083
26380472
15162494
16245963
13865115
14895848
27265487
20384456
17318785
16915719
13055883
15887368
12930627
14242515
31476392
15726465
1019624
15715748
20341728
20511291
16881343
17283314
19072032
15726111
16523574
10980970
17076129
15406437
19171692
11062461
14954662
14410858
11235610
10325044
13339218
12483685
14972077
16273260
13376322
14770843
18129830
17248128
16503388
13275381
12362039
13140613
16796183
16165469
13112251
13775927
15612215
18376972
11681997
18593768
12634512
13011585
20749079
13849847
17232205
18770515
15957033
18904916
18884423
17051085
12036671
10899093
12518013
19253019
13481631
14945908
17420338
15064817
11455236
16634838
15864089
13858964
26102270
21460720
16549571
17960255
11838998
16074948
18697855
16142514
13465507
12370881
17522991
19191301
19247102
19670443
17761875
14554670
15714486
13283160
13097836
11761729
12948686
14609051
16029242
19432155
17822812
15862814
16829494
14506451
14578623
13604201
15454565
15439139
11696467
10373331
12735905
15274949
15600789
13436861
13160106
16487893
16089805
21122150
14715742
13950657
12860526
13792769
14236036
13498563
13007380
13089976
11947254
14768457
13410948
14665205
12785067
19798812
15597629
13073305
13283683
17095018
20921714
14925578
18827917
14055244
18873811
13734200
14150481
11312998
15328333
14875002
13860690
19440178
13173026
11237284
13702649
12607870
15472060
15180434
11712168
11658464
11821166
13072694
14209888
13894725
14079564
15258734
13818088
13040210
15619629
16256543
17173621
14263087
20414324
13001347
14448506
15968054
12150564
10829508
13220676
11447462
12686389
14480152
11912450
14765002
12123249
15695202
13831791
14653356
13336859
12560600
12580113
12561735
11648153
14111565
13182271
13187234
14566873
12703210
13120953
14395102
15684975
15867386
11992524
15477605
12569716
14494213
15926373
12271201
10635870
12258072
602537
11762269
11846199
13264466
11154063
12771032
13662612
19083621
11560398
16326213
11400245
29503204
12761011
18666816
25121953
25248583
18276834
14613246
12284797
10474218
15442852
15481853
14647594
15891819
14477472
16323932
16530813
15898730
17895937
13420682
22501755
16552370
24122791
14059659
16345487
15134138
13075168
15004194
13530597
11230024
11612932
14754174
12349549
21330662
15853960
18053492
16006765
14009077
13169452
20449708
13935081
20056024
21437770
15207178
17255705
21724831
16817426
13451281
44223747
16978246
13832554
17779869
12522770
12012372
11541522
30585848
33166240
15150534
14199384
12556549
11963164
16469311
14020875
11470459
12215207
18438878
17416622
11924145
13099504
9828317
12481187
16110885
12175794
8697595
10184900
11498211
30031322
9198930
7828915
8353599
8372706
12726270
8613653
7799856
10814375
6699689
10968409
10991559
7361641
8010757
7592856
14044126
13249223
7459093
9524842
9361853
12985283
11154390
9990074
10944030
12381427
13033376
37061980
21324711
12182172
11954612
11272352
12847847
11380824
12286652
8406311
11896801
12515484
11926487
11665195
13266938
10254399
14529507
8297335
12136262
22441176
9928485
9988925
10694440
10410842
9716720
9907265
13575830
9847507
8547602
9241431
10849445
7955634
9843971
7305363
9620303
15704775
9955025
8474508
12065273
7713830
10624228
11037120
13454428
9318755
8312394
7317597
12953359
8563592
10128455
8012453
9828008
9233407
6361940
9410103
8767567
7031034
9066175
11889591
8453208
7520859
9803381
14747985
11199823
29149523
9629365
7671545
14872139
16260601
9090689
9487664
11054531
11036042
6825170
9723291
11241111
9855863
13368001
16478968
22003703
13169882
13508275
41370709
21420612
23454759
17696770
17929384
19675672
18210838
16286767
14146254
18231497
42051943
24157984
14891834
15990381
13743295
15543980
14757477
15169044
15570688
16178494
31197729
38679031
13858405
15686487
21013258
12717885
14538370
18653595
15573182
17223371
14979095
13227338
18217492
23735815
23290389
17776465
18608892
18295790
16159473
16763994
17100548
15663820
31260293
23248537
22876630
19464822
18016420
14308462
12437926
14680493
11417455
12935685
13209744
12975686
11005312
14618951
15282025
14344519
14963360
21650189
13440600
23558935
42334723
19274343
27770742
723090
30440644
38701669
23633198
22753087
25459496
61318136
30553880
44119245
29714747
17968202
18593396
23086787
16229331
31078606
22014863
15643665
19729801
48467138
23432076
17654581
68608610
20427490
17561469
13055937
15888501
20739079
32225254
18677171
19369117
17976369
16838534
36219338
18268347
28929175
19381731
20384369
17866745
18271956
34524300
15763234
16803354
17060584
22726049
15528578
20596357
18345956
32716525
26044881
25588981
19336782
27891657
17625438
19778193
44641364
33508575
16249528
19362674
22923910
47520385
21612327
19930949
22582920
18329381
19232189
19773672
15373021
30727807
18724561
16593537
15586361
47166281
41726810
17951112
52707008
20746563
32737287
19239859
39082358
16752943
17695073
24532888
14927627
14867502
32326575
63271998
14629776
20734104
18948678
43435003
20184521
16837909
17511972
18058947
18627366
33676258
30135185
16363088
42982457
25523306
31728336
29652308
15490185
16357330
14318862
57413986
51736266
26242895
24255843
19586976
17980003
32297068
41547878
19635865
23063933
22442072
20991079
18132294
23336001
45909505
24970589
20474394
23641742
20368511
18379324
24032746
49205214
24194436
44817036
16033602
19171589
37783716
19356030
14113683
18643804
24395096
22703528
37869970
16043499
17940735
24761837
15446591
23650665
25252406
25905369
41096064
43890686
22951126
46614560
44505136
33370425
31573689
39589466
35518491
40288951
43385544
31578087
33810492
27663289
36558757
29921893
27823037
22171962
32241795
18575543
47986488
29875892
24092647
16216172
45616404
46736926
52069280
37811497
16307781
19673796
14182988
24753695
30431410
23631224
20268708
16277585
17343364
29195802
16922596
16480085
13440695
28888549
13792811
15384842
19807574
13890738
20069011
16582513
14138496
15152531
20688070
16036235
19580639
20829091
23496080
14974915
14230616
14910417
11532633
17155753
18819886
27908736
18963954
28203518
55202086
25046196
16659709
14239838
19884839
25927435
50551436
18547019
21956654
15059503
19823671
13377589
16129156
25373609
10525791
23981050
11451091
49294768
17841649
23316871
16837865
25661614
19359146
24403418
33123535
14516425
27807199
16964219
23335770
15292988
14996816
21896772
15932366
14901905
17971747
46070230
16204900
37466068
22849723
18621622
22676172
24422721
17858662
15015387
17022807
22355370
13365068
17385603
37815096
18420395
17239979
15553688
27547982
15156800
13190331
23491340
16210372
23285514
35933121
17012108
15133534
11645588
16173870
16918069
18657612
11236933
18295733
15216452
13587582
18708366
28670645
17236754
23208022
15468356
11789108
15430278
20079410
15783370
15823626
20014159
13133882
17533583
12233288
24190998
13413282
14138121
21141473
16697450
24634020
17250455
13150690
14784217
12289891
13027544
17248499
14029221
14788529
15738385
22152406
13918371
18037514
12739092
19399442
17622747
12309996
12600664
12976138
15283941
20373521
14887444
17274951
16960808
12764160
13730961
16098611
15750191
14176907
16483348
15258311
13072467
13171247
12319649
18708094
14197323
1963346
13160222
16122706
42964433
18773118
16871451
19103066
15437524
15236263
30079659
13553233
15408039
12108752
23449576
17183318
21835356
12722248
19441420
35420328
17252967
19075557
18513692
18297120
14418886
14790975
15291463
14712537
12815285
13309201
22125170
15441814
15025219
15215451
13729616
11319627
20513534
13926803
14393923
12087109
18469299
38066091
12684417
16451737
14840020
13596026
17258267
17751667
17579828
15582686
33944240
27882090
15756828
12929887
13529398
14777121
23872440
11986294
15848289
15181579
15649781
26822980
17025019
13594903
15532955
16469294
16298941
19229472
13500560
17697812
14152225
52014557
22880752
19639765
14037286
14100425
23066262
16376366
13106713
29223746
13985162
16474137
15321026
12926169
16227898
19344907
23684460
15265392
29114906
17647479
15130803
15360672
27141574
19320920
12605941
17665774
13935246
17471982
14874375
27259241
11430896
14614189
16340447
13716139
15275887
31040463
18730142
16489965
13765556
20914112
19599637
14738208
15027296
35631651
12863099
13022379
16811897
17161140
13060715
25507872
19034494
13666936
18598307
17313215
15955755
15102601
13054327
14924863
16716924
13481670
19282592
13611577
14001264
16485306
13834826
29400034
35059589
17574284
19124706
17796598
13592911
18411836
16607938
15325828
15358846
14828390
15620111
15739943
21837345
19783014
45902827
14435659
16330433
14950458
18426869
25062831
23548755
15773247
11693559
14289770
17181199
20293663
14630838
13996857
14193501
21638434
18839907
13539369
13670105
16243981
18782021
12372616
20725910
23604706
14438486
16900469
17503458
17007047
15410708
12495372
14606833
18752012
21087147
12345280
15890558
13974760
15757371
14594681
15825856
16038249
24055028
11689680
23645954
15723336
15629925
16801644
16101000
13170703
22671717
21379127
21159911
17552411
14428053
13328212
20899043
17716247
16065672
11546336
16132683
17550874
31949709
14319341
19451865
12438661
19145260
19343903
15207572
13345250
12448887
18648851
19194258
23089645
12965127
19881225
15053863
17130892
27342112
19892367
16554556
23534209
25152549
49388536
21190694
1679107
14187715
15458943
46004490
25055623
14955355
15128244
15891924
12830159
38527924
15473767
14166584
13973511
13206434
11939823
30297841
15379290
17227145
31884338
16630814
12205030
16810303
14210212
18317075
15989146
11988719
12891471
16739690
14204651
11102331
16451689
15234872
16743790
15489686
12971194
12907353
2360728
18623562
12487028
17361615
15230053
13336357
10871954
20266612
23860540
13462415
31420866
13034203
15823957
15488190
14789376
37240008
20658651
17304266
18254696
33991137
34110065
12003673
16412921
17952356
14867243
14575369
16389719
14932295
22368226
16936808
15533817
13067887
14473925
41734218
17934869
16153910
20988210
26510334
15942853
12980709
12394838
26913095
18544324
1448265
10357824
15755235
12044583
12372902
10694505
24906127
29309223
16493292
12327663
16438526
29295802
15935587
18127638
16875933
20553722
14509375
14653468
25409438
20377206
15184740
14286439
12875974
19057467
10839945
13414516
19760034
14499204
17679993
15299430
18878608
14656739
1225561
14357924
13808034
26027323
12831353
17346209
15697217
19403734
35807602
1666133
15521778
20566943
15808365
18507701
12614477
30784849
14221775
18325098
25695343
21003028
19867298
26487153
26687337
47816749
40377171
20956852
44338075
19656556
16625905
15020829
19361716
13489470
14943337
16774335
12682086
13894406
26948577
15576197
13945644
15227905
15566615
23846481
14678968
18051521
15841855
14926957
19465367
15484390
17895257
11264639
17327849
13375821
18868986
19000712
44895501
14966241
13394605
17876220
17772494
30770715
14749208
18664871
16686297
18466911
12531629
16894223
17264300
21721295
16510421
32953556
47007895
20534618
22585320
1162309
35083830
14028687
12070117
17266732
14506462
19233971
13352173
24988208
18212075
14717020
15084677
30357853
23856756
19665631
27643673
26142096
27309464
24209625
41308837
19003328
16929602
24414394
14496878
1195161
14384118
16140676
23958433
40799675
61461672
24276591
19958631
29189567
19417875
40975525
39034701
37339621
40111177
33297902
30089056
30485641
31066893
28986633
40409270
32734614
32619143
27434787
32334948
61533470
29815656
63960418
67432830
32983476
58519886
46684307
62963383
28472194
31399211
43579593
19949063
34410055
40116823
49304889
28258322
22005822
14630662
21700586
36985143
37477408
22242927
21634373
20702094
41205989
24306177
27172347
22037915
24361498
17513001
19734129
31711077
28911840
20129499
16042580
17597612
34251166
33262365
36570668
19753423
32995147
17251733
28312640
34498080
24363213
15197485
98462443
21185045
23202499
25692408
24050536
29187244
22597267
31923199
17176489
20628567
64337703
37145637
25651096
22599060
36396309
22787078
20899426
27068963
26751769
21175326
25189483
26695507
26834946
33086769
19186922
16937518
23459886
17596819
34136635
25670657
26476623
47593151
22376971
18490559
19588813
16757397
41882588
31880072
18467245
25008937
19085479
23126385
17018631
25834020
36843454
30631351
20270711
26410132
19394419
47098613
19261357
22794956
24937948
32702152
20984938
20571606
42972695
19594596
18330318
19814042
32980143
42337056
45717823
16243915
44731845
30837972
19501009
35689410
32524197
34515945
37253101
19445777
43125900
24661489
31331356
19173947
50727024
22505675
19709746
13042453
21636819
34495598
20680555
15739862
17496334
18169342
42628841
18490031
20151644
14306370
13265753
20564797
16664523
21683288
20975694
23532362
26459346
27421732
18926565
18169807
15875912
17096975
15707308
16482899
15852107
23466469
33364134
16957576
25151715
21247645
17944645
15312639
64924389
17405340
19641923
22669417
1674661
21408426
24548302
15484923
24448239
17804072
25348654
17652502
25836328
37891075
21993005
35046084
47875199
47729911
25476621
26760007
42210771
21280811
18876756
24102659
38227643
37840206
16238177
24158290
37912950
29045326
17475329
17414236
15731097
11273212
16323433
38472542
23986367
12521890
14360787
12727365
20214073
28058984
13018056
28266483
17611767
16506071
16250147
14393307
9182973
14787703
7907431
15908859
12566534
10688145
8716756
529028
15436566
10955857
8800519
10421481
14557418
8678344
29933646
12405123
43865551
12498329
14321530
8110829
7644471
9352543
12463638
6461361
8456025
7036463
9410986
6045992
7654635
10295291
10766391
7798787
6614098
8902557
7744062
9606722
7995693
9094996
10940847
6776454
453727
7416036
10134206
34671628
22932441
10053412
31943839
10893111
8193686
5858301
9434148
9422286
8266696
7671960
16462351
8039469
12657696
7675354
9478962
8508542
6024042
6673729
6946996
6796111
17783636
9364712
6700384
7414551
6661002
9350189
9969446
7212018
7696103
7457933
7064452
25661528
12744566
9119017
16603860
47142917
36167422
39319970
45536015
22896454
18545417
27000849
17762899
12052100
9353806
17683773
11995063
8786869
6719544
18545237
7193159
10030538
7160025
20767024
6950864
17747292
13978895
6202567
9298557
6958148
5764587
6495123
8011552
7433686
10640533
8888918
9784872
5834768
6388363
5542157
19345810
7467175
5459443
7020935
8019577
7081087
7061287
7366697
9203041
6744287
9342271
7222985
11286054
7813071
6399343
7511277
5091501
6985276
9449481
7014493
8066158
8526785
715446
5817415
7108237
7799214
8013415
9509343
14678068
8788994
9226000
13025461
12834967
18429910
12855737
5495692
7338835
5822406
14518080
10850527
6886295
11721629
11088871
15960556
7984098
24722731
9282341
7066343
13046291
7744211
6722065
7717481
9157532
7704407
6627739
7458284
6940705
11429371
18296051
9292338
6525151
8552021
9084837
6169819
9529336
7918477
7522935
7129877
6432466
6582003
5356566
7552626
7434155
6059004
7646282
7977746
6873014
9205616
8175295
8359147
10525095
11305492
10098977
6801108
10069176
9486203
10313550
10554528
9147308
9416839
7885097
11767912
16439276
8753011
13194844
24649366
12011950
11316516
21062434
18502872
13469903
10951163
14609685
18199161
21438506
24526845
12687845
13944126
36662234
12752350
12485593
10794404
12236635
11004064
12358183
18576257
21174535
12544098
15215316
24063953
10155691
11508175
12469396
17253449
10171882
13085583
11455385
11037156
14019643
14815950
10894938
14265947
11452664
14618252
12996921
13870670
16364860
16384053
19968811
11889474
10934923
12550249
10210065
12350235
10724542
10281064
16533057
18112070
10624622
12631899
12107755
17547620
12763612
12878902
13886541
13650884
13743686
12891769
14601072
16754861
14697576
22411650
15804423
16385745
12967292
15809804
21598638
15017121
18004881
16347458
13087811
19062728
13787515
17009961
22320894
31720614
15342471
13043173
12114030
28495251
10967321
21030324
16746851
15545731
13246198
12932854
16125187
10936015
10303526
10520465
10130467
11488462
13523443
11436829
19818519
11220369
10897969
15511903
11071441
12547622
11357638
13417862
11822213
9675307
13594856
10010598
11236868
9565342
9980558
12028948
7671108
12564763
9648177
13125367
9041982
8293253
11995733
10320202
11306860
8958065
8388556
10543343
8129966
11148341
11642015
11653609
9696446
9028567
8269089
7728272
9754530
11061273
8365908
10735338
11105686
9401088
10844383
10365016
9133061
10369173
12102613
10837475
18270718
9189608
8222847
8964121
12156294
11468384
10596999
8860743
8307168
11695438
10766022
11905291
10001280
8444713
12994590
9867699
8508781
10266619
9074875
18687419
9356690
10806957
12135511
9360210
9844091
9968280
10761364
9487880
9351009
12156331
11429956
16552078
8857955
9677950
9507115
10874095
11788974
11228849
12823903
9515761
9256179
11618524
9289998
11383122
9697177
11651946
9875259
8720883
9952004
8087849
9721905
13635046
8252334
9078297
11009805
7805255
10457409
9144865
11689477
11214705
9825844
10196128
8538603
10385164
7820319
10084199
8144174
7728052
11718253
12316986
11577864
9010892
8893043
12198616
8313145
14348630
9171597
7440472
10356235
9253015
10050069
11644840
13156598
9074494
8551286
8245215
11933296
11555714
8530483
12931525
10502387
13985497
10784378
9616300
11454156
14057955
12228890
9547058
11398481
9483498
9675560
12264143
9702312
12761240
11213766
10969744
10384463
8678103
9555381
14118043
9358413
12600107
9159408
18125505
7997850
10978187
13201579
9305597
11679605
9301068
11684331
10061134
9063948
9688386
9189844
11784194
8238297
9307693
7904473
11398872
7530385
11515924
379306
7493162
10622190
15297464
8171164
8221787
9811101
8408685
11379172
9498783
9417115
9094878
10758253
9832687
7126796
10274442
9528883
12862253
9103427
8039439
12719297
8836233
8866750
7654985
25060754
9069481
8499989
10560903
8807031
13470144
8948294
9214694
9831354
8239756
8314643
9075856
10248910
10433514
13348723
16894677
12654860
8225301
9645446
9490809
21413199
8506115
10034369
9121241
9272993
12146406
8129856
8045272
10061981
8754741
13191267
13121068
9716897
14309312
8028908
10089528
8486665
7736578
10396072
7616285
11851894
8854209
7694016
13052321
10520238
10787673
11751596
12911582
8028911
10757541
18439201
9292646
13733920
11342810
8232587
8913576
8093512
10000630
9977587
10376145
8736537
7256478
10967669
9028190
10736310
13039449
7926698
10568503
9796548
11648862
12527265
7755468
10968974
9650915
11213254
15928230
10247758
11555302
7660153
10086855
9109998
8660068
7840253
7712128
33545923
10369285
10391184
8357708
9087523
13204607
8962471
11071710
9647456
11976251
10405220
14216436
11231553
15905895
10019233
19294858
12097100
9040897
10840084
9193615
9764891
10438221
9181493
12170733
8740861
10511495
9957164
7146489
7838078
9512064
19919471
11618161
9757812
11558071
9199948
9833576
11295485
9439803
12510313
8540690
10843849
8491987
10627427
17569242
9859201
8747539
16223238
7946550
7990360
7944896
9929930
10261950
10273264
8200725
9622555
9189867
10295900
9267294
13615853
7724375
9393945
10137589
9862870
10818514
9928352
9691980
14316600
9870733
9281481
10924031
13551733
8394518
10751723
11197222
11860385
10778808
8349288
12150566
7917601
8330526
7790659
7736971
8804549
7737403
8011830
8052710
9539169
9746392
9663325
12822510
9552656
8046408
8339982
8300745
13083613
8963851
14838677
11245011
11237364
9091240
10528983
14000981
8763821
8078995
10038975
9365464
9608909
10126819
8692913
12539841
13038695
10982615
10713273
10175387
20436351
10769185
12270497
12308745
11624551
16290919
10919664
11426342
11892392
12378022
12104191
10677986
11600820
8225629
10025405
9946086
10894511
8905538
10513716
9405137
9347069
12983154
10220158
9510939
16623240
8392454
9531444
8464134
10886002
12554329
11976682
14311754
8829275
11971180
13877968
8866505
9238489
12769435
11275694
11103554
11283871
10562339
14717103
10346404
8123249
12195141
12311372
10546571
14017059
11000724
11593377
9951788
13028348
10265646
12124238
8195389
10124841
14143858
22597902
13098772
10469444
13250918
8714577
10488780
12236854
10556710
9329500
13145706
9549916
10345660
10702933
13117525
11247659
13870980
9737445
13693935
13715945
19136565
12017484
10997180
13282348
15124082
11983732
11581770
10973349
8898146
12134107
10776842
16139927
12481493
10471122
9448409
13630045
11790082
8687438
8903738
13334541
10861689
22716334
9932599
13740238
12841491
10210838
13609755
11547727
8444148
11786237
10457905
8517000
11261244
15514684
428880
13593996
11918401
13372355
21013998
13181088
10373787
13935340
9280593
12025593
11733442
10093148
12632829
11347918
12697732
14501989
13211633
17136343
12181345
10718342
14788898
11287456
12202374
14428778
13280244
13435167
28101977
16434622
14931445
18493871
18730135
16681232
20235024
13428332
19464577
17238122
12466471
16382565
15439862
16415268
13669520
14479380
32408289
15851151
12565885
16457108
18045017
19606191
14787246
18667325
19560869
17603926
33257279
14794578
14769391
15588062
13859483
30252643
19923618
15677853
12266095
16477105
17251648
16502776
14531118
19874467
12219370
15951887
13883509
14548415
19212670
20506758
17493329
17381488
14534990
27391130
15758204
14920190
14940469
14444416
15060183
17478630
20061102
13962574
13157361
17471451
12778776
19642000
18721955
12666955
18339130
14371051
16498860
13742847
12031473
19134087
14116558
13936352
13190092
12541553
22689880
13873435
17213914
19314621
13764186
15745412
19201426
18016280
17082617
13015888
16955513
16714011
16516393
17836400
16553576
18039952
14654150
13904382
18209259
12311387
15988049
17764634
13843661
17617394
14974547
14725860
23537860
17624031
25121537
14545551
17471337
20636774
16932016
19585080
15051223
21250042
15109064
16539956
14117469
13845547
778428
14184721
15114545
19995977
14902463
15799030
14765998
12243419
15857621
15371899
17360075
16201772
15153978
12869172
14225691
14605492
15537174
13222724
15653326
21646500
12032206
15342651
16755911
18508975
13075622
14825787
13686037
14347687
13197286
11914200
16513471
16255364
1482692
35133692
21811750
15606590
15213763
14078494
20829697
23510024
14995368
15372684
17685290
25632920
13793343
16790235
14564091
20678884
18050224
15857946
20724510
14373541
23027067
16196495
19496253
15769307
18900769
20438589
12370125
15485629
18675550
13778323
37021145
15140824
12886520
12549259
25041147
13199897
25758019
15379989
15265051
15123081
14529345
18309920
20706754
19953559
14610651
12672906
15471304
16159304
23889620
17713266
19870793
21199755
14290324
18211517
14192531
15631815
16680078
16654923
20359914
15683043
18991077
14341398
17312734
13451245
12592422
14481287
18277134
13324593
19961178
20023016
15734770
17765128
19167036
18173182
14886326
14511843
19901242
16128765
17781455
13667138
19256677
24650487
14792012
14968261
16992786
20561292
15151834
14804535
29781663
14236917
17633828
19414406
15608547
20053811
14011953
18977441
16240541
15981433
16965299
15225685
17059990
18989288
17242372
18780973
14802911
14149804
15278287
19789656
16393073
18884760
26382400
14791292
17818860
16865870
17363065
15404416
12575543
17616053
13599859
17119726
20045644
15832080
20308441
27357024
17377339
12722714
546149
14972533
34985719
23303361
25316283
15405466
22554932
13447654
14000901
25319829
16086397
14676702
20278245
13300154
17911443
16409544
14592070
19651227
17295920
15344355
24911984
13764033
14491688
13320619
14926826
19375662
12586613
22657648
12763294
13877005
16200150
15487372
15099868
14443555
13444399
15565166
17279340
15408950
15593243
15865710
17373107
14957404
15260016
16585292
37034135
16160586
16179887
15237255
17774710
20535447
18050342
17883945
18935621
13782235
16883443
19417587
24977017
14658630
15497052
14909180
19324993
14445689
20621856
16398921
16733826
13477816
31942343
15987959
19395403
16750422
20931642
21552354
13033771
17807915
15221721
19694935
19502470
18333236
14758964
14704037
19165892
13859318
15204691
23939101
14211876
17232696
13866761
24272807
15478806
13651767
18715836
15289722
19320297
21856623
13620381
16958360
14252577
14505065
16103929
18408063
18110381
16350432
19012825
13063974
14015998
34137008
16831391
22969386
16201627
16222219
12778534
15859189
21323923
17717193
16387951
13532677
13763803
15590212
15116825
18944618
14225163
16242442
26542526
20519658
15280845
16656381
14092063
16917264
16812538
16701834
17192007
16100384
19102940
16178937
14423179
16993798
16289109
21362207
15186090
15298431
14534063
23713197
24954925
17234347
15412219
16495433
25408998
14086351
38730623
14845583
12243742
18739011
33033432
17564372
17465592
23248732
23192240
16829462
35186583
16045004
16526829
16132754
21194884
27010614
18267829
16356915
16982669
21387670
14591522
22881307
18979707
13914253
13372295
14277315
16983834
18274153
16704203
28825925
25115932
12465295
18631711
21495024
19248643
25582938
16082650
27426353
23065310
20728240
16412292
18378453
11004336
20289227
12911005
17490747
17701957
15896211
12314384
17317253
14401263
12434493
16040499
15126561
18738731
15335012
18854330
18916666
12317185
16919308
15166332
13632693
14700535
24631690
11633263
9914881
9766818
14746850
12204286
18455442
10169796
10886037
12839327
7930307
8850979
7774037
9950308
14387986
8760987
10114564
12183436
8816622
8474787
9994237
17368563
9386301
22848223
12495046
12124556
11647608
14072535
11935174
13544887
16125862
17978093
19125701
19561579
15105512
18604264
18806289
24226299
20532808
19573439
21108546
21503786
22588340
16848916
1077088
43690588
26240871
19460483
18805805
32111359
14800397
16800802
17353998
43246263
20441288
24257186
16402153
15450535
26256813
23478655
29105190
22803655
21789395
23378290
16640041
22637538
18730825
19071458
14820374
18528028
18745948
26947594
18904411
13830104
16402559
16012348
18033894
14590439
20705602
16808936
16386303
15404108
13485486
12939856
17274605
21618629
17098527
18598729
13335880
18002940
14925748
15281937
20360517
32791378
15231740
20089827
15507069
23601544
15014491
15051113
11050926
26768574
12510921
21799616
16859646
15562472
12938260
37716883
27040249
20153833
9985575
7115697
11402407
25226183
8463737
24687941
17778842
9616096
8427995
10820900
11889315
10297393
16108822
8221618
10185171
16912406
8264430
11497554
9859251
9298606
8106162
9368571
11651050
19740353
21692279
16368034
38040898
21999258
14148713
10921607
9794049
14414484
13046866
10313743
11499275
12467120
9370306
9434839
12559512
15024644
12743608
17632337
14964036
16150210
25195814
11245779
13457589
11693923
15799955
12157485
9635526
10106182
23539532
11040376
9612276
13769361
9716450
15829702
10993558
9222678
7407388
8404140
9008684
7965265
8342189
9258467
9092543
10627568
9560172
9308667
10706936
15653137
9826329
8548803
11115350
9153281
14739551
9487275
8464415
8175680
9246220
8317965
9826901
11139920
12086339
11383246
9817947
12280710
9506036
12240138
10884857
12807953
15486220
12115322
11602894
11974659
12970495
19673513
12193401
12153187
13712723
27489549
15148106
45535055
13962128
11580363
10738427
13004257
12309681
19053790
11515002
9150371
11674197
12503563
9555992
11851558
10474749
33043432
12076179
14861226
11847604
8937235
13032830
9206734
11073371
15273228
11995275
19431335
10243280
8264282
9896416
10934029
13813354
11280897
8669728
9944344
11698679
13654923
10312994
11220001
11808510
12337726
10302505
10658147
13340460
17238503
32740209
25416023
22429763
79958757
32209709
21050009
24653562
17027467
16057631
27850607
15782425
13368707
11452302
11564217
10013373
14522974
10609316
10989154
10495150
8851303
9594218
8748639
7657432
7703524
8104395
8770612
17096089
8072834
7973801
8861951
9439555
10323337
6940874
7723017
10688619
8830131
7206038
10187603
6999159
9907233
7747944
6726774
8689854
7171619
6000821
9100822
8188266
11319974
10116678
7774485
9514359
7325922
7976897
10714335
11477711
8722149
10688976
12906920
8476438
7889809
12297619
8184894
12529750
8473759
9658669
9614654
10536205
7689675
9640570
10800468
11926593
9309612
7731506
14330847
9829798
11801270
11462040
9794838
9073810
9321885
10625158
10239789
10094975
11878319
16442988
13131404
12356779
10145292
9183980
11997672
13300957
15104105
14170526
14111053
11055817
14318237
13325717
19951174
23511088
10434481
11335910
14993980
12679042
11414856
11719962
13632246
13976019
17052604
19581335
15831572
14731565
14309969
11796193
433021
12025939
8945505
12602449
12728198
11383700
11787642
14399464
10920337
12437613
11939802
16070566
13829742
15856427
14795302
14567908
11924249
12461498
10541393
11358202
13931900
12915161
17153999
17835194
13990394
15335285
13494645
15802997
12410349
14000186
13857461
9385889
12886934
12957483
14383362
9192605
12721982
20759508
17056889
14555316
13248457
12460651
12735597
13442125
12274781
13970177
9564777
14895367
13371064
12916700
11193161
19617313
11297654
25785684
12681546
15421545
14845733
15500405
10858122
15119216
15664058
13908519
9841235
15505392
11743948
14977702
10589768
13136845
15594216
14584352
16793536
17703715
20261648
21550085
21694450
22737909
19351040
21900889
16244760
15478724
14198439
16408880
17590580
16732534
16403395
19170164
17409636
19175342
14845690
16067229
12109946
13919642
17108800
17524623
14516792
17073353
15456534
17104978
14609161
12593083
13552249
11045247
12224699
13672352
13590440
20978859
10975248
15173443
13098858
11656076
12815593
12486828
12077234
10239795
9563840
10858758
18320781
13782373
12214712
11881744
12339399
14652558
14118791
8367654
19058402
12409164
9710571
13865111
9550207
14681119
11101842
12962606
12000086
12399521
12025898
12335582
11526686
15116857
11794916
12492882
14989642
11887186
12979575
14994957
13310038
14321686
14745925
16616345
14292938
22257966
17689982
19763275
17793807
19477317
17770763
17326166
16519040
14973693
14444107
17178538
8770951
10316032
12837199
9527603
10820345
10530199
8664368
10839263
10091994
10627551
9157199
10837732
10009187
11557211
351633
13158023
9845713
9468692
9311199
14803432
10269437
13103202
13645182
10072381
9517915
10401299
9256193
9316020
9030321
7150982
10958224
9104631
9881008
13820892
13071356
8232284
10088603
19568484
8754443
16079373
9941651
9307671
7712001
7257745
17188817
9348135
9934477
8725431
12510306
7712656
9075548
7158694
7047659
16000170
12437318
9764586
8432767
10504624
9106296
8972120
10225468
8470165
17576231
9636102
10056989
9717547
10473123
9002319
8672062
8131892
7982961
7386000
14049093
6415655
9060766
9300527
8256238
8293426
7054941
9507255
7597404
10070780
10860278
6818468
8453454
8973188
8393468
9831666
8009307
10101467
8546807
8072808
10815502
15172022
8703241
7243595
7008198
9849091
6196055
9399214
8038775
7527782
9690895
10231934
9740602
9188111
9484545
7209113
10480446
300066
8537940
6864982
9066306
10549578
10608011
9751240
7484090
10118710
9524292
10386061
9328613
15242883
11441437
13689911
8815311
9429985
9944356
9602996
10057281
9912621
8496748
7396291
13440844
7977285
23217477
10239294
7597186
10249323
6616932
9744431
12278890
8206510
11197679
9820249
11299154
10251185
9963271
11653252
9837170
8263981
6745735
12552946
9753756
10005562
8062827
10224288
13304659
14426661
11601929
10661553
8477669
8739594
8248428
10771184
7784934
15217874
8483683
20715320
6944265
10550336
17061666
10609065
7275372
9688932
7821259
8180555
8553041
12298428
10287730
11059226
14787681
12156421
12129479
9532410
7422684
9062441
11677593
9604612
12211459
10462212
9936265
8708536
11248804
10130328
9875682
8538795
7988615
8171027
11830785
10385044
13661087
9699883
9104119
8912965
8226949
9116113
11957793
8049069
8740944
14171682
8520848
9869547
21379349
12631654
9152920
14326895
8499754
10080346
9056743
11075136
9330759
10519739
6846867
9315694
10817969
7067784
7406883
14245934
9075622
9568827
14926511
10345936
10660553
16111534
8900960
12231691
11412711
11075446
13167992
15757112
11224484
11843629
11636096
13049863
8313027
16037863
23835896
9848875
12205481
10761908
12027071
12607146
14788720
12874814
13082121
10932285
14164104
12872903
10484651
13432104
9602695
13402779
11712082
8456872
16343226
9946248
14308020
12320094
13825013
8030657
12057352
8932073
13371146
13304529
11929659
10018307
12121740
10728231
11972466
13162851
6963431
11579493
8358766
10957709
8084060
10965369
11798231
9961594
9368965
11224271
10061357
8139043
9993220
13575696
10047534
10078320
11667509
10344813
11387378
9946213
12374375
12627680
8224700
15078897
8501129
10490330
13803672
24267408
12236764
9438840
12719907
9590093
10268504
12167149
19373290
9472991
12869482
7878986
14072298
10045815
8831901
12164727
10740043
12544160
16750036
12909358
12833954
10454967
9562630
7811405
11745586
6930624
10003073
12473876
11462729
9229429
7871255
9532325
9256719
8653119
7714076
16131747
10006364
6772302
18762661
14382782
6300191
10402007
5617658
8654203
6913594
5213819
5563261
6788507
6436507
7368048
12426581
7712191
7340030
5802590
8166333
7685950
7153658
6770236
16372661
7345897
6919376
6928257
7514277
10208514
6714239
7157721
9875412
5899706
4771522
8393459
7655770
9087968
8509307
5760079
5186151
5571451
8189508
6456124
9987568
4884903
7807579
8178266
5873138
5468144
6332955
5790759
6097948
6698260
6517139
6247855
7491110
10032523
10906178
7686792
7315085
11625952
10507853
11462583
7380503
9275697
14174047
9177552
15744034
8044842
9452863
8801617
6541008
8454255
13298063
6897314
9798838
7832446
10623792
8190084
8724886
8609708
7608276
7309068
7947735
7767904
9562243
7675205
12458387
9196710
10356042
9913363
12912059
8924040
11588882
8653334
13172619
14317084
12504773
20491676
16483149
20233571
18598459
23184025
19674831
18325393
18665874
19568438
14841854
18668587
18850266
16807499
14402261
13091395
13412924
10875037
13219257
9604976
12566641
14575335
12141954
16247520
10021209
6725674
5724421
8061506
6393506
10862995
7001608
6403127
6635461
9004405
9047220
7787477
6633689
7398492
6350821
10145881
6980652
6761196
7396557
8555962
11135878
7575162
6642346
7705306
8321608
6356481
8310827
8378529
6786554
7114006
8874684
6473202
6051113
6996164
6035259
6111956
6508726
6359562
6457567
6015268
6755481
7050703
7832888
6736222
5945944
6353147
8944274
6502191
7780406
7053800
6687628
6108887
6205604
7473619
8816921
6872026
5439283
13585161
8938209
8809954
7486028
6153958
6630385
7224851
11400518
7772161
7265883
8568734
8633811
7067603
7170541
5998951
7179554
7080529
7390305
11860290
8613154
7675676
9087757
10270790
6599940
5468386
6048034
7875285
9500708
14825693
6104235
6588488
5863502
6766538
6613069
6174562
6183147
7323738
8583065
12029312
6269781
7526743
6784969
7018282
6259323
6954577
6299723
5492306
8527458
8473161
8293702
8177167
6178773
11793305
6894498
6333889
7434904
6513855
9359639
10443843
7937411
6133581
6090255
8878400
