5781
6003
5345
5068
6190
8633
4948
5372
4959
5775
3687
6875
4959
1320
7335
13034
6044
4509
5704
3098
5291
4928
4242
4391
4812
5184
5062
1335
5403
6822
4774
6064
612
3133
4880
5005
3606
5700
4392
4820
4394
3501
5363
5702
3913
5819
3822
8085
3335
16681
6111
6499
19675
4645
4539
5173
3688
4256
4509
4800
3164
3425
3883
5004
3994
4620
4750
4466
6789
7229
7411
7622
2781
10741
2401
4018
8185
6133
5987
1990
4294
9227
3203
2397
6599
3960
4913
3657
6509
5093
3409
5009
4321
3619
4790
3581
4976
3436
4740
4100
3775
9008
5751
4485
4101
4198
5250
4149
5284
3794
9939
5237
3269
3760
2594
3932
4255
5447
6212
4469
5400
6107
3854
5442
5415
4625
3614
4130
3294
4365
4023
3294
6272
6777
3713
3297
3185
3733
8043
6179
3679
6104
8787
7056
3089
5845
3932
4181
4409
4238
4854
10023
4336
5840
5937
4544
4181
4722
3652
4289
4472
5128
4171
4368
3476
3909
3488
4108
6548
2426
4323
4471
8837
4998
5476
3377
1341
5337
861
5509
3956
7662
4472
3815
5948
6335
2468
5811
6369
5740
8901
4900
7202
7153
3609
4225
4068
5479
4360
5977
3570
5960
4449
5105
4932
5450
4442
4332
3551
5695
5415
4874
6768
5332
3663
5813
6926
1008
4406
4272
4818
4298
5901
4311
5526
7208
4278
1158
4740
855
5291
3875
5431
4068
3524
6020
3752
5855
7663
4955
7761
5279
5073
5059
4444
6659
6983
5031
6577
4643
4685
5954
2847
5427
4635
2296
5073
4964
3366
1485
5930
3799
3901
5009
4123
4136
5899
5081
3323
3651
4286
5360
3217
7247
4675
4908
9942
4913
5273
4092
10119
3871
4837
3992
27567
3268
4254
4406
4776
5471
4657
4835
7548
3192
4351
9585
5274
4637
4781
3945
4645
7246
4728
4456
5442
2359
5181
4115
7053
4801
6117
6763
5223
4409
4827
1795
5802
5514
1182
3361
4503
5289
4837
4230
3041
5894
5511
3958
5399
5715
4758
3339
4226
5096
7268
4727
4086
7102
4432
6959
3792
4222
4135
3701
4350
4655
4947
4250
3718
4700
3561
5036
6585
4287
4490
5090
5724
5881
4203
4215
6230
7135
6033
5849
6792
3848
6589
4237
4606
6867
4066
4435
6067
4095
5296
3273
3926
4911
4884
4727
5325
4036
7999
5318
4631
4328
7730
4768
4964
4266
4366
5085
3830
4120
5572
5555
3980
6092
3761
4547
3800
5089
4155
16043
3776
4817
4015
4840
3891
5758
5107
5310
4002
4916
4955
4639
1086
3833
4339
5001
3815
4437
2669
3477
20384
6179
5562
5107
5186
4707
4885
4479
3705
4384
21120
4140
4567
4926
4095
4531
4178
6033
4869
4059
1190
6054
4414
5312
4416
5721
3039
4018
4360
4635
3880
4366
11651
5051
5184
3940
5329
4655
7663
3597
4247
5142
4619
4093
4139
5096
4844
4940
4266
1056
4073
4214
6629
5305
4794
4031
5864
4791
4887
4064
3926
4148
4315
2981
4491
5914
4926
3803
4664
4336
3917
5960
4847
4151
2868
3357
4711
6166
3716
4949
3330
4893
7971
4861
5473
5924
4862
3678
2876
4146
3280
3165
4490
4807
6015
4871
4071
5239
7028
4438
3563
6013
4996
4949
6107
5135
3563
3954
5095
4354
3282
3912
5823
4053
3713
3804
4363
3428
3994
3292
4192
8063
4707
2728
5526
4077
4174
3736
3629
3559
4779
3684
4742
5475
1621
3880
4494
4413
3334
3492
19646
4350
6180
4277
4064
3327
4221
3913
3783
5036
3282
4426
5164
5442
4629
3874
5548
3947
4225
4126
3744
4587
5235
3721
4655
4442
3588
4582
8148
6382
6832
5867
3790
6679
6364
3966
5348
4231
5695
4390
3959
4042
3304
3355
4473
3963
5016
3897
3834
7903
6685
4123
4657
4917
4446
2442
5071
4359
3820
5018
4436
3672
6229
5289
3896
4462
4212
3757
4742
22334
7204
4048
3431
7815
4288
21509
6333
4343
4324
4840
4394
2602
4217
1463
3517
2750
5103
4942
2471
4422
5906
6541
5483
7404
3314
4390
3947
4801
3927
4811
4801
4809
3970
3705
7039
5299
4602
3941
8136
3493
4409
3504
3840
4292
1128
3148
5536
7627
3965
2989
4832
3830
4327
786
5239
3526
4879
4902
4057
3779
3662
4552
3631
3511
3907
3816
3970
4163
4144
4644
24215
6105
4199
4957
4978
3274
3765
3422
3173
3033
3590
4622
5982
7776
4711
5851
4079
8155
3286
3193
4056
8164
4340
4621
5340
6240
4031
2161
4279
4266
4912
3586
4429
4640
6239
4409
3615
6157
4422
3891
4747
1887
3704
3958
3931
4271
4808
3365
4726
5349
5384
5387
4869
5080
6675
6951
4268
4561
3944
3986
4722
3931
4635
5125
3386
5596
3337
4413
3621
5804
3696
4971
4331
4267
4232
3000
4211
4486
3189
1618
4540
4317
4375
2885
1128
4364
3690
4568
6877
3586
4321
1121
5367
4267
5730
5688
5169
4041
5384
4769
4131
5040
4235
3953
4572
4921
6345
4531
4538
3787
6614
4770
3508
2347
3708
4514
5958
5521
3320
3653
4170
4098
3911
1460
4052
1426
2606
8771
1887
2801
3196
5461
4968
5177
4590
3563
5020
2345
4473
5224
5472
4794
4960
4334
7911
4963
5135
4625
5055
4007
1821
5765
6952
4195
6394
5210
2034
4831
6346
4273
4087
5154
4116
4334
7362
5680
3568
2704
4237
3892
3917
6028
4864
5139
4405
4763
3668
3447
4501
1742
6050
4224
5447
4528
6601
4870
4846
2746
3860
4283
2266
2875
4697
4276
3592
2452
4835
1092
3504
3680
5447
8445
4932
5587
4271
4337
4132
4571
6196
3390
3788
4587
4776
4221
4891
2916
4318
5004
4279
4152
5499
5889
5151
5598
4174
5059
1630
3921
4611
3995
3463
3522
6031
4758
19916
4711
4624
3075
4652
4631
4524
2864
4046
4310
2087
4220
4762
4219
4025
3317
1472
3334
3878
7006
4539
4474
8017
4888
4237
4297
3415
4556
4069
8170
4063
5053
4339
5350
3984
4523
5091
4769
4368
5628
3436
5620
4608
5346
2620
4477
4207
3757
3859
4323
3465
3430
11457
3500
5362
4369
6382
4450
5099
3856
4819
4938
4268
4705
4924
4875
3182
6255
7582
5051
4559
5271
3098
4125
3930
4032
3997
3995
3559
7005
4568
7243
4286
6064
3217
4014
5668
5178
5202
11274
4354
4189
5005
7052
3165
4169
5171
6472
4606
2699
3531
6070
3654
4359
3326
5608
4287
4215
4359
5344
5806
3585
4133
4072
4009
4566
4130
4401
3613
3336
3592
5357
2555
3512
4608
6006
2578
9183
7939
4253
3552
2437
8765
3927
5063
4660
4318
3459
5583
6008
4591
4349
3936
4378
6134
4414
2279
8948
5733
4115
3208
5272
4099
4048
5187
3949
5224
6365
5471
5088
4074
4382
4661
4693
5400
4563
3326
4660
4480
13377
3417
3879
3588
3090
7411
3308
5492
3944
4974
4098
4507
3468
3847
5346
4200
5933
3493
3230
3918
7745
4151
5553
3907
3971
4335
3528
4088
5313
4096
4007
4964
3398
5238
4344
5110
3769
2705
3938
4075
3883
3382
4644
4766
2927
3579
4274
3830
4113
4166
3852
4710
4240
4998
4667
4702
4721
5708
4894
4134
4256
3448
6764
4834
5899
5160
4601
5685
5673
3246
4127
3560
3937
4109
2218
5247
3059
4421
5258
3846
4541
3974
3312
4035
4397
4659
4443
3412
4987
2076
6071
6316
11725
4661
4839
4869
4153
3955
7621
3861
5223
4664
4003
5619
9437
5612
5561
4293
4522
5512
5294
9067
5038
6190
4362
4040
4654
2886
4867
4129
5296
8745
4506
3768
5973
3797
3689
4015
4269
4242
48798
4569
4177
4744
6167
4589
6207
3769
4284
9005
4454
5153
5250
3906
4942
4948
3332
4264
4268
3911
4662
4312
4698
4988
4763
4127
2846
3450
4619
6186
12560
2762
4070
5193
4257
3701
4939
3554
4084
5126
5013
4693
3568
5895
4571
4986
4150
3757
4121
7979
4253
4809
5041
8463
3234
3683
8546
5257
2877
4079
4920
4496
4432
6291
3902
4747
3255
6332
8263
3995
4031
3214
7133
4811
4515
4162
4138
4146
3047
4792
3935
5957
4353
4894
4835
4539
4089
4967
3955
4164
5315
3948
5043
3090
4060
2721
5099
16161
6564
3581
3441
4777
2062
3970
4583
5009
3550
3065
3510
4054
5279
4428
1642
4582
3102
4198
4450
3947
3655
3886
4244
4714
3720
3801
5827
4473
6430
6406
4417
6037
4852
3878
4581
3343
5818
3592
4335
6654
5327
4821
5795
4209
1587
5297
4346
4116
4637
4220
2771
4457
5386
5094
6573
7865
4178
5727
3433
4595
6261
5777
5360
4190
4074
4396
6636
3971
4205
4137
4184
5317
3556
4829
4850
3368
4423
6566
7023
4463
5263
4507
3824
3660
5841
4654
5508
4615
2907
5256
3856
4704
6088
5131
3088
3795
2446
4240
3538
2788
3260
3226
4433
6182
3021
12892
5639
4638
4898
4235
4610
1007
4494
4791
5219
3310
5833
6351
4061
3742
4199
5997
6764
4295
5195
4044
1696
5623
4162
5350
3535
5067
4259
4044
3208
5342
4391
4687
6118
2879
4193
3960
7871
3337
6183
7882
6157
1118
5446
4007
3848
5803
4096
12783
4306
4942
3828
265762
2535
3468
6194
5127
2967
5089
6024
5781
5512
4771
4485
5390
4240
4110
6547
4791
5322
6289
4308
5529
3158
2774
4921
4618
2270
4669
3884
3693
3707
3665
5988
4830
3710
6810
7990
4525
3148
5265
4291
22614
1661
3761
4353
4147
4458
2659
3612
3868
4270
3599
3270
3335
1146
10227
4286
4269
5581
5949
3671
2817
5736
4616
6605
4953
5290
3752
5645
4388
6279
3722
5585
6606
4430
7070
4175
4853
4811
6639
4792
3529
4577
6061
3648
8071
5481
5059
5295
4852
6126
3348
4092
8733
6373
5094
4025
3177
4209
3799
4326
3650
3329
4084
4738
5331
4723
4467
3884
6569
4273
4983
6663
2378
7016
3399
4347
1273
5382
3992
4345
4353
4535
5218
4917
4626
5016
8057
3977
11496
5520
9004
4707
4866
5082
4380
3308
5978
4062
4524
4437
3989
6323
8020
6117
5148
4766
4783
5358
6906
4254
4201
3800
4549
4798
7751
3391
3953
5356
5237
4655
7159
4797
3771
3885
3339
4436
5405
4943
6180
3586
5158
4613
6250
3791
4701
4322
4647
3263
4201
3789
4526
3399
3923
4435
6260
5935
3739
3136
5153
4839
4010
2712
4591
5055
2198
4396
5364
4002
4725
4736
2824
3721
4504
2932
3965
4757
5377
5020
3346
19061
3745
3928
4032
4410
4551
3853
6205
4903
7265
5346
4693
4210
2949
3941
4223
4294
3456
5499
3362
4078
4213
5028
2716
4201
7112
3429
4932
3817
4438
3490
3675
4885
4525
5055
5497
5188
7502
3755
3496
5732
4020
9858
4914
1519
3702
2912
3233
4249
4094
5896
3947
4508
5538
5532
2719
5570
2961
5603
5581
6650
3555
4842
4987
13582
4312
5469
5782
3913
4532
4130
2225
2570
3072
4751
4248
4314
4579
3881
4480
2383
4682
8318
4323
3846
6705
3643
7205
5177
2746
2556
5190
4121
3691
4198
4177
5092
6067
3803
3785
4629
4192
5042
9560
5632
3635
3253
6373
6355
4735
4938
5040
6008
4043
4564
4927
3638
4502
5962
3988
5699
3963
5224
2190
3966
4329
4694
3895
3893
5531
3959
4842
6745
3738
3708
4258
4659
3178
4845
5403
3432
4477
4036
5230
4231
4381
4972
3750
3694
4612
6576
3549
5606
17972
5549
3126
4793
4244
4479
6369
3926
4064
36794
4690
4100
5556
4381
5698
4065
5401
4678
4899
3765
5417
2987
3029
5972
4590
3554
4633
5049
5907
4077
5563
3884
6662
4133
6467
3579
3609
5158
4078
5114
3874
3438
7652
1584
3646
1171
3538
4514
4319
4588
4624
4235
5406
4759
5275
3794
3986
4211
5380
4628
4725
5707
4653
3612
4861
4362
5698
5401
4221
7719
3086
4158
3760
4639
5930
3872
5079
4059
5352
6128
2940
5432
4874
4093
5457
4718
3306
4182
21000
1835
4122
3995
8159
4857
4617
4660
3727
4638
5752
3725
5564
3354
4871
4290
5875
4883
5308
4292
3102
4313
3447
5894
4721
3612
3446
4709
2378
3192
4351
26357
4424
3961
4219
4824
6336
3665
4564
5493
3559
10550
3699
8473
4182
3760
2583
4414
3768
6010
4298
4169
9041
5243
2147
5735
5372
4691
3619
3529
3751
3993
3692
3677
4836
2698
4005
4035
3131
4431
3042
3915
4926
5499
4203
4404
3989
4004
3440
6058
5591
8407
5252
4963
4483
5156
5088
2956
7862
4225
4016
6049
3756
5628
4277
8175
2813
6180
4519
4206
4535
7956
3808
6868
5610
4168
896
4139
2955
3610
6471
3823
4504
3980
4981
5140
3204
4608
2975
4032
3697
4594
4118
3785
1718
5791
3452
5620
3433
8968
4535
3869
6516
4567
3285
4249
4221
5065
1505
5617
6681
3113
5744
3541
4450
4621
5071
1702
4418
4335
3386
4866
6668
4585
4162
7186
3512
2707
4233
7663
2201
4622
1453
4744
5365
5193
6159
4915
3774
5415
3288
3614
4820
3605
3058
2439
1973
3865
4152
4228
7774
4165
4768
3763
5542
4360
4101
4136
4908
5521
4049
5665
3894
5513
3936
3514
5962
6118
3492
7963
8585
2175
5683
3821
4596
4556
3942
5468
14696
4580
7441
4515
5942
2617
5460
4074
5367
1257
3984
5438
5264
4304
2442
4764
6294
6222
4954
2720
4653
5685
3810
4438
4683
3448
5795
4016
2655
4042
4198
8694
3595
5135
6793
4319
4347
3996
4226
4094
4520
3272
5869
2852
4799
4192
3331
3120
3793
3610
5638
4229
3548
5135
5241
4170
4654
4013
3569
3797
4074
6883
1797
4678
3730
5908
4573
4434
8712
5458
3888
4929
4603
4068
4707
6676
3467
3186
4601
5155
3975
4542
5640
5914
4161
4190
6586
3783
3764
4001
3474
4704
5934
8981
6330
1426
2873
3798
4280
3475
9805
4367
4489
14246
1963
5660
5005
4103
5957
5146
4027
6497
2354
5220
5170
7893
4464
4227
4843
3334
4442
4711
10647
5062
3501
2530
6665
1445
4268
5792
4673
3724
5281
3838
5831
2259
5510
4453
991
4663
2871
3781
4621
5469
3860
3125
4386
5066
1217
5024
3867
4828
3940
4572
4155
5192
4873
5059
4724
4108
3795
5041
3776
5113
4037
4418
5793
4138
9264
4434
4681
5458
4317
5009
5614
3258
3047
3792
14120
4403
7241
6939
4676
3756
5206
3862
3385
4636
3337
4023
5492
4396
4875
4470
4417
4359
2739
4484
3167
3883
5066
6268
4300
3722
4114
4317
1161
5179
4703
5742
4631
5765
4678
4220
4858
5832
3669
5594
3234
4551
3976
5126
3804
3921
4988
3500
5952
4923
2158
3417
3994
3560
4888
4346
3496
3733
4926
3497
4184
5329
3853
2591
5532
5157
6902
4215
4334
4549
3521
7126
4549
6806
5322
6622
3568
8360
4430
3227
1409
6354
4514
3879
3224
3020
3934
3574
3770
4911
2897
3564
3322
4701
4330
4420
5670
3596
5060
4354
5427
4874
3666
5029
3893
1298
3102
7833
3828
6459
4492
4837
5519
1878
4584
5029
1438
4817
4482
4840
3834
3684
11264
4045
8665
8328
6345
1111
5095
8858
4402
3456
6336
5520
4208
6248
4812
4097
21769
5083
6742
3314
5609
5709
11022
4761
4284
3767
3833
5146
3912
4202
3298
4780
12771
4050
4947
4089
5039
6371
4066
5290
1130
6660
3258
3932
4343
5468
5088
5333
4747
4489
3413
3862
6167
3664
4561
4189
4847
3838
5712
4457
5737
4610
3526
3551
3852
5026
5969
19706
4102
6834
5155
4928
3575
7588
5044
4073
5434
2675
3927
5068
4156
4555
5231
3901
4795
4152
4982
2633
3828
3523
4045
4408
4105
6913
5173
8882
3374
6048
4411
4621
4595
4235
7550
5762
4644
3549
4929
4167
3438
4731
4939
2591
3918
4465
2592
4072
5019
4784
5894
7869
4371
5079
3839
5817
3236
3856
4941
3720
4364
4048
6234
5692
4283
8644
4829
6002
5375
3843
4739
3876
4016
5808
4942
7928
22008
3696
4192
4979
5535
2998
4346
1280
5319
4529
4107
4026
4166
5702
5509
7393
7508
3814
4627
4826
6063
3265
6853
4993
6524
4638
875
9589
4444
6974
3732
3406
3890
4553
3101
7030
3549
5721
4258
4445
4739
3784
3997
3805
3836
4525
3693
8319
4014
3633
4350
4219
4082
4089
4722
6084
20256
3868
3764
20383
4742
5553
4270
4220
3453
2558
5696
4457
6068
4454
4849
4825
9173
39712
5601
9058
5479
5008
1292
4124
2821
7809
6007
1831
4719
5649
5314
3901
5145
3303
3468
4116
4057
5906
7902
5502
3978
2460
4113
7886
3998
7932
6843
7671
6747
4454
7546
5473
8257
4240
5322
4067
3034
5771
7715
4679
1247
4251
4539
4565
4040
4742
6246
3878
5195
5121
7670
4657
1858
5063
4811
5446
4786
3378
3129
3938
4209
4338
2863
1744
3838
7735
5622
3004
3481
4271
5235
633
11253
4321
3397
5307
4333
3787
3259
7656
3588
4041
5446
1655
3508
4545
3352
6940
4401
5302
4521
5050
5472
2328
5207
4588
4116
3855
5578
4880
2287
3527
2680
3673
5223
6026
4322
3784
4823
4412
4011
3706
4010
4642
20354
3772
51447
7253
5547
4060
4223
3122
6081
3616
5176
4381
4354
4327
4858
6562
5838
4304
5101
5193
4884
5928
4243
5568
3743
4539
4492
4699
1526
4888
5301
5137
5193
3954
3898
3905
4429
4959
3953
3682
4248
4475
3987
4813
4841
4495
4575
6808
3849
6152
3705
4241
5131
5057
4631
6620
6057
3801
3524
2704
4222
2977
4384
5201
4371
7355
4693
5052
4238
5092
7089
2162
4328
4946
5612
6056
3664
5727
4672
9768
3948
5564
4902
6546
11610
4023
1279
3995
3464
22417
5522
4667
4094
5114
5948
19534
1012
4567
3866
5133
5586
3593
5940
5314
4590
6078
4682
8904
5328
3877
3545
3838
4406
4131
4084
1986
4550
8189
4522
3053
5128
4489
3036
4199
4235
3430
1696
1407
2646
7376
2615
3600
4070
5840
8098
4181
4062
3816
2189
5470
5902
7450
5360
4835
4884
6217
4294
4676
5377
3594
3575
6586
4564
4536
3756
2450
4124
7303
18919
5211
4567
3610
4260
6051
3386
3376
5482
4282
2701
3574
3439
4289
5373
3734
3440
4325
5668
4723
3738
4351
4216
3248
4946
6500
3925
7158
2613
3223
4164
5070
4025
4046
6691
4210
3531
2962
37204
11354
4208
4737
4437
3747
3138
3972
5479
4614
3190
4108
2244
3500
6327
4205
1026
4640
4116
4454
4490
3885
4756
7414
4567
4322
7222
4770
6031
4949
2722
7861
4386
3673
4678
3894
4880
4510
4638
4764
4224
4404
4027
5358
6853
4430
10869
5182
4247
5906
4293
4097
3131
4694
4796
4394
7983
4444
5990
3571
2245
4798
6579
5579
3922
3954
3551
5262
4385
4721
4745
4794
4165
3612
3983
3720
5317
5485
3922
4334
6482
5215
6955
8937
4138
2178
4315
5043
4517
4922
3706
910
7966
4581
4907
4155
3446
4216
5212
4556
4720
5160
4052
4155
3509
3757
3431
6804
4914
6658
5323
4683
978
4060
6703
10361
2037
4693
8154
3829
4098
2805
7053
5867
5615
4828
3619
5142
6976
2370
4204
3546
6368
2824
5787
3939
3921
5578
5854
5277
4372
5405
4964
4441
4086
5000
4484
4957
4378
3654
4243
4243
6040
3825
4597
4943
4245
4690
5480
4953
6104
5486
6371
4696
5050
4681
5247
5804
5690
4852
5796
6439
5102
4565
4475
1153
6152
5814
1893
4924
5705
4150
6848
4513
4961
6270
1282
4479
5336
4986
8340
3328
4737
5753
5148
3682
4547
5882
5274
4930
4796
4373
6369
3836
3665
3857
4247
3898
19806
4321
4805
4757
3151
4827
4292
1848
5042
4173
3817
18291
5488
3691
4792
4076
4662
3591
1850
5070
4136
20687
4087
4683
4614
3382
5649
2152
4640
5178
3892
4821
4580
7930
4781
4921
5546
5236
5238
5441
4474
3523
3020
2045
4080
6468
4816
3386
5545
5579
4303
5091
1975
5885
6599
5437
6232
3609
5649
4560
4789
6883
4673
3714
4968
7826
3935
5747
4030
8114
3955
4932
6049
4927
6415
6288
4025
5293
4041
4530
4697
6089
6118
2936
4301
1651
3714
5824
5569
4994
1139
4266
9370
4272
4721
3170
8603
4769
5068
5587
4273
4386
4180
4014
4025
3697
5015
3964
10578
2070
4227
5042
6531
5737
3004
4658
4406
3393
4646
3727
3848
4223
4288
4575
6340
4293
5120
4104
5829
4402
5202
4516
5343
4867
3913
4944
4915
4592
4358
4994
4620
4294
4044
3571
5105
1360
4511
2929
3701
5009
4783
4406
4915
3601
5563
4804
4015
4211
5532
6434
5019
3790
4869
3787
3985
3007
7558
5330
5507
3992
4225
5131
2953
5604
4602
4870
2915
1486
4346
4383
3467
4374
4718
4439
6173
11510
7197
6457
3492
4142
1266
5275
5584
3185
4139
3690
4646
5021
5027
5052
992
3774
2483
3439
4912
3753
4680
4536
5957
8841
6116
3556
2234
4093
4375
3427
19354
4368
6497
3558
4522
4415
4554
1474
4745
4063
7934
3870
4786
3331
4287
4918
5245
4668
3678
4581
3818
3559
4276
7253
5137
5039
4023
4874
1881
5569
7584
4998
3058
4961
4529
3678
2029
17634
3815
3584
4019
3661
3275
4054
5299
5568
3888
3663
5406
4632
5073
4557
3824
5433
3892
5173
5058
4817
22867
4292
6085
4282
5185
4544
5211
4289
4035
3833
7142
6981
4258
3467
4108
7366
12648
3502
4590
5703
3786
5476
3945
4758
4439
3648
4222
4986
4264
3924
4274
3286
7227
4974
3004
2958
6248
6227
5463
4023
5053
3921
5044
3971
4154
6155
4479
4453
3823
4083
7092
5874
3978
2056
4080
6978
4968
5490
5876
4447
2419
3531
4268
3855
4402
3703
3885
2512
4064
5243
4118
3190
3751
3946
5108
4474
4838
4168
2063
1376
5533
5431
4061
4754
4130
8035
1678
3988
4917
5767
4258
4412
4464
3830
4085
5960
4184
4896
4346
8260
5953
10465
4928
3987
4985
1939
4105
5668
3919
3946
4333
3486
4341
3934
4572
4834
4809
4792
3672
4891
6059
3464
4604
4937
5507
6293
6576
6134
4271
4409
5676
11210
1312
5088
3708
7879
1706
4386
4727
4288
9131
4423
4217
4418
4439
3711
5027
7306
6015
4693
5898
4354
4663
5276
4123
5585
4619
5160
3082
4652
4123
8332
2940
933
3355
4458
4599
6480
5321
4302
4179
3794
5781
2935
4922
5097
6807
1324
6660
3666
4862
2988
4468
3719
4257
5613
5261
2151
6342
4656
2148
4749
4790
6246
4338
4149
5755
4507
3029
5092
4566
8309
5842
4213
7173
5485
4795
5733
3991
5417
4917
5382
3940
3985
4631
4029
5028
3819
6075
4449
6529
4375
3852
19108
6659
7227
5158
4867
4791
4964
1378
5316
5343
8071
3847
3453
2866
3945
3883
2624
5096
5081
4455
4183
4316
4291
4460
5088
5305
21417
5213
2836
4014
3934
3401
3369
4047
2374
4259
3876
4986
4949
3261
7644
6455
3969
2040
4146
3059
3993
4319
4261
3666
4045
4555
9806
3055
4091
6568
2807
5869
5345
6588
4497
4892
5006
3854
4435
21733
5877
3568
3789
4159
4470
5871
3263
3537
2466
2646
4353
4388
4146
5895
5278
4216
4547
4819
4013
3148
1776
4023
1340
4911
4383
5147
6596
3484
3165
5153
3578
3833
1794
4364
4400
4594
5872
6107
4668
4150
4337
4613
4175
4682
3873
5268
3904
5371
4015
13525
3814
5279
4705
3777
4657
19601
7788
2021
4847
4365
7079
3575
4005
4353
6010
6608
1893
6547
5529
4387
3544
7191
9947
2778
4112
3975
6890
6601
8553
22209
4563
3481
4250
4157
4454
4426
4396
5089
5707
5823
4637
5407
4402
3289
4056
2799
3567
4812
4494
7362
3192
7514
10452
4385
5097
5195
4221
2001
5493
6496
4833
4491
5470
5356
3250
4359
2518
3377
4241
4563
2748
4039
3036
4077
3272
6020
4020
3938
3873
7002
3862
5670
5995
5479
4752
5255
5837
3621
4240
5806
4413
4861
8488
4498
5985
1396
4336
4199
7846
5518
5685
4349
3865
4460
5159
3682
5991
3438
3419
4324
5394
5495
7924
4152
4747
2608
5126
4515
4611
4551
4207
4990
3462
4986
2155
3513
5103
6659
4814
4512
4515
21806
4640
3975
4837
4614
5373
4054
4310
5106
4127
5316
5033
4612
1496
5247
5542
6184
4914
3490
7192
3759
4733
5449
4589
6043
5123
6999
4929
5029
4980
4736
5052
4691
5727
4655
5530
3515
6775
3970
6302
4763
4113
1053
4105
4347
4499
3958
3996
6783
5623
1029
3560
7575
4123
4531
5164
6004
9426
5192
4217
8640
10168
3605
1219
6001
10736
5992
4315
5527
3681
4790
4462
9107
5332
4130
6592
5535
5209
5515
4426
5556
5310
4070
2225
5183
5495
5019
5626
3497
4252
3955
6033
9999
3653
7108
3991
5350
5264
4064
3832
4254
4268
1239
3858
6016
4254
6081
6177
7067
4915
4640
11721
5773
4532
6124
6235
4756
5404
6661
5023
4573
4972
3814
4456
3508
4320
4391
1279
4521
5173
4306
5246
2056
3761
4887
2559
5487
3223
3186
3129
5527
3306
5342
3706
5970
4144
3942
4476
5628
6715
21560
2703
5768
3670
3856
3806
4675
5160
6645
3752
4769
10582
6405
5183
4306
4194
3820
4114
5591
2273
3899
4622
4238
3849
4428
4625
4103
5404
3628
4247
4666
4514
4067
5762
4618
4770
5277
4056
6335
5768
1603
4095
6516
3650
5010
4391
4256
7310
909
4544
3948
3719
7281
5699
3915
3697
2543
5950
6767
5099
3992
4492
4245
6360
6696
4621
5531
5034
4236
4997
4806
7140
3801
5224
6012
4649
1734
3661
4389
1824
3690
8151
9003
3984
5579
3703
5654
3548
5618
4286
4149
4914
3012
3611
4097
3864
4443
1721
5893
5409
3129
4173
3017
2438
5190
4286
3287
4780
5497
5148
5487
3949
4342
4692
7059
3730
4116
3791
4747
4206
2380
5445
4601
4948
1200
4080
5034
4306
4090
4458
4602
3938
4053
3701
4419
3678
4884
4320
4875
7810
6043
4442
3710
3334
4091
3884
5311
3682
4531
3372
6766
4019
4308
6171
4753
5096
5739
4834
4703
4717
4635
3900
4304
4439
5426
5554
4605
4082
7551
4523
5324
4367
4684
5057
951
4286
3744
5524
5059
4222
4270
5093
7471
4195
6088
7343
7884
4008
5898
4847
3932
6057
2368
4039
6819
4633
10018
5789
4532
6322
7463
6588
4221
4128
5652
4331
4642
3832
3953
6194
6900
4560
5690
4630
19329
4101
4448
4417
4491
3190
5421
15877
3510
5080
8170
4152
8324
4713
2473
2308
5273
4897
5966
1136
2718
5604
3007
5537
2297
6927
4656
3055
4070
2803
4667
4191
4873
3921
1228
4139
4297
4660
4451
4432
4781
4319
5276
6650
7791
3219
4734
4171
1622
3810
2943
4595
6223
5228
6214
5116
5744
3552
2233
4760
4310
1639
3991
4379
4908
4756
4621
6800
4244
4072
7160
4093
5573
5856
6696
6561
4074
7986
3742
4622
4356
5163
3139
7400
5941
2118
5767
2308
3746
2510
5176
4393
5104
4071
2598
4542
8659
5449
1856
1926
6513
1944
4106
4281
4507
4523
4890
5100
3826
3448
5830
2829
5724
4041
4323
6507
3765
4773
3384
17159
4857
7302
6926
3514
6805
3260
4346
3383
5715
4348
4402
3313
4075
1065
2650
5130
4894
3587
5973
6478
1094
3925
5118
4700
4473
4664
4402
4937
6883
6469
3641
4273
3728
3926
2283
2980
4446
1562
3782
17966
4555
5074
4325
3553
2977
3710
5139
3588
4471
4408
6748
5563
2045
4969
5497
6203
3277
8936
4951
5696
6022
1590
4094
4501
4398
2340
5085
1813
5028
4815
4930
2044
4840
3850
4840
3914
3808
5085
2056
5289
5521
4997
3765
8597
2643
3209
7115
5642
3845
3648
4468
4372
5169
6449
4772
5554
6131
8213
4776
4244
3991
2454
5053
3153
5564
6111
4685
5353
3846
4730
7379
4581
5169
5843
5434
4439
3632
3506
4520
4718
3594
3761
4954
5268
4822
5451
4184
2158
4125
3795
5474
3078
4079
4042
2995
5047
4298
4676
4327
2054
3397
4588
2315
5187
6573
5727
5091
2382
4076
2786
3773
5878
4117
4637
3655
4277
4435
2666
4880
3562
5293
1731
3896
4830
2839
4974
5148
4349
2058
1446
6028
4397
6788
4758
3334
3823
6217
4623
4819
7041
5591
6463
5710
3701
5967
5187
4242
5936
2077
3703
3969
6012
4139
6678
4480
4463
4324
4744
4117
2575
4659
5496
7526
1424
3960
4516
4348
5332
5154
4373
2783
10910
2697
4032
5746
4540
4589
5788
5284
3393
4341
5893
4588
4795
6285
7023
3381
6907
3281
5161
4000
4082
3983
3251
6363
3220
6307
4466
4852
3869
7037
6227
3605
5668
4433
4509
7746
4067
3800
5045
5120
1592
2441
9296
4917
5047
3654
3706
1801
5265
4232
4264
1843
4698
6248
4039
6077
3660
3996
3430
3126
4855
3836
7909
5775
4042
3569
5553
3301
1565
4460
5564
2864
5079
1280
22292
4238
5683
3821
4429
3066
2034
4330
7278
2629
11707
2568
5087
4408
7633
4938
4039
3962
5839
3422
3837
3505
1773
5424
5365
17371
5309
5949
5600
3727
5080
5369
4244
5865
3789
6847
9788
4935
3974
5047
2463
3563
4454
4849
5313
4536
5268
4203
7459
1407
4420
4952
5287
6128
4379
4982
5115
1871
5511
5822
4906
4185
1731
5544
3347
7959
4489
7903
4247
3227
3609
4034
3342
1930
4203
6372
5124
3607
4532
5100
2445
4554
4693
3713
4171
6030
2841
5448
5067
4595
2963
2194
8464
5900
4522
4521
5397
3424
5702
5236
3822
9148
5619
5330
5449
6332
2618
3869
17585
5378
4479
4627
4215
6515
8122
4584
5255
5338
6859
8122
2980
3538
4255
4760
4012
3810
2504
3631
4661
4686
4439
4437
2841
3657
4215
4422
4028
4610
6025
4983
4124
4728
3502
4575
4831
3569
3805
7161
3939
4504
3867
2616
5277
8448
4445
4081
4986
6526
4485
4512
4212
6942
4865
3024
3382
6104
5987
4226
5798
4769
6296
3813
6108
5095
5183
5376
4303
4400
4602
2914
4877
4879
6424
4978
3848
5706
4197
5929
3466
5030
5168
6469
5476
3888
3484
9106
4739
3673
5191
4276
3893
1384
5395
22962
3628
5115
6933
4867
3370
4352
4640
5182
4440
3830
3369
4047
4819
3619
2610
3994
2596
5472
4591
3849
6635
3902
5487
4752
3774
5872
5231
6119
896
4043
1020
4771
4464
3872
4043
4557
5258
3779
4570
6641
4694
11881
4083
3719
7198
5157
5451
4478
1125
5359
3810
5084
6312
5096
4381
3937
5000
4447
7805
4206
4336
3627
2171
2210
1928
4749
6069
9670
4123
4585
5749
4913
5630
3842
7953
3867
3953
4319
4479
2964
2826
3772
5445
5142
4310
6263
4512
3945
3848
4460
3364
2985
8878
4560
4130
3692
6878
4517
3845
2417
3332
4479
4034
4761
7544
4966
5791
4413
2913
3319
3231
4383
1955
3932
4409
5589
4836
4466
4154
3471
3603
4575
2873
5058
6255
4060
5931
4550
3994
3117
3515
4718
3275
3118
3382
5051
3447
4980
4500
4058
5182
4920
5383
1365
3968
3834
6331
4599
4113
2602
2115
12091
7444
6270
3538
7791
3849
4294
6777
2555
6709
4406
4698
4667
4403
4000
3944
2855
4423
14340
5749
4874
5039
5974
1263
8025
4161
4067
2922
3536
4841
4321
5143
5647
3981
7846
3216
4525
5331
4629
4394
3483
4059
4432
3066
2020
5051
3935
2072
5166
4375
6011
6402
2388
3999
4830
5386
4655
5172
3833
3146
3928
4606
3513
5049
6909
4934
3394
3933
6093
4512
4156
4382
4276
7953
4922
5015
5245
3054
5857
4423
4003
3978
4412
4698
8716
4382
1764
3679
4691
5361
3931
4599
4519
4219
1241
5516
4140
3110
3700
2886
4129
3454
5164
6250
5931
4998
4573
3971
6986
3096
7525
5101
6182
7590
3993
3915
6174
4466
4035
3694
6391
4900
5890
4067
4539
6982
9597
2170
4525
3972
4120
6166
5236
4568
5100
4545
3131
4361
5518
3358
3761
4802
4532
5698
5371
4342
5185
6700
4122
10867
3541
7464
3579
6516
3968
3872
4300
1423
7509
1837
4013
2273
3691
4198
2652
4510
2979
4392
3628
3685
4247
4856
6482
4986
6051
3643
3459
4909
4613
3730
22114
2710
5228
5415
6550
6326
5121
4626
4482
3676
5372
4439
5013
2420
4065
3926
6017
3892
6892
4293
5190
5255
8083
4362
7452
2282
3959
4126
4216
3055
5968
8319
6248
4837
5105
7082
5181
4314
5001
4762
5015
3675
4349
4754
3353
4399
2238
5303
3671
4203
3662
2848
6579
4906
4995
3901
4506
5211
4987
3777
4700
5198
3267
4950
4375
4309
4111
3411
4634
4280
1812
4353
3764
4415
3887
1629
5707
4854
4394
5287
2457
4443
8061
3961
5211
4890
4545
5223
6131
5142
4398
664
5716
3078
5740
4163
6611
3777
4581
4198
3762
5466
4507
5080
3239
5108
1221
5550
2538
4466
7300
3341
3673
3903
6272
5180
5454
5180
4399
4704
3613
3815
2891
4600
3786
5119
3959
3308
5940
5299
5548
4564
4516
7615
4789
2977
4805
4006
5761
3836
4135
4423
5673
4477
6242
5440
4919
4143
4003
1232
5417
5559
4304
5170
4686
3808
3976
3834
10616
3768
5248
4324
2644
3628
4902
3558
5560
8249
4720
5878
4762
4309
9607
4560
5908
3762
4417
3675
3867
6102
3550
6110
4775
5123
7219
4339
4316
4998
3165
3168
4260
3795
4367
4693
3767
4516
4114
4554
5418
4411
3424
4399
3709
4265
3542
4541
5201
3955
2933
3802
4385
4844
4668
4651
4183
3211
1941
4105
891
5678
4853
6674
7865
6837
5271
5364
5199
3832
4834
3946
4186
5821
3501
2167
4925
1870
793
6120
4290
4787
4985
5183
5127
4822
4033
5316
7327
5109
4373
3804
4462
4368
4344
7067
1087
4987
3468
5812
6602
5715
5990
1666
5440
4998
4655
5606
5820
4071
5570
4587
6272
6574
4458
3979
5711
4362
3797
3917
4108
3866
4560
5216
2856
5296
3560
4504
3276
4236
2439
3600
3675
5832
4392
3807
6686
3422
3594
4555
3865
3275
3195
1459
4804
3706
4152
6980
4450
3054
3775
3560
4063
8611
5474
1862
3488
6717
3766
4277
6635
4162
4227
3920
3904
6857
7081
4757
4954
3600
4346
3056
3586
6335
4658
4674
4382
7779
3881
5847
4094
7396
3710
3679
4497
6958
3842
5524
4151
5428
5177
10813
5294
4825
5532
5263
6986
5038
5196
4342
7031
6015
6537
3739
4205
4956
4553
5114
4265
4892
3943
3022
2338
4295
4916
4090
5001
4383
3721
3966
5202
4067
3245
4338
4497
3767
5772
4329
7906
4690
4869
3963
4870
1046
5258
3517
5510
4176
1865
3825
6175
2226
9086
6638
3593
5165
3868
4733
7791
19242
4971
3763
2407
5065
5689
5539
3524
5591
4533
4200
5603
4889
4117
4061
3985
4538
4064
3827
5024
3948
1439
4600
4225
3664
5038
4971
4249
3885
5344
5624
3810
3126
3553
3819
4224
3983
3754
5221
5391
5834
3204
4280
4674
5376
4617
5276
4075
5500
4469
4622
7554
3658
2720
4300
5050
4248
5838
4327
4560
4183
2872
5472
3989
4399
4128
5379
4311
2593
3713
5253
4766
3653
6519
6410
5890
4472
4858
4767
2029
3830
5009
5905
5591
4413
4982
5820
3413
4504
6891
6089
6382
4869
4322
4755
4620
4771
2820
3949
5762
6738
3923
4362
5199
5684
3084
4690
5753
5802
4375
3485
3770
4938
5607
5153
4230
2623
4369
1466
4323
5416
4777
3928
3319
3487
4752
3766
4150
1301
5010
7310
3517
3098
4561
2753
3783
4707
3610
4772
4798
4716
4258
3998
3190
4952
19660
10614
5615
1723
9686
4715
4799
5900
5231
1933
5835
3984
3090
3913
21508
4385
3364
3904
3891
4692
4515
3949
3971
3806
3806
19456
4519
3225
3972
3785
4665
4007
3951
3334
4691
4540
2870
4001
4125
4731
2447
3584
3203
4033
5860
6290
3776
2409
2302
3047
3882
4966
10592
3441
3076
3792
3893
4706
5227
3723
3269
3876
3810
3194
2264
2573
4756
3993
4384
5366
6632
3712
3995
4841
4395
4485
3641
4143
2804
5176
3941
5077
4590
5109
3537
4182
4094
3406
4162
3515
6622
1390
2848
4084
4803
4360
5042
3799
9898
4260
4378
1246
4372
6328
4407
3778
5883
2184
4445
4319
4030
5188
6059
5261
11607
3356
5484
3002
4281
9849
5601
4919
3974
5001
3823
7995
4923
2830
1747
5172
6533
3787
3885
4684
3896
4168
3265
4736
3593
4295
6945
1920
4677
6963
3965
5111
3429
4166
5977
3314
3592
3708
3215
6247
4667
3157
4369
3575
11078
4148
3156
5169
6378
6765
4884
4000
5515
3742
1808
4101
3835
3133
1370
5677
3813
4388
3051
3011
4631
3816
5377
2903
3130
4699
3051
5242
5915
3580
4945
3325
6321
790
9109
3285
3995
4206
3216
4779
3023
7208
4204
6414
3752
4978
3069
3461
4186
3118
4404
4140
4436
7602
2908
4387
3382
3329
2168
4020
2188
4659
4164
4413
7085
5122
3903
3563
5779
4154
4017
3498
3490
4235
3161
4934
3885
3126
3434
6828
4415
3978
3930
4306
6298
4178
4030
5157
2982
4369
4278
4301
5248
4923
5774
4480
3842
4213
3397
1288
1037
3523
3308
4147
5121
4377
3817
9482
4584
3218
3691
3850
4545
4186
3349
1401
1816
3348
4514
2680
3765
4075
3825
3370
5350
2343
4821
3208
4041
3213
3859
3694
3176
4480
4151
3866
2722
3587
3123
4095
4746
3961
4134
4677
5188
6300
5766
2839
19094
4429
5974
4940
3921
3762
3664
4709
4050
4155
3745
3535
4358
3925
4114
4273
28919
3182
3907
4470
5887
4255
3543
5118
3749
4658
4054
2960
5904
5028
3758
4850
5415
4704
3800
4034
4181
4145
4036
3489
4076
18970
3790
3977
4889
5114
11128
5391
1097
5727
4818
4783
4874
4414
4263
2826
6635
3460
3988
3823
4049
4266
4799
2530
4524
5557
4393
3096
4443
5872
4562
4229
5601
3765
3123
5594
5307
4147
3733
5114
5190
4724
3553
4447
4129
3656
4469
2240
2936
3245
3721
4680
3532
4003
4556
3512
2866
3692
3898
3565
3466
6425
2932
5632
13935
6285
4591
8182
4118
3383
3523
4062
3744
3842
4367
5035
3703
6727
2796
6753
3589
3756
3710
4413
6135
4063
3888
3245
3771
3914
3346
3112
4028
3481
9232
4040
5238
4065
14241
3558
4341
4821
7862
4439
4900
4017
3955
6078
3626
4744
1245
3691
5428
4810
4619
3926
3673
2930
5017
4554
2150
5143
5057
9501
3949
4211
2165
3391
6024
5039
7332
3982
6499
3878
4730
9335
2136
2819
4067
3572
4214
1934
5980
4591
3190
5160
3648
2862
5071
2421
3286
4088
4610
4837
4759
4593
4829
4397
3660
4135
10450
6444
5481
3190
6114
575
4489
3845
3457
3288
6238
8639
3870
4284
4492
4375
4164
3249
3823
5132
6385
3925
4045
4522
6008
3456
6790
1329
3511
4154
3768
4705
4560
4207
2918
4841
3686
4920
5428
3822
2137
3849
4297
3323
3154
3419
4106
3406
3308
1788
2215
3211
5988
3329
5095
3340
3947
5303
3731
5030
3378
3293
3521
5742
4053
3922
4364
3434
5361
4198
3805
5008
5324
4463
4334
5832
2186
4078
5851
4024
4071
3858
2124
3558
4263
4116
4537
6174
4143
4041
3373
4432
7376
3749
6915
4690
967
5033
3901
4670
4011
3198
3467
3466
6636
3289
5477
4567
3765
3940
4971
4859
4606
9499
3612
4836
7134
3069
3851
5226
4326
3252
3423
5346
4401
4645
3717
38939
2017
4409
3734
4231
3685
5296
5142
7812
4377
4505
4117
5467
3574
6690
5054
4764
4801
2939
4023
4208
3297
17024
4073
3990
3227
4453
4482
4422
4635
3296
6016
4310
4945
3223
5254
4365
6449
1092
3647
5326
4632
3333
4024
3494
5166
3311
4188
4103
3153
5242
4024
4216
4330
3815
20999
3134
1000
4352
3771
3476
3597
4506
3905
4183
6067
4230
6981
3864
3557
4527
3496
4261
2782
4567
4793
3285
19990
4610
6110
3063
3863
3143
4457
2810
2509
3567
4077
4157
4627
3403
3401
5392
3907
4439
2537
4212
3873
6850
4753
4069
4168
3962
3424
4484
3748
4361
2988
4487
3123
3689
4067
3982
3606
2644
4235
3826
4145
5065
4511
4280
2927
4452
3655
4588
3923
4787
4079
5436
2625
5265
5682
3667
3461
4284
3540
3144
3927
13445
3217
3722
4465
3559
2670
2240
3617
3257
4238
17775
1143
3922
3296
5007
14544
2498
3085
4003
3197
4749
3643
2925
