480755
434912
499453
457815
504699
479420
576275
703801
269852
664259
268379
383788
364951
479187
374787
513110
420540
506126
450654
6900534
4195793
8851203
5125501
9717649
8565888
25141445
4543604
362737
6748620
4769645
7169393
5216464
8669141
4488471
9060522
5458103
4792510
5652881
3864292
4702846
4445260
7332442
5004598
4790174
8526905
12320187
4603011
6120914
4438306
3853337
4793894
4491409
4566631
4648929
4377580
4132931
4477661
3716861
6964496
4714765
4813982
3547927
4220388
3797005
3261392
3423689
3278638
3469001
3276303
3636777
3675815
3738579
4516260
3662247
4423076
4357463
4368495
8227780
4207279
4668272
4173854
4381839
5637953
9420752
5041528
4432796
6042363
4491709
4206452
3975233
5698193
5259381
5257897
5040474
4865120
6641443
6094544
5104815
6370203
4468238
5354440
5033098
5506676
4388941
4238013
5277731
6621780
5402749
4606136
5569828
5623556
12198334
5922149
5508520
5478314
6343211
10331127
4861038
5437021
6830060
5283643
7444649
5253367
6904134
4488573
4201019
5145280
5263353
4168869
4599029
5325136
5600455
5534462
7338572
9333285
7072230
5100333
5547031
5101521
6193772
6399873
5609933
6095016
7175943
7759819
6159513
6540764
5430638
7111823
7081971
6644378
6409632
7970787
7427709
6903580
7485689
8771710
12285462
9864643
408891
7210067
14179674
7647424
6616475
6645707
7670132
6123762
5005402
9050489
6456715
9588058
6772052
8171737
7939497
6971655
5339135
6632931
15254698
6331672
7295590
9267074
5300101
7968855
8837389
5654422
5993336
5875581
5301285
6744321
6872903
5614218
5882598
7359445
7974070
5976257
5945460
7713771
7760979
5489095
5758245
6617659
8477949
10632384
6990004
6420904
6426422
6882524
7060639
6102005
5910024
6403094
5627456
5646477
7641237
7846022
6242536
5995354
6492438
6465609
7180039
8007892
5218321
23484505
6955482
5755057
6656828
5983858
7397791
9000459
7484023
6626267
8875789
17301061
7246932
4393652
8846736
9000959
7772264
7707095
9186780
7459926
6627664
6409129
11498013
7570468
48483904
9545088
8809512
8237760
6130339
6556038
6741551
8063239
16589022
7459281
8026710
15950950
9847524
8882365
7398855
7412164
8632111
10573841
8673791
8387165
8809907
13179029
9727332
7930413
9424513
8831199
8107035
7309364
8806891
7551658
9792287
7787093
12454459
12128323
11401192
13450526
8253733
10882975
11702611
11202540
10526533
11772681
23960700
10687566
11690512
8660970
9318237
11592278
11450551
11994160
17404968
10237497
10824140
9408290
10931895
9972746
10267988
13300889
13921567
8891644
19332374
14975397
54777734
17463375
11314171
8537211
11524909
9907244
14794399
13272122
27606780
13658346
14712270
10815729
11455036
13057672
13550272
11153753
11058172
12957919
11335877
8873991
12501923
9201172
17444426
15552259
10560836
17381223
12591525
12229355
17484530
9478679
8560926
13477749
10998587
11795748
11408079
10195327
8027884
8830928
10170599
9417636
9944689
16532493
9254859
26758326
10158099
13292343
14860804
10945138
8221414
9933433
16293239
13661261
6786057
10503080
10140258
8374966
24475556
13069429
14834245
11167773
12121283
34999744
14418474
20816547
13883086
14128808
12445533
15948108
10982938
26890732
15226551
21789373
28108864
11955789
10819491
10952827
13140886
26530933
17481815
12837339
10006848
8789898
9067923
11820967
9993682
10936386
11670323
8827004
13432410
15195642
13004762
13701857
15995215
10369222
17994407
18141757
13553067
12415511
9701048
12408803
18119714
16380142
13907099
9459879
9235701
10427476
13940059
9902690
8955935
9092303
12537655
8589303
8994251
10490099
8181491
9192673
9334665
10439242
15595113
13504461
10974700
9946561
13844815
9099156
8320185
17827598
9754214
9465864
7920258
9305834
12528814
14560978
9838664
11070236
11226172
11595028
10589085
16081364
12818833
12123796
10843732
14134951
14597057
12122343
14922732
30864256
18269503
14036338
16780347
11913264
34231695
15641137
13612747
38243663
9775623
15033242
10173458
11586241
15645234
10164543
11218124
12365457
11195319
12554768
11795876
11894425
11695968
24755851
9384437
21603970
11990145
9535272
9805440
8920009
9936553
11391603
10843631
8679177
9461851
7808106
8594131
9007511
10621978
9977939
8605036
10133498
9596206
16815783
9528884
9963367
8423195
10204394
8548939
10015841
9547651
18124938
18914825
12222348
9464556
17668553
8522396
8684988
8092328
10811686
7124649
11094663
9932309
12308771
12025853
8702327
9665887
11359258
9755251
9648353
12074292
14331583
20018006
11656145
9617022
9775069
19167420
8826207
8334522
8845199
8382579
7702819
8544228
9416172
5008625
8005420
7778851
5063803
6517044
5834769
6690989
27691574
7681053
7177883
6023925
5938104
7038287
9677005
7537373
7246744
6471091
7303515
7230533
7526956
7076807
6797176
9387749
8923153
7539010
8860967
8487822
13190721
7668104
11157700
6123072
7130986
8070170
7392662
6717379
6599657
6603722
8599116
6125834
8601433
6591909
6564615
10179077
5935061
5592031
7570605
6561616
6343446
9303223
5563750
13925274
8904158
6095073
14270284
6618676
6683403
5375634
6442440
8839649
17526076
7486889
6931873
8024564
6623634
7205342
7611091
7140020
6841537
7376596
6238917
7571712
6440242
6762225
5909227
6544914
5325922
5630345
5702768
5885831
4691706
5801860
5391714
9085116
4624975
4689530
4749962
4995535
3489772
531497
2968912
3287071
3512412
3373597
4668482
2543389
3402443
3515875
3692855
3435334
3016506
2784912
2919806
4792343
3299460
3192636
2306713
2184903
2545392
2829326
2995262
3546617
2702536
2565944
2409959
1927083
1693454
2035650
2093017
1931901
2037981
2055729
2192193
2536263
2713752
2353192
1939320
1807139
2618639
2322173
1712633
1944461
1682629
2231480
2275598
2321094
2184616
1779106
1527974
1856563
2196153
1687648
1496862
1898058
1822275
1578715
2027995
1965333
1657213
1666071
1711523
1768247
2017287
1625180
1345127
1752884
1639936
1707348
1865458
2421452
3005019
1942952
2118582
2288222
2199499
2337132
2765026
2038233
2189950
1477371
1955461
1855897
2294887
2002482
1886753
2015135
1930325
2033986
1783775
2136694
2015869
2098553
2060326
1666765
2185065
3152428
3198456
3065629
2746637
3503542
8103035
2949076
3310578
3446351
3550792
4279210
2992071
2909430
2809508
3307433
2987234
3377034
3368653
3188744
2891980
3325546
3513615
2635953
3396455
3167276
3204443
3012500
2947918
2870028
2517588
3306818
2721528
2809689
2959830
2886768
3214440
2993827
2866543
3115903
2128739
2699391
2532057
2601720
2493930
3242169
2597431
2846972
2979380
2622214
2831444
2852905
2966555
2404204
2982033
4150501
2730680
2850058
2802797
2379809
2483814
2243061
2202814
2538730
2709651
2189983
2301737
2428282
2081343
2215044
1846445
2503269
2072002
2423112
1741428
2092910
1728316
2413774
2528500
2345865
2366380
2129681
2106863
2275047
2210244
1827818
2591753
2175862
2360647
2040112
2335781
2337538
2412098
2671415
2314636
2185890
2418552
1923374
1852431
2618764
2305739
1822159
2615092
3444166
2662405
2211587
2059948
2753897
2859245
2186912
1883263
2267337
7165463
2366264
2423370
1759549
2313466
2217705
2350290
3932265
2581382
2754456
2619281
2381389
2650829
2553440
3045185
3185632
2168525
2801785
2298058
2055229
2731300
2845521
2580297
2629889
2405725
2504427
2652343
1943622
2279977
2383563
2251587
2141311
2282823
2258811
2183916
2345772
2328883
2070231
1765490
2478895
1856716
1645223
2385662
2273300
2486290
2537212
2690658
2910046
2084552
2941634
2813460
3047485
2948345
2478963
2865176
2902620
2326263
2268351
2165384
2241744
2379615
2364523
2096924
3194865
2707495
2322928
2655974
2677599
2433437
2464866
2629098
2699375
2080029
1945249
2643517
2387022
2458784
1939870
2355155
2317241
2060514
2346207
2565764
1986796
2122854
1972736
2111887
2149310
1766787
2028415
2175778
2082546
2066159
5226380
2527352
4709731
13232787
4038082
3612588
4539855
4410148
3444842
4343256
3688258
3632916
3628358
3962106
3789980
3871994
4263164
6506886
12398020
3253339
2064476
2023397
3237066
2612173
3778121
2902097
3114140
3233296
3127833
4497860
3923723
3078444
3495101
4135702
4884105
3096049
3918090
3935890
3422888
3880928
3350043
3771608
3192995
3567262
3479389
4063783
3829910
3115756
4599280
3881556
4560197
4309534
3550985
5643130
2639527
727472
2854235
3913115
4066884
2635049
2862857
2981749
3376821
3634726
2890468
4328646
3615325
3159656
3567030
2924085
2639700
2760786
2773866
2410490
2608675
2949160
2509532
2614184
2858255
3016904
3099900
2463486
3064854
2176314
2389709
2763094
2975050
3081365
2819407
2947281
2817790
3211731
2403394
2683219
2931416
2535831
3070036
2989414
3333652
2800812
3421301
3312508
3478358
2866439
2894737
3264531
3756229
2594997
3620521
3423389
3924125
5693322
3357812
2832581
3336596
3624331
3925397
3715516
2461154
3423676
3408728
3287590
3118070
3809618
2806702
4495183
2990014
3474597
3714613
3149229
2874117
3363386
3154624
3281971
2943844
3008539
3799211
3128525
3493094
3475535
3137300
2487351
2780292
3143950
3341235
2846144
2805641
3177299
3296644
2441254
3009521
2844606
3000229
3405524
2725591
3286143
3480872
3395226
2740314
3068922
3349538
3037825
2540972
2893959
3180443
3104202
2869111
2375517
2432107
2521825
2556327
7013475
2849151
2231144
3557226
2973110
2724825
3684080
2991530
2446337
3421753
3275085
2729558
2645594
2952542
3683468
3069484
2741828
2996555
2769918
2751925
3131461
3232286
2642128
3135080
4852030
3004725
3626589
2614231
2718922
3160575
2902732
4369484
4549666
4002070
2949191
2817437
3393818
3700051
3178580
3109076
8753668
4599331
3362402
2876434
3428832
3408940
2464735
3109058
2866357
3034558
3120572
2878091
3349823
3128858
3214984
2389924
2887275
3287013
3014914
3168266
3329641
3647994
2497006
2688984
2589419
2904941
2835847
2948238
3142893
2928463
2788095
2579749
2202100
2793300
2610835
2972477
3005102
3141953
3012487
3039862
4757953
2892112
2542572
3020856
2807536
2755247
2699861
3366266
2543188
2657520
4183426
2287443
2286512
4139312
2691077
1925372
2586660
2838674
2853088
3437929
2795868
1992532
3154472
2371962
2709174
2398447
3007800
2704215
2311783
2835456
2267673
2581519
2835423
2148091
2372730
3139406
2373752
2618738
2776501
2526263
2397398
1906408
2471775
2763831
2474319
4727832
2532843
2287175
2916361
3230260
2344258
2587198
2326041
2940314
2264774
2402596
3463580
2300027
2394879
2632340
3605096
2319178
2942109
2829520
2783224
2154628
2645047
2846438
2349254
2153964
2942673
2214979
2560929
2859845
1936120
2890237
3080234
2398691
2579431
2591378
2505124
2741362
2354364
2241725
2497549
2126038
2547191
3047847
2389729
2250709
2542158
1972362
1861888
2300331
3007923
2481150
2263609
2296945
2263484
3122579
2145947
2153669
2176501
2335021
4121990
3381791
1941551
2485445
2027337
1977024
2418331
6951916
3569349
2383724
2388123
2178932
2496330
3360636
2286231
2208274
2336177
2453375
2272137
2707725
2503612
1956447
2914823
555407
2619771
2583732
2366072
2342945
2411979
2685321
2489962
2359945
1653567
2007761
2604086
2439815
2468124
2260667
2683112
2198678
1951926
2607505
2267396
1614545
2250882
2528045
1736064
2786326
2199571
1687298
2664419
2131118
3172467
2751165
2793868
2526552
2640352
3659962
3730057
3533852
2423578
3202295
4268368
3673007
3015083
3011269
3757713
3466651
3842763
2985814
3922728
3383685
3156689
3802336
3425891
3326740
3353923
3929383
4189764
3933824
4082008
3582312
3657777
3691703
3009331
2907835
3904107
2490483
3614471
3815070
3135661
3405836
4064993
4090322
3855507
5605414
3420417
5803250
4461555
3408264
4225419
6149575
5809973
4206706
5711711
5562958
4887851
6400079
5892155
4792798
5918644
6900366
4918130
5375141
5502488
6753455
8255912
9461141
6730292
8416122
7793601
9221758
8089941
7624643
8174327
10945074
7010981
9359015
8957859
8513803
8479713
8400402
7965388
7738705
11448730
8988716
15070143
9735053
8748657
7295966
8594863
13008903
9602952
7992951
7485847
6513341
6783230
7115393
10613972
8367756
7944152
7559738
6749118
7616469
6362203
7945363
8710472
9091485
7602842
7211741
7367417
6985875
10871086
9354056
6735191
6633609
6387465
7121984
8967872
7692679
6134067
6006478
6717946
7202907
6945377
6420911
5941996
6275781
7458199
13921185
8319527
5793136
7539534
5748942
6165029
6293698
6609633
718266
6066352
7110172
6683807
7118432
7260024
7801456
8604235
7550192
7317360
7394038
5610781
7845013
5824483
6586090
5811919
5525049
7625896
6342301
5371281
5670427
9343672
8126589
6483873
7219019
5280212
6217753
6270851
10820151
761675
6981861
7260575
6087870
7935145
5924691
5676326
7041882
6270301
5894782
5487792
5634874
4540647
5836360
5304763
5101942
6927178
6792776
6469088
6742522
6535035
5234637
6587500
4979178
11248423
6935190
5564890
14658427
6235637
9142341
8852478
11125660
6321156
6659890
6887025
5948496
7211171
5750398
11822781
11867310
8049288
5357876
7032142
5996118
6838446
5617759
5989499
9073572
8295252
6708915
6080675
9049527
5942851
6656573
7175750
7299309
5119455
7489143
1274913
6367516
6283096
6753481
4907853
7509192
5117043
6308384
4980238
4756807
4612077
5257778
6519171
5044719
6273675
6452392
5544625
6859346
5547225
4322842
4556875
4158102
8253851
5785178
5810143
5492418
4633978
6987541
4767439
5086738
4271947
5333731
4535236
4154591
4099989
4080595
4071944
4403233
4832185
3842108
3662851
3179472
3673306
3320319
3084170
2035860
2821003
3279696
2934385
2610678
3031285
2132471
2906722
2675373
3369884
3434390
2556506
2944717
2141309
2175108
3335772
3008831
1941850
2806522
2656530
2450281
2520749
3057758
2994935
2582551
2550461
2930003
2684633
3307091
2466764
3400708
2399949
2694141
2934067
3001304
2588435
4213009
5437088
2454907
2510253
1984435
1872222
2568918
2656924
2547000
1644212
2571814
3226375
2968539
2626782
1828211
2261071
3027488
377527
3074611
3535005
3451562
4655454
2767200
2373745
1777909
1810405
1756207
1609280
957762
1231720
1088485
971650
1162189
914308
1617883
1157507
1487701
1388390
4131087
3800053
5466834
5661197
6045663
5792152
5188283
5893472
6131525
5998243
6031598
5210666
6250035
5283860
5439542
4162011
4122048
4600959
4480529
3266369
3997176
3954664
3544113
3106028
3027857
2719793
3159050
2355778
3189799
2739033
4179737
4249756
4760348
4201430
6596123
9116943
5250841
4184710
4462171
4585781
4179832
3880477
2340687
2093576
2091464
2443784
1811677
2810801
3436424
2174377
1634365
1979804
1398307
1709585
1841815
1169780
2017413
2986289
2987686
2277338
3296614
2942788
3017184
3983791
6068521
7432041
3403072
5410363
4431454
3563582
3816410
5150145
7379761
3914354
4032216
3913755
2992463
2326530
1779931
1920617
2278099
2859334
2963750
2944948
1992665
2054341
2148193
1844944
2614071
2642011
2204180
2505438
1780783
1521577
2083183
2149467
1943062
4459029
3703418
3681914
5737242
7399920
6103950
6851787
6651524
10155195
10856789
12198022
16555594
8745890
8981516
13082438
7467029
8003081
9994940
8260763
8622981
9832419
10308284
11579960
10544594
12001202
10711995
11086918
9574789
12414773
10856291
13157150
8750074
10176717
8390023
8462884
21196903
9948455
11567047
9307371
10385821
10084100
9456204
9056750
9987679
10128708
9088356
9596705
18282575
8359625
10064388
9484764
9289029
17563755
9519046
9535660
10307760
10747185
15439851
8797697
7608941
7798373
8072244
9119340
7041513
8968279
6530698
8000811
5815624
5837449
7009449
6384864
7484697
7504500
4942517
4941674
7569753
5950117
5236829
12518766
5294964
4758706
4595159
6179587
5964167
11359407
5350892
7029541
11154591
5613605
6749806
4851425
8718883
5434807
6248389
5362590
5176222
6808236
6947986
6120133
6646889
5201248
7910026
6044356
7381834
6034227
7068755
6440985
8351112
6659598
6398856
10829136
6262416
7803598
7296056
7166891
8625983
9205022
7859319
6108011
8582681
8806666
9637067
13023656
10240746
12305133
10084123
10732237
13594893
12994437
9507405
13653024
11763791
13959563
13871317
11069736
16470038
15932615
17526893
13013320
12895176
11768149
10136728
14889201
20258666
12438633
12025926
13424086
11367090
11125383
10996271
12907273
10613447
15157135
16829395
13712342
14379635
13177475
13641711
13401425
13873804
13779150
16899592
16567705
14431034
12654006
16432533
12377627
10962602
778077
17974429
14062407
12012432
19037862
14896074
15326213
13142855
22602895
15805868
23897602
8120718
10008357
8642653
6898597
8325422
9268651
8269640
11567084
14702658
10568865
7634393
6210063
4992501
4264977
3737286
5166131
5977871
4819146
4747398
4826959
3376077
3197732
3188615
3707583
3445377
3316558
2453145
2177517
3504196
5485774
2661256
2316075
3073927
2910777
2560589
2410142
4123698
2716426
1965087
2648491
1922538
2373042
1898456
2224987
2832121
2334134
2160822
3356767
2687987
2013850
2390689
2528084
2791360
2841053
2769584
2246045
1805867
1912530
1975769
2653865
2154513
2498745
2497680
1803791
2357730
2324531
3116843
2547805
2162524
2390631
2849201
2970639
2656771
2403093
2236244
2162839
3247157
2528699
1967024
2228792
2499338
2018441
2051979
1994657
2390154
1916356
1763464
2532764
2368418
1849091
2187152
1725958
2415901
2072854
2390405
2588042
1648305
2666307
2046010
1877363
1544449
1696982
2165810
1823240
2036350
2437389
2404641
1858037
2417763
2440762
2298956
2274143
2172156
2223360
2658175
2641229
3071453
2382584
2030484
2458627
2921695
2449244
2539090
2058991
2189189
2464918
2693290
2640377
1778378
2301640
1914134
1862553
2539104
2239277
2378694
2237339
2010601
2298517
1967048
1806880
1960452
2437563
2922619
2914302
3062968
2941863
2236637
3390104
7519838
3186772
2805050
2648012
2977704
2918171
2267515
2178861
1856221
3131565
2422650
2050339
1905668
1495157
1358717
1199302
1353329
3543750
1586523
2159184
1850432
2040159
2409434
2328065
1674718
2163363
2245032
2531849
1771483
2127606
2087758
1790409
1388074
1913196
2157711
1365072
2207948
1992367
2017460
1591601
1744345
1796295
1441090
1406262
2208428
2051560
1386949
1787741
1433911
2223587
1971447
2177229
1787964
1516793
2095890
1926030
2048893
1592551
1897245
2201242
491465
2781647
2250327
1913353
2116997
1618069
1563955
10004835
2439889
1913977
2309255
2690688
2767712
2521471
3511640
2880028
3099611
3591198
3099016
3579973
2698993
4105009
3970190
3097174
3001534
3501897
4101029
3344139
2691507
4037780
3694241
2697170
2494315
2139746
2382402
3219462
2619255
2473421
2526229
2366932
3086307
2967391
3221359
3170820
2877383
2926958
2338448
3377170
3049541
2642260
3066669
5003934
3664380
2591551
3608171
3186927
2832589
2935837
3722228
3498220
4221563
2898621
3650190
3399638
341116
3491698
3176197
4401183
3577698
3111554
4150458
4023625
4379237
3840690
3589065
3002742
4061109
2955320
3669821
4213766
3527301
3393691
3033860
4543590
3390524
4575737
3440025
5705397
4455622
3855977
4508173
3886214
3954265
3310653
3490135
3715890
5416930
4030025
3114167
3945503
5598380
5517910
4294351
5663766
8074383
4426297
4972757
4403018
5327526
5617014
6949975
5479004
5271874
7829419
5923387
8840313
4825464
4549976
4761468
4692977
6758342
7692165
11153520
4781241
4280307
4131883
5294031
4362169
3913921
13528806
3995844
7391952
5061468
5356006
4810173
5182228
3942125
4388507
5080292
6041170
4805185
5184307
5311285
5344051
5732072
5102196
7814857
4263874
7335434
4492826
4138024
3645340
5447799
5148069
4184516
5614122
4691531
5612882
9423982
5587749
5155501
6217689
5609623
5194856
4229944
7070106
5553133
5250097
5830552
7039885
6672972
6874766
6157085
6696541
6294752
5548502
6704147
6269502
6862275
5974315
6420857
9245170
5179961
6358295
6162366
5575040
6220248
6600970
5274974
5184199
6595346
5967390
6078154
5230420
5085408
5886992
4091687
4419040
4816881
3841102
5648221
4299378
4756732
4098925
4475856
4463824
3583339
4474794
5757852
6277679
5699896
4413314
5087362
6006129
4113851
4087645
5141383
6272762
6465070
5349611
5891298
6776583
6123002
7727429
5637910
5905769
6069128
6661071
6797013
6956309
7981819
7224889
6339830
6446445
5202698
5562641
6824491
7086311
6054167
10566325
7442099
6768040
5692444
7201014
6208314
538422
7509126
7378413
9774441
5122979
6984094
6342543
7569730
5956886
6122351
6223346
7215707
5544469
5386254
7955655
6152132
9687128
5380106
6299592
5136913
5238830
4482444
5623145
4774425
5620422
5548154
6179383
4691956
3771245
4414604
5163937
4267347
5069712
3871955
5552688
4142775
5175947
5083739
4125297
4940079
6350208
4596113
4265354
4608494
4991752
6162110
6111537
6406037
5669835
6760805
8003966
6769953
6323647
5220205
9014587
6653819
8512250
7964700
5800477
12642082
3702723
4313871
3549588
3525680
4951052
4312334
3685308
3842604
4300454
4165211
4427378
4075847
5574383
4738681
10254860
4993928
5383904
4478847
6314397
4539614
3780988
5267873
5500746
3554779
4244889
4677550
4175959
3454742
4717161
2908014
3875825
4180015
4149579
4300367
3967860
5378406
3469095
3424867
3821091
3317883
3654506
3614998
2975051
3373056
3428120
2999179
3579078
3117672
3131266
3150581
2951228
3004001
2670359
2897545
2900764
3374716
2798539
3070086
3124505
2602446
923897
4978889
4623370
2341743
2742836
2918987
3292665
3088259
3168549
2634188
3050608
2879476
2602535
2477575
8019752
4184316
2949375
2983069
3164613
2805971
2482350
2539101
3710659
3179385
2779152
2799523
464218
2659521
3620672
3218948
1788027
4377420
2237689
1527228
1860839
3220009
1867995
3751502
1669550
1634052
1944543
1978746
2108690
2016969
1912602
2220220
3336577
3723035
4142413
6134067
3459184
4165735
3423904
3510103
4324001
3361367
7018302
3484306
3760961
5936674
4234343
3753806
4035886
4071146
5863104
3712938
3917812
3622189
4748422
4354419
4319921
4803107
4577440
4953127
3497151
4109875
5822072
5031739
4295991
4340564
3538310
3701407
4092458
4603562
4421166
3688948
3608735
3615874
3625399
3773802
5014255
4364189
7408628
4398402
3686884
4148501
3467555
3680467
3371484
3562705
3205639
3045941
3664143
3188650
3563784
6903251
4653812
3780538
4366460
3950776
4444647
3682174
7980687
4383073
3227729
4178739
9278378
3466234
3592115
4194409
3467849
4202580
4987360
3619906
4390205
3737553
3370142
3883708
3962523
4104218
3859431
4323186
3435265
5682351
4136114
450131
4402947
3552435
4473118
5101330
4078049
3893516
4520427
3744964
5159511
4688639
5158704
6473966
4176266
4746737
4910782
5365803
4879832
4767981
5312793
5639934
4706066
7093717
6454755
8632833
4806976
6508101
5340140
5769016
5117180
5244565
7923444
4722605
4277290
4107685
4718134
6288890
4310831
5222030
6109170
4433674
4737788
4482646
4448896
4828792
6665810
5878171
6020283
5981535
5049479
11425904
4669435
4739385
7296810
5016212
3933847
5382315
8210990
3338343
3994991
3260713
3420329
2969443
2522744
2643971
2688573
3015492
2503687
3284231
3898947
3701283
9707650
3537529
2338695
2165988
2293401
2057887
2473267
2411368
1830403
2154955
2385054
2828373
1717845
1988196
2202046
1906111
2408982
2465848
2968020
1870169
2428545
1680300
292960
2535712
2470937
2386560
2156455
1629012
1733074
1889979
2244036
1785669
2078305
1870931
2167635
2552032
2287561
2367704
2083361
1696919
2168366
3256710
1839514
2202523
2338018
2629487
1942536
2788949
2276942
2242292
2673907
2320080
2723203
2464675
2639391
2700999
3338625
4059999
3507881
2854471
2446344
2998031
2866291
3117699
2981738
2792098
2962464
2626120
4447538
2661599
2821708
3099111
3165163
3204632
3359143
2879797
3683438
3279777
3787350
3498395
3140982
3620082
3848146
3192432
3214177
4682399
4772976
4330902
4118691
4385125
3329776
4832248
5523591
5439426
3812005
4488941
5435309
4577648
5168315
4837091
4880873
4772141
5087920
5209640
5231348
5097443
4808325
4892712
4673088
5960657
4711672
5861565
5074012
4999224
4709539
5023537
5449278
7069628
5045723
5269110
7331030
6318509
7769869
7408022
4819484
6152908
8766314
6363384
6367294
7873590
9753487
5292955
7000458
6885204
7016284
5549039
7059174
7739055
6512112
7029547
7255209
7255984
7671422
8201090
5833786
7020382
9014176
6788502
8103057
6531650
6127828
8605959
5426780
6440429
6374375
7416060
23875647
5986723
5065034
8581920
6465314
5998474
6263090
6601301
5912127
5233285
5249625
4989039
5679983
8451291
4920409
5812613
6309009
6090706
6316280
5727527
5359924
4753516
5973454
7170243
5652888
6654254
4334660
5440921
4916447
4774975
5627702
6198837
5410490
9732248
5107701
4528370
5071348
6394088
5339572
9065731
5059170
5232475
4334904
8078392
5233496
5023833
5371298
4779762
4829778
4814153
6741334
5379822
4679491
4246743
5325725
5607565
941583
5284577
4954777
5326202
4525397
5990105
5735913
4418716
4717434
4861415
6451031
5542334
4885891
4812064
6648756
4350707
5555085
4351807
4229298
4889698
5107017
5296716
6008673
4451493
5055809
4984923
5383257
4188132
5099245
5287233
5194772
6121731
4827941
5396985
6780111
4570681
7095056
5882501
4076108
5284206
6157643
6491063
4968888
4821298
5599685
4746757
6327609
5397239
5402231
4676606
6001654
4718842
5533445
4078059
6484349
5334625
4432647
5197415
4027605
4473070
6493682
5426888
5761636
5137193
6063720
19809347
5517283
4811152
6535317
6865790
7106892
6916442
6883205
7902626
6918734
6880710
6776174
6326234
7387549
8217113
5407058
5793632
5384014
6547170
11982331
5476712
6330860
7827652
6693382
5050112
5698965
7681788
6074631
8075186
9218001
6794842
5317802
5975233
6896951
4486599
5776887
5329096
9633870
8476663
6840016
8958685
8073233
9004461
7686320
8318777
6563518
13888690
11766470
8520667
9509570
16921471
9437330
9871041
7429522
10717624
17180366
15484988
9333630
10784845
8254380
9144084
7661423
7333008
11370639
7081176
7193300
5517740
5653121
5231670
4696433
5239320
4555072
6086831
8980197
4762619
5431740
5160460
3980020
5072448
6081409
3698920
4302373
3314211
4126447
3222900
3470938
4242799
3205438
4452458
4581340
3011146
3288198
4196115
3745146
4864792
3985370
2869951
3077573
4042395
5413712
4370441
4262104
6473008
4490667
4982540
4769083
4626630
5213619
4489621
3792677
4611870
4974043
4895734
5201777
4520540
7456430
4591110
5074486
3968566
4972143
3386427
4507929
4095806
4472084
4048071
3343556
4841226
4441061
4815588
3346232
5947424
4374219
4242968
3930396
4569744
5495699
4735375
9409081
5355172
5195755
4417227
3850290
4562513
8378217
4156538
4416104
4642932
3995374
5492034
4904218
6331570
4317854
3946691
6378000
4791012
4035913
5983046
4866335
7324293
4227174
3766510
3399355
5862188
6495347
3606825
3941930
4371591
4865577
4863169
4518389
4311371
3674566
3600199
2867636
2919360
3795922
2941252
4256199
3897006
15262653
4917722
4503680
5374777
4179176
4773567
8640219
5508513
13165129
3880371
7517903
4646662
5276615
795358
5033707
16325532
3382252
3819726
2414416
3110344
3562243
4499322
3405193
2264332
3460132
2925682
4886244
10933060
5168994
4787365
5405690
5672362
6906524
12557016
7761539
6293936
6746634
6345732
7258910
10061583
7595763
13372145
10133449
8338236
10674263
22783953
13828845
13390651
9323346
10398942
11736383
10190797
10529229
7812241
11269647
9957047
7942834
10382555
7558941
10216989
7766702
15582735
9482479
9811173
11340018
9282553
8331730
10718768
8948579
8227203
9644566
11240947
11223000
9837635
9589870
10543125
12519769
10487898
10544868
8009175
8233452
7888314
8373573
6449691
8126079
14861253
8070331
7089130
9190527
7676664
11829636
9149149
10924685
15319345
5798561
8283802
11484760
11001750
9294495
13517043
14940070
12062114
12811925
12027853
9438287
9706303
11892113
12168888
11312554
20388665
12646734
13971417
34835438
9732708
13659887
10273078
22409066
11763108
23666422
15406067
19878727
16418129
10488108
10273166
11445500
12983799
10758952
12670196
13414127
11140055
9987798
39381717
22305861
12722052
16651441
22054564
12316380
13725954
13082700
10426487
12840649
13986396
49251927
13641437
13902792
12380305
14635956
18217724
17628195
18231334
19161763
28713936
33814052
22329874
24263455
29570668
13862505
14959256
15099799
15547140
18355860
17443390
28640530
16142662
25667309
14809024
33957578
16061366
22530710
38685022
28549308
2459365
23776848
13262994
49653759
21644491
20490790
15052242
19028332
17103107
30130667
27920111
27919605
26627724
23727587
22717156
15213891
14484877
20593261
17270670
23829005
23917143
17872260
23354591
21870962
24870161
24965297
13743524
17749037
22112218
25259169
17946119
14348899
16080712
15552731
17011610
17340792
30202730
23823424
13438078
16816041
13809702
16056840
15899326
14235816
14934923
12833949
18226139
18102827
16841738
64119995
16701535
28021775
30816113
17567431
16051060
24382726
15587102
19742678
17316380
16195570
17584236
14813194
29609953
21295884
17396816
19858462
13641631
22519080
15839740
18091195
18244308
20611081
17712612
13424043
19919734
16041778
12810339
15449977
15321254
18058704
17822082
17687256
12754744
15570268
18734902
18993065
24302019
24520966
23185711
27205126
23577203
36549804
34071273
17942333
16564628
17175330
12719097
17804000
15918561
14684937
20933445
14583876
27485680
22487117
13498184
16710060
19686961
15634073
14704912
20810473
17555623
14754405
16798829
50968733
14869803
18028011
17103653
12526573
21000142
23685910
14179685
16914488
15899527
18378678
16339772
15266946
22567892
14200498
15617405
18934194
17417574
15094030
16509431
17305316
17028628
18659695
17787889
15020936
14640305
19264378
14980166
15686456
17972527
17262353
15615631
14743620
17415571
19010118
14081121
18056446
29890848
17536138
20137580
22432893
21072974
17103008
13729308
18999377
20622190
14449315
16813241
27987132
23427309
20931290
22459267
18389631
16410061
26125468
17612193
28648345
15688959
19212624
17985540
26565157
15020143
930408
21671684
16906708
18203340
29730692
19109059
21913115
21356499
30373324
17228304
17671671
18868747
18745069
20558001
30169855
13329876
17136750
22298993
46303630
60337424
20280680
19310091
20189885
14439917
15388676
16626363
15042038
16025511
26079401
23142870
15193173
25062640
16313083
16285724
14438442
16015523
18758106
36075684
21054440
16251906
17244236
26148470
14999796
18241578
17957570
26405050
15996917
15953448
35474096
19695428
27226998
16292219
18739605
21697453
23512876
28581114
15145741
14020382
14693522
19895591
19599556
16920679
17369983
16184946
21670398
20775195
17308163
19213539
18407387
25923252
15465625
15493258
18043208
14482120
23392892
16198522
17581815
25408868
18012762
16296753
30108151
17178528
13637440
16270877
20730386
20104945
27581734
28888966
17061216
17911455
22217627
16153611
14766132
16431113
18480650
30412445
19410362
18110242
14013282
31549060
24269397
20811350
16137553
16332732
43344376
20424161
23127245
23248653
24382949
22764776
17041978
22038651
13738968
19341767
40064855
13930648
16814309
21291379
19065165
16530533
23351277
18932896
14632147
15855137
15152677
35061936
16878612
15762903
24940861
30789473
19209099
27957769
26800394
16657033
15298603
14680626
19430630
15468283
16133116
22952066
22720547
17144758
27530134
23364195
22249107
13831662
22036732
18108018
20097739
21834693
19883919
16812510
17783511
15480174
14532996
24120342
17358795
31607678
21823241
14481959
30928269
14383140
16440621
16506378
18454354
28255997
15955709
15025953
15493921
15186920
22306634
17711106
19393542
19576528
15798160
25601725
24077098
17675034
16295963
17879274
18651041
17091864
15917408
20015265
14072666
23097751
16120099
15858500
15995716
16204792
15419733
13869924
15909487
19005231
16786040
18704961
19160227
19003377
14080068
21551381
16584716
14173444
19447509
22762110
17613262
22683485
14005810
14530595
13882713
18136040
16027589
16851978
21891523
18326129
18389414
21258259
13661977
13665886
16383029
34355693
38447508
15450609
15954626
29732507
18268394
17154591
22716849
18163671
16595309
39616258
14014193
13982998
937752
19170435
16489981
20196074
22613124
52072635
15919724
14559364
17574559
20852139
16271236
14908164
19891245
15697664
27767754
20957915
21539870
30138634
17658787
13171762
16262160
21466082
18628691
15989924
20996014
19194973
16788254
21776209
27310048
13765060
12582962
30790583
16868356
21764044
18028088
14361160
1426566
16409741
24584941
18256131
15218496
15408430
13374286
20044259
25352426
20003265
17576410
19087072
18555067
18634378
16256380
16862669
23026270
17787269
19770797
22836181
14473776
17875833
18083617
16293183
25988355
17698196
18834793
19124463
19844561
20219300
20214807
21262003
23393801
19896041
18674708
20938138
17099290
21013241
30175684
18119050
22326371
20404155
13592737
1280723
16690973
20213655
16201612
14794973
27646324
32855271
21523641
18237952
15145368
32857150
20500798
25835420
14990191
29187026
37919856
21296257
16678484
16275624
31268551
19003875
28469367
19005546
19053097
18484640
16292327
24130500
17390263
25626936
22929893
31721243
15348563
831949
18506704
17342276
39077818
16106582
29486606
16659837
17296275
16678214
2350507
19482778
30059093
15440321
16521909
14938536
21144731
15026982
20958585
21777977
16561996
75787823
16615068
18987108
22175551
24452600
19046059
19546761
17699669
17248246
20494552
18138217
15623252
21266141
17491295
17647567
16761323
20865131
14807710
15767921
17639030
17579110
18197757
16800099
18116484
16480287
19257315
24313786
24942626
19356131
21069502
16756994
15411014
17734881
15457027
15638346
16637867
17411635
18303761
21731777
16301835
17929766
36651093
22473666
13001353
15807305
24971256
27570201
14742140
34647112
39127314
16527990
16148234
14306674
920132
17417345
18436525
28632923
24711966
16745789
16859628
18766392
52996870
22164013
17878938
29865227
24849790
32190601
19509963
31500044
25794949
26857092
22934998
18654550
19909013
25130338
22893091
20687953
1851222
31517867
21114562
31706593
20364101
52899010
20697327
23041800
23255665
22070750
41749215
38688709
21909890
34224782
60472037
61002505
24664014
25290137
34690043
26480095
36597346
24886367
23513087
28274442
38491758
43062279
21627056
26360185
17750501
20369628
20622615
27137385
66292770
27789267
18717581
39522804
38540983
21958110
24541740
17938213
21825349
33014312
18237124
22438109
33641246
23217845
30450141
38743482
16238667
19896602
43885494
74790946
23186625
36215458
24319337
31828419
24633827
24590521
38596840
23316763
26313818
43389151
19364647
21967499
20322700
28192084
41056020
24098203
21830244
33892991
20501756
18231386
28826410
40813089
15467455
17894809
19783214
16101209
16684217
29828492
24590565
17061874
16976133
33178689
28146979
31090431
32127656
22104028
21760520
24746695
19076672
19712717
17033382
20154294
17449831
23251187
15194677
23576419
32032850
34685488
63225407
41098686
22931697
38384169
18327935
17825721
24010903
20798477
47354597
18744124
24745588
19341833
26681965
56300650
46547595
53906881
26832543
25842456
26324001
25067608
34616754
27902002
21465746
24398569
28431119
24360215
29160833
23949755
38622890
21707227
48149423
24724225
37996789
17856323
43251682
24426940
25323379
16641670
19657784
22491777
23825884
30011349
33964781
33128927
18149673
20819076
29989396
17597636
17476018
18472033
19244925
27048414
25906046
17351980
18081303
19551343
34366247
19430346
16319326
15460843
21850228
16029764
16865093
18289292
21273005
22206830
18592588
17733446
19005472
16364261
22092169
19138149
18546051
20768192
29561996
18265099
17394778
16890729
24209907
22600170
26933564
55962136
15862964
17862399
24701250
1334582
16780934
15180084
17924675
14135547
26445909
26111109
21107373
15159878
61666607
47747851
36356911
15912003
16013432
17243646
30798696
17305964
21403502
24727894
28314668
42518492
34056643
25518942
23534055
31374976
22768318
44950998
23530721
20077886
20981275
23239865
30871436
34875973
25870360
26331705
55091569
23729971
35183882
21276458
33243255
34374453
28625756
23043251
23921459
24728844
41474615
21032555
21000639
21058356
18848003
27422836
598760
18035854
17281710
38794901
26131904
17714805
39038520
27097698
23184712
45989150
26564996
31078238
18215388
17960064
22179332
23103844
21422111
18603012
22526494
23728941
22038485
28839631
20074435
15767141
21181891
20629254
22173058
21609144
19630120
19787841
31145510
18778515
18795252
1033063
20981529
22598711
19736844
32401188
44862019
19540733
24379482
22428312
18502524
20773698
18239345
19906709
18904432
23024104
22844213
54360571
29593623
23423119
18113041
17046276
28238339
16063517
17447694
17350957
24388806
17017158
21256568
18012144
17720440
17920152
22316162
16030133
14453287
17168340
27277123
25426574
18410166
22294979
19903824
22171840
21210545
32525388
19353556
18590263
18998539
29015535
18801952
37429610
26423420
17454729
14355621
20671462
26568000
17052761
15799216
21689400
21035695
18389661
13283484
13203050
24956814
14056372
14303623
13627958
16811095
14678015
57364619
37850871
15022116
16825874
14040245
14911543
14298834
19100411
16030289
17515425
13096011
13101469
12839390
15630553
15067264
14850882
18407026
18115894
18032699
17854683
17116889
13908026
13758030
12784301
24710234
17316270
18124058
14154996
18602377
3213216
18661147
16981672
18312070
18613146
24204434
15976886
15495585
15374872
14318339
17010624
24050338
16961744
16569704
13750991
10986342
18901020
13119485
12516847
14524410
16329708
19165383
24969168
18471207
13315495
17706310
20997498
26073736
12832994
31729618
17411631
14914816
13051500
20787094
14303582
16060884
15922992
16830734
20220489
17070852
20441091
13978426
26596414
13905732
23374274
13393321
14684163
13236301
13827709
13729194
17567691
12146335
15260051
16881057
11623059
14885996
11266705
9371378
10737638
18958468
9287288
13039071
12441170
10350948
11170853
22602061
9839680
16444276
13514869
11849486
11769414
13683503
12056052
10844267
9980320
13852709
10750864
10577149
8797242
9939441
7901126
8561912
8626486
11109195
12138790
8299913
10136504
12793851
8726733
9999577
10651488
8733648
26118001
8680422
6298521
6480414
6112895
6630370
7259295
6233852
8968890
5990928
5813351
6874630
6353350
7837077
7580339
6124294
7252919
7201891
6536229
7854811
5905307
8072891
8098264
11244190
7151909
7503409
7406745
6632650
6163481
6361421
7905980
7610193
6034785
6673036
8688062
5932453
6430951
10231569
6562575
6243065
7016981
6014735
6788738
6008931
5864977
6058316
12235266
5666108
7578397
7113209
5170581
6498192
6326855
5513679
5684138
6642600
5686141
14871032
5755052
13585791
7428537
7175767
6535527
6427636
6533044
7185355
6619377
6623803
6631415
6952986
9521888
11745106
7519243
5616557
7345131
6030319
5562812
6969492
10253360
7671905
8967009
6275953
15938355
7245594
7027634
9054644
7279072
6353268
6761664
12157299
6979183
7654288
7520130
6775685
9567941
8906320
7620906
10924204
10830095
7419619
11681147
11079729
8741413
13614205
11271597
8648865
13359001
10243096
11658323
9446382
11437683
15764088
13882560
12421897
12014580
8848628
10205831
7024599
9398460
10926709
9493861
10213405
9522430
11387593
9040817
9108819
10154670
14104298
8229733
12530514
8996491
8462936
10983891
8534806
11480142
10261068
9405677
10618200
8565872
11728244
14252983
16690467
8567076
9754390
9899647
10278433
10406073
12537281
12723636
9758134
8535498
9769686
10937963
11773586
7737993
9085678
10831173
18595056
11677276
12405333
10562477
10459916
9851267
11772364
17874438
8565159
11123811
13329967
10718155
11230630
9220342
15354076
11738625
9370754
10296086
20192226
14907084
17360457
12325517
9021055
9639069
15582063
13169029
8649276
9008627
7763881
11285602
7941968
9065083
9269262
8700153
10028060
11893361
9706912
10320422
8793016
7919665
9479165
11357569
9976278
21128264
13256076
15071020
8193908
7892099
11276523
8733778
25607053
15038627
7273490
15552705
8396391
10957315
9179254
11715557
18232313
10821779
10839257
11262334
9014321
21339552
9214913
11110904
10556693
9518788
10141772
8531069
9147660
10701518
11072091
13176399
15914183
13286024
18503480
8957488
10321185
9158320
9102965
10198096
8993933
14788727
11154444
8572507
7250800
8845399
9685648
9866801
8219342
10873384
11102941
8092648
7165469
8827489
8414509
9867158
6179677
9154068
9349619
11976750
9149443
1735895
8496356
9232552
6334467
7530265
8159601
6435508
7190331
8564011
6878866
7639602
5964002
8903097
11529913
6946607
5953136
19297774
8035584
11993407
6730949
6958167
6614102
8283046
5678366
5998346
5569097
8245135
6591407
6402318
6400419
8479893
6611918
6145415
5827875
6224269
5419266
7359145
7506277
22536903
10166484
7558025
14580257
7782715
7506293
6290247
7040532
7350639
5977934
7231060
6512381
5707301
12370895
5506860
7805020
12280002
6842911
6344576
6919032
5895661
6216719
5956706
11077571
6312989
6476368
5137293
6168026
7469958
6289586
8136860
6362704
7398827
7346663
6637458
5808501
7415896
6175522
9165118
5161731
6059349
6382101
5892346
5836041
4955669
9241290
7232866
5459035
7256884
6836780
5674943
8103447
6188421
9269845
8710114
7737256
13558447
6807874
5962165
5354810
8436856
7406504
6150663
8209561
6757099
7567934
6044222
5598263
6325659
5733530
9164832
6198509
7046345
5920554
7648174
7741863
5499583
5794908
11315203
6852960
5741607
6241348
7125073
10194816
6939954
6467278
7745503
7365699
6590650
6471637
11698992
5197308
6043717
6822963
4668541
6530266
5632466
7229881
9705476
6440417
6152650
6355009
6266060
8109522
8294367
7065668
6841587
7114634
6697962
5458671
6227579
8640515
7214463
7342353
6157640
6560707
5607067
6813155
7133205
8567401
7741574
6471993
15488033
7311354
7818554
8358455
5906119
9585847
5572114
8224082
7676381
6472033
6927905
7023529
10731102
9694945
7802840
6537301
6714132
7915993
9743516
8971529
9062048
7473553
12603849
8744402
11862963
14776334
6278871
6951538
9842934
9644529
6359987
7860130
8848564
10351886
7229068
6988145
10653026
14356980
10195841
26130578
8518453
9629687
8338732
8899421
11419667
7589214
9878047
8170921
9771693
10891225
10980091
9971888
11327366
10376964
10405582
9821441
12709120
21468196
12487720
17375696
16869908
10154989
12775407
10615393
14489902
8963997
10524929
10772194
9066798
12079438
9119779
9570499
14710936
11801826
11078933
9111080
11417003
7607534
8801159
8456182
8025357
11609360
10371277
8444820
11401118
7752639
12187310
9567068
11120042
10719735
9603375
10154196
8624572
9658581
10032962
9281581
14910587
10960032
9363750
16389396
11633560
14011224
10295100
10295276
15972194
10216711
11911113
9927123
10562541
11819224
9926229
10497004
10291228
10890833
12678101
11298514
11741685
12159873
33174232
10402556
10855177
10972772
14008816
10782901
10577889
8439144
10353386
8943936
11740952
13418782
10431314
14818544
12159851
13200720
10742665
9987181
19244243
10013555
11392370
9428736
11322031
13223666
15939428
13619974
11415554
12343489
9996265
10419116
9848896
11619464
11105678
15629722
12074621
12352860
17100304
12850179
11493959
17347159
15793845
10302277
11372608
10210416
12236856
12262144
15128200
13339334
11781750
11300321
11722501
11503217
11390058
12003173
12053056
455413
11688850
9929966
9509010
10123199
19500902
9839337
12870233
11380665
14205397
14097142
12600145
9490371
10669380
16192103
10005507
10165045
12602694
12874586
15027641
9270979
16275925
10958393
8494521
10721788
11982540
11287325
8731195
27553935
14168190
11260306
18543557
11505611
15309382
12273187
13365224
12343949
18065753
9294596
12924465
9676850
12808246
8893466
9785814
13687808
8908285
21031558
12770898
12864235
18961268
12607289
10606316
10285935
12558298
14088337
14353663
11562559
16594492
8732418
11708015
11697326
10376134
12452062
11632802
10110576
13508114
9357806
8730699
12652014
9376793
11429257
12721939
10224628
10419427
12424924
14265959
13461163
11812644
14881434
12948100
15958960
15119135
10812282
10048696
12924991
10345272
12703221
15401490
11393743
9288254
13591216
14423305
11692810
10577628
14653433
13802945
10854002
11715425
11705346
15055143
10520688
9882989
11467372
10882798
13862854
11593302
15091900
12313969
14315029
15245400
12389381
13494925
12705674
12996724
12182458
12184066
10553511
15815724
13380362
10694547
25224731
14346162
14926668
19116042
10579197
15985907
15341473
24226832
13427475
25489052
15572582
13601525
13725541
15081904
14688727
11614723
17429871
12366406
15521041
11492462
1482398
13986460
14773544
10236260
11230013
12476334
11657001
13164454
11164779
12842768
15136382
9607751
10893045
10288913
13348194
12116338
12510616
41121346
11825570
18066962
14943635
13317433
13596596
11724822
16597481
22355096
10048668
20266992
10313918
11949476
11869345
11047145
1410197
17186002
9095984
10552962
12436931
12897135
17344452
11234573
11058073
14740993
16031543
15256602
14473819
12670623
11823316
15470394
11422790
15546643
16348863
17769018
13373237
13160912
16662381
12296118
10421284
12472699
12053278
11035907
12659013
11916164
11804668
12888170
10200148
14756678
14762054
17984098
22769222
13184569
12677751
12910951
11732508
22908264
10702133
15927805
12896299
21024151
13155463
10723752
16777830
11489458
13336030
12299045
19819261
11080214
10206136
13880553
14040882
12845582
11879020
14681687
10661684
13391303
11142668
14305329
12011742
12757150
13654715
11972888
12311730
14856994
24300006
12308287
11676592
12263645
11637942
12276075
11003092
15740016
13372578
14518711
11150590
13086945
13959271
12132353
11489588
12168736
14813232
14976152
13286198
14628919
12789778
19216296
12366011
12036245
9770907
13949400
11398870
16981789
14354664
12014583
12539161
10254171
10261615
9727294
20235343
17124426
21512118
13450952
9373100
15773270
10360768
12313572
11001362
14833437
15461077
11988298
11515110
34349096
11712944
13839198
12336011
29588659
11016638
10850674
11453150
12673970
1169264
20403997
9776002
13192030
17102112
19568674
13975628
10227019
13155377
16336420
13676376
11511633
17372788
14374343
17568818
13974915
13252034
12889947
14073330
13011682
14970464
15305948
12141129
14388276
16596934
15282917
18649084
12270273
10506686
15877164
10921031
13905987
12392632
11757836
13972606
10766561
13190148
15201461
13862818
15064757
13160443
14419509
13257457
19520111
13515131
13000164
16762479
22198090
14668747
22233077
14204672
17985470
12611213
13308490
19230808
14413496
20055672
14284944
10470843
12500784
18966752
12729563
13114260
11013096
12943209
12322449
12026026
13852548
13300836
15028591
14063941
11580342
16068132
13032489
13235224
19476498
11766359
12011684
17822040
16931664
11754514
11624896
12296859
14932500
11866774
10462618
15915256
13120491
14945922
11628512
11239005
14036478
11731140
13389863
15515776
10913914
12029691
12556405
10773595
12891309
12625289
17582267
14232987
10926462
11140142
12381505
19384184
10426085
12404200
13469952
14045344
17886233
13656939
9304568
14058600
10084934
11616660
12132064
8643364
16376422
12139901
14603651
12943516
15191758
11341605
11861690
13027731
14457638
13115285
12838279
11857064
14018144
15980894
13907145
16754545
12857252
16840526
14457559
16936514
12379017
12486123
11669962
16818568
12716252
13177863
12819679
14088110
13176547
65491270
9777549
10001799
18117603
14522079
10936346
12492037
12853377
10726883
26037452
9977243
13087860
11431907
9733057
16663231
11142262
11678993
11434308
14933246
9032376
10245229
15779820
12815910
12796563
19523982
17759499
15380489
11341447
11883554
12508463
12728949
11406344
11881061
11203318
25398025
11418991
12337685
13501980
12713362
11158198
12267621
12672806
26107445
24684890
11959495
14248991
17933702
17998535
17404365
13401375
11928647
12593531
15215328
14230406
15974461
15010351
15677410
16868887
15289236
13372803
15056212
15037945
13466313
14312746
14889500
13845555
14359617
16612544
14962269
23133874
19666320
17487106
16887105
12625319
20909054
18800862
16660956
13261606
19789612
13027849
15218248
13089030
21764937
12314882
15345053
14132918
20426631
11790862
14801353
18799854
12099395
11431191
10626415
11057187
23516470
9595423
11578336
13223694
14482900
9126804
25008956
10574504
19203437
11522409
9911554
10418565
8204624
782710
10532975
9973296
9409366
11375768
9113555
15142966
7811103
8688186
22741332
7487206
11203122
8151607
7596975
6400200
7771046
7653248
7075246
10511396
7709223
8469763
12328710
7849802
8307520
8961681
7659268
11710888
8625782
9575762
9440601
10244026
9576431
12610972
9323720
8385031
7827352
8718728
15545907
14908055
15930121
11346911
8604395
9792690
10329167
12092267
9590088
10770260
17398664
10994327
8833971
10165747
13546128
13584147
11297637
10264486
12406671
20322130
16179101
14218249
9408048
19927048
12873108
12624481
15480378
15656467
18757725
25885006
17318017
32162528
33625204
22358221
19220435
19629282
18039708
20433988
20164508
13796295
12232981
20727389
20055955
26330837
13992850
20436409
13147605
21207163
15216448
17835775
27138414
11734692
13552139
28211754
24535969
16460724
12499364
13525175
12628925
18879080
17044383
10959950
10747900
10303011
15770806
14802561
12369263
14942757
15101412
9073329
19487540
8439143
7645819
10947904
7930243
7227703
10191445
7167327
6742997
15551171
13393195
4984916
7505107
6242083
14547274
7461646
7172599
14595777
7856346
7063367
8611516
7101174
8652815
8878633
10894683
16014805
9020746
9244998
9096414
11706510
10319111
23483240
14978900
13554573
7680057
11743714
8950554
25364324
12429154
16524920
10971991
16775840
24840002
16228805
13062094
33689917
15272499
24663428
12874751
17374242
11234876
20317216
13648939
17151519
22886614
19326577
19872559
9418390
14557448
13242695
13631954
11412627
11022949
15325216
11331216
30896904
15013571
10745863
7878112
27185688
35446481
24652602
8826987
10160475
9554923
10340513
13162096
10924598
12675771
11807755
9834544
20309012
12865170
14292304
22149468
10381169
9171085
13037703
14288407
12675332
16533917
10851617
11764233
12111693
13319228
23210824
16976645
19555057
18063802
12326499
10667336
16032751
10355665
13713608
14424558
10009942
11444728
21595944
7927459
9720153
9091995
7691044
9815037
22390803
9121712
10551151
8490661
9229318
6584800
9192508
8884357
8863681
8948710
17604126
10041461
12719111
8140314
7731580
7269362
10246826
10966692
8020426
9903353
7127917
10695555
8958620
7939395
8647491
8514967
8822292
9081120
8636057
11938829
10130218
11131353
8941977
10299872
9578587
10625716
6649652
9275512
10499636
8108409
7605850
8233679
9078647
9870746
12284656
10894129
8559086
9302301
10736450
10323949
12216831
9238801
8891456
10071953
8751901
10483126
10861511
11001478
9009856
8835160
8082831
8052235
11327259
9249984
10179398
7488860
7653834
11518272
8640802
7902068
9314196
6652036
6467490
7690326
7972129
11220756
7995980
9292954
7874607
6719422
9661715
9066691
8774921
6977552
7641732
7657070
8725532
10125297
11143109
8022096
8710586
7403875
6906968
6848318
6877943
6489799
5350703
6911186
8187602
7826149
6920450
6446228
18390701
7865996
7454072
638930
5813823
7437960
6271669
7585282
5858857
6535160
10150028
8571778
7682619
6160979
6376350
5359769
5645472
8833855
5229289
6610004
5268963
7256064
4935467
5021486
5781505
5080031
5663395
5638664
4114845
5446414
4901538
4482710
4974709
4061244
5766221
5220619
7406009
8973257
5549714
4916130
5249493
5498770
3798066
4536634
4288360
4483963
3830694
3261136
3664015
5200745
5395874
4075088
4518696
5438545
4079504
6459416
5705201
5951917
3743167
4068890
4904728
6667908
4808880
4920471
4054650
4853527
4492407
4498473
3839226
4105809
4017218
4888796
5139489
5262469
4847050
4383369
4248459
4525228
4460295
4411603
4491325
3889049
3886227
2989112
4062527
4130114
4462741
3639512
6016175
3739455
5461305
4871306
3962987
3948915
3792049
3680815
3706279
4305704
5837354
3592001
3074524
4227941
3419532
5050667
3159308
2878485
3157860
3595019
2662244
3389713
3268134
3687346
2835190
2603602
2501590
3720652
2670240
2490684
2162038
3841722
3008407
2261039
10264164
2410243
2926703
2404551
2942595
2718167
2992542
3085257
3002027
3535672
3255117
2346163
2681814
2541066
8595236
3233692
2480403
2824741
2985106
2957928
3379214
3716739
3220079
2764253
2678320
3603846
2404646
3080562
2113898
2577459
2226089
2146154
2082850
2726688
2759044
2504803
2005647
2289436
1582938
2416932
2458533
2821856
2405691
2413988
2611863
2873041
2551306
2772478
3051427
2592740
2583301
2403309
2499558
2777064
2670096
455741
2398451
3113464
3157979
2495745
2423228
2885951
2002110
2876311
2243255
2939774
2611449
3108336
2657753
2549058
3381522
3143281
2758631
2593286
3676940
3416909
3284647
2921886
3870421
4061058
3958486
3666630
3432334
3164290
8382863
4701910
4850758
3525151
4811081
7806318
4505546
3557102
8290012
3768055
4550011
5397266
4653541
5022766
3840488
5799519
6371529
4534606
5588172
4506037
4153609
5322613
4836059
7079869
5080583
4432111
5060005
5468222
7176045
5556631
6307653
4837171
6378063
6057949
8225050
7128276
6032668
6294861
6070030
5267078
5778268
7775954
6182854
4977676
5402182
5902208
8281346
6955865
5780658
6936859
6504784
6974435
19260408
6255897
7591652
8965959
7553085
7073607
6713039
6490846
7848933
7118839
7284704
6628722
7650797
5855115
546616
6868403
7809066
7344602
6113429
7396596
16151141
7365971
9446192
6226666
6214233
8624573
8820613
7863412
10137658
8710350
9444672
12718757
10534534
10876615
11051163
7402305
7230785
7231053
9532882
16050336
17751785
8675896
7656323
7645240
11408181
9697378
10428169
9339520
9389387
10863079
14708580
10535119
8454733
7768722
11532137
9698823
8678267
8935925
7824273
9454563
8572425
9085499
8389329
10794282
12227078
10412981
8369122
11115122
9185201
9624088
9103228
11367860
8189286
10264263
12156971
9304545
8526017
8477306
8719929
10540221
9059630
8679752
9001828
9299855
9829167
10518977
10398379
9483828
8104722
9863153
9418474
8854718
10346510
10429080
9734617
8670120
8381922
9065178
10499709
10285706
11391143
9253016
9180653
14275876
7998797
10232082
11558351
9960263
10169670
7140189
9495772
10332278
7938074
7949184
9028950
9907127
9275372
9382902
10723650
9928134
9894726
9516539
9726510
7484344
8360086
8464430
9326173
7802997
7868988
9616152
10571888
13099279
11974816
8206988
9526563
10744341
9251042
7557383
8290581
9263754
13262659
9452120
9186389
10614313
17325277
9898742
8834218
10017913
8298961
8159866
10898745
14407667
8512976
8518746
7362433
7061366
10626655
7018224
9264470
8115720
8851460
7667096
8049638
8244882
11082438
19464244
10071961
10786291
7951716
7745872
8215548
13455134
9752642
9113712
7853615
9269744
12307383
13193896
8191938
7760692
7790088
9679438
11310429
12546888
10600143
15008879
10961103
13908863
9716865
10806872
9353816
16801458
18488982
11379131
12224256
15565646
9711116
10894604
10934148
12158395
15064004
12372136
11480255
13968998
11637985
12006724
10902334
12544665
11481814
9155431
8607301
15043948
13455996
11276833
9845352
13689106
9795014
9813119
8275397
12975508
13919961
8554202
9497632
14991923
12287443
9372372
8611472
9030837
10293109
10940664
11391737
11276172
13067899
10024845
12439640
14445295
10498246
10828777
9736629
11813389
11387746
14399361
10697189
14344183
13869665
10533831
17486454
11531302
10079256
13753851
11186468
11033184
10297245
10904464
13599650
11598470
12749401
12430374
13330092
10638476
13702060
12591923
18813793
10843256
12407529
12253040
13091191
9873268
11215160
12659970
12266376
10074989
9682918
10780548
10760990
10140735
10915606
8421159
10270693
8161717
10299183
11159091
11591028
10825377
10707648
15440382
8973042
10876727
10276537
10091204
12582104
12902442
13496936
11855383
10755981
9587300
10158463
12025051
12177181
11059528
11287630
10796581
11561538
12017581
18152267
13035601
10274586
11367321
10991092
11388086
13300578
12681649
10583770
13352861
15355664
17686337
19632114
13598773
15152069
14421310
13917456
16781007
12368341
11604011
16266483
13279472
12444004
12409710
12133634
10724182
11797961
16964865
12767753
12041382
13855421
12447601
13997392
17216337
12235163
12193909
12875927
13667462
11686114
11233454
13926159
17882975
10791950
9384106
10311009
9102323
9770345
10915872
9268800
7556572
11566873
8734729
9673519
9301801
8958509
10662324
11112199
10476220
7302908
9194458
8586751
9522505
8976196
7892989
7407245
7703919
12904768
13994810
10729215
9843111
10126438
8752720
9680513
11351331
11037111
12874957
9536753
10040887
8091151
10419543
18239193
13316977
13215702
13142062
14714641
10694183
10773687
9935965
11046197
12559364
13259947
10516382
10353020
9647330
13773452
9425688
9747273
12247461
9863289
10610569
11256100
10847795
10405403
10223297
10216906
10331739
13977286
10024317
13868411
9646229
10252955
10266187
9512917
9874558
10555835
10707383
10543438
10531224
9419352
8618892
9211814
10380435
9982789
8859821
8381978
8696013
10980264
10565041
8659898
9013700
9470372
10040518
8734757
9215388
9583572
8422801
9521147
11795744
8022162
8721029
9207400
9261594
9974847
9309106
7148772
7081921
9720851
9973658
8056110
9562537
9533293
7045782
9141600
7116632
11359664
7100371
7328600
11622787
9077687
7800989
9285716
11176344
9736424
8764708
8127058
8883741
7453158
8286932
7505689
9256222
7965519
8031054
8074406
7644082
9891715
7163339
9112255
8843912
7069218
6664032
9236975
8722268
8417116
