3429047
12108379
4917171
3653153
3589388
3557494
4920186
3131468
91990
3615200
3240817
3342741
3304305
3163307
2586270
3061114
3203938
2929495
3163677
2463002
3243756
4702142
3113832
2861072
3348780
3357817
6375572
3342645
3077255
3014496
1118366
1445240
1310076
1012984
1480133
1313917
1331956
1302769
1369321
1627477
1388388
1100641
1280247
1911074
1338758
1349419
2029147
1201179
2223766
1699330
2383994
2177804
2863562
2818840
2734565
3110101
2539683
1214703
1010035
3398679
3356216
3571991
3118541
3160434
3300986
2909054
3596852
4137453
3145067
3871070
3889484
3710408
3858666
3883364
4301391
3415131
3769283
3400481
3949775
5614424
4374087
4036377
3747448
4112485
3237415
3757457
4650911
2794543
4332647
4215460
3698571
3956642
4233504
3728774
3881919
4184136
3414591
3880133
3782594
3571365
4734084
4217575
3420904
3442289
3903594
4052903
4121887
3586712
4245508
3211049
4272820
4189777
4099337
3674850
4023869
3447783
3717084
4949495
6272299
4051562
3452439
3748544
4097769
4209382
4238456
3832509
3195362
4413113
4138160
3190014
4776368
6501699
4761420
6831691
6542770
19900902
8444392
14078554
5306857
8182987
77891
797451
4830029
5731315
5792053
7104694
5536273
6250871
4418438
4903249
4165176
5295611
3977540
4733344
5283070
3905932
5301105
4866806
7558869
4946670
6300787
6383667
4294671
5807651
5542510
4554669
2844059
6363203
2521557
3509312
4275623
3554127
5331612
5225448
5871507
5180679
4834920
4984713
2643821
8591374
2256394
2281408
2096060
4415933
4141268
1328564
2676551
557927
848025
870507
671906
1930853
2343829
4692166
3176717
2874494
2814765
3238022
7111684
3221651
2755809
3134073
2632656
3356393
2955299
3147375
2926235
3070046
2709855
2727377
6172634
5893133
5229400
5292007
5395808
3393563
4881703
4833204
4259110
5436081
4647036
9889550
9301221
5421040
5298794
5278923
4143446
9568652
4713138
4322044
3227244
7045769
8701969
5990691
6946576
6782578
7051400
9885909
9225552
7829791
8926249
8622067
11332255
10608668
7299842
7005482
11683635
12188352
9827180
9047423
21330433
7401964
7337058
5823382
6960507
7374211
8616295
3160584
3180550
3730678
5166218
5612017
5866323
14348766
4450963
5174624
12660590
10623338
6529579
17509467
11281071
7579587
14621263
13015399
13477591
15184673
7308352
15965305
12849832
30345764
10172687
9355964
5811316
13127456
11855719
4583542
5850211
11580896
10977517
20443150
9911091
4502904
5536210
10552231
6331634
5597866
6765292
14386778
5442314
12574055
4414060
5278101
9145891
14890363
8815175
11406811
8028432
12009453
5186304
11370211
4418179
11310281
9152943
4280636
7427020
10428533
12501415
12766053
5467610
8128627
9098055
10379000
7139926
4387094
9925405
8225550
10593376
10655175
16685328
10808796
10701731
7213256
8874077
8395581
7155547
10952895
7741553
6471578
5524619
6795552
12339397
11272399
11425430
15442767
27767996
8864525
5201628
12772993
6486322
4369730
5924144
5703913
5961147
5820034
13152179
6816845
9733696
6775813
5263345
5474126
13106555
10400266
13460483
11088541
17253956
13511026
13595027
5518003
4656278
3870111
6795835
8567862
3725493
4564183
18914046
7438054
7323947
25255645
7318607
10409004
14753251
10022116
13867047
9362760
5883748
14770534
9310167
8723801
12666458
9294717
8587897
9262829
9761745
12047569
9312407
8263295
9692423
10154452
11894880
11564152
10262299
8239116
12862327
13641888
6698739
13918776
8944490
12139241
12339489
5448884
8103928
5311621
11626627
9028452
5976679
10451708
5607098
9428169
8286168
11157672
6570767
10676547
8966122
10905521
9160774
12492897
10571335
10381056
12001632
9475506
12388857
9707791
31345927
49796464
13291802
28672810
24061198
12781680
9108146
8138867
11715529
8239742
8106675
10187118
12476658
13983597
15935859
13234861
11016636
14881056
15154240
13195037
13757161
14676472
22759448
11312880
6878718
15180544
10275853
10608577
7685662
8431758
10140133
9852019
9046026
10058884
9417772
7651026
8426982
19409808
11018518
12905210
9140886
22724398
12622401
14309146
10386260
10763320
12452279
19797086
11532210
12131753
12835843
11849558
19542772
11755546
10284292
12349384
13153308
10216474
8925381
24250703
14445967
14537100
15524108
15071648
13282464
11204183
13825292
14092956
11361244
8124713
13422366
18973172
9360582
11914431
12184008
20145346
12583043
10127321
12917183
10734513
7543254
7678733
6096729
7970614
3021810
6015526
4265452
3900213
1880914
3036691
3535858
4583123
5143014
1552828
1035077
1001627
1061500
1761170
1741372
1295242
1048949
2118919
4156507
1999021
1733096
1685990
2304210
1958586
2137737
1836581
4059002
5296328
4888996
4985494
5483166
3947978
5101353
3721401
4396198
3744349
4686957
5682950
5678823
4528074
4517801
6107619
9647793
5435608
6035822
6117019
4889223
1809014
1751741
1859765
2126428
2895506
6268167
7995576
6411450
6801095
4676547
5861851
3127506
2377715
4192813
6329657
2695206
4334850
5426253
4237843
4239071
4290920
3493614
4371041
5919940
4236532
2873080
4174648
4210820
1336733
2947772
2478547
2924492
1380822
2322253
2535569
2010998
2212294
2484258
2759491
1651368
3671108
115784
773545
3580713
3240786
3736032
4032936
2900442
3221591
3506127
3506536
2983163
2812370
2836930
2973409
3169743
2835861
2967208
2287742
2574771
1580034
1974756
1990074
2826504
1891539
1492443
845811
932107
1105435
916756
1496217
1610817
1451773
1357065
1724318
1770938
4106855
1616136
1095165
1519932
1190074
1281992
1696087
1103804
1169191
1632321
1210433
1313480
1238226
1218297
869630
1055639
1284002
1428059
1151719
1250949
1136541
1352444
1315563
1388558
1199360
1622952
1212273
1264866
1545023
1186573
1497060
1092715
1243362
1752746
1137873
1508744
1336548
720501
1995111
745716
1358024
992281
1088076
1189714
1412531
1150515
1605836
1573617
1523104
1314788
766454
1072612
1298655
1714664
1566756
1596128
1751043
1180269
1590608
1842229
1223766
1798133
1426783
1245508
1501913
1432964
1804127
1536656
1482799
2422682
2138538
2486885
1918801
2688864
2624105
2416234
1921560
2675193
2627759
2908870
1554056
2653303
1135056
1595308
1520492
1245549
2278636
2211506
3259612
2514115
2729641
2276912
1576288
3293034
2697271
2578333
3012072
2723007
2858694
2568700
2538485
2445707
3386526
2901270
2699853
2940402
2942590
2925349
2923509
3569434
3320237
3001173
6021503
2673884
2426874
3079595
3026180
2802976
2413783
2525560
2583974
2443628
2703352
2365578
2456745
2455567
2414282
2501497
1984257
2451342
1603815
2183629
2424442
2191961
1865012
1588329
964492
2101081
2553280
1996658
1653788
1777421
2242182
2222230
6688683
2234296
2370723
1914300
1787202
2036089
2299687
2371718
2164359
2135191
2017626
3366053
2054089
2362755
2050568
2958372
3550519
1952131
2354284
2187130
2464229
1871650
2386926
1702025
2316714
2061067
1993019
2133007
2070506
2776242
1842969
1679089
2753407
2087068
2255937
3113362
2365499
2902838
2946494
3098686
2033483
3214630
2677645
3230769
2237801
2855056
2199962
1788160
2141015
2709019
2417071
2532700
2004683
2216402
2282359
1966884
2157936
6514302
2102390
2526103
2576445
1916590
1669622
2606229
1860037
2119345
2018297
2199492
1648136
1886482
2049754
2539639
2297032
2319473
2217411
2501600
2856343
2454305
3256718
2091539
2736276
3122969
2558303
1889128
3500927
2442553
2597862
2261952
3334038
2404923
2166452
3227126
2905901
2129226
2525780
3027529
3055862
3098784
2602259
2498679
2118366
2136727
2310266
2168667
2536837
2265334
2472663
2346632
1884404
1847485
2202155
2336742
9264958
1763860
2278466
1964463
1917724
2355312
2896353
3186367
2517458
1782712
2150280
2298205
2288230
2403116
2345725
2009931
1743744
1873217
2115693
2544105
2281705
2548340
2454203
1751473
2873258
2664557
5417871
3705174
2689877
2096175
2243285
2194472
2233099
2193548
1895638
2521881
1936844
2287875
2134635
2303332
2909268
2511024
2744614
2142968
3089875
3145701
3690962
5115131
4709153
3227812
3111173
3416442
7768112
3743036
3480109
3846390
3150844
3509456
3563975
4471023
4923619
2788521
4718886
4466058
135019
1386143
3854377
3265423
4019390
4480422
4928309
3229317
2951996
2757588
2436848
3372753
2906744
2745023
2761232
3133826
2329241
2866481
3208398
2597918
2322504
2966906
2748086
2542685
3012526
2249818
2729381
2608420
3141550
2576614
3248617
2883737
2879497
2600232
3012127
2230010
2906855
2798861
2832013
2742908
2693524
1988053
2224713
2693969
2423393
2260165
2033059
2494029
2151958
2535762
2023254
2669358
1951647
2084802
2527411
2508990
2260792
2625473
3336675
2372612
3326441
5731728
3761836
3410355
3765084
5804364
8520066
2909295
2958549
2678985
3039945
3216897
3222045
4543926
2699563
2880187
3368712
3558963
3063983
3329382
2203101
3499585
3039173
2942057
3279565
3356174
3170691
2469717
3232659
2814719
3238163
2483851
2867600
2469485
2450638
3208078
2880526
3303751
3253469
2767927
2587971
3422659
3246372
4818825
2851643
3555204
3075854
2518364
3333089
4398228
3543454
3236871
3764446
2412235
2470376
2920801
3119164
2889383
3135601
3013253
4168598
3524723
5457529
2560005
3740779
3251414
3925735
2358845
3045301
3522717
2901697
3162679
3082840
3702227
2804489
3050948
3385556
2900953
3129653
3653332
3353611
3619070
3970835
3757082
3583388
4197831
8187944
3405156
3466157
3371445
2863245
3542315
3080633
2442416
2901690
2652775
3273687
2548546
2753323
3696450
3771743
3283495
2848014
3055609
2877657
2778267
2937927
3242207
4806173
2541686
3441375
3822405
3104639
3410266
2980584
3102121
4814824
2534997
2338643
2577843
3022174
2668337
2093968
2416630
2578578
2384703
3871895
2727606
2113464
2522961
2796504
2832410
3041813
2140449
2478512
2155051
2729869
2698515
2591714
2566004
2477205
1953455
1942071
2541174
2534915
2484365
1862162
2374283
2782279
3103345
2619979
2064321
2982358
2328718
2093604
2974880
2811680
2486241
5083776
1783166
2735382
2375283
2639161
2459399
2663653
2599382
2791864
2574550
2448800
2256858
2432185
2834127
2541113
2565196
2740635
2203964
3138721
1834623
2112080
1706434
2100485
2164777
2480937
1930939
2358234
3080274
2844015
2429462
1934173
2382807
2323686
2545619
2959762
2364602
2337621
2074517
2236933
2027254
2320264
2680426
2260028
2229501
2013204
3134182
2472596
1902529
2936193
2439267
1981628
3044694
2656355
2559602
2609930
2171393
1912300
2158321
2262878
2465714
2677364
2364783
2235080
2074957
2282924
2519871
2140158
2152772
2189611
1978277
1933496
2758781
2586544
2519598
2042717
2536910
1865582
2339301
2439502
2489237
2178735
2264987
2347341
2132265
1755241
2136050
2320726
2383974
2472715
2274639
1977453
2682777
1913403
2200395
2037881
2868766
1973406
2102174
2955841
2267804
2586972
2556142
2421283
1921016
1911722
161976
756235
2020868
2518751
2387187
2232905
2271209
2048878
2696609
2165000
3155700
2422886
1845355
2605719
2566976
2360792
2535704
2284265
1987357
2536340
2808256
2663202
1785591
2369608
2383524
2905877
2020952
2960180
3414006
2684116
2520035
2929560
2989787
2735331
5360793
6944435
3644482
3355252
3849923
4225721
3316930
3617826
4840315
3962817
3021477
3431324
4047114
3716257
3541772
3136021
5111629
4669666
3280490
4697373
7113292
5038867
5232737
5334727
3491016
4235166
2469484
3471533
3300758
3398905
1754536
3854086
5398099
5294840
3184919
5393211
4444963
2997025
4696401
6662100
3201528
3963138
4651967
6556286
5263563
3959631
5447013
5574667
5238923
6408431
6398963
7038965
6222268
6434209
5863624
4092940
5711195
5013963
7677324
6102465
5614418
5547060
10157836
7083328
9951070
8383203
7806981
8139242
4178478
3857860
6793006
10300944
6304550
6459979
7086842
10994832
10543189
8560558
8113669
8120252
11400830
6876015
6216415
8334891
11837501
8236109
6349530
15172594
10220828
8630458
5952941
7699511
8426423
12315841
8477386
8212266
8081642
6721385
17946543
9669892
9399351
12965925
11236187
7093967
13916777
9354544
8041899
8616194
9272391
7790377
7832209
12164233
6776736
7670210
10869702
8433792
7383552
7468246
7902624
7147269
7121466
8115389
7990079
8521640
9452612
7136512
7578382
6857915
7922323
7968531
99465
3532494
9018829
13598087
7384070
7157158
10561566
9273634
7574603
8565003
10201986
7488871
8366164
6449558
7833213
8490959
6958276
6352869
9574274
6222761
7429619
6703343
7722411
6802609
6473379
7843102
6271237
6162747
7814295
95945
7627324
6474821
8440461
7364111
14788773
9441334
9127446
7835974
10108276
6839188
5766335
4917328
7745517
8358882
6994665
5894826
4006226
6238978
3653137
5206630
5156996
4305874
4754766
4190280
4964524
4955054
3249284
4246034
3098571
6017913
3090555
2809296
5151171
5069606
5365149
4774828
4748297
3495750
3198949
6473154
6592363
4353351
6869863
5746547
6114161
6921914
5086498
4944243
4541878
5793392
5028074
14044523
5249482
5724150
5275150
4941534
94519
2920831
6191328
5834821
5877482
6020586
6994172
2478022
3866090
6015495
6150356
2122182
2915789
3435085
2815432
2898635
1979069
2639467
3319990
2337585
1954202
2832152
2863953
2817833
2505692
2307508
5769252
4271266
5449677
3008816
2788943
2392851
2289063
1668495
4092838
4621078
4940862
6119045
8699928
4254360
5077343
3549833
5191966
6250445
3925859
3546905
5396637
3834107
1538860
1921462
2096905
2182859
1995506
2791432
2967705
5237424
4205219
3049470
4118694
3453774
3425509
6074803
3896731
3492899
3942304
3472020
4535055
3933617
4650519
6665466
4876500
6039364
3861852
4053301
5399423
3262875
2663647
5252010
4268832
4053849
6520688
4128368
8154547
4407233
4023944
5249780
3242391
3392650
3686172
2725588
3108645
3319379
3083045
3131497
3285174
2117214
9049080
3160824
185432
2298776
2189117
2735740
2481061
3304001
2257998
3619706
2091912
2277877
1756412
1796972
2452210
1882032
1722369
2030183
2191277
2951301
2334348
3403360
4298335
1990670
1888401
1607914
8336248
3051614
1995154
2328471
5132991
7127549
7317322
2835533
2911515
2810787
3301264
7943935
5360041
6127189
3399636
6669033
3763812
2386181
2038720
2036129
2469883
2772077
2047474
2924185
3112147
3803630
6590889
3455893
6479762
4673882
4867786
7963096
6806295
4299303
9185937
5263371
13766182
3010112
4525569
2807376
2130984
2063250
1989213
1546600
3178206
1838193
1510891
2875999
1779903
2312504
2849637
2006956
1653175
1333495
1865991
1534020
1571398
2294314
2123617
1757314
2083945
2212207
2464554
2047318
2030106
1746682
5310508
5949315
5559262
5632180
2647304
4437525
5163262
8341463
2442530
1928952
2331832
2366936
1762447
2334833
2430089
2404982
3144653
2464161
2489719
2367795
2540626
2624834
2388487
2524908
2587696
2624677
3051458
4278756
5717684
3583851
2161124
8061601
4689583
2712372
3790519
3025058
12067580
9367444
8507216
12966291
11060799
13220261
10399905
11442682
11158322
8912352
11738900
4134244
8384094
8929636
6611262
4854540
5136625
3016997
2999521
3228052
3672441
4048162
3328883
3979343
6404445
5170637
7261699
9319945
7470387
5559673
2754258
6028441
5633483
6131167
3580947
12494342
12623531
9475995
6193396
2831576
13797830
11793861
11412839
10567609
5385395
8760708
6046127
10897496
6690628
6518786
3621241
3287047
3294853
4123392
3094591
7225685
4917071
5938782
4099572
4097713
4827469
6097537
6109073
6308044
5278767
5749275
6057213
7884855
9621162
18979373
6223349
6467885
7092061
21396442
6498086
8488389
7164927
6450678
5285867
4015270
10308431
6412243
8738085
7175874
6164387
4895497
5744044
7800943
6929898
5538040
5881825
10640922
4433186
6453004
6746131
7938692
6336661
5407656
6320852
5911978
6875839
7332064
4784213
10222099
7133213
9497403
6721644
10346283
8937128
6781196
6143718
8237003
9703299
8243822
7736625
6512868
7126007
8747125
11480816
7883105
8115867
6678062
11750753
9227471
12361964
12436265
14474279
13572309
9487092
11717945
11269168
12151367
10518171
8158133
10758308
9679989
10215437
6160597
7936425
8742344
6954317
5027327
7600220
6002365
7289653
10314643
7382272
15051707
9282556
12124452
15729838
6701002
8716620
13323151
6880237
10723356
5517707
8546731
6834274
9298022
106406
2820397
6898873
6304492
6524434
4901912
3830362
10313229
7711320
5368347
5594173
4867476
3546342
5431276
3700689
6384109
8789416
11806447
3426872
5711042
2757427
15689561
4562601
2749464
3687966
5326630
4506286
3408823
4612963
5708413
4352732
3470216
4079358
3426786
3599251
3899371
3591970
3175170
6742481
4683817
3973375
4611288
2819261
3788747
2790314
4382158
2610386
2923592
3516648
3143065
3271426
3004230
2682352
4437379
3227767
3402658
3133255
3456171
3680555
3356705
3849408
2783178
2858965
2737320
4010657
2964242
2596417
2980795
3388241
2568775
2916133
3778634
2863231
3218717
3061075
3497820
2462810
3658080
3661651
3145031
2773338
2500493
3276734
2713568
2772541
2167138
3281502
2686882
2837009
2630866
2342524
2634126
2011115
2143281
2276802
2532692
2177719
2727385
3019535
2912510
2660468
3048576
1538542
1521155
3402763
2481990
2882420
2091306
2246425
3623249
2270421
2747574
2161572
2238488
2275793
1785945
1618827
2835552
2376747
2502224
1697904
3146749
1557169
2338789
2548191
2021811
3568732
3484816
2006406
2253994
2003517
4176009
3771984
2707855
2100804
2397629
2475208
2257477
2561772
2304643
3196362
2209578
2126030
2501945
2531905
1637868
2273155
2755929
1718726
2363170
2797925
2326974
4151300
3407271
3585868
2327085
2413015
2728608
4145894
2220218
2686240
2796322
2150320
1646522
2019753
2711711
1697647
2441854
2933449
2710715
2217751
2495814
2425520
2443391
3066893
3452164
2560987
2503584
2725380
2579489
3041418
3015995
3016573
3087452
2759147
4305555
3797237
2314972
3480723
3042310
3793103
2959786
2729237
2644143
2160886
3100685
2774014
2301804
3231480
2983327
3057048
3513775
2462609
3013764
3277822
3216681
4417482
2927412
4500090
3131833
3010116
3045461
2698033
2479513
3277951
2875322
4593711
3625929
3110716
201826
2832374
4190548
2847983
2859238
2824950
2938435
4193237
3377145
3547669
2663558
4314066
4362252
2799895
3956249
3114693
4075984
5513600
6514952
7457558
4950217
5995322
7024886
2797345
3951145
4892979
3878787
3736383
3432078
5039213
4134178
3949777
2945900
3788751
3254818
3053098
3094121
3719573
5127563
4552968
3155375
3915283
4562966
3201782
3403930
3712269
3446629
4032327
4384148
5945830
4963406
4687705
4471719
6111078
3150049
6706193
5890983
3598777
5991474
3493360
4477493
3406182
4321307
155914
3858105
4155318
3027423
7731754
6092458
5479231
4521134
3536790
4503828
3849863
4146682
4430086
4344057
4622934
4768089
5556512
6979732
5609636
3705772
4972074
3109036
4257647
9000147
6103069
4726930
5982058
4948957
6622497
7835418
9488954
5730299
4464630
7445790
6504272
5877942
3935444
4487431
5345512
6568721
5146126
4286631
5556648
4154297
3455971
5171526
6019339
5626402
5428990
2911784
8155032
7642384
5324828
5960096
4028626
4573362
3978722
3296722
6128781
5382750
3486333
2836437
2915366
3233709
3133526
3479713
3041746
6272943
6331599
3730107
3404112
2426842
3025016
3944364
3521845
3460993
2951043
2810981
2747126
3609418
3925900
2653341
4741734
2777603
4398773
3901558
3221475
5373427
2719667
3094663
2789189
3573717
3792273
3102658
2738874
3084321
1822888
3292579
2666756
2727148
3122744
4234075
3091886
3099093
3171119
2808506
3081368
4697590
2318975
2397165
5941567
5881955
2558702
3340123
2399461
2852135
2451278
7347850
1252396
1780026
1665167
1879607
2658052
6025722
4717059
1265960
4388241
4730144
3721256
3069753
3451548
2924419
3077019
2161579
3136830
3581683
3152324
1527399
1255914
3688465
3621812
3470530
4974563
2687137
2479935
2489014
2050776
2347508
2139877
2712144
2338837
3300637
3703196
5144091
4139071
3296862
4860700
4005077
3753407
5776020
3385761
3414186
1594198
3171345
2672372
1430549
3387294
3972950
4229216
3264905
3046890
3305623
3044468
1567573
1623993
1472145
4906348
1720405
1956675
1828129
2417713
288958
1074570
1762181
1445588
1770492
1651189
1804969
1331361
1351173
3272541
1624482
1912149
1001772
1775055
2617094
1761056
2790090
2533218
1476869
6753434
1576468
1367862
1310929
1500767
2091987
1677146
986854
1237667
1268138
1542437
1051827
1201278
1617179
3072981
2280570
1471635
1957174
2064179
1840886
1481311
1618861
3432298
2459211
3063511
5012765
5554220
6668979
2149074
2148681
1399086
5562501
2744635
1963253
1792425
2781999
2271165
6226538
5310526
6396469
1539634
1461317
1229225
1785961
1218584
1529539
3004007
2808531
2319540
2318837
1155606
1828318
1501280
2191595
1766741
4385949
4733959
6522096
1543795
1884265
1338219
1517351
2495018
1437953
1487464
1611575
3562203
1585730
3056984
2396930
1931008
2527877
1287169
1415611
1237054
1740455
1508177
1475528
1496214
1247456
1317881
1718271
1567747
1290891
2797012
3371159
3885123
4181872
1945515
1142945
1724237
1466475
2180852
2121905
1761386
1611554
1294928
1230729
1571419
2156726
3008254
175229
1519364
5004823
2378295
2922238
2523939
1237991
1159891
1489517
1144916
1356997
1310692
1288198
2577594
2017135
3292347
3145205
3843468
3092591
3554924
2910335
1086953
1271595
872777
911870
1149458
136462
1112501
1459387
997967
829994
1111462
885420
794392
1084135
1049690
1289688
1396277
1305496
1289622
717923
1298695
1163603
1153555
892632
9568255
1286985
1485098
2657117
1162426
2881470
2885400
2424310
904684
3233599
3331147
2842428
2931908
3083407
2751917
2294494
7752296
2769521
2509530
5767805
2678368
2910127
1521436
3237289
3124384
3495466
1677560
3191992
1474726
3407572
2725211
1267554
2833393
4081329
2539294
3649020
2454569
3117501
2565620
2375991
2654261
3133508
2307977
2685173
2044213
4073988
2009910
5012418
1682639
2043207
1737788
2336544
1467814
1501274
1780159
1475193
1666212
1495340
1224054
1741347
2032214
1208239
1440598
1273273
1993931
2419317
1456942
2438845
1278129
1838619
1464789
2469026
2589365
2261636
1925536
2490885
2626681
2012213
2702484
1919741
2475223
2853631
3666113
3773765
1217260
2585952
2935688
2436086
2506708
2438352
196814
1361092
2706318
2859660
2427830
2465855
1826663
1962721
2144076
2329499
2058595
2103686
1904310
2075138
2590248
2189643
1973782
1889806
5936118
8438849
6803846
2337045
2071937
2297483
1841023
1805938
2606139
1207024
2031955
1004730
6166777
1911674
1428948
1007856
1957564
1061949
1163243
7158360
945927
1032634
1079297
811506
1779778
1763781
1360165
1168135
1641435
852307
1037688
840654
1960880
1956006
1605303
1828834
1220173
1574094
1562289
1535877
649496
746925
755353
1278675
1436194
1485908
2913415
3431326
1902753
1198049
2619173
2961195
2892735
2673645
2580906
1697263
2576261
2045220
1978595
2098331
2004378
2549226
1399954
4201438
2659804
2136669
2158098
2232866
1936085
1727248
2079705
2741967
1804232
1764637
1954198
82004
866255
1498845
1549464
1597807
1163517
1789565
1144520
1925352
1761400
1013534
1761382
2403997
1638203
1346063
2283334
1092041
1629241
1018293
1431425
1016175
1633813
1617269
1760951
2148477
1317835
1937022
2871986
1870900
2143353
2266914
2229910
1802987
2972823
2479702
3015921
2918507
2282895
2315355
1038154
2119693
1623460
2036803
2411630
2799858
2336218
2924528
2825845
3775301
4559050
9913578
2378159
4795549
3473824
3454582
3309060
1683905
2397150
4106834
4187420
3556707
1878249
3016521
1694281
3158920
3464844
3647752
3057180
3747995
5167976
7028598
5060321
3891029
4617100
4105731
4775009
5575104
5729415
5105653
5145520
5487941
6349479
4495319
4885781
6540134
3503945
6851063
3301406
7797071
4904037
5150673
5777151
5686719
6409462
5811017
8939344
5758613
8236162
8857357
8129400
8051812
7629172
8186975
10286845
8185785
8416986
10472332
6206459
9281638
9004840
21624648
7517481
8457392
10308182
10036270
12273917
11984692
12197274
15916883
9965257
14409385
8558239
8186356
16271581
9600781
12210859
8766887
7826686
9786344
11173652
9544296
9504106
11916062
14532899
9308113
8496807
9173208
9391015
7363531
8280778
6414947
5476642
5588065
6694401
5521934
5858974
6822648
6293797
5308422
7810621
7312123
6876423
6509498
6640725
7365988
10317272
5629208
6137307
5197086
6937959
8388494
10648780
7546556
6805621
6485599
10240614
7747103
6718828
5315023
6330194
6247066
5812739
4866508
6250050
4606002
5001759
6710750
8761239
4377529
4436046
5911827
5587226
6349566
6674388
7396957
7112487
6630804
5269525
7016421
5725435
210343
1630910
6817472
6234666
7068604
8872975
10499450
7727615
6578208
6583837
6833307
6700594
7280148
9036220
9274947
9127035
6742410
5720828
6759913
5972090
5670570
24254266
6483396
6861218
7457376
6275301
9935451
6879250
7482798
7192144
6777367
6629864
5682102
7557253
9825468
10467159
7556823
6164824
5280263
6378162
7553362
6740712
12824068
6416225
6369720
6798842
7017328
7247983
7493209
7194626
6638176
4684425
7831251
5925185
6269443
3680923
4396151
4939161
3766283
5987538
4127958
3521414
3661131
6095050
6374053
12527327
6691892
8370181
6879336
4880229
9601729
5164485
4428902
10009600
5220075
8279190
4995872
4197921
4417845
7129462
7587401
7265837
4937023
5056385
7270492
4773803
3453217
3863723
2709844
3385631
2408122
2889711
4917031
3125651
3199969
4027567
3086792
4337545
4313857
3317268
2828870
4573612
3527342
3670772
4791710
4472991
6285978
4810762
4852979
7877401
4782663
9869594
7204192
5542425
6545504
10028875
7969490
5050343
3742320
8049844
6248839
5300597
4457952
7070575
3937818
5580043
3308761
7427119
7304685
5619184
4452986
3162872
3774100
4005508
3064359
2996000
4596084
3265044
3737098
3913474
2721434
4013477
2793563
3344443
3867688
4271775
3054716
3738872
3266678
3897782
3625015
4768430
2846210
3847230
4154914
3988361
2822336
4009047
2793767
4049702
4119393
3482743
4411962
2862436
4624593
3848100
6197365
3270245
16362133
3514957
4184058
4492034
5391909
4726152
3740070
2931423
3361813
4546096
4084034
2930550
4644609
4271493
3283745
3795325
4241180
2930164
2582938
2840101
4871220
2715334
4368408
2701891
2794888
2879221
2683271
3731225
3257165
2570971
3579786
3026653
10351773
2163025
4689989
3581685
4180610
2612793
2929696
3221531
3422422
3266328
2801693
2827376
2531575
2487502
2895207
3633197
3328486
2595570
2261376
3337015
2499948
3374586
5128809
3240489
2762105
3146667
3097155
2273457
3100120
3587535
2170525
3772665
4380124
2726327
4363526
3704565
1815520
2370962
3002633
3014609
2775114
3279236
3360565
3548773
3855695
3950556
3785657
4449483
3897501
3440876
3641858
6061731
3679365
4017951
4049551
5805478
2803584
111228
2385394
5275281
3038281
3714971
2045689
6148861
3721649
2545958
4099284
3251632
1811571
1720172
2563936
2302864
2265823
3796300
4865305
3371017
3512437
7024555
5138005
2062365
5219805
6839911
3361423
3335143
3157613
3275206
3543600
5562872
7730616
3484397
2091226
6932273
10542650
3292970
4455873
4369507
3006995
5683507
3317843
5422083
4752448
6538975
5223028
7156469
2784622
4269095
4122335
6601600
7809633
4907943
5650730
5777186
6645035
3674092
4338668
3536404
4069041
4303095
4533155
3942925
6054973
7971467
15713123
13495687
3346087
3582342
3183389
3227786
3413035
4314525
3300842
3415180
2417183
3665015
6266733
4475236
12883147
4558774
5621134
7612145
8296194
6578662
5538296
4905078
3833506
6019413
4606001
4867708
5013645
7720581
17086197
9362232
14630536
7676306
4686489
6835857
6159883
6261092
15157465
8248406
41574267
5188295
6248563
4359522
11292163
6600456
8244421
9227520
21789391
7374640
28238137
6945651
5732698
10113741
9016207
4033898
4941227
5082696
4933555
5255169
7629638
4237823
3308658
7610505
8060216
9706741
24227171
4095394
6395384
9887189
12002676
23106321
8386170
6546854
13622838
13143621
5923984
5379148
7130973
10013441
5307081
2985395
7785156
5203780
4938288
6895680
5716961
5962178
8294495
8913983
12151127
10702579
5691892
10401397
10179830
569818
2996655
18126456
15754621
7691518
9233654
19572255
19009101
9893153
24594674
9091269
8452764
9081682
18429300
8097326
7752236
9860922
9605118
14251412
7127493
6827390
13587226
18377660
46727697
7809868
8988594
7747724
10893912
12083296
27340354
6170053
14893431
13495331
8433678
9207641
10667388
9543918
8310296
10219800
10004391
7945062
9261164
11600970
9314607
7911676
7920612
20850952
12715313
11970022
21709122
7470059
11074560
18453246
11585798
14762261
11801130
21435129
10558588
10194061
9715542
15532115
9721541
7977112
9233127
14042748
13852017
11286044
7941113
16060126
11090933
7666878
11850134
19568796
23698265
12122675
16979102
9692778
13506437
9934031
12295833
11361655
19849011
9849946
16783146
12189819
9738335
12489009
8849195
12912983
14117632
11109362
6954966
18767064
8607035
11286922
8735030
8643866
11251422
11246214
10579998
12834782
9062315
11945963
11309924
11072747
9920944
11189812
14610480
9076103
13299991
11374165
9132672
7451943
11698355
9890063
8931794
10657675
8141590
13734784
10349270
10192094
9717915
22917877
8373314
16508307
7782493
24662539
7625010
8841415
9104491
12455003
12259390
10998699
9548267
9527730
7599958
10099697
32228123
10349135
16886930
10472423
9516615
10491699
12559873
17129058
9422977
9098418
12704348
8503440
8214472
9623789
9250880
11930552
15799817
14856493
10794804
10720684
9111807
11117960
11980455
9156034
10716170
11812273
12647898
12162358
17064455
9095855
13901256
10925011
10180811
8634758
7671485
8711405
10311618
8371166
138412
4573520
21614959
9004683
16974619
9854776
11156869
21818512
15016776
11670777
12988204
14254341
9424530
13233549
24065004
11600678
17079362
10678356
12736020
12967503
12216482
9892455
14105696
9982527
18007489
10932915
9349839
9751501
9779733
10752725
9464322
16982294
13590833
9949416
15048807
9526547
10837532
10415731
8877616
12926193
11627437
13042113
10935892
9579075
10538173
20545621
9652752
11080005
11342934
10971181
11197655
11861156
13560843
10576110
12565274
15823971
12083024
19976263
10811118
11390119
10215782
13456784
10558212
27198247
11194052
20805327
12306757
19039681
12805314
10701620
14028335
14051993
10336142
9903855
10847158
13237639
8861879
15077081
12447657
10960987
12618208
10917187
12708152
13318787
12528932
12465906
13999074
11387000
11308602
10808215
10199777
13234447
11648052
15273898
8828227
11024880
7325730
13089694
9859761
10150943
8521282
9982017
9594818
12549239
29747805
20595979
14453041
10428151
12548882
13616945
8869901
8854874
10160513
9299091
13067522
9447719
8713085
14783917
9244778
8824028
14515163
10653104
13665223
12029219
15012325
12703980
12238274
12974479
17612357
16993520
11818360
15488619
14648277
9655300
10434826
8943084
12211402
12151497
9826057
10727023
12306604
13329292
10429644
19099406
11298571
14251913
15023594
10170918
18823823
14580898
12109046
8155652
12169980
22996324
11807873
11980308
12085077
15386777
10968714
11227230
9032817
10344478
8165383
15065709
15375100
14331471
10736881
14567965
9513970
13649484
9035726
9052593
10714442
12337926
14279064
9210283
12356377
7991268
10726954
11442282
9295402
12112555
9941782
16260775
8143340
13452468
12360656
14524709
15485388
10549616
11303452
9680699
8259601
11835920
8045773
10837538
16098205
11257567
11627140
12138582
14983289
10114048
9876756
14520338
10635658
13470539
16892719
11225995
11424232
7706437
9634198
10290989
13509063
17006301
10499042
12076522
9820074
9477957
12966503
10386877
34972711
9630139
11460579
12157792
13600396
9549366
16222200
28250960
13438579
15467598
18707815
11603280
380136
3855853
15435130
13266382
12254841
10404443
14801833
9729191
10663833
15159871
9697725
10700543
10755694
12174891
10680774
10574434
18194778
11202957
11040650
9173431
11513551
9210189
9700494
8414528
13375852
18014448
10484735
16323041
12230074
12299517
12334473
16376324
14777054
11001748
14633329
12092147
256985
3821116
14188090
9673585
12750050
12858876
9936533
13264625
10942580
14518400
14291959
12061033
10479055
14361525
10572397
10835057
12431005
14132074
25185257
9486553
11307073
13924942
11378067
14381990
17941892
10237719
13264316
13044587
11466133
12250067
12351075
11760948
13828302
12484286
9954648
14372334
12064528
13468050
13197076
12236987
11890458
13125600
10013346
171912
4549492
11404012
16614818
12394587
14203584
15175168
14687780
12541621
18057852
10996390
14954849
13041934
13387835
10984494
44522902
11528884
12406463
11319973
21588739
13059964
13139406
12519212
14828795
13366731
18912132
13508384
9854023
16012965
13356564
21534995
12243950
199500
3314572
13909166
12483039
10579334
16125336
31798041
15803207
12878529
241965
5759573
12462097
14394920
14907448
13624065
14130813
10945917
14918338
12447980
11240070
68101627
12158595
11885792
11129062
12725315
14514576
13014441
12108702
11166229
17828081
15491105
12475304
16713439
13439354
12774588
13803431
10196927
11078738
14032580
13557393
14374616
18914675
11932157
22259336
10896278
28440978
15683891
15239943
14439098
14925423
13886239
30936854
12982898
20597199
15515243
12311952
13579692
19069067
18206736
11718175
15835638
16365256
13028766
13034875
12537314
16908708
14230776
11083315
21280174
14149593
14966937
12780373
14955022
205546
3067859
13478688
33031786
28083192
20704484
14163647
47833022
13502429
9890873
26964812
21891981
24488442
23103219
19325251
33382604
21415523
16853489
54921499
16280585
29489726
22783458
16967094
3295335
3976139
25265692
13772697
18346352
16091687
17843837
42598515
16754326
17879452
19980232
14037950
28943374
16207354
18861464
46489287
15416504
25480374
21606718
18333981
47870025
16843317
21801277
14510491
38320087
58132622
26124229
35020244
20663101
20637814
31896005
36797690
26773556
17833900
14005998
28129977
27546289
23121097
40619530
46040215
19402628
17849399
13604915
13822100
19950993
12746526
26530430
12268150
14828019
20112064
35705208
24989679
25502106
20777912
32322585
29597228
19924531
16514465
15110108
33392468
21562848
16787798
19574643
13539693
9778064
21192457
34062552
9706991
11476495
17847155
10149236
32443182
18851731
27365870
10478236
20294626
30583192
12886951
15303884
17710693
25660858
37003001
23956538
17320656
23219511
34374805
26500098
22675922
17961826
16035489
15896531
14675178
12093222
15981505
17186560
15117876
15498427
13048964
16895808
16358867
28435745
28728105
19058582
16768366
24233131
23459150
18796953
28698669
29118559
38748791
31470547
16227729
21040586
21534013
17369766
16521683
17545158
26350563
17701082
37384141
21478009
17301078
20024298
32605046
19502702
21752705
14369905
16765358
35126261
55817893
54480752
15775565
26143009
36701236
22765918
45619607
37392534
25569223
16473296
14897282
13800583
19045218
14645509
15078491
26857260
21970255
31733741
16945613
15121003
17713743
21198013
15764385
34229709
15911601
21251151
15453831
19580237
12229777
11409524
13088924
13716059
13186654
20880866
14850325
19221649
48385544
16839175
11576722
12952627
16195112
15563163
11556135
13528968
17725103
26541378
16972952
18555679
16686958
17957564
26710764
22192205
19601874
18755235
17573435
15960054
19550103
267549
3925541
13673737
13450557
18618152
37497241
16041449
9430175
8721015
19997971
12210602
25695062
15323616
39534177
11960597
24409817
12218839
20716997
16165637
23807023
44171438
14495334
30621267
12978051
21527967
26895037
17370996
22991429
27982340
16905322
17287805
19921731
19624637
21926442
17771918
20533842
24334608
26399813
19263943
21250816
18832929
21104538
18816112
15161304
15903120
18999437
15810107
13816885
14775437
18531629
15376676
68143
3515755
13101193
20263818
18139837
26350147
19869900
15061090
39856744
19373418
18922156
29586050
15039942
18697532
18932336
17722817
13372213
15610343
14639928
22005749
13494454
37576300
10704284
12693188
11796814
16237743
14206041
14902696
23832363
17939288
19546440
23232030
12435252
116190
4731942
16175343
56973633
16556562
11577577
19371684
19411961
18267471
9734483
17192281
10541571
13971904
13527123
16055493
17389049
10963776
39401765
14340976
15295118
16023241
18249495
10613811
19311146
12037798
17998645
10764658
9247258
11276333
10645623
20957963
18405567
10680088
10704622
14519518
31262642
14083656
15204922
19411945
22276964
10799686
13002347
19629609
15918790
13795957
36077562
20740877
18968683
16665708
14775191
11401890
12749461
14910509
14722247
12928497
11461993
12170101
20205694
27272524
19854280
11410707
28073879
17087061
16716357
18021000
14812161
16632045
37844682
15046006
23072263
15544741
13887499
21472606
18560779
24733185
20984331
33737906
15804673
28403411
21948257
24894341
16666579
28899186
25671796
23137127
17497289
20502011
17294361
23903051
16181499
14130677
15744763
17466720
16557328
10544882
13721772
54179
7707401
15955398
10264233
10963537
10957685
9606850
11648397
11531977
16298215
16698446
10492301
9912275
11446234
12557193
6721869
11879230
7098564
8212426
8970912
10850094
7578271
8709061
11753013
9933597
16961852
7392006
34509598
14623134
7803990
5971670
8347021
3970068
5873089
7331100
9043550
3861015
5830089
5327211
4012057
3707956
9569150
6066393
11474231
7686066
7084241
5945746
7736002
8787836
8327061
10689918
7026866
7175660
5698877
11103600
4605598
5971880
4594793
3832753
5165436
2761243
5524165
4007493
5902211
7101226
2353918
6018554
8208954
4555308
2953952
3983099
4718609
10504069
11436661
4527946
11188834
5207478
3723823
5910588
4710894
2799408
4477146
4255796
4523925
10203665
6279406
7555896
5728403
5890035
5832926
5808467
8714245
9334784
6015410
7630071
9960527
8370367
6986602
6506942
3630077
8064496
5484527
8001928
4545588
5619032
7775445
7183355
6447409
6441732
5323052
5970125
5996975
5210873
7949119
6194850
8915222
4322711
6522276
10766256
4835590
3580557
5456735
8630219
8590006
7031082
6855615
5814154
8040777
4905900
3992924
7165646
8183766
6603945
4448579
6948934
6504774
4542010
4648524
5045120
6676938
5122120
6150329
8101301
8344408
14930426
6542891
5452008
4555410
4687984
4026421
4075717
6263509
5601460
6112298
7821964
5696358
3490501
5651705
3657822
3681287
4848107
5201328
3815134
7376442
7637216
4305241
6495330
4334107
3755614
6720151
4334633
5357567
5424933
9785326
5004007
6770039
7899797
4930981
7057165
8668057
10657965
9192442
8617826
9258861
11379432
8962564
6454172
7152012
6649137
9100864
12526058
5641259
5888230
7201345
5630412
5671995
8472929
8287007
9988483
12094651
12526800
7666944
9683068
12711718
9581790
9378439
7127897
7777985
13058237
8068764
9308034
7798835
8473349
6672283
7295141
4752878
6457636
6677883
8620849
5398025
4438394
7113123
7381222
7996672
5971942
6109106
6523208
7400624
6090706
10035753
9153908
11803817
5757039
13121386
12392561
6346223
7714822
6483880
9287519
7218086
11863398
5233230
5020032
6713317
5863383
5362598
4641235
4476402
4460110
9867496
12754679
13692587
12150525
13003459
8645992
8275440
8118322
6660797
9227348
8908812
20958523
11718306
9398327
8489054
7842100
10355745
9437932
9205841
7863257
7590423
8800891
7088285
8037732
12847989
10995149
7576957
7100229
5245433
5940460
14179751
6628695
7616344
9339991
9963933
9402846
9963668
7560481
8213214
10004659
10423971
15925310
6757981
8892036
9922961
8035743
8965104
6567635
17248196
8934865
12654374
7701948
6333573
6249196
8397909
13811962
10613397
10253447
11724354
16388260
10490720
7282177
9040509
15478144
11001597
11327601
12388436
9546670
12794214
9867392
11317782
9451156
9517593
18001772
9736181
6530175
11977841
5647761
7399527
8170810
7479277
10670782
7943910
9755523
7917905
6386333
6740980
9054809
6650581
9149909
7520574
6209710
6138055
7469130
9050623
10647111
8228696
8077106
6238636
8976560
6710125
9818658
6596521
331099
2951568
11514162
7399071
6794269
7532320
7204917
7177191
7122616
8142270
6179419
9506096
14060883
8925250
8397263
7677165
7549968
6138659
5439481
6572189
8321076
6472152
8531319
7674566
9107759
8306439
7238194
5913109
6829649
11838580
6567756
8623367
9461667
8005011
6058198
8852767
8224202
10544006
7924973
5444682
8370464
10851592
7390724
11138483
6533913
7401732
8144534
8315566
11277479
7197520
7388349
10487036
6780651
5959521
14073869
6727161
6675039
8207251
6714713
6673316
7137440
7913766
6917418
13253994
7693370
7221741
6037588
5854626
7273018
8813908
9315533
7447556
7873247
12141014
6572418
8453591
6923779
6306840
8249284
7118941
7821560
6439373
6382584
10105801
8766326
5078225
6079331
6504122
6525371
7330156
6778394
17161322
11379793
6773220
6468871
6967167
7069172
5596845
6929756
5714499
6936479
6674511
7868838
6141010
6936124
5763658
10489410
15241256
14106729
6261492
7304031
5760974
7544190
9149056
5348143
7363749
5937945
5928649
6104405
6242371
9117953
7995577
7498599
6237248
7185763
9749333
7467010
5874434
7049655
9891178
7787645
7500684
5695512
8468283
5625855
8241575
8002685
10522127
5955973
6209221
5286981
7864860
9310252
7366533
7542776
6506342
7013413
7093715
5967889
7598857
7874274
6238139
5890464
8505239
7014772
10156032
8326310
11638358
6630023
9941422
19094803
7125498
7674499
8390805
6501984
6108564
8205753
8102973
7991963
7214520
11436463
7396852
10799563
17135621
6865589
9278466
7949276
8338040
8595989
9491640
9321439
14527397
8376756
8415854
7493166
10668781
6609276
13559428
9007259
9077170
7369038
7530387
8656611
8943864
10394580
6699038
10528310
8926333
8426269
11176371
13657963
10829438
9510837
8771642
9358137
6618666
7584000
10657466
10207669
11785265
6642975
12498732
9255072
8506465
9398319
9099366
11608709
11393958
7195557
9432872
7480121
10080678
10642144
8057508
9028345
9291189
7825901
8317417
7725674
7679935
7503532
6615556
7989540
11227049
10163375
9499191
7877678
6895160
6543758
5770133
5656024
5720588
8329191
6914768
7183194
8529152
6684063
6171964
6281517
4891787
8921508
8929824
7024714
7358153
7271391
7011191
13173306
13432245
12116733
12172267
8061194
11850050
8802175
34865783
13313179
11890808
11197343
12624769
14335460
8483785
9763368
10249968
12874649
9520314
12050941
11462097
14100343
10728384
11791195
14671848
13209465
9228111
17304714
20943211
9450227
10596517
12063884
10790993
9121896
17954932
7766791
11123998
8804431
13658819
15614423
8288193
12029044
19562013
12308253
13565926
8702138
9145972
15468785
12614065
10664056
8453135
13582551
9364999
9019386
11606433
8912792
17202477
9654637
13521462
13417110
9384080
8723616
8892280
9587969
7924806
10354415
8270140
8823348
7444038
12328121
10901215
8363430
12334396
9039845
7645086
7976510
6801267
7231361
61372
2219139
6780291
6321551
6882250
12482872
10412394
9167700
8814302
9500899
7453318
8212536
8552466
7121176
13542462
9496726
8356634
8458968
7202530
9760841
15026459
14225686
12006154
6765960
6217218
7162191
7368558
6578739
13620333
8910211
7318080
9444509
12945137
9926000
11926821
9603892
14213900
12165980
9209249
9681847
7046430
8949149
8343817
9444037
9360923
9416187
11397966
8249727
10325763
11456150
9741601
9479241
7648759
7503544
8908991
11040561
23342535
16192022
7903971
7675277
7065384
7505055
9821765
9560381
7580965
8411045
9902033
6892610
10933949
10148979
9456870
9654495
10210446
8965675
7716477
9091867
7684071
13340460
10964471
9279442
8252433
7512185
8716953
7342262
10033278
8124299
11037032
11611912
11787432
8025891
13771477
12640456
13554327
6783816
10166781
12068806
8705572
14139030
8467406
7337699
10928496
6382197
9980386
8103308
10043239
8828731
14850306
11565837
9240136
10411650
12733993
9692746
8716011
9088376
11148871
9309817
8697925
14048201
9910614
7751995
10209897
9675276
13013634
9292278
9756040
10896878
10286559
7659141
7933865
10240052
8325020
9851059
7656108
10629880
10872037
26510871
8541941
8864537
7730736
8020900
981143
2016700
9437134
7187569
7387504
8788279
7723125
10679762
8370802
8319417
7885392
10257327
8424859
7984036
7871028
9817731
8139555
21717834
8122955
8096855
9154954
7655739
10914015
8222699
15319923
14011933
8874682
15493870
7977045
7717718
9554689
8143230
1035952
2277285
6551230
8777151
9877856
8769900
10714272
9348076
8408475
14644936
9991456
9170609
12097206
9822156
11334591
19265620
8757913
11951524
11978147
13473823
9443176
8624376
12484962
7774888
11020500
9258834
9671859
19397505
7599511
12081417
9173389
8770125
8700835
9393275
8739119
12713794
14182914
12255423
10382763
9299564
9269264
10813514
10263100
11459404
7002006
8714617
13773195
30017597
9829167
8086438
7305979
7944413
6689823
9722560
7283575
12248058
7264026
9802849
14468625
7755446
10906189
16129243
9083000
14963665
10874260
11672373
10986838
9089618
8114884
7193233
15433224
8030654
22121236
9157703
9473372
10277565
8850990
12028521
10333304
10091018
10858904
7573081
10452247
8961900
9347460
9302382
12598557
11822246
10167304
9284510
7933457
9897837
9513302
9066699
9155621
10051962
9405226
11285680
9861540
9726078
9255829
10462916
8035110
9171143
11783574
13174072
19047364
12009666
7814942
15476701
8638735
11949979
10280403
10204012
10682896
9727022
11847599
12580063
16598269
10161819
10611947
11453122
10859933
13295408
14354061
11844019
1002283
2483640
7003282
7996995
7232209
10634639
12701051
9171452
12598690
19731037
12345683
10579180
12642668
8963506
11794074
13749716
8848539
7791604
8214709
7746532
10432054
11372544
8208625
10919238
13223955
9280583
14766295
8486435
8098661
8974972
13279557
11269909
12028409
13071803
10958653
9913224
12864797
13168733
11717224
11065178
8688264
9240701
8143849
24450455
10756102
10339397
9602356
8106328
10453444
12885624
18780917
15173964
10539837
11293934
14927362
22649401
18584534
21953726
9355005
11453443
7993024
8586768
10988397
10592095
11137051
10432534
8866177
13549910
9137740
8465718
10454126
9210142
11066930
9738340
9046855
9900468
9649520
17455081
8362298
13479237
7462941
8131142
11167523
7695369
13547917
9964700
10883869
9046992
7821454
10591243
19953356
19528247
15572067
8841926
11898970
9425407
11663836
8420193
8653833
17004925
11011929
8694072
10903035
9891846
9708609
10414335
17629437
9669873
9794445
9809556
10801738
8587116
15892907
7514317
11316816
8443257
9457396
9025735
7759536
14071544
9066177
21068299
8891079
8243161
9915943
10853835
9771686
25553178
8057817
9286225
8768130
11437099
7095758
12112109
11722864
10116178
10629095
13253984
18560223
10870257
13622662
8586312
9045037
9556398
11594257
18173694
10283088
19640389
24863143
9868865
6192559
8470667
6861899
9347835
7545535
10986146
8097135
16619862
9497401
8124481
10615888
6935615
10197739
7989348
8146474
7954755
6098544
6525343
9495172
9675074
8632289
7632876
10070556
18931003
10558776
13680258
15266565
7811569
13615645
16532755
12281796
11590152
8597973
7782122
7960124
7751754
12083377
11914048
9192236
12071523
10943842
15110552
12180052
11263198
13868476
13034243
13089197
17749490
13492368
11675494
9921378
13971763
15407873
20213163
15204161
12093957
9107868
8076866
14353477
10008075
8737775
8071120
5745482
5267271
6587519
11700124
6283684
7144468
4564713
5012888
7246453
17887608
23666376
8794659
13263462
9415989
10144631
11384137
11496901
13410517
8432095
9184567
10729336
9359790
10619787
8267825
8542899
5965503
5769230
4367674
6594157
5298588
5052953
5123207
6650904
3971713
4313231
4221209
4301267
4518760
5860363
8005425
10363203
5667614
8423247
198486
1451715
8117954
7373637
9756622
8825154
10753361
9205829
6736855
9878999
6494587
8574897
7255595
6625349
3858071
4803546
4707052
4929533
8883915
6878378
5118445
4653520
6647852
4123137
4892745
4635155
7670641
5627883
7568449
9870047
5391831
7853730
5224999
6525077
10908794
5869922
14264702
7660201
8439783
9454803
10646355
9013665
10648013
8716391
9323059
9664736
8536372
10074706
6505020
6164003
8301762
5918587
5590517
7124033
4904037
7382184
12509956
15063657
16499609
8814259
17486572
17431225
8683598
14906659
20223787
14187999
18735503
24272578
18474913
15573643
25474001
25136878
22349165
21967027
13829567
9046233
7510396
9270578
10214009
15093515
13387217
5010150
5832683
4970108
6827089
6155948
9373187
4899020
3966578
8695167
9825812
8443498
11919585
9301925
9942317
4689190
26614349
7456083
9999849
8779857
7981353
8858636
10996800
13363193
10449793
7980087
6411865
6670338
4859757
5119619
5375241
5962015
5915724
8570672
6689245
12848928
4585646
4736863
3580472
5685591
4970646
6561232
8489909
5357546
4196935
2496105
3973152
8431816
3940073
3450168
6014875
11132800
6527043
8890428
6496195
4860069
5780039
6437285
8980973
11756969
6642084
7311709
6422899
6961654
7255581
11903356
20754110
8111952
10626780
6961933
9193958
7035059
10413835
5198124
8479977
12329998
10912485
9337733
9370801
11045889
23512198
5897092
11571128
7520350
7282093
4470725
4113047
4194701
15010385
4099435
4973757
3796665
3319751
3605987
3469033
1819338
4036282
3622620
2840816
3868658
4111407
4447935
3037140
4087102
8730204
4466284
8938534
5410155
5905458
3216425
4284887
2927912
3078492
2615368
2993547
4611816
2926550
17910860
3037720
3746963
3792466
6040476
3621819
5825932
4992629
6826344
3322375
5605638
5372763
4692714
3446513
5800730
5341162
7163287
8918673
17361419
7543528
6885865
7057008
4638365
6151937
6995225
2501757
3183227
2901345
8301370
12907990
7916691
6798406
6338521
13089877
9992459
7612963
3876364
5604913
5268374
11995529
10330833
4983442
7245206
10990874
4743392
9847913
8467607
7513411
5719650
8824834
6691998
6678975
5433576
8232511
7517846
6787997
7958745
5998764
8180050
7951805
5095978
6706585
5875032
5523802
4901504
5239525
3100846
3731752
2451839
2300062
3507046
2604131
2767467
3032049
5031600
4883305
5085256
5761494
4796525
5567860
6048540
4712924
5206970
5117471
5060180
8822956
5877496
6433832
4723182
3571481
5294224
9779733
6525851
7752400
7896139
9803980
7587572
6085416
7767510
10129995
3503745
4138026
3404933
4871069
4618077
3644580
3329537
3864699
4911555
5482886
3925729
5387486
5617265
2967023
3165907
3711865
3891862
4909846
6224761
7303530
5823409
7723273
5162945
5923927
6030027
5174900
5115082
4691589
179094
1929217
6843882
18324276
13418979
7716675
9025578
9540453
5931435
6311590
4588733
5168463
3977452
3613974
5641106
3543426
3515046
3071354
4670246
3437361
2613267
3749797
3321131
2952444
2523296
4176637
4807499
4273641
4012162
3860826
3279321
3675641
2812890
4104126
2190139
5213362
2383339
2006867
912369
2320175
3621209
3730987
2838663
2917814
2114574
3096963
3659497
3727477
3349990
3574051
3280879
2584317
2996636
3971937
3962502
3431953
4374036
3635947
4656529
1396971
2532363
1698833
2601204
4899118
2353869
2816071
1466460
1900165
1400985
1132383
1260081
1538977
1743314
3206176
1402361
1030895
1448439
1643474
1239639
1712557
933957
1912232
1233267
1200733
1495062
1478250
1577640
1830514
1811113
792221
1384285
1021037
848430
915320
1333383
945279
1467634
1520039
1722172
1133608
1287479
1586589
1062030
945885
1138412
790596
1024082
1367538
1167847
1091737
941351
646915
1302206
744006
1101181
1083095
971946
1726369
1757476
1165204
1840798
1551076
1451503
1224819
1817256
1736654
1280783
1516405
1739941
1644103
977423
1437230
1378352
1357087
1379077
1340271
1866030
1224545
1282483
2415787
1558471
2071564
2057042
1849696
1418522
2357302
1346178
1800095
1526481
1857562
1201712
1216318
1528679
1514229
1063080
1036337
2313748
1174287
1386015
1477066
1310811
1276076
1593169
1192289
1125993
682223
1944070
905150
1247761
876826
1943070
2246804
1845703
2032094
93818
1055732
2439273
1125966
2388452
2823258
3537527
1856742
2929244
2638983
2766074
1126649
1652072
1887477
1724940
1678105
1809820
1400636
1370150
855850
1270039
1551030
1193290
2042589
1203620
6192879
1862183
1908613
1339443
1450481
1910363
1337105
1361048
1761888
1833166
1660688
2022477
2645363
1532342
2377958
2203727
1466884
1270483
1373282
1298008
755740
2044162
3417292
1881189
2818960
3024581
3170192
3231500
3390268
2045767
2325277
1455760
2253968
3885027
3417517
3345030
4181665
3303870
3748934
4787705
6449853
4198073
4631429
2872010
7809887
3920675
3300344
2847709
3321845
4832439
5934709
4508174
3314051
7005455
7115810
5781199
4873291
6267998
5541636
5969745
8108431
5061624
4084760
3872465
1410761
2319018
5017976
2034894
4398026
3481823
113383
1375415
4317864
5081912
6393643
6300991
8318866
7010978
8123500
8331260
4966797
7366007
10455151
7660679
4377194
3756154
6104514
7852543
6772086
7991772
10255091
6921604
7631505
6790461
5760905
5326978
6544437
6846879
6959591
8560893
11969978
15822575
8571681
7677292
6243256
9033427
7327935
13576166
13272903
10685444
9600687
8913627
9544887
9060531
8637962
10212599
10312457
8621968
9655157
11466535
13050867
15068045
12215129
11502858
10432653
10795813
10536989
11219937
9278713
11082468
9692227
8308725
11551353
11002255
10266562
11708113
14137666
9875723
9298818
12204323
10073953
9567817
9313919
7713252
8329974
8362431
13792279
12182856
10929015
8396591
9107502
7117564
7797452
8553098
7571150
7841735
10204271
8079951
7352525
12147917
8544078
8283145
7905523
8108791
8875568
6645434
9085412
12027221
8892640
6956510
7048097
6854496
9271768
7788061
5411276
6908129
5008111
9720826
8222159
6598655
7472332
5382399
4144529
5019297
5028608
2927697
3578423
3195130
2147270
3708247
1935065
2599424
3853921
7035247
4391456
2320583
4194634
4812384
6474461
5343629
8226860
9907246
6544494
5707942
4383028
6736236
7734127
5533484
8585146
7759568
4062443
4653009
7756328
5482243
4421441
6718645
6124485
1478901
1260698
1694234
5023480
5653360
2056514
1825815
1319891
1141621
3696351
1951963
1255581
1259542
1976824
1797634
1898610
4694227
1328734
1660211
1273177
1884610
1575218
2216052
2186631
1898593
1733217
2150844
2396710
1412062
1946050
1931799
2132832
2087749
4159930
3517631
1503973
1770900
1592237
1964874
4161572
3800329
3949972
4539464
4415210
4130971
3486344
6483691
2764432
2044302
1549416
1977157
7354141
3526904
3444281
5560481
2927297
2772037
3652258
2602645
3004773
2945177
2687361
2489451
3088581
3287431
3579838
4513166
4867755
3611440
3561236
3470511
4821226
5460808
9720860
3799827
2955470
6024791
3889482
3850702
3788754
3817570
4104808
2708100
3675626
3885795
3593515
3949515
3493982
3439983
1853972
2874826
2060844
2510097
3172970
2933040
2932809
5303848
5514523
4435197
9195880
6769021
5439507
5366778
5507734
4568999
5972859
4341298
5045759
5705505
2098210
4149537
1956106
1356360
2696546
4714469
2140087
2952725
2051820
2162028
1784613
2051633
2150200
3775359
3726064
4353288
3164960
3564411
3888422
2949262
3046379
3216230
3109658
3762843
3704341
3953615
3448322
2911516
7165790
4404627
6845402
10651583
8906238
11232967
10892752
10985357
13654079
10245518
10920681
10977604
12720965
12953835
11101280
15850025
14451443
20563836
21770112
15579925
15350078
11753738
11852839
15411017
15383937
14512565
14566351
15555549
16014779
15168990
13119248
14499484
14260951
16753600
16410732
15820624
12819147
13716453
11355334
12836011
8803296
9239778
10666045
10678925
10848830
6441759
10674112
8759448
8519483
7522023
7446311
8009101
3818277
9197428
3936657
3497455
7429019
9817722
8396283
6890250
6781685
11416851
9330779
7715943
10148395
11321635
10085304
8142634
8390007
9245280
7350633
8561142
3596233
8165722
8915145
7300208
7969385
7525618
9965017
9243104
13882671
11522027
13634805
14177207
10221857
13798978
17287941
14100147
12892662
12594198
13037843
14492971
13642516
13758020
8396740
15367558
12958205
10723215
9766715
8542029
11198118
11030157
9888748
9227466
9761926
8209568
8061782
11565478
9336121
8667815
12167380
7368733
8013392
13233459
7028408
10385439
6513499
10883386
13304630
9682064
10374728
10830807
9944731
12895421
12845266
7535460
10729193
10384507
12207020
15361465
11192463
9834369
9807963
11118677
10152148
10633926
11528142
11669455
9866118
10402840
11725631
7674175
10242204
15406421
9931148
9263754
14884066
11127308
10644838
10770736
8099723
9013948
8617767
14770859
9608625
10332856
9333713
11837088
8668921
10512581
8984511
8281937
8156104
13420831
10435177
9388850
9476076
7910946
10868585
10294502
10656890
9416223
8997848
10800661
8536760
12788058
10687535
10356870
10056834
8444418
9770635
7927883
9887139
11813216
8225811
8892866
9249524
13819858
8379434
