54230968
35051491
63161084
104732381
80178437
38695777
56685337
24722013
59998565
48565766
74655243
32342154
34413910
46327893
65272882
39577285
48392434
33030702
30803427
40858345
28973013
24704740
37992316
34067815
31392200
29752693
28741229
38937832
33622640
44402688
39995203
22961275
25637353
49012695
35576940
36605112
28459136
28525975
50998415
52305722
26187524
44859997
29967999
54310965
49387243
35030126
27665361
32459981
27931521
24707369
32269489
29927850
33788831
34034378
30780738
30312950
22645274
26313377
37204807
30604487
29423023
30771213
35001889
39011676
62345845
42702092
29680340
54264623
34312924
37820859
27115576
28623492
27856469
26538488
54315734
24815018
38449243
29849726
25538779
30677900
28919779
28273142
25996742
32468662
31623632
31821378
29159217
39107502
32511604
39783889
42393309
31935142
28551898
31400487
31297976
33241745
27113647
35664783
32807421
32816168
25019111
29985162
32390846
29717642
30005041
30960744
29460479
35120639
30411692
29118841
34737902
26196975
24908758
24943286
33715257
36221222
33403911
39273426
30996632
51085795
44210263
27074440
25783211
29215677
36265490
45157984
24088245
34349598
38577782
29949222
33051209
31758800
31392037
67565583
27076275
43028586
28748662
36717986
50830722
68001573
3010052
45196282
42397601
28851184
50030288
26142213
29400563
28745424
37819795
41387396
36493608
26336687
34877489
33081361
34667774
34993101
32953824
38560333
39624771
38799369
38132477
27668031
30275419
29732787
33448917
25320616
51584091
30467666
29680261
34850251
43689373
29008079
28086329
24873215
27639502
32184356
27615051
33915743
30698324
29405501
33972474
39549335
31474629
40445899
30166802
62101555
44467028
38099665
45418344
42663876
23634245
23061599
26900948
27358124
52912423
53689265
48285436
37401434
25974749
30375526
31565226
31314836
53644348
25800153
36680383
52288974
27331941
33446804
28384249
41142684
35305213
29297264
31054901
30551346
28372118
29673437
32171739
37139965
33950824
40363639
33912021
27007289
26688482
42004188
25157411
31644705
50159872
30440754
27496882
30368678
35101169
27803407
29596168
31583110
35239824
32353165
43024439
27076278
30524237
31583968
30283849
27821992
28141169
31903049
37536902
27674820
56423100
26504969
26267517
48523178
38815960
32191582
29789301
39809498
38628659
36359163
31027292
27092394
27811165
30905447
29405996
27813544
28274938
25768039
28973875
32456719
46058356
25063607
28501747
29172606
35268101
41789072
27630901
33574077
53832025
55347727
29926422
51373829
33599395
44847152
29698434
37572925
40807544
29061517
38351419
31803993
40958057
33114910
56223637
39498323
48020928
43245819
42307528
35568226
60520119
45438432
42516180
64165040
26705530
29878251
30816157
35297220
32193654
29255863
37745593
45600654
40635175
27973438
28056481
29610290
31571601
42948548
40497859
38105169
60904745
31479270
48528305
34473401
34852620
27990474
27136150
32731318
33833562
33530709
27861591
35339044
26692091
28603264
30788973
87600727
35537197
29777027
30010841
31194994
34076576
31372500
29559111
31173553
29136113
23518809
37115358
26630451
25354067
30604937
42012164
45271557
42678920
24050539
28688478
27194857
31101187
33309271
25325140
31912070
24860192
30183618
37180896
47263037
42672170
48214110
43440141
31448147
28425292
31635363
30851725
37504467
27208010
42851769
32985571
32261208
27906054
36317912
42029886
31949584
30550484
31634686
29794215
54854871
68462961
50620822
50852643
33856649
56029607
54853199
28706920
36141523
30982343
33677399
36606473
32439537
56032574
29856477
36083487
31717951
36952150
28756744
29771021
33571676
38974303
31711461
29766406
29889266
39673358
28239451
44283966
30549052
25071259
30608968
26833779
37811600
34490468
25828872
26915698
29513213
29869402
53479246
53703556
36243496
30336753
25661083
38371128
25136523
23628616
28637699
39870047
34441582
26239722
31189433
42299148
28503282
38922910
51068898
51066524
28359794
33824996
30888497
32470223
66257229
21864121
37449944
32695823
26996607
33777634
39018543
36408436
24058780
28906946
33945961
26203774
35272464
25163698
36231897
25638875
29910161
32869463
65101671
32700741
33219765
35495821
41608864
27369614
29898940
24585761
26796843
29584816
25501063
32229178
30137263
31560052
27151004
31723879
23679254
27203603
27603094
26581834
38333154
55646959
30465426
28088386
26314315
44273888
30482740
23696352
22602776
26507449
45829941
26606463
24517315
34889047
31727377
33141659
27695986
24123062
21646059
34869368
27827587
25470909
26528993
24681167
24702714
33906811
33761667
22986246
23580052
24312664
43679070
26772763
29877833
29313921
36880702
25872203
26936739
24855773
24450512
23623849
26718410
43524554
31115442
28935123
54072569
29028854
54338046
23299053
26822930
23781322
30149786
51336777
29287475
30636953
27070826
50269350
26985652
32147469
35035962
28053352
25530398
34191757
30976422
37347387
29119174
32104969
31978977
29390004
26995185
23079315
27728916
23532170
26232294
39894450
36375449
34314487
29371905
25220518
34718886
22833791
26014215
28012202
24386187
28676004
26013841
29558832
22539393
28969426
23760148
25117750
36578890
27644094
25067404
28214135
30366338
32490472
28603831
25139018
26763533
28143861
23456959
26198543
28811760
27330570
31011704
27982107
23976897
22524601
30480564
26255582
29049473
30926821
33340931
27197870
23922640
30557814
59807654
36906993
24927750
30496059
37007536
33035548
24889593
33816218
27834476
40185223
31799687
32700151
39986260
2784518
29733668
41378989
32961834
52654505
27571580
28799346
32137445
30693519
28288701
29296879
29069979
30218030
32724507
32683960
36488442
30561085
27601728
29271655
27283240
24567426
31176513
28093571
28732465
31821153
25177021
27793623
44718852
30466877
29001961
30758092
29214629
29238694
33589222
27601575
37322615
40065066
32580261
32630825
33438708
27067246
35250273
30806820
29787468
31322542
38343788
34667812
34942163
26477794
32486059
41465404
26956678
29232894
32377730
38888007
27254177
29474579
40246133
26964521
29036857
25075197
27827714
25669889
30712067
28644508
39006953
33112928
33449844
34941978
36971557
29468280
33751199
28939834
26406681
31885523
32606564
35626400
34315233
25281114
29634795
29328912
31459186
39811882
31324282
39344887
38319197
24095747
33024041
33175805
24250863
32509325
30345551
35168792
27223126
28418634
45599241
28820731
33730364
26745846
28543032
24348103
33222985
32446546
29069647
29486103
30895351
31757793
35395671
37731882
33431110
31702739
25625144
29169338
38520295
28784741
35124269
33317960
37320852
28007633
35258168
25768818
26390336
27340761
24847883
27896670
25446194
31517387
34216702
25312238
28823176
27095836
34028739
38643574
28608955
26176743
26667705
27451389
34874195
26938937
22665904
25795046
31438338
24831401
34113164
28645493
28534407
30805208
26743836
24676409
46640309
27533258
23441961
23727937
25916222
33585258
38073488
28204615
25038673
27724149
30031179
26634453
25381241
26132825
27531899
24465993
24782829
31744132
28236944
26685257
29412990
27404015
26931072
25221957
31493958
29744095
25779242
24511560
33650580
25991208
28823542
25619192
21454374
31252868
29307035
23412660
24708698
25731046
26545302
24554482
26714466
26319077
31490768
25561670
24351660
44261757
25532723
27949844
25605967
30650825
25365994
26419930
25444313
32348069
38034039
23857090
27810138
28073347
31860205
25030480
24335002
26872910
26760303
31713194
25326572
41507723
23042426
25793466
29187768
27732275
26928266
22143853
25173241
26112649
30551570
24314693
33840140
24285444
37035077
32026762
30637580
24377804
26183451
31800405
24301085
27859678
37589962
34496219
34625872
26737698
28045279
24414569
24036467
32046272
36681489
25374457
27153065
28318683
28436710
27974842
27614442
23819574
26315194
33501756
35611514
29697232
29731674
26580498
47612082
28437508
28824658
30554517
25772008
23484549
29079119
28758854
35642134
25047119
25467382
24083116
24066102
31085238
26265508
26002782
30451084
26816678
34651204
23530063
34806564
26726650
27380202
24529321
22566792
31219994
25929355
29125738
25121441
29418039
24137696
30722448
22406315
27970858
22034789
28298116
27826815
23397543
24413005
26426766
23422493
26281159
25500430
24131607
24537285
25828400
31800648
26087005
28752020
26655286
23301926
30772369
27030872
24908728
24175751
28852138
27740705
29952308
34699150
31057724
43175965
33956859
31230419
36273837
27316828
28764042
27553166
24628108
30074853
27598877
32621358
26458842
27195207
25464634
29042559
29115530
35625068
24222680
26741356
33215257
33186548
29958558
36553207
28057837
23413913
25495868
31167368
29436914
28003876
32888726
28645900
26621446
24970985
24103207
38883594
35861282
31670082
32567319
2890721
24214435
27761196
30410534
29325893
33859599
28128029
28210021
34865352
27491123
35996411
39260869
47859605
32689301
24321044
26492638
31185875
28782481
31917973
27052206
31215400
30663120
26435066
27563648
26693017
34785675
34553109
32718260
28201935
32013485
33314832
29851736
40254782
29654257
28681368
40120963
30421130
33582509
28692462
32194771
32685648
33665672
31688697
33737580
35714136
27646004
26640950
38775167
55047777
38225175
24570047
29867992
38402921
28427198
32379501
36233180
29399405
40418543
42214801
34390254
29505313
39178599
32514601
37065446
31065528
28972445
30896455
29601283
41043688
49909593
29145661
29540596
30965313
29739259
47631442
34616500
29100745
26262528
27883651
29039974
24464763
26643587
35882903
27440825
27951510
28008125
29371104
48433008
33337300
33770546
24432916
32862495
33326669
47566678
39770937
34412873
30325202
31271255
37560342
26565003
32162228
38920792
32147660
33083151
24708725
27040744
25124251
43793665
27238243
33527473
26952200
37419800
42280030
28809013
32692421
31395478
29024719
38624128
30717302
29818767
36186478
32735380
31192700
29446135
25861030
29277141
25824484
38295840
44815547
46687230
26478937
25726611
30064124
25748232
40301229
34166835
31167401
39573457
30795159
33679054
28551725
30817165
35516045
27186142
35807676
27791104
27551901
26511869
32635353
29675777
27041909
30998357
32482881
29613724
23019425
35867958
31467302
37658814
43941770
30681068
28991838
34124088
30450599
27314063
24271987
26463077
28037779
28192342
32010700
27796940
26523653
38138914
24930872
38450256
26915528
24606550
31696840
40399449
25887689
28704037
38596882
26586716
41414013
27829070
27919462
25830982
29585559
32626409
37166641
30146906
27566663
41312080
28642196
35146749
35373608
43570840
25901145
32426443
36002206
30808097
26969076
50766518
31917458
33452036
25938904
29471390
27604355
34662724
32678244
30422645
26890126
44015538
29884217
34506062
27412156
34712278
34453914
32540295
33764219
38738276
31048004
35355026
35850614
30505367
27427956
30209587
26389925
31401639
27415985
30345711
27515386
28752028
41647073
41162927
29452827
29173590
33147430
29986299
26968971
29340548
27984261
31177212
33050707
29283634
25781767
27607023
29789382
26394619
43725040
29936262
31373572
31001057
31234565
28325694
35111163
34802919
27122787
27480157
30883174
32923751
26967636
26317483
42749647
30197544
33888249
29679615
26259308
42011486
33005110
32770456
27099285
30656263
34645661
31665236
41265404
23320235
27302467
44715347
34440060
46524454
28046681
32117446
29414408
42133522
26938608
28079438
28651359
42374753
29678206
29837964
32808842
29575291
30706719
27378164
41534636
26857270
42189791
38766302
27059110
26165080
32635848
23848454
28948688
27547797
28946073
34642751
30347849
28255322
26637784
28169380
33112074
33542292
35052587
30854797
31172400
23352226
28421144
36149713
26786908
27192639
30715055
38423625
34341290
2687717
24374484
25690757
28223882
31990737
36203083
25282033
28283048
42561453
35077598
32475252
29898843
28006528
36067650
27079591
28867397
26507799
30492410
25841121
29014442
26600299
29364261
29421437
33638987
25314109
39542629
43937254
34119574
24891444
27505563
29838831
26631626
31402064
46215707
30511299
34765002
35779782
31236324
37972921
31495247
29073613
43709048
46885828
34291863
31091653
30076037
26858505
54855960
40413219
34192586
35123905
35875385
32818126
32326364
28254088
29016115
46037614
30529087
28920059
30478259
38501344
37905610
38671125
27502322
27034290
42130632
33362806
47342024
30169845
35624319
28623508
34835364
26935685
27921192
39694124
25628875
34014277
32210015
33801642
37913944
30898796
32448555
24393211
24657468
30437480
29398843
26828508
29448460
31189326
45240461
34249427
29531406
25103824
29052238
28863631
28356538
27136215
29335413
29000631
28529252
35735169
27854915
22763757
26514882
42596440
23172062
24287129
27950864
22274064
35658914
21859106
28541983
20964777
22735511
28750071
23465596
33979717
26530601
27349303
26262026
29850513
28789729
25557765
24974544
25100281
24284451
29058824
26274633
26188267
37518299
27264075
25096536
24870376
23764420
26292348
24199854
28792083
52142841
28724492
31224113
22983191
28102320
21963755
25832237
27947494
25296346
30289791
30611069
30245198
22814497
26271790
26768981
32385653
25911368
34027930
25639441
25854795
27887000
26708375
22748821
46877524
35686865
26956290
25693018
2079357
22137144
27650406
31820522
26959875
30978698
21846947
26982490
30825050
35242383
24124071
28465274
26109469
27092303
23544841
28675034
23832712
24664099
29480834
24961462
24917958
20815353
35844298
22720582
29392413
26934366
23957470
22960149
22649898
2602289
26755069
29844276
21240808
23465319
28605383
32712530
21883172
27721466
21588137
34715208
26810681
23357803
26497511
24265783
28911809
24640555
24058871
33667649
22431147
27089805
29144110
26735843
24340556
27502048
28787399
27224854
32083142
29609875
26590200
26109842
21800346
21404672
30538872
22963466
26001363
27859105
24326826
26635151
26597961
30726122
22663161
24449748
22577585
31007868
25575436
26045238
26096749
30315922
25775873
32783978
26781330
23131484
21207746
28996355
24866815
25733006
24922372
2956827
27499456
31686354
29853418
28088449
21581491
24289060
22994317
24327860
25132189
20147550
23267463
24810067
22424371
19677574
32472257
23158907
27325869
25701964
28479774
28763873
24941190
25117496
24398408
28964520
23214747
28631227
24665495
24769260
26550929
37655448
27135115
33051686
36494462
25416483
24781662
30181902
20540333
24278015
27748552
22840947
32376374
46818819
53385340
22171758
26183953
26767635
30312624
27666232
29445801
33868315
21885449
27576208
26059396
22352175
26496459
22007349
26533150
31381790
31725675
39976383
25357066
22497522
26251051
24409721
29877895
26786661
27150060
25980707
19946331
22037238
23116107
23739700
21817680
22189611
23654756
20297117
25153415
28502076
25449706
25407217
26779138
22908745
29000043
24857987
43944682
21428968
21731018
21040877
23794607
20795786
23972984
32613029
24851498
21342706
18363385
26197991
21590699
2418474
26588742
30174704
20932506
31858112
23004796
24866879
24204596
28679355
26815309
20782357
29036313
28548905
28180515
27448390
40539045
34379071
32844856
27204487
21945654
26180534
24914832
25326153
24001127
38482751
25741930
25672759
24243263
21172812
21176689
23711822
20513833
30189718
27149915
26280963
23576876
21749991
25923509
22388785
22972760
28796753
24263023
34329217
21569637
24436227
27760276
28372316
25108536
25136935
23023066
27130780
27597434
23548020
28916810
21991093
25699584
26049439
22550329
24910299
21171604
24732040
21990718
26793250
22620410
24706135
25158674
32140097
23164680
21702062
28727248
20546930
25451049
24029697
21527878
27982825
21102338
22725157
24580983
23983472
21737555
24084345
25619452
23409304
24322547
25666677
26415941
40239593
21228084
22557443
22365398
19809959
29732543
27151592
28589147
33523049
20422245
32796818
19916936
34032245
20834280
24253320
27643324
21462833
21221815
22369160
20488173
24030505
23955006
21708938
22652272
29265297
20076648
23118004
20176421
25758982
26144276
26298696
19633836
21698893
20302816
21145746
23206236
25565977
27278866
31914847
24935775
20736260
23155800
30324307
20475639
21401609
26120632
19887899
21304788
19534441
24646220
22495110
25558811
19717437
22624292
22976405
31809862
22246982
25882322
25270863
27359761
36623987
19971536
22553400
24825430
23670316
25006357
25691572
46174600
37893105
24065812
26730247
21328249
21667585
27681901
20054002
27242735
23479488
23408408
25679718
27317253
25006139
23487384
22028433
35599853
22508712
21609529
26639335
21658542
23821264
28138436
33677824
20775670
26619127
30460959
24070430
28249141
40964406
23665793
28611757
28143347
27278789
22995230
26355615
24402876
25975638
23463263
24781335
20796746
39984503
24776074
30123342
27199273
22510624
26850282
20969050
23419540
26447403
23870800
25690640
26222772
26794480
24358048
28382555
30814297
27817271
29002896
25955091
22899444
23331492
21557213
23724785
26934759
24376430
26356916
24455900
28517038
32750370
20110655
31352349
28223893
27123400
27339495
38873605
22529958
23909827
25622474
21386185
28327366
26891923
25751667
49034867
24674619
24575238
23886408
22658413
26585491
28899902
29433622
29963987
26446626
22872244
21767054
22404724
21599402
25311908
22224318
28180900
23902422
33051662
22869897
22340731
26681579
22020326
20259278
19670111
22227284
23442223
20090178
23397617
23472944
22437842
21164342
22719488
22706554
23850000
20906936
21551477
23896575
20328849
22384040
25025291
20570249
21063811
20556613
19021213
24009714
27325373
30990845
22403061
29751803
2737564
22259122
18987594
24239739
23783701
22765143
21844270
24484378
21096487
27603243
27518994
26266551
25976845
20577959
20647844
42052569
23202342
22751566
44699437
20814293
21028998
30016735
29354216
18456334
20358353
18562683
22384586
23001145
24216921
21624753
21036207
20110379
20730298
19255532
19578649
22422113
27575976
23926058
18145220
16957602
19848147
27251125
19070387
19882117
23067344
21698050
20670874
22079030
23178811
24783728
23227574
20647638
23462545
19566473
20235422
17883857
20844191
23778095
17497194
20318534
23034017
21564919
22217364
20102672
18532751
22169046
23057930
34707069
22662706
22089440
23186021
22621835
24697308
18762727
19019445
18328393
32639283
28751398
23496356
23022411
18711747
21474570
18709812
19025965
23473888
22945567
21961726
24314190
27871989
17808862
23030066
21715948
18591677
25019143
21661861
26942364
25719451
23792604
22094981
24821927
25265975
20949754
23739414
23903904
19707363
19548669
20462558
20951177
19770146
24038399
19650495
31742570
21974977
27579216
21514551
23844701
24685073
25812526
22890772
25154469
25397876
22290379
17240628
22139247
25433666
23596351
27595000
28760993
21915258
20933543
24968418
21626967
27992485
23222258
22826052
20238295
23112334
29698475
18979741
33448578
20991979
22852304
23193953
43528979
22313749
23175214
26079778
20189964
25426545
22819294
22877432
24151895
19752371
22204502
23692976
21108622
24458119
26578176
27673017
24134146
24891375
21722115
24096927
35896117
22265572
26085416
22014652
24910495
35974391
28313243
29211159
25338700
22700854
23874102
21467726
22896040
25222322
25389111
22938981
25901647
23177770
22476069
23841785
22657946
19410024
20644331
22974206
25689721
20864578
21560706
22841241
21785841
19685536
21582964
22607577
21320270
20406515
19683599
24815284
23664911
23209812
24077497
19007997
24516147
23981853
24154253
26977402
24085358
20936993
24580917
21703225
24765033
22963912
27534427
21429800
22512395
26049965
22340987
20036964
2872142
37283999
25506300
43238692
25156543
31411245
30224743
25658645
25185967
27935684
35207300
23075029
26116007
34770820
20918471
22649998
24064709
30599408
24341006
22737993
29315579
27894437
21563433
27226567
26425741
23478434
22888790
29803589
24631151
26934765
31268902
25313274
20420627
25463438
23028794
20486894
25447058
21052587
23152092
26402693
22598737
32234441
22981799
30243269
29573316
24591760
23407088
26205842
26562543
22734049
21586508
24578058
24964920
21056826
22538089
19620753
31391296
24702179
25147192
23866861
21137122
21840274
26526713
24775181
2942678
27845732
23911149
33880113
46359123
32607904
23831880
24066615
25622007
23990480
29136662
19762343
29760901
25520250
23314851
27448069
30009208
24171975
23921036
24525187
21546755
20696745
21870391
26633966
24719033
22492458
23357163
25690293
26743170
25988038
25273685
25217151
24071137
25025391
19588134
22489557
26980591
23249616
26695917
28063092
22724916
22939984
23906817
26273584
23543226
22106517
22211535
26746720
25046216
28994197
42503164
26598271
23188301
21681640
23786987
24878300
32207851
24627779
27781815
21487556
35691871
23902459
25152340
32940771
26073325
29293019
25717309
25142047
24892165
21967831
32080007
27399978
28844981
41617543
20735068
27438188
47350164
22766434
41345112
26181873
28295971
24168905
22513984
21010625
23311699
24074019
25537397
25432634
29792062
24889996
24556611
24476002
22774440
23567688
21844265
28776318
29231253
27389732
23313938
22283519
22708284
26604858
22632616
26451833
23329937
22593101
27232903
33789731
32769803
31841142
32845067
21473980
27174956
26278817
28791382
33068687
32210143
34002440
29269995
32043329
22791817
22758808
23667526
22532374
23273033
31813309
26982746
27753102
23666709
25069609
23992029
20978658
23636735
23061711
30650053
21469116
25890794
25507145
23365428
21523842
32947046
28823048
22400440
24197487
20677587
26265488
29087308
20810213
20471759
27100875
23706830
21323232
20976413
24958514
24491001
22958993
22124995
26440001
22498036
30998524
27708297
30533421
27800781
24396553
25845684
30375346
30272549
23023653
21091178
23225471
30235714
24894750
21883199
22401949
21200678
25235412
22241494
28043836
25973388
24127460
19610431
2522874
33043618
24801548
25697155
23707899
22605876
25717918
23109452
23940115
26187982
28594190
25154011
22034274
25881011
24259038
29886093
23989709
25513414
26284856
32991762
28708109
25600268
26207798
22283037
31570803
32737495
25047615
24598502
22757566
24601549
23157579
25660166
20065111
20103849
25961191
25510923
26457861
23583124
23897809
20383942
28332468
23269469
28620650
26841565
24288496
31949145
23796925
22560537
24805370
22425498
30094622
24068772
25589559
25032242
23574440
40565997
24745719
31149981
25877254
24890220
52382015
22765675
24867062
30154995
24708645
33133288
26602471
24450627
27364375
34036654
24872915
24310711
27362659
24245701
24534120
40877672
28554520
24774064
23743666
30524308
31899299
21841303
26704659
21575476
22459072
32069565
35577336
27523358
33158813
21291848
26543628
31095749
23649201
23203233
24863998
24150706
23371713
26581759
40303526
21932353
29417420
22540512
35708588
21771904
29367630
31112953
29853524
25759572
30099449
24309689
22111624
21870866
25708678
20651699
25432205
22467905
21863859
26488517
26194321
44462340
3235173
30589708
23714350
29462155
27917115
25444932
31138773
28774445
28946509
40098800
32753670
28968319
27607008
30756428
26562642
27289649
31994058
33402400
26315554
34080350
23798868
27911468
27751226
23375355
22633271
26784738
3099707
29405456
30198919
27601607
43275806
25712985
36484134
32627582
34577654
26524306
24660419
25659365
41760515
47750128
30959708
31199976
23724826
33034556
28096082
35817094
34835659
36203494
29140074
22966490
32576102
37023570
37067125
24834505
25648928
24570452
31435309
28511607
54038714
28795608
23740807
30513995
26522497
28517179
30933303
31122365
23589478
32327859
27184491
29104322
51366629
37671954
22931463
25048846
23204842
28289324
31461635
30192786
32825462
29484290
42450675
33502315
33063928
25277155
30910923
23758259
39060503
32881847
26987940
32775430
25726438
24854402
27472689
33025494
22654179
26339469
23352490
25007650
23995474
23163533
26033861
28644464
27862510
20152571
21446981
22228247
26557625
28388630
30195133
29718482
32222958
37636564
25139037
26876251
30015416
22328970
35003468
28918563
33654300
29149051
30374861
27353937
29373260
26526587
31773411
28690466
22901303
28495660
35456383
24761312
33069885
27940162
25375963
46350223
27997984
2044824
26047288
34597509
32160569
31704262
30016695
30981385
30988262
27588758
26760078
35512472
31363393
25887302
41668836
32319676
24099754
26726042
34366895
31880471
27015640
37552969
28401069
30161926
25830539
28069795
32950724
28390643
23694008
36397358
35648178
28018852
25038715
29115263
29141494
27772845
22625674
32183297
24352184
36948384
24058240
27375817
23521658
24113796
37133270
25285264
25454674
38337564
27309503
27673308
30143103
25906904
25576322
40048932
35411695
30070509
38727923
27958818
36199637
23776908
28922357
27454855
33249995
40455682
23016632
26597749
24910770
29409982
28281849
28068954
32905115
22258427
27616959
52155222
56709363
26121655
35078364
31683108
34299592
25069702
30734752
37149064
25781840
20249913
29245765
38586945
29007030
25177547
22709461
33093471
23043389
25303216
23248339
27211902
3223780
30421392
25625591
25540872
44476157
39416056
26731612
27244752
31421545
27900245
30392368
23973663
29852297
23382960
29986617
37274502
31191521
28942614
31160029
29922881
48404030
30262980
28839724
34031575
42562326
27696137
31589870
31231690
27590929
25716057
24777017
27746044
25849530
29458949
25636744
44153551
25873599
29713534
35088878
36264689
27893291
27060689
27236426
28505148
28271566
33191616
30709796
26289969
24900594
24852836
24849295
43067685
25476236
28169082
28256110
22589416
32206133
29817131
27315208
24393677
44976920
30182109
29528583
36978795
25758408
25201518
23694864
29627419
29346124
30814878
32512805
43110835
28864935
25224710
34984062
22957418
29607286
29011826
24752949
30095861
48215221
34144373
27058775
61118697
27218939
27273729
27342932
26023049
25554571
34686270
34535535
28958583
29290397
27126167
28349409
29848899
28035851
24388586
21383383
27078609
25433249
35016915
39238873
22659724
23613969
25361353
28959754
25295039
21807419
31373683
22082433
33625529
30051719
28178518
24604044
31114983
24087379
22801552
29606034
26493753
26355446
24788095
29983625
28058106
27581859
29584252
24179092
31658067
25456708
24483254
25040807
29617739
23204123
28503812
38937281
28688431
29204665
24879416
26282779
26996091
24330550
29905877
31722088
27853582
27195675
24383731
27719379
24553632
36817453
26180060
26938547
31858168
40916687
23850026
24007545
38483701
25035360
21958612
28580475
23902038
23286337
29680289
28915886
29624365
25944259
31714881
21695264
24146593
22247140
23006090
23544877
24679150
24177668
34310808
22466415
53171182
48966390
27456795
26164748
21777771
29229045
26395180
27519618
25880426
24039074
24803626
27524985
25701694
23902857
31628977
1998404
25725801
28595573
30161061
22403618
34359567
26711127
31746794
21903205
28367033
25965752
61843040
29826478
43094339
25890305
32408576
35289823
28788526
24396907
27441143
27001167
31610845
30242504
29166830
28108592
28108631
28674593
26742178
24810178
28924495
24738079
40523298
41935847
29655878
28562396
29341173
22921300
34583901
27346195
25109620
41842190
36378312
33281230
37278458
31775620
24783129
30839149
29607435
26276935
27230445
25260644
50095365
24055737
25921612
25215645
34782327
28590594
26409114
30072847
25296814
25668922
28689594
22398180
33526092
33947691
54818629
28517390
42990437
29355069
29440524
29932176
31607230
24179338
25535257
25661491
28049623
25519780
21556237
24400534
24649333
37991858
30098078
25607976
27289835
35195223
27800095
53718856
31101312
24441329
25834174
27257271
40968539
31549974
26443076
37344612
24817898
36291096
30278599
24871671
27281585
26867833
31831922
39534273
25726773
28430294
32642819
28952198
32853938
31167169
23142543
26518414
54618194
32262974
23225791
40666318
23816906
24966768
36425843
30167761
28937288
25723411
27733551
47717038
48086188
25998811
27366936
28709182
26602840
28408642
33146414
25395032
25007811
25678591
33783824
29319001
25348940
27582398
31046534
26242010
36200992
23274985
33993507
30140396
25154162
27371704
38775092
30608070
27243580
27959575
27404757
28389299
28309122
25809256
24422079
36782717
23225683
28128013
32430631
26227137
26197415
29023664
44956462
31591010
39158529
32560559
39605541
30101997
28196967
29891732
25637255
40390772
24365342
26950775
42124005
26035453
25586486
24004641
50274114
31592046
28804754
27164149
22343827
28939348
26621657
24671348
43659577
26944288
39008792
32335351
24886424
31829088
26195547
49667272
27944665
32324897
37945814
27608829
53434238
38476936
26823179
23952328
29659826
30365534
31446434
30314099
40792542
26365102
35628090
34359176
27672027
37498087
29073118
37061669
27870549
33783790
33321387
42066617
32813273
33450247
23761710
25745577
39333995
31924160
30853329
30191853
38746243
32305527
53824878
49060917
30209148
24528977
30522502
38599959
27856329
31631906
39042796
30071704
53273000
29707020
22436621
28508285
46194717
27415688
31054366
25065258
26634050
42429033
27641168
32523620
29809709
23756992
64325935
52879104
46469668
34751004
49771206
55704312
3047933
35338506
50318351
37337434
30681906
35834191
38164740
45559494
29411160
37465085
33760542
30445006
29371303
34512416
25172044
32556471
27975228
32512784
32189628
83063990
60256441
34975473
35575874
26900012
23852797
36238530
40472966
37408534
39405266
29451322
37307466
28388701
39095846
46699396
40149670
38826684
39781795
42060405
26838820
26877959
49506940
29009590
29411207
31066693
27668464
24707389
34792266
28019720
28698712
28550397
30681384
30933373
54056852
43278363
31717092
32634719
28776861
35579926
26410667
41885812
34943544
46291683
28225637
65050959
37873188
32753385
29124941
31794325
30291128
45016184
37309595
41268336
33445959
53482934
34272427
41391370
47382315
51739518
29843392
51409114
58701287
52055772
26625518
29883000
35589612
62563707
47548971
39467418
30986476
27843615
58883835
31886350
44729721
37627536
30254048
32563462
30935355
25444191
39291887
40553072
49365660
91049297
37909216
24338420
24354837
47985463
51678480
34011502
31629903
41857780
32328952
31275833
39614878
33736910
43426370
37849817
39864981
26118202
30216775
34444452
30594403
34045473
26739718
36402533
28613225
25765526
44615901
30760127
37445487
24891078
24881872
27879071
29108592
43554996
23805903
29110857
29449044
25148723
31102974
32707160
30822628
22741830
43671560
45145791
27268680
33453562
28286453
32536867
41878659
38218386
43435298
27195802
30821716
30158930
27863228
24459806
32349104
65121686
3103976
62633002
30328289
36814794
26590771
33207951
28290124
34295048
31594993
29835065
39499041
28637975
24717185
39000229
30586869
31246411
33002324
45405704
49307282
50382122
42569296
49888738
33286417
29294499
25941640
72882259
32770589
29274534
33656646
31780787
30770342
48245485
24574814
30995803
33861632
28274295
25475128
44866073
30140942
40568611
35967125
26729210
25977895
23959382
29109727
29725077
26089749
25662821
36488214
43442557
24673752
32540903
50941137
38515564
31644463
39475837
23905032
28574439
33890099
33231665
27271930
30405889
49858421
23581269
25067823
26149693
34840085
23089220
33287560
24561801
29421295
27747096
25767539
25665912
32141494
33910112
25764611
36768693
40672851
31768613
36607700
30996022
25132462
29182041
40507113
31225727
22102553
28953903
42977176
34465988
31838363
29207944
30726561
28256162
25973176
33591254
30762612
22194739
27885466
31121430
25546558
21001105
35059172
27780426
28364209
27632325
41384325
25592020
30237785
27149546
38069478
27101648
30529312
33959415
41504338
32771829
25625266
26746079
25932035
20670402
36908112
27361634
26817431
26949669
36617299
24866518
32453483
30837838
30919317
26917135
45732262
29575094
24788052
28735162
30362878
38314638
28388675
25152175
54822803
27265321
29058977
21278020
34973752
21613029
30152307
28832203
26851237
31929931
30631594
29321390
24049451
26232861
26136453
22112230
25949256
24687442
35545268
23766681
30674547
26496749
30955559
23258005
28408462
32168399
23424367
38452641
30710978
29879032
27735338
22032155
32161410
32084228
22995119
26369148
29183351
3251226
27242335
31361761
39390858
24480313
29750067
32526530
27005642
32344471
29315939
29068801
41477171
26783839
25164012
22441986
54025016
50685078
26758608
44491224
51837847
32109470
38348338
28147260
29698798
21470350
44943128
43344815
38432130
30941481
34638574
28173302
26409627
20417462
23481091
38524307
27455008
24635236
31110048
24125991
28464046
43333978
23144297
22719352
26563267
29269461
22215172
23694924
27810493
25999004
23872681
24728476
42982874
24221821
27695236
37721716
27825889
25275732
35595354
23131901
30412098
24579263
32771746
26391209
26998543
33516624
34585745
33008828
35788557
32960918
44133591
30632350
59160902
42199804
23552879
24389303
29273614
20731962
28208455
30234302
28117834
48719104
35645916
29114289
31187712
24005647
29154632
35474595
33658564
44653379
24038140
25563343
30729434
22873600
23587730
38074611
27932503
27663033
24496216
25579033
37769966
22554467
25558188
23332101
22250294
23411530
46877883
30179153
25962514
57921596
27758887
46633108
25625600
25235181
24355722
21374559
32907024
28086728
22786034
23604578
38905952
44003736
23460162
28154734
27107803
30566316
31021920
33275566
26380108
24837873
20368445
51291810
23689578
21782434
28799322
22890456
28035773
53559706
44597872
29787966
22186758
23592222
30098639
23683135
22972086
27505823
27849683
26067055
29647896
34400429
63783597
30796814
31522440
32405128
23487956
33949440
29290915
40815308
21952628
65930009
28369434
28128559
31901179
31826738
21934054
25684152
23451647
35550988
25210672
23270004
28911189
28251063
26945307
36871300
28981486
27865160
40168119
27564233
34319744
44060231
23612266
47856447
24474594
26065438
26583965
28635153
37032932
23781360
34738322
52080503
27737469
21384090
32959342
24349230
23677073
24165247
27978900
30586063
29971984
25079468
21504441
39420248
23292267
29899054
29810826
24356263
25257408
20214429
26303480
44255762
32198653
56915239
42056317
26290850
21238014
24352376
32639077
27066040
22089499
30314785
38368674
20893078
30672193
30782511
23534117
22054238
22921829
26642319
31308774
28832721
57791994
46471982
53303387
2686394
25683624
21995743
20530572
29424267
42760693
51801347
31518566
34724810
38438627
19768955
42549341
30580305
29705830
30192415
47534822
29149435
26675795
30122366
45080949
38607091
25669366
24530633
28753963
23769609
34309426
30752467
22012687
23192946
33402608
25081047
30140164
31034274
31192323
28511905
26166459
3108501
32692017
23931377
25489582
30264115
23959784
22640467
24619722
28173736
30693482
26017252
27952383
34801157
26916809
26339240
26167362
24697774
28220927
24853457
36343275
34044416
21040418
21836341
28758309
23081339
26135966
28319682
22201330
27203101
30508145
34020029
23697810
27235535
42083707
24028143
24300757
25012694
25283589
22856081
32153841
27955314
33742099
48224124
3548446
36086281
27256325
23986898
43454229
26505601
29638246
26973678
26289486
31919791
24216153
36336534
36996144
24435995
25925403
45004395
24844452
30961699
34363374
21004864
37431240
44451534
39685259
36527150
26813992
22605584
33393283
26500053
76234044
46100284
32117477
25736631
2403935
23444799
27193973
54604410
22366074
29089150
30182165
50497099
39173946
3334406
32629684
30640890
26631959
31275866
22296837
27770397
40787105
26595621
24960000
26986439
29225429
28992712
57680608
26681362
36074470
36243328
58222427
30563057
31758955
26246107
35601774
33583004
21797984
23808801
27708816
26914175
23227818
29350319
29383876
23283328
31490212
32787099
38224479
26928884
31102797
43626773
24646414
27616639
42854640
31795508
28199647
49892671
52942106
24967366
30388042
32667469
23908746
24659490
51549426
28753829
27030274
24239979
24417267
26759350
33090644
26326047
41335061
62431875
36541240
51516781
37989082
44937834
35329007
2075200
39198257
27781534
24540832
43993320
46631969
36140844
32527129
34063970
55367311
25470290
27111611
51260126
63446443
33412988
24255484
30335868
43261742
39326666
31206767
27460560
31334906
23938170
33453240
2966349
29100305
52603309
40980553
31734032
34824464
35524636
51735321
44984073
37027452
29932397
45230794
47885516
39400014
39457786
57862591
37670051
28259353
42157283
46945208
40473022
31319720
43610745
30309051
36481582
34290461
39707851
36597905
68479743
30300195
44774939
39807647
34854385
43822919
35060448
60744269
43084137
37145367
53227682
59743209
27784095
29225870
49882260
27496027
35905275
24741248
40287369
37655167
22409964
59117546
44679384
33021871
53440098
56249206
44837766
44288332
32951713
46939727
35467372
46501923
62972362
35557007
66292784
107473085
33766433
29620387
38354427
34748269
27372410
27515593
29794215
63880249
34509727
47772030
42131857
50853620
30913173
47684673
36934578
35500584
36567628
26215874
41127979
49247501
45972403
57602827
44480536
44399193
56480002
30098913
33970173
32727554
40725908
36534377
33512398
60091875
47499629
33037169
31210622
24723412
40447033
27794961
40683674
38386372
44130962
30301428
27285073
50014715
32454346
30982080
28025914
29877692
23849780
49450106
32385518
48886969
120390974
26936349
26123760
34112931
25079337
42963793
29208435
62093996
33936902
35793110
47839605
31526064
69029970
49014218
35714938
37410267
44516787
27998474
39905411
21560986
28519287
41070757
53712021
38487880
60527269
30809823
37922764
32463452
46096667
30382664
40847652
29157937
30165412
22602411
30871495
22703369
28581138
38464737
30192740
27448760
25679981
29903563
25395154
22483896
23457200
36320199
29299994
31625293
28854180
32946804
39029045
29086687
24675611
24827176
28226606
31241686
30019791
28342283
28573301
31399256
38113262
22828852
34422061
41543446
41915059
31817381
34057687
30426874
25423055
34837759
2452753
42348709
55731921
36672683
28988788
27685517
34951562
41268458
35345062
39801074
26127089
52084028
45073499
36286693
43092896
41371661
31699753
84084852
36537451
26815507
43811295
43852165
32431880
32260153
23993272
34677370
47936934
31902666
32166963
38579067
28939768
44615526
39089747
37574216
36644735
28666420
47357829
47378575
26124186
27683012
34226944
28245103
34215785
38516562
24991583
49487584
27854358
40647096
74024326
27996361
30338081
3578883
36359869
34931943
23577474
32800413
42769223
30824168
64714578
38164221
45124359
28176083
29938816
81475021
29847436
23352152
26200638
40963939
27365612
22301490
26987523
41848124
22503667
25532281
26009599
21699875
21119946
23372505
36165675
22922911
66394464
29631932
20316764
33708984
2406583
31590549
25900172
27348010
37211668
36361236
43965621
48847345
29966272
28294757
25092612
40046608
37969449
29134274
34202985
49976200
32317729
31027091
40321304
27242483
27612098
24635922
35320402
22869016
25296072
25119917
23960787
29927775
25551887
43568228
28722592
21439143
43364467
23395067
25505018
22056879
50887159
31529020
28062852
22185067
30987131
33815713
24868019
32438508
23263894
31707532
24946761
27037019
29265228
21020884
32378170
25885244
24672180
21903361
27176189
28164408
36674155
25658201
32009964
29978838
30789368
28589365
21000696
24231352
20751923
26120756
41869505
19133494
23649029
35240596
41913609
24246405
22008359
24007435
20844904
19751427
33135010
26396818
23626031
34865207
25549441
45476955
31248788
25878955
24698611
37502714
48945440
39596442
26554845
33291776
28220878
43808004
25106599
29932976
23342124
33438102
2549823
44471177
36639658
55265295
42951664
52039224
27006492
40033442
28313069
49950027
28803803
31805265
37717708
33441796
29766197
29961634
40344650
33246474
23938258
41658724
21710144
40535925
36632384
44949217
43544129
35996086
27023211
37301100
27921201
24679855
23826310
35957749
30487139
26025474
25249324
25358444
27139903
23691980
22686616
28884241
20561745
42361887
28062235
26948538
23832637
47763442
26871575
20816092
24990864
27660546
25311423
31622944
31749470
25289283
23826443
22836784
38817618
31283754
32978666
29637997
49422812
20196337
27406959
23907652
28050892
26871609
29644251
22290228
32176773
29499625
41739208
44270265
38311661
38226105
30602804
41899975
30815664
34662412
30855117
20052379
30903943
47200818
28805068
32248050
33673097
42434318
26156717
27734482
28243593
21736194
31305014
46568381
31139708
31443078
29649047
42158103
42510877
29232157
23665846
26858193
26383454
57071159
36078827
25653844
47344544
45646542
39373120
25606249
25365173
23644945
29889727
23603365
32315593
28285250
26186121
43886726
25947648
24061623
26905380
30457850
32016848
38537069
32559575
23557708
59294640
29199821
23991869
20748726
29356142
25657648
41141824
26709888
25758663
28992306
23879712
26545198
25026464
33309019
21437140
26651852
30691383
27439067
24712653
22689280
50050876
44409641
48927187
32257261
28586330
24784596
33089088
29234985
31000025
30743945
26896452
46358275
33544811
27554750
25080408
27738869
45797609
32089049
28018999
26854979
42462173
30727117
29508108
25154606
29558280
22694494
35527007
39169512
25324680
24698654
26140174
33772119
28502772
26524358
24567361
25819722
26031481
21577727
28773556
23350277
24014189
35284783
23519444
30294577
20746583
25291366
22109146
27889152
24724572
25970120
27672904
27381017
21685646
34140559
24970158
29578822
25581578
29250072
23536291
21025247
29875266
27002600
30956679
26139808
28196701
24628381
21946183
25734154
25031658
25717011
22743976
29523235
26547148
21405111
22337891
22133333
36236478
31594896
23559437
23601949
22601595
40592481
20581234
32141836
29173522
20772234
27162470
32138459
23948771
47212541
27459103
51752651
25317314
31120320
20926938
26467815
31631810
25195192
35171915
22414285
42481425
28550851
23773061
24162793
22562394
28710833
22069358
24386862
28077948
22461626
25729819
21764471
26012599
27560566
24855852
23879228
21017583
27488214
30393464
24400694
26316600
50242377
25365731
27606367
24121195
37311930
22913676
24922918
23252894
24026957
26666173
24562673
26648537
26856350
20062375
31654338
24513853
29484746
24175241
26779423
26660213
34942679
26600931
24058307
31118863
26798771
22877401
24344377
22743020
27271455
29755519
25892046
21259846
21271311
27359364
21494365
27644225
32679107
22248363
30019746
28079686
27584749
28073264
21810516
26673264
29101262
27294811
27862955
24296954
33331426
22673205
21496865
25893961
21793499
27335136
26468183
27714623
36042791
22637060
21491447
26222703
22673776
40994113
21730279
25386041
25206202
29727590
27437992
32010832
27300160
36600442
34087025
23584966
25578481
28975231
26486701
26688828
25484593
25581979
24780076
22865670
26748945
27113958
35099262
27459082
28186647
25676587
23615746
2299874
23873507
27418983
45033472
30808964
22538125
27671534
26687192
19359064
26823130
21777739
29638832
24743038
30527677
44792441
41742397
27495079
24407581
31445063
23407765
23817152
22943798
26608661
44089523
21725931
28519396
27220251
28172176
21239496
22364319
45279591
22801033
28913305
28591521
39014634
30425388
34416010
25349021
25474260
23545215
37053244
24057928
52767150
24834995
21947318
31486700
28125531
33812759
28716453
23993754
36925579
21243983
29960385
23818828
27624322
28023870
25563633
36353277
21161399
26492800
34450987
22207456
25392988
25066971
27456755
26432996
22601997
25088027
22865566
28898177
32936145
22279046
28567227
23516498
26703546
23185723
22756596
39955867
24274414
31989625
25563615
37897556
25844649
24275249
26453720
23805914
20676731
23560611
34063193
29255437
32097403
33733766
36839153
24024435
32498340
30599507
24200060
26757544
22483535
31229248
24177129
21323098
32371911
27407872
27989371
25336715
30058781
20909122
25072102
34689413
26230897
29415760
32572661
23399891
28208697
32624136
23306506
22510788
28998040
44051824
30113772
32525206
28179986
26261878
44474285
25482808
21313845
24268129
21026544
30796761
31652834
24527164
46739806
27295838
24678375
20596549
27571761
32138906
20743182
29492687
22887238
29762279
27647241
24465226
34351140
25559577
37882060
23470226
22113860
25230906
27707855
25731433
22476994
24221767
34612266
21799825
34657022
37246434
23663932
32747856
30647064
38638556
25750158
24131019
42155310
22103532
24505990
27555111
22762494
32206549
24665579
26497791
23656134
33103335
42625671
22796248
28396444
31531394
24301994
24519309
24279130
30995501
20970664
23703341
36044038
30028308
28275020
20571413
30618572
30738842
46380032
32998720
22116237
39061159
23505096
27308633
53727778
27971183
28206552
25310317
28546147
27451654
29834875
28230274
25380488
27697837
24364239
24563658
23674641
23513269
36889607
22904952
37205236
29833938
27015309
45649252
31092419
32945901
46254845
25643605
24925668
28955438
22541578
28837002
23012259
23604534
24720332
22398018
25297559
26231680
25543374
21612644
34500089
32020119
23540101
26482900
35905986
24154147
23604748
27398049
28627518
27463158
27513289
28916264
26463198
22866679
21529838
29460859
21803566
26686583
29316961
19544058
24870542
32182198
30304428
28282088
21934336
25677325
22216741
22023271
46526086
24314616
30013565
30718593
23144140
50367291
23141782
22955217
24459164
38329540
27661613
23365191
27985055
24152875
24303898
31209492
26098206
27116149
32242964
32525392
26622836
35864677
26100696
24152260
31534413
26485818
26344216
32362679
24571959
26530163
35225306
21644094
32663991
25319507
21009790
31536904
31929228
20597181
28077258
26764285
30579515
24559827
25736659
32776944
25590882
31717960
24237262
25071731
31875130
22184719
36999525
26210733
21989969
24010538
29903025
27673725
24110570
22570801
39397039
56642060
25914609
27085576
22893599
38505059
23388376
21803347
28857587
20920634
24086866
21728538
29250859
39442641
25701920
2469042
25583067
22043319
21529673
27994222
27778040
26577216
27802845
35494248
20638354
25024710
21528133
22549253
26459377
23507477
27366848
23325382
20096154
29887170
25703638
29046197
25349197
28708613
25888545
21112390
27662494
27398855
44584673
31315195
22316972
41888413
29812568
25976559
29344327
23317949
23713343
22136843
27330450
38715711
25323190
24452651
30081520
31466928
30781648
24214453
24716774
23046727
27930945
28872050
23685858
44424057
29432810
27212875
23767060
24600900
33578102
20913097
23718197
61992238
32388810
30459454
32098956
27374369
26464676
37449670
21888513
29314072
28839614
52322549
23530786
25425541
33053348
31615642
24468231
27273580
24805938
34897165
28581742
27169500
21268564
57264662
27916522
29974371
36252101
22153374
33288508
25925133
24224638
28618396
22745723
23514727
23731228
27699487
28689803
23964714
24287841
25409568
23444663
28237447
28483302
23462092
25872917
35925415
26501835
25246139
34069772
28990179
24502723
41217747
25833185
34341307
28197190
20156112
24774855
34225892
23288728
52378534
24050145
31678603
30242923
22776271
33433645
31041614
27305851
28975833
21505866
28450682
26608050
29391756
32512480
30493335
33750360
29354745
30497619
36799948
24107187
24613728
24236991
35335463
24040028
2586131
22191789
24300038
38820717
30077548
27942706
30295477
24967546
36910514
29220921
24543225
41565712
29339188
28354587
28738613
32782781
27534134
24066412
31551694
26727166
32822364
30278163
23404791
27617571
25402791
28173198
28634086
27513327
39379231
31600499
23217511
29757935
3556534
22519477
36604175
38539781
24889965
24335357
39826749
29392580
30718816
23459264
24706935
35733906
29544619
31741944
32878369
22244036
38781071
40036689
27175749
31233994
23984272
35175193
23342280
49817141
25552633
23575638
26791890
23563802
31083421
27352181
24642682
33347218
26144276
24323979
26869341
26893929
21917852
27584475
45548875
25170947
27786331
27271944
31687113
23263164
27037753
24453323
32416652
28311127
26321425
34498732
23442721
33581436
24389192
21355730
23107817
22618932
29773519
33034171
27460795
30318982
26305580
39017679
31881223
29771241
33773871
31190762
23939837
27318940
26437186
26203226
38614034
24191197
53834577
24977870
26321608
23426086
42910753
29857696
22234314
29351814
23320514
24633711
28283245
36342170
22637999
22393885
27874487
28938708
27579904
23504321
28716802
29689982
27466541
38512960
24879221
23160457
28794178
27698333
31276783
27103063
33167425
34495255
30788133
28455778
22105092
30809164
30716757
31282171
32233060
25661100
55534587
24563519
30530731
29237061
21707287
33507736
26057476
29787342
31535097
22227706
32116976
24117342
34458642
28852550
21694351
27362386
2209181
25928659
24679437
44342803
34941548
32357374
30794563
24521314
33468726
27544183
21510507
25675165
25914554
27521483
22258173
23262264
29345027
50417396
23568956
23634648
21720854
35679653
27157196
25058709
25014084
37643573
34541218
28639261
29451674
26278001
25765285
23384563
22805032
36162093
25783174
29143823
21050542
27188760
28650292
24521704
25533429
26108629
26737892
27156112
35820118
35896717
24201662
25110350
34360223
22736324
21098583
26229995
25443744
44059412
22355654
30651259
30089561
26445391
43644766
26842713
27633237
46133425
25852116
43272131
30401483
29700360
25581540
24672169
26220898
37298933
22437545
31036917
30295623
25526410
24862474
25411863
27873912
28032364
25397145
21806870
21856696
23889370
34374415
25652730
31521089
26002970
28887984
24820541
23557576
26446509
24929194
31138580
30617819
23812597
22384479
28074348
23229269
27933027
25497585
19607505
28889936
24004002
32846795
24090300
27560889
27688064
38949894
46756729
36873038
23954376
24401358
25888708
23600763
23636721
23965713
35901355
25259580
31347027
29249213
23634066
27282030
22926390
44480052
32646126
23894834
23583133
32155056
29329770
25337453
22335115
24796524
33735285
24689303
35444612
28013113
36780307
33185817
39796511
61357990
30367389
26678348
36664843
28658229
35540118
34181446
27663005
31114775
29764460
21735457
33437820
30374526
28728740
26462177
36470074
24549921
26489622
46521302
32470933
24466176
27664950
28157109
26668672
39638255
25558446
25977134
26173208
27024800
29509967
26962397
25638868
25752849
30360471
29676927
33306459
23360502
26842760
28761588
27841409
27477039
29158399
28627267
33228607
40432658
41546282
27228716
26980973
56630493
42709137
31167092
35940279
54416595
27897277
27212271
43083392
31726711
26868412
25235702
22924216
37219394
22333083
25952700
24283135
32663508
34931295
26205561
24745852
35743927
43973073
27196318
29182571
42812576
30422969
31589700
24319754
27292015
23693458
31690050
26411619
34172803
24594371
23888274
32006593
35720993
22948307
21323905
24590093
22212118
40116289
19615566
23681845
22860021
23861883
30010331
31074049
20296355
43658499
32849073
22333659
26908591
25195176
22564166
26739936
24519053
36986669
35133797
22705859
25641896
25059471
28731923
22233248
24135052
25895989
24962831
31506642
29887950
2875406
22944414
24249450
40933432
18908947
33474994
20939634
37720077
28931805
21686282
43556322
28841040
27219728
38020092
25254282
20106173
22386863
25537703
25304346
47521252
25385313
25556677
24140717
24448277
24809893
21545700
27652455
23895977
41386617
20753927
26282844
28289334
24802587
27733997
20031219
31116122
22268558
22595704
28150647
26520823
24231210
33203566
32877362
26558892
24967798
22253546
29529452
22537024
70002472
36057023
28279890
32056859
32253154
40142683
32535467
29175830
21756942
58442834
24568938
29413311
24472195
28134896
34590149
32119176
44027247
31417816
24597489
25543967
22394494
48428805
65293063
37068198
43814488
104171315
25117639
28428036
43024249
27950686
43309205
45446813
25453596
31645734
32393077
20986417
18759302
27379644
24417848
26872675
24099769
32465154
57965729
43054933
45698957
52464928
43673248
66222395
29807399
26983489
27530801
32482522
25101611
20609578
27686894
30338482
22510364
26278701
22307857
23420217
30771952
37541204
32314104
23581875
28302555
33292464
32043256
23373115
29063074
25152506
39201981
35365173
33965618
32834612
34828851
30213056
37079904
33639739
20676160
26479097
27898490
41490440
24800199
32920822
26171768
35337885
27900742
33873551
21320082
45441849
26984600
24099916
27960983
35541446
52416437
38294303
22051190
29092716
28251225
46538787
33081970
27626856
32393451
29677351
28558078
51196513
39090665
21880780
21289261
27723918
39518141
31958935
27167760
26765116
36813491
38135170
21180250
28551507
37631578
37665607
28991301
43509809
40286282
27456540
30378747
26592847
48282788
31607917
36818205
30229503
27205615
51841094
32851966
29630474
21472338
70831910
35952690
25750045
24644233
21670170
21569312
28324151
25165967
32933920
28821694
44244323
44124074
27245759
39326852
27825941
42586232
20669674
45138331
30911490
36843079
25262517
38498332
29199243
33777847
27976261
40620837
36436710
47783622
51981326
28144272
62526867
33910473
28691065
30207264
47255668
53137941
37981476
28134475
24594434
25314484
23486465
31455295
33857381
33894777
27199741
28178531
23311879
37061018
23258444
19438571
25518393
28393046
27580858
23235365
22440426
24425925
22663311
23538605
26033158
30092332
23266813
21195411
22812080
21467345
26242342
24882483
23876659
30948070
22248635
29338179
28463753
27876868
19979225
23395187
21073018
26382537
25677418
20574814
25757746
22694479
24673181
19471989
24706260
25793002
21526965
29197700
26058814
22172057
25236029
24464764
26008234
21044450
22734925
24254207
24100346
21195944
30560554
24588908
24084002
25212670
25324104
25042627
32330427
24132293
22981860
29932117
25420114
29198820
23560565
24901363
35371054
20990065
27191052
20876509
21338742
29628275
23689272
23843924
24192574
26467756
28100427
23100519
28554963
21678955
20231725
24351187
33869887
25713942
28213979
29560340
22912143
27774300
27964828
23404298
22269984
23531883
22000966
24407620
28443859
25316484
31634442
24657526
2859464
23834039
22562927
28238116
24024450
35780587
19859306
29080570
23681577
28334768
27021798
28628236
18954328
22464292
31974711
25399010
22467175
27405070
21192674
23352686
23065296
20941364
20385090
23434135
40109277
28526490
21060105
23496498
40246675
24959994
22245684
25039082
22121134
20891558
32453589
24306295
20797698
21808914
25615159
24481927
21052399
22544470
22605011
21597157
31787494
24743510
20494732
23813243
24465648
23624428
25681670
22881026
31430376
21602147
25467410
26520622
24350749
24565181
34174562
27639564
21251855
19991731
17602440
20840247
26555839
23452001
26627416
22941487
37123685
22295863
26883658
21773871
29795130
23072212
23614574
29795304
31568292
22580162
24734121
32228486
28625995
29098012
26273428
27703456
24294133
25732180
21815605
24540489
27299703
22161041
27827029
20105672
23720640
28061006
21632767
24664819
23512649
24950537
21215945
20177061
21360715
22418164
21991491
20144079
24366882
25787447
25194858
21275968
28210074
27751855
20521686
25017014
20679501
20068353
27426765
23551807
22442950
22804403
26593951
21669020
21352962
21761689
21047902
17876312
25631797
30762340
20756858
22834983
23350095
22882472
21116426
24387406
20500732
25059491
21770685
26306041
26461782
23857515
28785582
22629805
26323179
23468714
24072924
24896472
26536679
33126414
21820764
25995980
25237600
27959737
26968689
23524947
22679680
23771028
23465927
26573754
22357566
26480626
32623621
33545594
25773692
26785148
20709614
27033043
26578488
24926330
24679083
22511214
22049696
22900967
23020946
20883832
28264343
22959630
2238935
23179598
26263788
22982470
20938290
23240290
23569858
20260629
23522824
22544471
21652513
20952495
25753382
25706540
23577208
35806314
26429770
23542365
23770668
22952971
24320186
27080807
22797800
25536972
32262188
28843188
25544093
23238112
22228309
25594634
23194340
29776476
26538628
20923592
26544428
21834392
23814230
23331512
27326603
22610144
21825674
25811832
19937387
24899192
22006866
27210080
28504354
23769009
31999240
24044069
20712091
24968457
27268621
26521066
22641715
31475572
35000150
21601473
23948969
22142274
28587253
21985407
33454984
26670367
23323649
25587628
20538291
27057269
22188997
26586938
28599312
23036143
45700114
27368645
25101989
25257985
26806796
26230456
22009505
22660318
23699308
26118653
21893096
24997282
19880049
22888987
23434964
23446372
27234005
22740742
23217399
23289694
33068810
25949014
24510758
2271745
29487616
19424414
21563682
19561222
21028132
23169882
28171406
29577931
22577155
23638715
35563324
22161754
23977230
22222843
20791416
19231838
22970834
27767032
24777141
24998339
25985020
22839082
22241156
24015427
26330459
21711346
25389137
28758061
21056864
22091890
20116133
24167218
21168468
25304814
21100981
20480359
35352739
29593153
23275867
30104788
32559948
26903972
23368835
25396027
25198761
21500960
22631340
23895072
24032483
22426163
24948127
24400450
24921735
25179408
23393353
22606710
25452256
23288254
24187580
28386005
26351483
20934605
26236380
23469806
22027099
22870707
22141284
20724647
24129877
20021975
21138226
29821760
20714910
23527664
21727198
20621934
30816286
22403386
22349821
21303015
27154807
24418792
21591537
24077891
23581537
24445682
25760805
28213872
20877920
26999985
24643721
23108117
21732749
23173054
24678212
22923079
29513251
34631902
20039937
20569733
36176300
22818749
25782179
24222853
29050773
22793592
25313405
29808952
26511151
22498293
33314976
20314113
21444737
23532587
22236144
31291382
26259698
22260923
27762186
19975480
20453454
27235803
24558353
22134808
24941590
22517295
24597841
20987770
23783104
23494789
22723870
26512111
30897961
26625062
21288868
22951713
30532282
23333295
24263237
24958506
25930199
28187882
27265109
24761281
21620401
21709877
23576297
24395731
29466987
22460658
26587097
26105958
20854615
27612653
22603381
25202501
21296954
38658831
21258852
24867225
26771958
47873579
21481424
24615330
24851097
21110682
25518197
23697278
27274094
22334149
29778281
24135521
23303835
24044144
21294197
22613446
22687634
29217098
23629936
22246139
24449382
26237886
24690708
24987791
21408517
24537591
31363486
23447973
22759411
26190587
26669806
34558898
25153456
23854974
28175576
20956083
23426030
31569427
48399521
23595989
23762685
27923830
22772129
29385820
22058048
20756980
27529200
30346061
24954097
23643100
26405703
21013976
20999765
25650205
22695075
22740310
24201239
20867146
20422777
23913339
21698612
31046599
20182578
23931447
23384126
23858813
27373289
31613074
21925646
23360546
24501815
22987274
24134281
23098480
21550582
18658707
24623630
25381655
21006057
25761332
27323799
27615884
27341483
26022780
22185550
19617983
39191183
26393138
20426177
25967906
23112098
24171571
22594388
20355378
19218374
23548735
23547835
25969821
21630990
23148799
27407515
22755117
19797033
29335473
24267337
22921353
22396192
33130082
24839676
22512610
25919099
27511996
23114065
23063954
22038329
21355281
21501729
42614049
44307779
25050512
25420435
23470637
24982560
21974103
20132261
21502218
20581778
22535479
21016306
23139202
25005903
21640014
20184592
22680782
21701053
26420095
22336411
21042329
22590553
20595196
22860367
25301855
24569425
24463770
22859407
21056236
20653539
30928293
21451103
20724327
23337257
28313553
22635604
21319394
19758199
18680912
23777619
26776500
23741937
19232282
29577381
22431083
25848520
25336441
20011862
22515334
28051698
27083323
23638949
26539564
24903653
27819497
21004139
20372541
21399373
25305362
24116593
27707446
25333677
28096304
25430933
24141502
26020647
23310582
20997494
27689196
28678974
27433963
28603794
24434844
22220339
20230912
22720209
21784220
22793498
22618896
21231235
30402336
28628342
19453630
19092469
25872052
26414386
19971359
19341670
19355232
20862772
23304666
18280073
21395634
21455361
26244037
21710706
20514555
23191028
19783442
19373095
20538763
26640456
23935766
22067713
18924233
21223492
18082190
19802675
17408799
22724687
19017119
20312133
20497777
29337287
26733163
20094939
20482746
22310727
19810250
22061475
22970554
21738452
23010129
23756200
31542363
21559222
22008650
16919093
19396335
24943209
23382184
21027855
22580342
22135818
26791053
19358355
20720719
24273449
19999193
21554538
18438043
18726659
23410141
23121087
29932822
19905252
20978073
17306455
16862595
23922987
22200484
20500790
20130524
23091062
21316936
20308997
19273368
20537161
18639137
23592167
24796074
20636852
23016511
19000122
19372160
20104846
17549374
16808087
19123728
19043878
21474895
23252472
19709056
22544137
23583290
20063010
19607264
19175854
17523788
19805280
19919924
19405384
24723495
19390682
18330790
20121186
17545966
17715970
19037631
18409719
22762850
22845270
20023983
17407380
19749062
21331183
