179598
157901
162487
162750
160849
182447
168180
121780
105476
148178
197694
233903
122370
164036
154574
173527
227937
229551
172565
157063
190738
125773
242955
164036
135981
162131
130158
191890
220608
154685
310401
174414
173144
187752
153348
155038
166470
184629
162635
150014
200240
122254
163765
157420
194389
130175
171889
141668
146126
145635
140613
154699
186273
152981
155540
143742
147352
155922
132095
144246
392828
170755
176277
231107
178258
162507
157109
160948
160349
144641
134080
179260
173012
150020
172772
192646
232854
168986
174853
144948
190639
264673
215728
188678
158874
167342
176716
185933
190031
154391
200486
157176
157417
220198
214345
181648
205773
236934
280955
179354
257734
227871
173168
179409
128020
235474
154465
155777
182714
156383
160438
159886
216252
139047
203954
123518
153977
186945
160697
171421
170375
211755
159637
166556
153733
144304
212375
180058
231225
131278
143014
211509
177738
198928
176215
179564
169480
185067
178948
160582
170153
108519
236872
160562
182383
179923
151995
203184
213396
176092
203358
172274
240787
187342
180397
173639
178547
161249
215040
141415
177036
148831
164438
237758
188047
184452
220978
209747
185503
188331
199418
156457
192015
181461
314114
167655
180891
228592
200864
173100
185222
139464
174718
217398
1051182
240665
232108
161386
159052
183498
166104
197108
163628
267228
162922
176043
238251
152980
200173
168131
213955
184265
177516
171370
207890
205119
189972
243105
168606
204121
207285
197893
209506
267653
206939
195432
240134
201013
207913
193960
192677
182086
184803
172951
188207
192456
209083
240910
210659
220464
207959
222739
203625
183758
193225
205609
173027
188353
185160
272523
208421
158824
148094
240820
206466
191559
218802
206180
223488
184862
215270
135511
207342
268301
214635
172955
202590
193964
202034
183467
208707
253919
228424
191457
204731
237722
252712
229760
191590
212644
227571
419694
193982
181111
195508
230104
281247
223611
193882
196853
226911
190698
165700
230363
188385
217362
228688
226039
216088
146929
405066
316171
198871
162164
264164
211433
314518
198404
381967
222328
208702
297808
206023
232676
218166
178972
240107
198239
268931
231390
206876
215005
175308
223603
216433
330552
157683
249814
216511
199955
256445
201598
213223
211375
259996
215388
231321
205665
249041
231958
370387
211537
212716
237019
257175
210191
318556
247576
221034
247541
257355
246622
239218
248612
244669
246501
245033
222370
232192
258965
299093
218330
247145
234659
247078
246772
267559
225947
307308
240211
211645
229671
234167
213157
242273
225534
296250
225490
245753
221724
290016
200430
232746
145755
197546
218651
271906
197068
250676
222939
301141
207035
190739
257640
283003
209458
317205
218743
205588
228030
222052
162311
199780
207646
235371
183699
256516
251606
278579
208762
208373
197737
228876
204683
147081
191520
210613
199415
225028
211113
216741
250883
277220
273489
180517
203744
246995
203591
187595
297345
267155
217077
227176
197013
215708
195953
214356
173309
274969
276027
195271
247524
252727
231123
230675
224961
283606
201629
186917
153546
154377
213214
227973
165991
164889
221077
241590
217944
217987
225323
289704
253665
228252
221914
252936
235256
276320
225606
219292
216299
204649
276835
202957
218088
198817
192218
210102
226164
198384
161673
212512
229574
245512
265275
142520
232894
243131
243670
230777
202343
292479
277927
291815
223643
178718
205164
200334
176598
181117
207675
220546
180527
156632
211901
172660
249255
253438
227321
196831
202389
236412
251021
221667
192849
183454
222552
300092
295328
229073
218234
215071
200600
220042
201157
202560
207719
169165
222345
194042
229090
206940
337441
170827
295592
185011
185817
172165
197755
163386
165875
163964
265591
164316
222261
156367
169088
174054
202788
158891
189923
176409
162636
175428
163903
183657
187112
585724
152421
190422
173718
185540
604565
181162
323113
170079
143993
169687
159586
192816
189164
186734
172092
189017
164515
167564
195347
172812
215731
168335
242974
227161
328599
270184
165946
217424
191678
190771
193446
183119
177984
180516
126343
265300
194243
178746
173805
191150
181853
150905
179779
163406
173424
170852
244975
165764
163515
160847
159540
286832
179499
164487
167088
202794
141636
153938
126691
158958
144343
147024
139522
137688
145562
190566
139526
131244
185930
178212
169572
151256
139282
163102
186855
138367
148698
14423368
182787
147984
145901
170063
162356
138450
184940
110854
143728
174633
230093
141865
135241
176467
149321
155907
177904
203794
127469
136591
214154
164656
146014
750470
134877
148426
142667
157086
132460
177756
137626
164643
166565
199233
134828
147158
176636
149855
218284
147118
136185
170537
177233
147349
163132
112057
140055
183986
188543
149989
173348
175836
144808
548941
157875
162753
198537
124720
189071
210414
208841
194322
196591
162221
153880
152786
168109
175272
225025
169488
221393
157023
253224
223051
178309
185789
182358
218042
163623
185080
181663
173049
185033
173051
192141
209751
360954
175095
184650
193434
193190
167714
179038
171372
212552
1953155
272078
175321
220918
243708
249664
168801
145624
173070
171701
176396
187194
220642
167309
203663
136759
173651
218893
166338
178696
184019
219312
215567
169732
171162
171447
150035
203076
165720
123647
177769
158344
197103
141274
203917
158551
208110
170887
165525
195682
138705
147289
160494
169092
148511
219551
204910
177714
172005
165212
158947
147705
225383
165873
173951
124901
124973
166246
282766
214745
242418
182345
187059
165297
162021
301448
126312
222116
280540
156823
197708
185327
204532
181741
161230
178603
172964
165623
194442
176374
145116
195198
162477
167389
129819
169556
180177
167134
184001
143487
127103
176581
159601
183397
242702
133042
136962
168345
195096
159063
136236
134767
249002
207577
267186
161535
148761
234443
158077
200737
164563
159289
213268
128856
151749
164349
151363
155469
160641
163469
186446
148905
202522
207923
183819
129647
224544
141292
143059
164865
221348
191185
132017
183461
165400
154521
219680
138337
167022
176906
176621
160046
296475
208717
200328
147657
202005
152734
198615
148997
159999
159217
190749
167947
188997
161655
153101
170208
164197
128546
166757
162060
154582
249366
190516
175317
170485
163850
180548
151611
232985
175343
185026
179056
157796
169614
142884
169266
279816
192325
138510
157080
164709
191338
135720
183777
178141
192289
169728
194497
184107
169127
209446
180773
170671
177855
197179
180150
186416
187371
186929
181275
271031
192654
170039
171609
157635
150364
226360
156053
177412
190878
210697
113056
225511
184562
177942
270873
236704
200808
199879
203006
184130
182531
165621
195172
176296
157350
135269
165354
166756
174640
177370
169688
165784
186711
251209
164373
179307
126732
190014
155705
242614
177642
163186
218762
220595
228846
172095
204033
184535
220947
185623
213354
167857
227121
173198
215587
176211
187152
194178
262661
233091
225572
160780
225829
200438
193329
172113
160610
490248
150549
167890
120042
195147
226771
209102
146516
166717
190500
172900
162752
148816
129211
166570
298993
241129
159418
127153
182178
209805
170420
186711
188741
180162
213399
164060
170578
4824170
255594
208195
162425
169402
158472
191509
179102
311887
207735
199380
179942
174477
164717
136826
165323
142602
231147
228427
180735
223426
204254
174655
174868
208355
261627
168473
168368
159325
200623
163552
154899
169750
174882
223527
160126
179176
185495
189747
181243
163463
180912
194997
164241
219908
192301
176366
173364
179605
166339
180664
180884
201703
145656
155351
188205
160631
199040
160905
138466
174881
213865
199213
164198
172186
177946
208851
231653
181651
188046
218642
176787
204020
164809
176808
197926
203402
199140
156269
143916
166612
187718
203153
211396
253674
183455
214801
208500
272116
158764
248834
162524
225533
154330
138495
180560
202335
195650
180243
170484
226548
221378
169247
230059
172277
243158
192144
166186
173909
223532
190605
177283
183859
161869
164164
198611
200092
177877
227231
168101
162775
224633
170159
209722
155985
137924
445137
187338
177202
186072
134801
168640
177138
189844
192942
205569
157241
186556
208314
197460
166789
168286
169756
125685
183801
177245
220807
181034
292621
140182
167053
222970
179370
176564
172389
183254
174997
213251
271798
175314
197663
165890
171557
185394
177332
172800
173015
201778
198870
186335
182760
193053
194650
182670
180228
147366
268790
179616
167757
183317
231299
204423
204536
172752
143033
166256
190457
183541
199267
136032
164472
179835
196049
184748
145823
226150
195394
169485
162448
186795
172660
183736
208191
183161
194051
205394
232842
191788
188917
146007
156854
161888
232740
209008
161691
171049
165343
197915
257925
168027
174909
183529
189991
238520
184162
165396
201265
223534
198190
185527
156881
183523
207622
202293
165459
243168
211085
335498
229347
158056
152801
156315
162761
211870
161786
247788
156261
163824
173384
176604
167898
194045
199051
213037
210278
192353
153504
199298
211818
176934
157444
157949
160503
173365
175911
148403
170614
190419
204876
156308
223112
159087
165493
162214
203833
171886
170146
174116
296272
147186
239555
187643
189614
169557
183509
162733
184664
184403
181519
155926
261318
198158
224383
168680
180010
159612
168751
190300
149941
141092
171749
158572
177881
187451
178284
178445
223997
178402
135345
212916
234883
228519
168852
448118
196170
207798
181519
213566
243321
215876
207238
233353
223898
206529
188076
268205
212054
242507
233376
249634
214517
310825
171022
238324
195483
168223
227068
256768
150796
212120
162450
201168
251116
209292
278421
270329
221551
229829
237656
263337
237663
233832
243985
230994
249083
261558
220098
284822
316243
236418
269743
229118
192779
234131
295297
198714
179929
249581
252298
251786
229863
244971
321397
244629
200616
253002
207441
245702
233497
316191
217101
207647
228398
239156
277917
211944
263180
224898
185727
271121
245668
230883
330230
228616
268834
337032
256306
336045
196158
254071
286706
235763
313410
269730
252274
256011
250994
553542
281654
312201
197331
230641
267230
462060
196589
249465
184094
228944
231299
210070
174290
225866
214585
237853
226378
268781
306718
428938
216896
135267
215669
223190
815699
287497
238804
210326
257993
266610
274032
568213
221304
232333
292250
206206
256425
183243
254955
296834
254367
235835
316841
330949
232294
244512
223468
246626
243371
231898
133784
210165
264096
215935
361837
199951
240567
240191
260024
251724
239550
216307
230137
204949
224198
257658
189771
236330
222617
196007
289223
246034
267036
238251
449869
273642
307619
313643
256289
296462
257429
261028
267100
226652
248473
305003
251973
278837
270327
225333
292620
781120
218919
356107
297367
361779
213313
183580
242908
242645
290232
225963
245588
249001
193114
305163
260060
234053
200383
244176
198156
242930
268209
255358
186383
241008
245395
267023
258059
205509
233395
216739
262396
191712
241813
239172
229750
237275
161305
226131
240612
2700225
253285
244265
242516
253477
172586
208972
277492
223770
294338
212750
272623
268382
177995
232945
184390
298180
215498
179718
215952
239456
252817
216608
229542
234976
311109
308880
173460
269815
200400
245724
226614
229036
474735
224900
204923
255335
220459
237960
257711
184507
330498
187985
231460
257569
236176
271715
248080
277613
204754
258350
209793
181678
231223
188051
310722
212901
247905
235389
221512
289992
224672
280762
237719
355869
230034
274277
200331
280356
252773
212979
241768
295156
242569
158944
114354
214702
226892
184826
216873
188839
192179
166164
194524
158216
230920
173137
116896
182595
199953
200678
151419
173153
176661
210752
241500
223389
263272
177613
221360
229000
277168
224090
283699
240958
215990
222955
284287
239222
246493
265618
209101
217534
334917
345578
262454
209710
198878
186868
201456
211989
265698
213012
207787
278987
230384
209906
226530
193887
360409
279047
209877
159426
181682
216168
249626
244447
161892
167366
204889
202039
229375
224907
192426
213681
207564
161311
196452
173209
220348
203958
227416
221054
249394
221547
216719
224942
219559
181590
156503
207999
262729
209622
184865
198067
222694
213543
288568
286355
219085
174947
261133
169811
219945
239201
183155
225239
237029
202591
217540
159118
269546
201660
182768
263235
212702
230673
214124
212212
267419
235371
244026
251623
253138
262984
241141
259629
248119
302013
334145
197835
336077
257354
232313
385156
260053
336455
302818
258869
229641
454207
342380
300182
319694
333207
241842
300709
264850
220063
343477
339080
285510
272717
361091
278645
305126
263712
283576
281347
202557
290935
362996
286535
280841
290163
295578
329694
304767
289276
314377
303767
250836
358400
557576
332615
293038
389104
321970
310582
505811
3142707
280498
276526
289045
314510
235292
564405
255163
290583
221454
252711
283934
236657
324113
246151
252118
305373
193964
246911
337904
4054895
237952
304578
314047
420555
266841
319891
232304
243641
260398
246995
211157
228862
220984
196168
231134
215070
251589
230681
249071
241578
278526
238409
269239
241870
246671
245420
238437
245356
227017
234368
249764
221537
233869
260340
228860
265789
320117
197391
202208
217132
276244
262697
277085
212228
266463
1076443
248815
263656
305820
325021
265848
279842
311614
306912
314393
315778
270844
307788
283291
276549
278610
268492
234396
295054
227448
292459
216116
311928
352077
301296
210848
362200
278250
252254
276834
313577
243102
310126
249732
263702
311172
349520
299646
277712
411727
242010
269779
322409
585466
304956
92431
279375
338205
307521
305536
261010
275735
265273
294106
242612
255347
242561
278230
240680
277467
291902
285989
854151
279504
217396
301337
261452
217190
270980
255634
216812
261539
226341
267579
221283
256034
201899
304188
257404
256152
269381
259485
285906
239905
268269
225321
253953
235445
229967
196255
266399
275279
322610
190255
227180
262032
251912
265927
249510
930515
280370
262754
266183
244848
252324
283623
729698
166954
234711
206967
282634
181945
218604
240288
229304
174328
288789
222182
190958
184178
232562
252141
245534
218517
211805
257979
258601
467136
271891
208982
251046
212618
202735
169506
215974
507980
221614
207325
223373
176548
242621
199554
317686
185117
207841
179545
326392
211398
204950
207810
223563
198711
210561
223286
150445
218572
193927
167166
223105
218471
214736
182822
229628
220179
232357
199422
202094
240664
248596
232606
443814
146569
160152
201354
190170
192949
208411
188813
188689
146583
194866
369823
196938
214905
192166
204816
163510
198005
186151
198580
167026
204931
141195
194910
417672
195256
184433
203245
194344
142345
208520
189167
225112
179417
199414
182480
212887
191741
210780
219523
147368
168787
193824
178640
176757
131873
195755
171687
182197
192601
175546
226705
213684
187970
141881
181548
144343
208704
200348
244128
193937
205979
165850
190590
196051
219067
156879
186313
189072
215542
179718
176951
185042
288684
334911
207819
187633
232840
229388
226726
258612
218353
182259
194725
343968
245642
197612
273074
182682
203012
230786
288965
182558
170045
174060
243678
220579
351566
208711
283656
346292
265190
221608
278486
208419
227683
254834
218972
252842
243642
234251
282650
239972
272374
354878
236939
238482
367808
386857
259605
197889
270607
253169
197399
245301
271374
201139
300048
198069
187385
251232
273492
274386
198151
251000
262091
228371
250207
279137
236273
255196
228159
232748
291266
243451
256562
257242
221118
281444
306905
263778
258059
283903
379243
304458
307872
319396
408370
103796
302362
244415
295607
314295
336676
230853
311894
363661
313508
286013
307928
290269
424744
298326
283765
274347
312065
263120
214805
267218
315471
235094
232925
301051
221804
249094
302308
317321
305579
242010
316501
268856
280429
294343
312667
360038
329844
295041
296296
318006
984060
264321
298423
287429
331825
292332
343563
243547
294041
364332
392137
309873
241442
322905
522766
361259
283520
267859
379026
311029
283656
268980
324069
292950
274339
319079
250947
254261
254346
901773
232653
289526
244841
266262
228870
254508
279603
285788
290155
267538
310728
236173
286998
824059
240824
208535
232669
166808
280001
173792
264432
221924
218530
230664
198336
222188
203664
189468
249835
283604
257360
224868
184900
222603
234920
220143
251464
258651
230626
254102
182511
216841
212535
195163
183009
224788
249700
195724
185462
187546
212310
226507
215596
175568
182928
175849
167584
150305
178782
162980
196436
205100
184339
144574
134380
259529
133241
121452
130796
144529
151917
163042
119636
149950
179535
154031
145464
163284
178358
130699
160336
186721
177967
189385
172222
165875
169975
182936
161500
135252
144507
181808
196888
222193
219704
155598
220329
217846
197000
241438
210012
221221
248490
238531
203281
166768
164565
212737
193729
203190
162663
276925
180204
182396
189948
198022
146227
178443
222927
170023
203272
191249
179999
157078
173716
196485
222321
282191
192202
229060
227064
181933
214790
203667
207668
189818
143322
154471
189135
232170
185361
205648
183825
251255
204982
188653
203495
233370
186596
168455
158033
222182
243815
222862
221628
330252
280767
215100
254356
301262
295952
238104
236890
281493
244871
236425
244482
235359
250366
217345
224561
196947
191813
208834
225682
155194
325554
205505
211187
192690
214236
181964
219229
221154
199439
213903
245702
230734
161970
216254
156358
212246
174584
205817
182314
195604
219117
156914
201124
151871
219753
224293
216828
178626
179296
208195
160838
284336
293582
177105
183982
210153
183012
134022
194319
188945
172847
197804
175350
151695
196040
193129
235805
174699
168964
167067
187220
176475
230415
214245
127861
210831
189751
196367
185934
213629
191079
175549
199509
155904
164814
152665
193453
182510
169802
173734
167222
223879
208504
210184
147052
172953
207900
130389
137695
165716
137024
188671
176325
245778
183681
167459
164309
161085
155879
165618
202339
229224
200094
171699
172739
195182
189334
176779
179361
154971
162805
234062
222273
267969
161564
200118
160147
196178
135676
154629
159113
170215
164576
189728
175567
156230
157996
188500
173845
173909
164061
189092
180452
183815
184798
169093
190157
175592
169113
219286
210569
167205
168721
178048
189679
187632
164618
188709
209276
193800
183756
153017
197295
176322
188849
204488
156303
171418
199801
141601
143710
176036
158833
168974
180265
123081
176309
153462
193630
180341
171470
125249
171032
203926
172419
153357
141704
157512
169764
189366
177632
215986
221980
204900
175335
200825
163383
166766
163455
174614
219573
186633
172093
159852
159301
244522
150690
232955
138378
141057
194721
127669
395294
174617
182872
212324
161932
173550
224677
173775
130364
208637
256231
211958
174547
159706
179884
162507
194488
194678
196761
201630
183218
212270
159392
201342
172288
253589
208615
180586
216908
197390
207395
188493
204105
133451
196744
166458
168655
195717
276511
171646
210030
229225
208976
202956
197371
164028
244998
177410
213502
190678
204136
146767
191228
175239
222351
171730
154651
145999
193767
176126
166039
190496
206209
177562
144718
180068
200087
174344
204812
169111
155103
159972
163559
199392
151470
178420
148667
184561
181885
154149
171361
162775
142777
156556
171137
258780
125386
152307
131739
145880
110785
172946
151916
138540
144591
110726
154494
205854
179821
138022
139142
182326
210326
145401
135530
210796
165407
164455
144807
167262
150013
124483
165404
147197
136288
157345
230793
119583
210313
175082
164164
151075
159543
163232
154962
110509
187699
175789
193892
190499
142000
179384
163053
127794
142728
150605
156138
175682
4164155
153858
150220
125220
109861
129167
199615
169105
169979
154274
170864
160123
161328
148611
175637
160987
380517
160891
189720
142410
137959
182575
219388
165523
184474
169109
189242
163790
227631
197372
375369
198172
182469
190451
181532
154080
167541
171599
192259
127450
219136
214445
201277
188752
203397
171042
171244
185992
187306
219815
195503
196316
175817
222144
216893
184473
229673
240582
228247
233494
181913
185606
217960
208067
228494
212506
239148
223036
215226
201657
187082
217907
204998
228712
196270
205273
182117
236224
224894
220734
194286
245089
340831
210800
162487
185134
222031
193976
228701
211592
231779
206909
198515
197591
206240
237688
140725
198275
189904
189476
216200
224013
175947
170628
142485
140167
173312
216910
181806
181686
220451
190364
207133
187324
151226
311862
168863
184901
191664
160118
191332
185224
209863
179192
156403
170958
195287
255161
260734
182087
279192
223783
180019
129339
197195
208544
183129
209810
187999
161498
192747
187577
132828
168076
191609
186682
185139
192554
204995
190878
193842
189999
183207
373910
154686
175488
155686
241955
181121
194292
160177
191918
207465
198226
192781
190290
182554
214752
201074
181240
228387
205141
234226
200149
131423
176210
142946
203554
176786
192406
160499
158406
210721
205318
193341
188230
145268
262530
137237
191723
192264
174751
254653
173856
155833
199168
199534
198528
194299
187773
173110
229384
220175
208282
229514
251648
201560
237324
215042
220309
157869
207763
199245
200705
223932
258908
227059
259477
148798
211388
234208
153347
201008
248714
219660
219431
247900
231537
165299
245755
215524
211594
241866
248481
242318
255357
276951
238953
288635
221545
274145
209214
1935631
246942
253050
247851
269322
238559
255692
227109
227739
264050
266992
327370
293012
254824
311420
206265
284590
275892
235559
297451
364081
282037
273778
413436
261388
277526
304437
263921
249189
241333
248261
284578
222643
270612
223511
239045
250171
292285
313809
300509
237457
228567
194998
254884
290106
252338
215710
225261
257672
225574
275584
224329
177891
221008
193896
317892
294876
246972
265685
273833
303978
181188
349140
282779
301402
241972
267213
273405
297394
279992
254178
191542
290413
257486
213078
197391
281303
276470
224034
238578
252833
233400
262931
247186
206435
265672
242118
259495
238995
237931
272673
192199
338279
243487
212811
349709
189294
243351
298422
254646
230481
262181
244345
280282
215480
245257
316736
231737
177256
214957
235333
269171
198719
249722
173903
198739
167746
246371
214532
244884
248242
201726
266615
339847
247570
292309
238013
213604
650970
307816
275435
256746
231234
8239088
229642
208936
222983
230446
170955
199228
239549
279699
265124
280818
252587
293862
249832
322897
249917
322579
290577
293626
248493
279637
245213
343245
239753
132887
313876
240504
253380
241903
248895
218828
210001
177643
166376
180067
155995
222280
186665
190584
215557
218836
242423
217003
198551
252441
419800
276691
246907
244479
157902
295031
178064
286789
195025
247890
250333
193681
229182
248565
279736
283205
246824
233369
243477
246169
230839
245310
227461
176420
223913
214775
236893
218703
244210
228157
221803
352087
245896
251129
270964
323862
227492
302370
263632
246964
244956
217361
226314
244087
285682
275656
204577
250310
212420
338152
332684
239757
253489
280595
242402
5698404
253567
215854
229790
230002
281525
210674
224873
219174
242729
213113
232871
256047
232435
313598
208164
256826
232324
824844
249966
221603
3006759
247082
273003
250765
201941
280187
190408
295882
256278
249457
279189
225095
249109
360361
285611
379064
322095
987564
255901
262504
202620
7570203
242932
249987
329407
236625
203379
262638
239276
225856
236495
257862
280338
243926
253071
191554
226783
243979
289235
246118
324962
219617
274928
348224
275373
286524
195443
234060
272595
316145
199830
218606
302383
255702
322173
247300
265523
232963
261307
1473401
275993
144061
211000
221177
251183
358506
258768
296108
250149
285059
275146
304120
419661
292761
246259
273518
227607
278288
292997
295366
309856
242635
357295
269296
332015
214384
276545
293016
308647
313877
194014
283315
240326
272323
306771
216404
375631
287466
289086
288413
290232
274569
283080
371600
196277
293938
242360
210522
313924
305230
278532
320617
277729
342954
295890
366772
227116
358272
430326
4004440
203208
276862
275767
269104
260031
294044
269516
317517
536452
393077
252148
278663
255839
264195
277877
270094
213977
259440
362937
252048
280861
280845
249220
283495
292983
273680
238795
220706
295594
263320
318471
297819
260907
239541
249783
245122
289617
220483
260619
395814
267988
197191
281354
232142
313141
225072
307080
290860
300195
267429
2151710
260691
595317
291597
297791
284669
258828
307126
261288
280279
511828
201850
272810
264572
273703
286172
255040
192917
248627
260938
198133
286788
224187
287895
246189
241016
269672
1302540
254048
333655
513708
297803
271484
231991
260411
334449
220789
351034
367896
275997
267228
323901
282175
489449
269233
409523
310268
249231
239883
327571
264472
264305
314226
243652
262981
232565
277902
259243
260642
230045
389377
289716
320226
270865
294288
264319
109787
299156
250825
411459
232910
314783
264488
202295
257577
206606
264661
273120
443532
227224
403150
344039
320091
218391
370347
322252
265536
248935
200407
267370
267186
292939
258311
278733
316661
346213
284691
238821
204492
344056
330022
308663
331512
302973
263604
283198
326340
381995
303164
353343
314051
276498
230911
209426
270385
301147
293236
214623
816152
325369
266196
275387
270367
390443
288705
307149
265724
261784
387198
265124
220259
379149
307130
333306
283852
214486
313285
287287
283705
278770
190892
267925
719741
350190
335590
334646
228194
382828
339810
285596
273486
276636
314737
290944
587791
286521
244095
274376
289014
313888
263128
301271
304777
360911
307424
260845
265066
311142
259246
326268
272014
338157
268129
190364
293690
264784
274435
263623
328021
239301
215069
308881
363983
353361
324590
274687
223137
859540
352413
290788
220350
309299
270695
301575
270906
234223
243847
300702
284842
324649
272626
265635
293403
302859
262232
325546
285004
255571
316407
273918
269300
279119
310584
241128
304323
250694
249070
412596
277521
265281
219698
349060
217606
557887
265611
268997
305328
5708113
264808
244285
293494
230818
275741
205989
296325
292648
281571
289139
295820
408512
235994
306837
363407
244485
261484
269000
236992
290909
297807
269944
262651
337322
317126
308403
261119
250627
284602
265055
355069
260269
342090
564757
321116
282084
318269
365594
243650
319664
319381
297777
266055
287269
351914
297157
266474
289597
252349
300293
271319
399588
350906
417281
300374
268238
234037
307469
268894
186280
338663
306378
286975
306937
253579
289110
325692
309159
292981
219712
125885
294664
201148
234725
274607
198829
314488
253853
292865
282469
350527
377938
274107
304087
264935
273535
316711
328894
289339
300132
621343
306282
294499
211291
299240
341305
216622
254102
364803
303886
280107
245132
242089
293807
285530
282695
110961
275887
269324
243438
210637
344043
240436
353186
559217
279760
295187
254498
268163
278469
285530
262656
267737
278926
365919
286177
369118
291839
256768
358723
206009
284160
344515
440932
383533
276976
247178
328789
284103
366690
243279
350528
310045
570219
397587
279563
287722
219064
261316
102237
283760
277557
288300
282256
313710
319793
279586
273733
1813843
279109
349469
275373
290897
280296
351897
277173
238143
330340
308367
354817
274642
3528708
219986
295990
258347
300806
405324
346420
236431
397507
214241
117864
284646
235351
285266
266706
298584
286853
276200
658749
124176
255963
295896
221656
263538
320092
239211
186221
266867
288480
263183
313722
331638
333103
325346
283802
272943
311419
288251
292681
286915
290733
336214
272213
293315
263218
299744
224704
256122
216774
411358
274449
283048
234001
276187
221070
281666
356171
329799
307888
281708
302129
301308
317439
305139
283211
474779
318826
276928
312249
287999
245066
336261
226135
342080
282383
288222
282509
283976
251931
360595
287374
371146
322151
107297
243203
350164
295134
312699
1481191
275470
342684
279531
297529
312143
298865
218426
263850
327753
296061
277206
329927
285941
293755
297968
385848
283002
204690
110847
289623
290762
299128
456578
261252
378427
313099
284426
293424
260516
321354
314856
344055
335020
362058
487413
292695
321944
347900
284066
329943
324814
263667
375648
239978
344066
283277
217099
240003
287832
320831
287282
1903628
309358
227665
372291
215788
290061
313627
314751
508268
266617
221969
279283
342056
375684
338660
281561
297122
291355
277073
309405
421943
314235
310752
375486
392341
288845
268342
347236
290919
305315
280056
231488
311980
263696
292007
319318
263043
638639
264713
330106
344861
269210
372960
240221
332199
251995
298489
230023
306547
335527
288006
293966
334817
496794
318891
235461
302401
248602
273886
260447
366706
250048
215688
275245
274577
419401
358821
381183
334081
305266
331903
284790
289100
308010
333849
299178
284356
418049
431047
377570
306407
299739
334873
312596
212237
367174
333560
336825
316078
296818
322631
250858
347835
398445
304869
344264
301234
262345
293640
1754399
281013
368918
267550
265200
297447
228597
251546
271464
263559
280947
268646
334587
265277
325731
267886
289037
293320
293300
310732
293136
262008
261363
307580
261381
246825
333105
345996
371723
353935
393734
336626
279248
246274
270503
229743
351501
266422
398724
280309
338492
276025
354346
413641
303367
232690
292682
266602
281194
254013
254719
503968
276445
308514
164673
257218
244938
275712
310245
300383
245345
518992
262395
262898
375966
293736
279186
293575
238945
280494
266792
392641
271605
277279
388224
243577
373965
298385
363106
294753
264590
376940
302374
329102
5028474
365910
328837
334289
335854
362363
342914
358128
312936
334152
312462
222412
298930
312181
289797
343038
483311
359544
379408
334606
289060
134181
372883
287740
297432
277762
344891
270060
287002
286747
285528
308704
257635
296735
333885
276010
314363
321383
314244
365689
364818
307533
389830
295933
283448
250300
344417
284912
352789
279559
469131
368755
297898
304447
104217
282918
214948
348045
303602
313723
373583
292931
244503
385428
301450
287440
280960
318697
310649
324394
310626
303050
345798
286695
264978
302522
275218
311638
372869
319860
349452
307494
277945
323899
291467
315990
281756
291145
234223
257160
299029
268381
368101
318623
423512
299725
485610
317437
297036
338428
303074
421300
325792
426923
316977
350119
335041
635201
267384
324239
322410
285297
330788
283002
272889
270702
359613
248356
230684
284910
360418
249790
347768
343810
248724
289079
276470
243251
272336
266237
291541
234734
1523647
312480
338062
323864
432638
236231
254372
406683
277412
312189
322362
281775
327969
330827
382491
223030
289123
289290
112305
259326
225905
312149
417298
282027
463079
283692
279597
346599
284029
262889
315618
299140
292362
286756
305473
264840
281147
230612
394485
303266
301369
277314
248914
313680
376369
236036
375098
290344
344960
282190
436463
308406
321371
311579
321340
243463
309611
301458
283328
444810
484258
239374
301851
255579
291525
371702
247197
261165
274570
735491
451221
301354
271162
252873
289369
233965
237318
200179
272629
237654
278921
190332
249234
279202
250774
265492
293781
200867
322266
242990
628620
247232
237172
256737
215230
210106
203888
232877
260796
276915
236637
239270
283428
226479
218576
201670
332109
256596
224098
226483
232961
163134
216702
235188
215349
218053
296879
234091
247256
246588
249496
202442
239601
325064
398412
271836
241094
252279
351337
212641
289995
205078
208607
180611
212338
213538
281256
194441
282168
243477
317838
248898
210558
259162
244621
271827
193441
294593
248581
266808
163031
235049
205250
192899
210361
223063
197541
202253
224137
236533
170275
210932
219661
223213
235527
180983
199457
192841
193586
236668
196577
196389
228020
1851742
280351
160500
160291
218575
199831
166927
240111
225137
235783
295167
212961
325536
201589
169056
259609
215975
214479
219375
239108
231036
228038
251226
217207
221685
259964
224753
216226
204684
269218
231046
272638
289582
258928
318099
284536
257891
284753
201752
344743
274955
285442
286873
272971
270604
335260
289382
235934
300630
293069
303120
296401
246038
258022
254379
264196
249185
297265
227527
240126
268600
231523
195242
203258
359120
345843
292310
233522
202478
1089089
306583
308845
196949
337948
283557
300361
236086
219192
271976
186174
278259
291219
284630
183899
239385
233362
309625
304521
282173
264336
179144
213334
188401
234038
283193
255170
236990
229093
247130
244668
251393
239249
227252
178363
230396
239879
267173
266138
263779
249444
283924
543554
291304
260755
602340
262138
219599
285716
286142
264022
231070
218708
168809
251802
227371
268973
262868
279366
254176
252710
355661
291007
222049
241256
342852
347222
258138
248292
230586
223495
340368
304743
255245
178963
302849
296211
266679
327115
255128
311248
270973
356601
820884
253601
260486
315755
282397
269063
345221
374025
508205
250876
256174
256929
206954
239479
301025
229556
250551
210575
259019
334729
199077
232735
217013
221809
188594
356233
316500
310783
288656
247325
1341401
223173
256456
292806
202480
216964
275447
248656
164125
235324
226597
222929
204561
233621
233168
176256
252940
194541
257395
175486
312153
235341
190601
249073
175097
243361
184080
240218
208085
223570
211703
210729
242269
187074
228581
247792
241694
224677
236997
241923
226844
176397
239933
215712
227947
282440
228577
230234
246171
247591
283886
232358
239716
228891
241304
719983
226223
189739
182610
499258
183444
253807
220008
177165
171100
209127
215605
273360
243344
194879
219451
242508
230728
210275
217539
230792
235772
280444
228294
226562
251403
191186
238368
240515
278475
227823
215070
210185
208886
229601
250911
209790
256513
212453
298408
231629
236244
332139
309175
193153
258618
233464
243810
249896
210588
254188
255302
225559
260373
237627
170522
261449
162211
192404
235507
223057
243760
219645
287420
203845
259798
545208
155892
231382
272747
251455
186024
234659
332718
536002
243005
223610
210079
229832
237754
326630
254876
218564
205511
876109
262858
207610
153543
385576
223352
240388
221203
281072
219346
186417
177806
224794
248384
262135
1504428
165639
243518
227066
263003
260492
225966
166248
179167
230649
228136
164275
275387
264274
296861
319348
209275
227577
247144
193015
232139
219352
224302
210314
234631
285476
266958
304282
258497
251658
233297
252353
176651
254797
242721
290823
239976
181528
259405
222928
196014
225733
222407
262966
246121
273551
253341
215787
214997
260475
212725
327369
276031
262216
217007
256456
226359
355873
236313
211948
261605
208862
261258
240085
299986
292921
243925
233653
242414
193840
238280
344963
298539
282397
247941
253874
264820
255418
273602
268011
254922
285656
343764
196062
460555
241598
327605
260253
257166
268003
194955
254543
241519
236754
229817
232845
276703
223845
351941
217644
238225
261945
225758
197980
292737
254414
269521
243463
235390
326855
257743
245212
254787
231650
369544
459688
273929
255239
247705
237689
260126
333035
227694
236917
245880
255773
262949
260649
272767
266520
269319
328277
246468
285851
320570
272407
242593
265139
201057
286614
323017
310727
281186
523051
448109
295346
282350
248588
304751
441922
271754
535826
350140
218986
257670
359467
257170
267637
283888
361375
288456
205760
229096
314114
302739
296086
291240
297892
254913
318867
268752
279396
292425
224874
269774
283649
303710
263502
270505
231452
301103
251529
290098
251763
283959
312498
230127
283945
267157
297470
288626
337704
350534
2131989
111774
236763
1335273
256649
278334
295040
234037
286785
232874
239220
217422
285352
260801
276642
285647
266108
261783
215822
279615
276531
280138
250512
421850
292154
338763
257568
2671414
204632
269917
236149
272353
216379
253118
243305
287660
197479
272276
269281
262117
252619
253872
241085
257455
273404
402709
240037
1918197
627805
381515
266946
252253
313887
201237
255125
290143
240730
256366
252757
266297
236015
282713
212635
273938
269787
249860
277745
263878
249052
268989
251491
222994
693996
289796
271634
269233
299003
254964
289335
274310
267031
336326
236786
381846
276082
300873
217015
266354
321197
287421
283810
243331
313172
216396
229319
314387
266964
224828
277292
297416
358850
368129
261749
264887
296708
255288
267650
354511
300007
258669
276927
303982
333858
300766
282289
228246
281498
335334
295839
219534
290977
290715
284295
223018
323591
255486
288907
271427
307540
314014
262095
236167
295387
218128
259282
249410
286844
251522
277261
340758
255839
122754
234728
259217
286532
308408
254669
274631
239334
267281
257907
262976
330543
283336
304939
380633
351341
216871
932242
364144
2094495
276684
336657
271004
283818
227555
208848
236094
275173
328499
317194
265694
237379
120556
280133
286155
239370
242547
258376
255256
278885
267919
282428
282637
306989
252427
274526
226720
337030
217011
265734
224927
298622
287333
298796
254148
350963
417040
278708
469655
292124
296278
245172
318457
481203
244795
238195
406081
211207
301983
278508
366247
2695708
284691
282206
331658
324818
283846
295405
371487
261305
513326
408977
555335
285882
341880
199849
231112
444186
256421
259301
249065
234594
287762
200737
314566
261510
265807
280695
268787
333628
250223
317257
272875
225466
312064
286905
282761
255569
314656
187099
271845
231417
261462
293058
208497
261012
263289
398013
336074
320186
287233
279469
279731
287107
309029
618404
195082
280101
242959
277612
297374
237976
263727
310736
389885
269453
281456
266738
270683
276974
285107
263787
271423
280109
240217
315881
280595
329490
258484
261800
320972
336762
418196
325235
367459
218553
262820
289284
131529
253269
250631
247453
271843
321901
325493
349668
223508
239044
227180
334520
210530
238962
274716
220706
318134
417186
237834
209748
282545
239769
232473
194173
279160
250080
192893
263304
214696
291197
292110
275333
272658
268645
262531
314141
271338
312655
306694
234888
617725
247239
316720
243562
282586
295585
280455
218020
375206
202838
290077
248000
275008
251558
268271
350751
271511
295335
326847
316158
287938
376948
313342
299393
444330
264920
358245
291238
306919
236310
296849
205995
280650
205910
261581
289019
199261
271448
291601
240932
199369
284076
277725
314678
267628
245653
281727
314272
192816
260117
421804
368108
278693
420613
395459
232246
241633
224537
229206
244584
274058
287327
254888
279320
265356
315018
260859
319201
544942
341833
316153
290541
344631
274596
269733
236998
242669
283058
322491
239562
288330
300039
1042530
354283
332110
342045
255185
304146
384661
558151
333474
246428
274890
245297
265574
301631
241962
294066
270204
295029
221809
235032
375691
269436
305261
275446
266943
287827
288260
285307
263062
264922
354029
287908
275694
282623
255712
310773
342732
252908
248315
329422
277910
290522
293662
235915
237944
218715
265255
310551
264262
347657
297291
293175
260359
305467
261420
295763
261180
244789
326231
259636
274819
254645
254009
294677
308407
258164
215597
323017
308112
301207
296983
264618
241346
228599
247248
234638
256076
292810
357889
209768
285308
261429
281209
183179
291712
244643
390222
263649
367254
386390
255482
245947
259566
242443
265890
201436
289363
282887
255876
248203
233420
224295
232751
188289
279924
307335
234534
247728
328153
232483
301907
313201
248164
288069
197275
244026
316154
698500
224907
213213
252851
268773
230915
272339
292624
234877
194931
201904
184985
201410
185270
190243
189922
153123
180097
193408
204809
191845
198604
182921
174228
185864
192052
183360
248204
178553
178793
216257
172343
140682
153056
265572
193923
189238
204441
180511
183756
194892
202169
220600
193857
287830
189723
182565
190495
180409
173152
192649
174837
198232
290735
199450
147198
206158
179548
179696
177939
143560
161285
219413
136609
189800
277293
313476
193139
224234
209364
202296
203649
230195
254826
1126512
293452
178789
198222
240648
231753
289708
254582
320906
276224
365042
323691
308390
376194
327525
289754
303655
307208
212309
351785
279571
298727
1087642
300528
276822
310565
325278
311650
292984
310130
328788
290368
302105
274852
272058
339845
283023
541685
287003
1064560
281111
293246
322680
258047
306458
295630
279279
304625
253143
217520
249721
259702
297691
320793
198312
236271
268198
282254
277997
305388
372585
250493
735452
333505
360895
396794
224210
1999617
259967
272065
389852
276748
280223
281182
291277
223236
9429558
299953
255706
196181
259520
197900
185596
220208
278158
950755
263940
276247
291679
637852
263057
354590
342703
358687
277707
291280
299510
309810
259155
271489
407373
334409
302482
289620
364932
281720
311867
347117
318458
317130
363639
299961
239944
338167
240082
277405
278911
245132
311875
552870
188785
216410
236740
266557
297223
297035
373084
240045
277072
254614
235757
187682
232436
286960
240305
240679
291909
263359
278879
240351
306273
338575
288270
286656
308553
243955
308677
241229
224926
351091
288712
236311
234737
241459
323013
257421
285199
251346
211127
240679
272827
241722
279167
245868
233233
231386
335182
228858
234311
353209
238267
306103
245441
253618
245405
306184
249022
250054
187593
337709
250292
306384
240250
245396
266330
253406
206651
225468
237251
266783
303354
213289
248556
255877
273447
242668
238002
215462
238608
193077
266500
303718
304120
255563
256248
229563
379125
248010
194144
271968
248367
183411
217441
273925
260063
259670
176014
230294
260159
335113
356721
285396
262906
271011
252516
279577
279688
268905
233225
241615
259812
236975
299966
169862
169945
239804
223923
208362
193333
244974
173932
200573
210706
207362
208313
233566
239385
210512
223386
225267
236659
221119
243178
208961
174183
200276
233183
202032
192653
279085
191835
142593
213542
226969
198123
222342
197193
106284
156345
261403
210697
176320
209665
178549
178101
218047
145313
173643
178995
186471
152249
170625
185710
173316
179389
181196
173825
252066
180551
168051
175414
144982
169209
190587
202299
268736
168989
184580
185626
152064
215946
180912
172113
183497
181004
160912
163436
195170
141411
189183
155858
189239
147114
149910
175639
235734
168711
202247
137485
133406
150931
170653
178431
123081
180198
178211
163020
195331
155662
144726
162879
172217
189621
166693
166903
192521
214479
298638
181928
277987
170010
180715
177745
192473
162249
175380
172755
211580
210626
174780
195391
186975
186937
237068
190636
195888
156703
154269
129274
141904
175140
219594
119314
163856
159376
173849
128959
227777
168352
124447
123565
164952
122046
168727
181635
168081
136574
187926
151228
172231
161673
185288
144298
126571
115736
143554
162568
154661
120407
153795
172567
152919
128035
170689
149813
130313
139750
152461
151609
155531
255071
196914
156481
135306
146124
150971
169842
170093
179904
213826
171986
157700
183377
143537
186211
166983
152764
185011
163792
215017
160219
200751
167822
169755
203128
190457
163985
165040
297875
155760
168620
223566
203614
166586
194988
164774
260058
149052
182600
161935
163199
113690
167026
181676
212060
179009
155716
171923
210758
190658
191266
166876
173369
199415
187703
171622
228159
188454
174397
172882
192445
183238
203038
198766
255020
199082
197732
196986
147128
151822
169593
153154
144235
165461
201513
179984
193413
198266
334471
145658
201579
204754
227273
227328
185383
215953
626726
168567
188982
186514
183197
200381
225222
154473
202142
222833
180379
207129
208009
181504
266262
182734
201975
231939
167876
211728
200902
190543
190548
159054
192227
170061
200271
183242
209724
222862
167287
228071
190164
159447
275478
221828
196945
193152
193960
203456
225025
195390
200327
175827
160537
199219
192952
214672
173200
195548
110473
194537
217607
191072
179301
180910
219782
228631
270730
169244
181233
220805
230998
171987
208500
152802
309188
179217
214226
153572
164243
191637
205183
204846
193496
179897
251779
216711
211154
190944
207531
243582
194378
219880
249575
210832
212785
247150
190813
207853
205274
216337
215403
240454
224311
216190
224361
220003
210437
465064
227248
224401
207697
146764
193422
205668
221870
155899
186514
146015
212700
213771
260174
212407
185574
208959
200278
198425
166408
226086
228720
172384
238790
233827
232651
241928
239397
220630
236394
238495
190424
217341
237067
209031
165831
241263
223536
211413
193641
206846
221417
209211
218652
206570
210113
148975
180162
203325
270638
233468
196385
219946
221060
237713
218638
198658
144639
204652
202918
173488
213548
190843
209246
189395
252558
199482
206523
200479
223268
208407
193757
258811
238016
209757
182178
199957
207976
244988
192079
200705
148370
222030
172466
204772
161979
164426
215815
156212
182859
229708
227791
189731
220603
194237
213998
206427
253134
249689
168640
206128
268341
221670
211979
238737
166189
225724
188356
218461
227643
251775
232893
284266
243405
212317
240431
227059
248817
212195
222142
222564
203191
215887
235751
196817
201824
175727
197327
240481
179734
261228
237746
245249
242511
227458
229778
231345
222141
269039
256523
222306
276645
269435
186793
253182
216850
263395
261391
267986
199045
307793
205349
215090
197160
190162
231642
204874
224072
199012
219107
225006
218823
231650
230987
200157
227883
258907
231780
244990
342702
230674
232222
250683
264850
183914
218221
245983
277175
213087
297160
241571
347974
217080
163068
197551
237954
286607
245938
239577
319310
278806
249962
239184
236583
220592
265764
199053
229879
227252
210399
304224
212059
202094
190998
212063
203046
167243
221689
206281
199430
205076
183984
212046
221768
199589
221186
201595
186483
201414
214782
154517
221302
221006
181246
201157
181672
222547
248604
231708
218906
187862
230786
202726
252919
213269
214516
239132
245710
293684
256580
196519
303767
202823
247424
221769
209885
255813
319129
227438
249647
247314
282179
307760
251925
243413
236277
239977
178662
220782
254511
212301
200695
246950
263039
368934
353283
211539
194548
285031
293709
291350
262779
203761
250939
297909
212736
217957
239296
208893
208848
193637
224275
246228
192920
226585
254641
179825
230917
200316
205185
333868
149554
211279
224964
257346
239406
191335
218822
199667
191487
262531
170516
214075
216549
163551
194108
238933
234570
241772
254200
207245
220990
308674
177795
282472
230405
189689
218743
252336
227398
207402
255002
330008
253314
298075
224333
227889
151531
235596
278497
260374
186304
227171
197978
174825
173391
168432
209062
218543
233420
207502
231685
243005
173229
167161
182104
165628
215317
188566
255822
186043
180819
172077
226917
155722
213150
152673
205487
246848
272052
302164
208087
209020
222928
217508
290302
197574
223180
222950
745464
209163
215364
198038
154862
206029
214576
247754
225415
211559
179583
178726
196494
208649
184692
133644
172454
150999
153591
254761
241958
188006
157962
257636
217572
209369
150961
226585
195817
216391
201796
242990
186811
194173
154674
251180
147401
133303
170528
209674
184377
211552
207904
182107
205312
149871
213865
196768
144823
157510
209344
166320
182876
181372
178414
