2468
3019
3109
3136
3670
1535
3037
2585
2685
3723
2734
2941
2805
2663
3575
2764
2221
2030
2392
2313
2094
3156
2200
2591
2278
1451
2664
1415
2234
2701
3438
2641
2870
2404
2652
2173
1865
3009
2737
2527
2886
2440
2674
3132
2128
2122
2044
2682
2411
1734
2253
2883
1461
1840
3256
1511
2853
1749
3435
2045
2301
3443
2525
1553
2901
2998
2450
3077
1880
2758
1951
3205
1677
2535
3016
2005
2093
2285
2591
1637
1890
3480
2552
3210
2488
2643
2104
2958
1622
2388
1835
2243
2411
2004
2854
11822
2117
3017
3476
2333
2202
2225
2412
2197
2485
2436
5273
2995
2353
3085
2021
2443
3913
2261
2335
2805
2158
1342
2405
2226
2463
2542
5589
2233
4457
2608
2875
1806
2342
2831
3250
2824
2710
3175
2417
3299
4178
3133
2880
4761
2229
2126
1501
3127
2041
1922
2916
2429
1877
2305
2227
2117
3469
1871
2601
3106
4301
2500
3211
2284
1000
3963
2609
2884
3348
2679
3781
3608
1866
2946
2208
2061
2707
2307
2212
2644
3532
3628
1814
1744
1654
2434
3673
4528
2664
3163
2174
3494
2810
3122
2904
4000
2066
3347
2573
3104
2054
2874
2425
5897
1880
2027
2578
2675
1306
2587
3079
3121
3427
1620
3166
3050
2713
2632
2422
2049
2730
1681
2353
2334
5721
2213
2434
2914
2133
3214
2293
2442
2210
2706
2213
2348
4396
3917
2196
2169
2271
2181
1488
2520
2449
2035
3909
2366
2371
2412
2108
2866
2243
2351
2194
2970
2521
1539
1699
3559
3781
2434
2353
2612
2212
2836
4702
3354
1533
3239
2088
1947
3748
2827
2679
4204
2148
2766
3237
2627
2816
2630
3022
3142
3356
2823
2854
2521
4018
2436
2103
2241
2775
2496
2518
2301
2023
3207
2352
3774
4582
2058
1743
3461
3268
2916
5914
1929
2277
2793
2362
2572
2932
2751
2701
4199
3633
3569
2125
5013
2614
2854
2015
2221
2123
2781
2344
2861
3007
2740
2918
2782
4220
3361
2209
3735
2575
2865
2943
4144
3192
2726
4792
1838
2659
1912
2971
3552
1992
2198
2801
4231
3302
2212
2921
2967
2630
2025
3000
2355
2496
1813
2947
2834
3116
2672
2522
2780
6674
4242
2498
1787
1109
2982
2348
2580
2152
3349
2407
2465
2937
3230
1857
2128
5859
2703
2898
3699
2189
1944
2515
4073
3336
2616
3016
2059
2847
2612
1781
1774
3006
2511
1651
2697
1455
2516
1680
3550
1471
5405
2972
2548
2081
2781
2222
2329
4656
3111
1944
2407
3385
1713
2520
1722
3421
4474
2733
2402
2426
1333
2873
2453
3741
1436
3719
1399
2567
3788
2045
3101
2007
2533
2636
2985
7104
2883
2056
3266
2776
5535
2281
2380
4584
2493
2593
2971
2523
2242
1347
1150
2485
1962
2651
3639
2045
2126
2026
1830
2705
2941
2856
3054
2482
2384
2599
1675
3073
2342
2817
3063
2250
1872
4199
2633
1983
2556
4538
1694
2067
3293
9069
2475
1475
2229
3043
2323
2105
1686
1745
2034
1963
1618
2190
2580
2526
2915
3810
3755
2889
2124
1720
1942
2251
1620
1937
2317
3427
1764
1340
2217
2972
1512
2161
1394
2878
2719
3009
2845
2115
2771
1416
2992
2737
2345
2552
2284
2120
1420
2453
5991
2662
1649
2764
1517
1596
1784
2072
2621
1461
2009
2100
2194
1858
2258
1098
2475
2355
1718
2600
2338
2665
1757
2527
2751
1819
1760
2829
1835
2140
1733
1897
3019
3127
2269
2408
2189
2000
2869
2085
2657
2102
3070
1763
1669
2767
1852
1427
1944
3525
2618
3202
2791
1688
3190
2229
3258
1993
3666
2357
1948
2932
1521
2248
1720
2000
2587
2595
2335
2307
1433
2040
2162
1741
2296
1915
3013
2212
2510
1537
1746
2335
1773
2603
2642
2405
1779
3036
2726
2839
2086
2019
4105
1536
1932
2333
2505
2284
3719
1381
1495
3743
2276
3156
1693
12163
2847
1486
2147
3271
2265
2116
1985
2229
2344
2164
3276
2371
3626
1595
2638
2488
2173
3542
2155
1503
18432
2645
2410
2925
2505
2753
4154
1497
1568
1775
2143
2016
1896
1448
3109
2634
2711
1987
2254
1391
2593
2386
1337
2567
3096
2126
1277
2177
25570
2321
1474
1957
1863
2604
2212
1863
2057
2693
2426
2194
2434
1424
1779
4709
2326
2334
1492
2324
2526
1913
1789
2527
2099
2224
2447
2053
2152
1567
2370
3626
2023
3175
2284
2106
1444
2621
2727
2379
2089
2124
2085
3302
2678
2681
1857
2304
2247
2279
2253
1476
1957
2510
2349
1269
1412
1938
2070
2536
2904
1239
2576
2052
2859
2855
2262
2312
2149
2503
2137
1860
3204
1570
2568
2190
2964
3452
2005
2091
2105
2071
1751
3914
2406
2010
2343
3391
2093
16244
1507
5451
2178
2591
1941
2762
1651
2239
2539
3189
2692
1889
1702
1631
1603
2505
2068
3966
1283
1952
1892
1385
2422
2154
1985
2795
2193
2265
2508
2328
1652
2343
1860
1891
2200
2731
2334
2552
1853
1414
2799
2811
2108
2066
5550
2015
2044
2918
1298
2389
3036
2253
1669
1982
2982
1874
3875
2163
1921
1857
1947
1306
2206
3532
2387
4027
2262
1815
2401
1642
4961
2737
2668
3622
1407
2352
1977
2489
2256
1125
1539
3509
19879
2703
2279
1281
1854
1754
2630
2293
2000
2086
2088
1256
1889
1836
2012
2453
4257
1643
1791
1983
2895
2161
2177
1775
2243
2622
2172
2167
2687
2029
1568
3305
18820
2139
3513
2522
2551
2391
2563
2378
2392
2236
2508
3617
2565
1865
2118
2289
2138
2826
1926
2588
2381
1505
2440
2308
2662
2452
4046
2597
3739
2231
1486
1878
3302
2515
2004
1625
1044
2416
3031
3643
1778
4262
1670
3678
1463
1468
1221
2203
1454
1428
2042
2183
3251
2117
2520
4715
2233
2072
1789
3203
1959
2542
2442
1764
1612
2099
1569
2401
1627
2083
2455
1566
2233
3570
2774
2210
2147
1923
1629
2098
2488
2479
2303
2643
1955
3342
1482
1822
2334
2274
1141
3214
2592
2497
2679
2064
3494
2014
2555
3789
2333
1930
2423
3015
1349
1708
2550
2709
1054
2088
1662
2384
1983
2197
1916
2421
1598
2149
2273
3125
1961
2011
1652
1979
2097
1809
2007
1465
1474
1762
3431
3379
2176
2044
2896
2126
4706
1319
2365
2195
1514
2161
1770
1995
2539
1268
1319
2635
2506
2878
1608
1997
2674
1519
1636
1251
1770
2042
3352
2112
1816
2075
1694
1975
2200
2154
1263
1882
2859
1607
3125
1964
2489
1996
2221
2533
1769
2729
2786
1834
2194
2018
2478
2056
2918
2797
1534
2452
1671
4407
2711
1550
1215
2500
2055
1735
2083
4081
2192
1743
5666
2210
1374
2248
1458
2450
2016
2661
1352
2144
2801
2119
2334
1465
2654
2277
1945
1346
1908
3513
2165
2593
2358
2538
6050
2676
1825
1816
2438
1216
1708
1639
3372
2692
1808
2087
1969
1843
1807
2750
3444
1409
2644
2144
2813
1466
2519
1078
2765
2314
2530
1737
2026
1929
1883
2753
1781
2498
5244
2020
2638
1664
1904
2572
1846
1911
2393
2369
1266
1986
1980
1731
2134
2017
2580
1688
2043
1843
4479
2504
2094
2485
31863
2809
2956
1446
4310
2419
1711
1474
2649
2720
2512
2112
2722
1887
1474
2911
1772
1936
1547
1329
2547
1418
1758
2449
2027
771
2556
4230
2694
2404
2305
3004
1267
1668
1811
1502
2207
2424
1247
2257
2221
1385
2387
2170
2038
2706
2021
2305
2759
1441
1998
2993
2490
3084
5288
1553
2113
1293
3263
2211
1545
3020
2050
1743
1780
1491
1204
1771
1907
18811
2758
2402
2076
2344
1902
3069
2706
1182
1755
1793
2169
2242
1962
2724
1910
1244
1980
2871
2745
2330
1832
3441
1662
2274
2453
2275
1099
2323
3564
1641
2170
1410
2419
2058
2658
1821
1067
1049
2686
2524
3226
180409
2667
1509
1562
2269
2592
2915
2577
1274
1869
2332
2479
1687
1254
1491
1976
2311
2353
1705
2552
1836
2483
3067
2916
1280
2837
1647
2587
1347
3123
2216
1780
3812
2362
9757
2567
5000
2326
2085
1374
2865
2155
1499
3450
1366
3154
2365
3599
3218
1934
1263
2322
2065
1969
2293
2312
3041
2052
3664
1448
2804
1251
1412
1676
2184
2521
1717
2450
1011
2346
1779
1889
2726
1626
2910
1365
2498
3068
2666
1906
1763
2260
4569
1820
2240
2545
4781
2110
2431
1736
1054
2302
2748
2723
2041
2969
2256
1976
1550
2189
2725
2686
2397
1400
2726
2236
2791
2357
2057
2341
4347
10482
2124
3064
1947
2161
2628
2007
7031
2151
1973
1941
1617
1736
2457
2144
2098
1352
2276
2329
1579
1639
2241
1564
2196
2421
2158
2067
2347
2021
1938
2867
2375
2141
2080
1872
3232
1388
2515
2337
2906
2141
2329
1661
1391
2143
1699
4736
1705
1721
4787
2109
2913
2063
2052
1737
1882
1925
2524
3068
1567
1596
2926
1789
1451
2199
1976
1903
3108
3131
2410
2205
2000
3049
1482
2768
2390
2485
1593
1835
2897
2301
2216
2188
3039
2049
1664
1755
2971
1973
2177
2900
2078
1845
1985
1855
3649
2838
2346
3637
2097
1193
1941
2384
2015
1414
1659
2028
1872
1437
2439
2349
2161
2622
3206
2940
2664
3092
2415
1463
1505
2558
2549
2650
2483
2061
3094
2603
1802
3110
13538
2129
1965
2473
2675
1565
1559
2520
2002
2157
1896
2277
1478
1835
2610
1791
2506
3517
4189
2148
2728
1685
1729
3595
2692
1109
2507
3716
2315
1927
2151
1985
2242
1665
1662
3521
2119
2946
2532
2318
2702
2024
2625
1476
2816
2913
2382
2131
3600
1266
3477
2325
2279
2139
3194
2843
2079
2060
3349
2658
2512
2272
2511
1846
1361
3026
1698
2477
2920
2327
2220
3505
2662
2218
3140
3130
2216
2302
2725
1973
1431
3032
2656
2714
2790
1818
2349
2058
4395
1979
2182
2506
2376
1712
2068
2255
2319
3312
2537
3185
1330
1590
2336
2750
2800
1949
2308
3062
3880
2826
2121
4468
1934
2439
2902
2314
2475
2229
2331
2511
2902
2281
1456
2864
2858
2650
2742
2480
2976
2304
2210
2825
3173
5630
2677
5243
2571
1384
5127
2121
2677
2358
4464
2844
3706
2244
3131
2930
1773
2283
2807
2449
1823
2149
1367
2322
2885
1911
2280
2632
2851
2974
2422
2311
3440
5072
2502
2468
4142
2591
2019
2517
2140
1603
3472
2876
2705
2497
2723
1950
1626
2165
2801
2025
1461
3288
1951
2822
2667
2270
2736
2106
2510
1940
4399
2817
2481
1901
2371
2579
2970
1533
1611
2028
2130
2067
3079
1880
2842
2463
1951
2131
1749
1512
2979
2229
1718
1443
2439
2179
2235
2149
1199
2274
2564
34325
2169
1779
2494
2299
2493
2264
1414
1806
2676
2277
2288
2591
1970
2227
3056
2221
3166
2609
2204
2620
2910
2634
1909
2658
3149
2447
2413
3789
1911
2428
2882
2724
2069
2496
2525
1060
2934
2176
1809
2093
2386
2240
1813
2053
2954
1462
2124
1202
2447
2067
2251
2143
2924
1797
2274
1992
2617
2513
3113
2616
2933
1846
2560
2704
2757
2699
2924
17760
1950
2807
1617
1776
1857
2333
2324
2515
2402
2746
2213
2072
1513
2206
1992
3421
2549
3669
1863
2162
2349
2754
2286
2434
2409
2413
2101
2298
1879
2817
2705
3395
2324
1267
2401
1675
2762
2374
1491
1979
1974
2587
4047
2692
2348
4067
2614
1383
1973
3249
2791
2870
2802
3346
2544
2086
2580
1386
2470
2716
3566
2599
2224
2384
1898
2628
1898
3258
2988
5392
1544
2532
2960
2162
1897
2530
1964
4736
2538
2941
2120
1535
2392
2208
3118
1250
1462
2172
4298
3237
1909
2635
2243
3504
3698
2863
1828
1905
1498
2003
3009
2536
1916
2268
2063
2661
3282
2975
2924
2185
2802
2660
2288
2378
2843
1770
2180
5410
2367
1344
2420
2950
2418
2594
3883
1267
2405
3296
2159
2817
2306
2302
2646
2008
1874
6114
2143
1720
2466
2801
2947
2653
3049
1715
1990
1580
1703
2105
1627
2511
17980
1950
2321
2663
2225
2733
2782
1717
18173
1522
1869
2027
3710
2234
1451
2115
4483
2550
2351
1388
1846
2829
3534
2256
3193
1382
4577
2143
2251
2893
2978
2395
1628
2660
2330
4428
1962
2120
1892
2339
2641
2753
2711
3963
1825
2296
2234
2932
2093
2072
2553
2578
2058
1742
3046
2227
2031
1302
1835
2270
1461
2434
2742
1802
2079
2560
4385
2357
2535
2466
2224
1205
1962
2487
2666
2717
1895
2240
3645
1253
1592
2476
1669
1614
2258
2378
4160
1767
2146
1662
2515
2198
2743
1750
2248
1862
2617
1445
2767
2594
2186
1956
2059
2345
2573
2563
2598
1644
2280
1388
1965
3420
2407
2529
2779
3027
15016
1825
1750
1436
4416
2273
3221
2262
2398
2438
2462
2485
1730
2158
3073
2264
2360
3272
2259
4740
3335
2679
2649
2231
2619
2746
2067
2037
2326
1828
4765
1386
2699
1320
1923
1957
2632
2390
3114
2312
2470
3381
2449
1822
1830
2935
2795
1850
2411
2854
3148
1702
2336
3390
3205
1637
3195
2546
2423
2010
1859
2369
1837
1424
2036
2156
3090
2544
2471
3944
2122
1692
2181
2232
2235
3202
2849
1765
1677
1805
2489
2413
2205
1936
2538
2327
2466
4644
1595
3237
3664
1297
2217
3892
5859
1863
1987
2355
1905
1148
2167
1981
2312
1228
1600
2569
1536
1169
2393
1988
1548
3047
3024
2173
3891
2378
1715
1680
1646
2652
1774
2153
1652
2300
2556
1815
2018
2058
2406
2261
2421
2571
2147
2315
2240
3258
1903
1084
2466
4114
3096
2722
2516
2495
3139
2799
2347
2328
2624
2014
2704
2488
2173
1417
2378
2749
1891
2047
2269
2570
2298
1953
1729
2839
2291
14833
2597
1447
4712
2395
2500
3275
3387
2031
2505
2120
2384
2129
2617
3508
4560
2895
3265
2053
1843
1598
2626
1614
1593
2101
3077
2161
19258
2428
2740
3418
2070
2057
1572
1807
4786
2702
2466
1328
2480
1837
2296
2481
1523
2650
2541
1997
2033
2866
2607
1993
2445
2132
2761
1886
3454
3653
2610
3861
2228
1675
2718
1875
2212
3923
3199
34227
2863
2534
2701
2991
2131
3581
1787
2230
2950
2470
5627
1405
2015
2168
2296
3393
3052
1802
2336
1343
1887
2088
2279
2358
2439
2460
3249
2301
2343
1136
2045
2151
2126
2246
2143
6529
1647
1565
2252
2018
3222
2881
2248
2103
2442
2683
2413
2738
1471
2575
2283
1932
4679
11046
2581
2646
2207
4060
2717
2091
3003
2596
11924
3812
2329
3373
3475
2391
1968
1328
3136
2144
2039
2503
2560
2706
1393
2592
2025
1947
2422
3541
2428
2525
2038
1815
1897
2034
2599
1795
2625
1714
2374
1849
1822
2152
2189
2637
2205
2561
1687
2446
1805
3075
2397
1670
2172
1918
2362
1742
2043
2063
1808
3714
3293
2453
1312
3287
3073
2447
2839
2350
2674
2176
2053
1762
2624
4115
2271
1658
2173
2468
2062
1828
1400
2361
3444
821
1810
2586
1695
3679
2279
2004
2424
4127
2522
2199
1806
1438
1263
2454
2560
2679
1458
2338
1581
1267
2229
2689
1865
2175
3200
1443
2468
2401
2821
2587
2883
2192
3126
2631
1261
2475
5922
2174
2689
1584
1376
1331
1786
2345
3001
2089
2666
2545
2723
2079
1976
2927
2220
1802
3118
2528
2645
1981
1611
2737
916
2209
1723
1711
1721
2371
1831
1201
2038
2611
1793
968
1439
1558
1994
1229
1821
1851
2023
2304
1537
1243
2754
994
963
2222
1468
3067
1792
2476
2003
2535
2746
2847
1504
3210
2101
1655
1600
2539
2078
2010
10609
1303
2244
1338
1672
1936
19494
2820
2745
2180
2437
1372
4473
2202
2592
1653
2349
2047
2413
3022
1715
2673
2466
3494
1544
2236
4635
1818
2023
2116
2274
1944
3075
2307
2573
5263
2280
2315
2679
2794
2382
2489
2307
2229
1997
2674
2685
2896
1742
2864
3466
1991
1614
1647
2504
2129
1996
2412
2291
1951
2584
2624
1283
2972
2700
2225
2355
2343
2430
2505
1937
2154
1008
2102
1672
1236
1760
2422
1956
2479
2057
2375
3151
3094
2673
3634
2055
2651
1824
1985
2784
1846
4168
2521
2051
1701
2451
2208
1900
2252
2351
4854
2094
2260
2628
3277
2416
1959
2303
2148
2373
3879
1607
8432
2138
1594
2309
1744
2309
4696
3241
1730
2053
1238
5513
2397
2011
990
2088
1774
2439
2413
2742
1396
2677
2801
2352
4495
2429
3146
1943
3734
2472
1226
1660
1693
2920
2556
2418
3201
3222
2726
3168
1648
1883
5125
2817
1591
2999
1381
1384
1930
2155
2005
1516
3200
2138
2310
2366
1923
1760
2688
1972
2621
2041
1230
1664
1928
2039
1575
2035
36057
1529
2818
2116
1667
2648
1924
2743
2814
1776
2791
1996
2004
2523
2004
3316
2305
2346
1421
1521
2671
2790
1633
2738
1433
2185
2129
2299
3153
1365
2697
1894
1476
1234
2338
2113
2657
1197
1564
2265
2321
1838
1740
1468
1952
2564
2421
2635
1908
2859
1631
1687
2174
2154
2272
1682
1778
3272
2484
4647
2738
1942
2715
2985
2591
1765
1372
2263
1523
1058
1914
2239
2191
2505
4174
1880
3030
2798
2214
2040
1876
2699
2547
3159
2126
2355
1935
1635
1666
2610
3096
1792
2566
1314
2250
2522
2256
3223
2456
1375
5543
1787
1079
2740
2856
3163
3182
1569
2672
1655
2836
1902
3654
2681
2808
2154
2032
2316
2786
2414
1180
2118
2605
3314
3561
2642
2270
1934
3034
1528
2683
2697
2213
2687
2050
1722
1683
2303
1963
2483
2145
1500
2659
2122
1359
1899
1748
4709
1789
1809
2602
2093
3594
2485
1722
2373
1437
4921
1767
1610
2716
2707
2598
5270
1976
2177
1680
1625
2432
3503
2545
1621
3354
2832
3176
2627
5322
1702
2320
1206
1753
1916
3066
2261
1817
2397
3746
2542
4254
1707
1239
4638
2127
3358
2381
2165
3188
1826
2297
1930
2713
1415
1073
2317
15095
2779
1457
2107
1957
1912
1805
3054
2425
2076
4769
2407
3642
3310
2497
3040
1269
1826
2368
2216
2153
1525
3102
1594
3666
2111
1727
1707
3670
2125
2094
1370
1416
2356
2815
2149
3245
2290
1690
1326
2806
2071
9990
2252
3613
2580
2248
4785
2393
2407
2197
1672
3199
2386
1683
2523
1925
2220
2485
2593
1402
3319
1761
2779
2723
1761
2479
7438
2396
3546
2735
2512
2723
3122
2366
17211
2468
1834
2145
3373
2379
2731
2368
2719
2418
2841
6994
1298
2208
2297
1441
2388
2129
3272
2448
3698
1208
1578
1672
2641
2363
1706
2126
2627
3337
2066
2561
1761
2430
2636
3189
2569
1931
2734
1539
2064
2830
2823
2174
4033
1952
2522
1758
2194
3032
2928
2842
3746
2805
2505
2523
2043
2961
2583
1721
2155
2277
2996
3129
2341
2628
2227
5217
1642
1721
2768
2752
2993
3207
3956
1825
3000
3078
2227
1880
2194
2289
2400
3211
3613
3895
2673
3840
2415
2594
1918
2059
2446
6492
3561
2555
2478
2145
3240
4479
2514
3480
1870
2220
2672
3374
3129
1617
2677
1861
2725
1518
3078
2130
2021
2539
2579
1892
2476
2091
1398
2513
2444
2655
2303
1707
2292
2294
2821
4358
2351
2664
1780
2085
2916
2758
2309
7756
1780
4598
1652
2255
2885
2260
2496
2817
3731
4059
2183
2277
2675
2778
2560
3914
2865
3074
3875
2449
2426
4758
5673
5000
2216
3506
2526
2983
2064
2249
2852
2128
3870
2542
3137
2496
2314
4403
2250
3124
2774
2652
6123
2383
4140
2925
2690
2109
2643
3202
1727
3869
2257
3294
2927
2965
2341
3151
2198
6965
3217
2666
2242
2538
3025
2024
1801
2068
1796
3375
2351
2396
3110
2778
2266
3944
1830
4020
2538
3826
2356
4065
2785
2834
2934
2558
5374
3575
2471
2995
2276
2355
4994
2098
2859
3258
1959
3408
4249
3636
2860
6612
4029
2643
2474
1310
2044
4795
3691
2605
2842
1750
3888
3552
2169
2641
2432
2580
2972
1899
2090
2799
3533
4169
3510
6292
3545
2926
1481
3198
1550
2472
2182
1336
1915
2400
2001
2514
3568
5230
2625
3392
1136
2761
3131
2929
1405
2380
3515
3138
3107
3088
3384
1979
3111
5379
2084
2569
1898
2216
2367
2283
2122
4451
1638
2456
2638
1970
3633
1688
2015
2564
2153
2584
2228
2130
2509
2295
1909
2490
2340
2376
2461
2421
3177
2590
1870
3128
3690
3830
3124
3647
4863
1914
2645
2756
3106
2576
2622
4136
2188
4588
2311
2864
2138
4151
2476
1800
3848
1478
3575
1809
2366
1762
2589
1890
2780
2980
4252
2479
2529
3737
2189
2821
4726
4057
3491
2234
2879
3286
3768
2913
2018
2976
2593
2962
2007
1972
2555
2125
2539
1217
2936
5317
2629
3914
3442
1206
2293
2686
1553
2881
2066
2599
3398
2459
3065
5260
3096
2797
2013
1841
1575
1979
3333
3058
4366
3055
2984
5466
1710
5179
4045
2135
2968
1863
2699
2371
3003
2959
3928
3247
2626
4395
2309
3634
3041
2127
2288
1976
1397
2297
2679
3168
1735
3042
3563
2821
2988
3474
2215
1645
2039
2318
2267
2417
3108
2634
2494
2281
2608
2753
2168
2585
715
3820
2203
3560
3203
2441
4184
2476
2472
2277
2480
1691
2162
1466
1304
1766
1158
1378
3010
3945
2195
2211
4030
6875
19625
2120
2619
1443
2315
2183
3278
3280
2499
1547
3660
2831
2482
1948
4301
3328
2019
2139
1490
5027
2990
1763
2395
1839
2770
2587
4065
2567
3910
2858
2432
1888
2806
2349
3592
1836
5333
2218
3202
2353
2229
3366
2678
2836
2104
2581
1771
2710
3112
3050
4422
2197
2136
6247
2805
3040
1208
2338
3189
2822
3002
2928
2178
1316
1958
2382
4054
1736
2717
2708
4074
2649
2809
1347
3405
1116
1877
3887
2807
2995
3351
2581
1305
2488
2067
2194
3262
2214
2480
1960
2668
1766
2297
2411
3084
2363
1669
2171
1704
2038
1956
3025
1838
1564
1987
3309
3319
1732
2591
2212
2487
1536
2499
3507
1855
1668
2477
2492
2389
2957
2398
1820
3604
2718
1410
1420
2381
2387
2046
2625
2267
2570
1847
2027
2470
4319
2516
1992
2558
2571
2532
2250
14008
2197
2362
1305
1963
3259
4271
2698
2743
2362
1579
2913
2328
2182
2002
2500
3686
4488
2845
2449
2001
1431
2411
2196
2580
3406
1331
2601
2289
2622
1402
2201
1544
1950
2188
2491
2737
3520
2517
2277
1800
2069
3372
2870
2128
4573
3208
2562
2653
2586
2371
2581
2410
2269
2130
3033
2084
2277
2934
1806
1802
2799
2875
2930
2227
2351
2458
2871
2573
4788
2612
2991
2586
3203
2507
4795
2622
3198
3092
2302
1482
1170
2480
2837
3637
3447
3410
3345
3446
19020
3074
2698
3572
2239
1716
3323
4141
2044
2078
3041
3581
1848
2673
2595
2570
2065
3506
1645
3159
2544
1888
3283
1933
3219
3023
2084
3154
2038
2657
2992
3149
2984
3874
2653
3256
3670
1856
2377
1955
2361
3432
3569
1812
3050
1289
2072
1758
15310
4255
2296
2676
2097
1688
1914
2155
1967
2650
2398
1982
1971
2539
3123
1674
3724
2958
11578
2054
1430
4476
2513
4489
2279
3548
2480
2203
1287
1895
2360
2204
2573
2545
2589
2270
2178
2634
3782
3130
2380
2906
2328
3058
2182
2029
1858
1384
3494
1542
3645
3790
1731
2156
2646
3422
1783
1907
2603
2489
3304
2568
2745
3382
5088
2267
2071
2523
2513
3615
2334
1841
2499
2166
2596
1790
2751
2592
2519
3837
2142
2908
3877
1526
2156
1665
2141
3628
19277
1969
1844
3401
1422
3974
1933
1707
1586
2147
3200
2915
2409
2956
3548
4642
2136
3309
1920
18233
2858
3935
2652
2503
5078
1974
2532
2699
2728
4215
2103
2670
3545
2126
2345
1341
2546
2547
1983
2429
3686
3101
5074
2563
2459
2837
2358
1393
2278
1418
2481
5578
3128
2485
3553
2659
1096
1388
2272
3092
2766
1902
2371
1452
2218
2256
4655
2503
3259
2811
5202
2168
2787
2439
1982
2944
1932
2115
3741
2384
2514
3648
3810
2741
2773
2378
2718
2481
2082
1751
2625
2284
1625
2689
1919
4517
1446
2370
2369
4271
2511
3608
4916
3582
5484
2610
2911
4070
3166
3054
2926
3506
2579
1330
2853
3083
2975
1962
2021
3748
2116
1678
1573
2323
2469
3427
2436
1579
2449
2227
1902
1585
2058
1466
2593
2755
1904
62343
2500
1241
1327
4999
3180
3839
2798
1973
2638
3218
2396
3282
2407
2462
2466
2793
2700
4997
3865
3345
2446
3449
1792
2637
2158
2411
3778
1238
2738
2358
2182
3317
4191
2985
2669
1594
2426
1978
3442
1281
2984
2695
4482
2588
3571
1999
2615
2872
1846
1924
2469
2640
1897
1796
1704
2099
2526
1563
1368
2737
3801
2572
2397
3563
2825
2215
9199
2843
2245
2520
1520
2425
3321
1702
2145
1925
2520
3077
1636
2609
1804
4470
2812
2208
2098
2128
2153
2730
3753
2261
4343
2668
1935
2727
3855
6175
2554
2160
1887
2414
2956
4531
2892
2922
2760
4525
3421
1961
2480
2779
4250
2585
2486
2181
2033
3192
3355
3999
2068
1832
1849
2678
2313
2041
10333
1662
2486
1843
2523
2312
2238
2789
2710
2296
3140
2797
2021
2962
2605
3056
2186
2523
3448
1823
1635
2545
2120
1616
2647
2321
2164
2540
2175
1730
3676
2733
2075
3190
2643
3110
2301
2029
1984
2351
2017
3740
2107
3595
2787
2156
1495
3046
4229
2074
4032
2646
2230
1419
2069
2776
1844
2446
1962
3197
2013
2073
1862
2491
2175
2664
2202
1730
2474
3369
1591
2929
3891
2562
2571
3243
1934
4145
2059
3508
2322
2687
1938
2573
2102
3196
3241
1521
3607
2623
1815
2229
1724
3178
1400
2565
2468
2290
2511
2773
2859
2411
2088
3106
3013
2414
2705
1636
4228
2653
1756
3159
5937
2248
5398
2661
3582
2317
1226
2474
2050
2287
2628
2163
2204
1173
1928
1973
2432
2394
2601
2570
2731
2885
2512
4538
2309
1937
2508
6714
2421
2610
2699
3470
3490
3248
3025
1662
3153
2334
1928
3210
3068
3192
2326
1151
2131
2357
2234
1758
2019
2569
1607
3111
2213
13825
2423
2946
1358
2630
2447
2021
2144
3164
1976
2347
2462
2021
1911
2397
3140
1910
3327
2273
2202
1803
1735
3459
2692
1298
4313
2086
1494
2222
2041
3235
2629
2896
2999
3380
1843
2576
2351
2049
1664
3691
1154
3222
2715
2759
3187
1908
2053
2002
3002
4934
2101
4215
3941
1600
4163
2169
2304
2389
2583
2293
2143
3272
2312
3380
3672
2354
1367
3590
2578
2676
2366
3347
2246
2266
1940
2102
3361
1238
1551
2698
3001
2351
2946
1459
2711
1625
2037
2519
4283
1545
2316
2891
1822
1458
2248
2186
5235
3089
1773
1804
1879
1748
3057
3004
2353
2514
2167
1476
3408
2740
5371
2206
2518
1847
3134
2577
2522
2336
2208
2327
1957
5144
2289
2627
2043
1714
2440
2309
2866
2162
2231
987
3359
2149
2947
2268
2657
2134
2526
2672
3901
2063
2085
1696
2025
1649
2502
1785
1376
1695
3584
2529
2194
2726
1123
1899
2111
2226
2716
1811
1798
2297
2586
1746
1835
1361
2206
1555
2221
2382
2210
2224
1734
1855
3082
2873
1494
2758
3842
2944
1290
2972
2769
2218
2254
2717
2234
3235
1919
2746
1860
2334
1647
1420
1784
1602
3708
2331
2639
2000
2335
2030
1754
1967
2382
1994
2279
2155
1536
3503
2199
2394
2356
2178
2726
2114
2894
3515
2358
7082
2237
3131
2316
2074
1576
2196
3007
2133
1736
2458
1761
1991
2224
3026
2732
3326
2547
2453
2445
2084
2126
1881
3121
2471
1900
2572
2303
3133
2165
2408
3503
2658
2243
3579
2080
2410
4332
2666
3307
2517
2416
1852
2571
2368
1630
2034
2002
1304
2057
1949
2953
2965
2550
3549
2166
2341
1306
1584
1443
1736
2023
1925
3352
2081
2192
14535
2287
2647
2381
1974
2183
2427
3258
1893
1272
3570
2009
2031
2218
1478
2509
2362
1245
2338
2110
2047
3332
1502
3376
2214
2687
3051
2543
2268
2053
1966
1996
2518
1419
4179
2176
2224
2364
2150
2246
2435
2150
1708
2349
2315
2489
2358
2536
2674
2100
3387
1594
2552
2638
2365
3665
2146
1979
1642
2376
3274
1677
4215
3547
2793
1554
2362
2975
2271
1466
2195
2157
2155
2921
2273
3321
2443
2433
2374
2738
1255
1871
2823
2279
2244
3030
1851
2697
3514
2124
2554
2303
2659
1441
2659
2450
1182
2314
2317
2287
2684
1776
2770
2861
2607
2104
2432
2625
2435
3180
1588
1691
3771
1768
2587
2155
2435
2397
2368
1725
2383
1966
2361
1547
2666
1666
1702
2416
2180
3563
2256
3424
2009
2476
1447
2477
3330
2373
2281
2020
1793
2277
2121
2051
2139
2272
2509
2211
2314
1762
1901
3536
2760
2176
2452
2327
1656
2310
2510
3173
2207
1423
2392
2387
3319
2191
2298
2482
2779
2690
2357
1641
2191
2114
3410
1805
2581
2218
2630
2632
1407
2144
2898
3965
1702
2154
3186
2553
1129
2274
2699
3151
1948
2394
2053
2599
1495
2169
1616
2545
1387
1809
3538
2148
2626
1878
2811
1867
1608
1687
1535
1888
3211
2065
1602
1924
2994
2708
2823
2746
2254
2683
2620
2982
1719
2233
3920
1344
2773
1612
2007
2099
2427
3325
2757
1785
2357
2167
2266
2441
2136
2662
1881
2514
3967
3036
3028
1095
2811
2528
2932
2476
3059
2756
4346
2931
2212
2870
3072
2174
2592
2158
1936
4140
2153
3857
2631
2197
3182
1686
3639
1465
2506
2326
2348
2725
2906
1959
3580
2639
2399
2806
1800
2744
2563
2302
1630
2080
1864
2048
2610
3184
2776
4817
1999
2261
1774
2233
2453
1868
2303
2736
2487
2367
2528
3674
2396
2634
3804
2176
2792
1347
2599
2547
1798
2832
2905
1495
2977
1816
2129
2828
2640
4069
2267
2677
2814
3463
2402
1879
1462
2807
1456
3900
2639
3668
2846
1682
2011
1998
2105
3308
2603
3283
2588
2260
2729
1632
2835
2707
3222
2700
2278
1649
3027
2201
1919
1749
3037
2843
1906
1972
2603
2658
2092
2192
2308
2042
1710
1392
2743
1936
1519
2148
1788
2113
1515
3480
2591
2144
2713
1927
1521
3283
2455
4623
2236
2063
1521
3100
2519
3727
3160
1740
2027
2327
2480
3268
1723
2033
1525
2119
2426
1894
2178
3405
4202
1381
2090
1467
2176
2339
1854
2321
2898
2198
2708
2490
2262
2047
2138
2537
1435
1313
1452
2137
2511
2090
2173
2166
2683
2967
2411
1421
2212
2800
1808
1754
3622
3086
2846
2780
2695
3236
2120
1232
2620
1866
1916
1745
1765
1116
2548
1823
2177
3325
2025
2172
2782
2484
1558
2246
2088
2116
2249
2791
2926
1325
2929
2315
1440
2003
2990
2241
2063
2067
2579
2064
1965
5432
1556
3032
3226
2113
2352
1380
2160
2515
2057
1904
2855
3511
2426
2069
3042
2263
3772
2270
2103
3126
2193
2380
2041
2499
2348
3489
2473
2574
2282
1868
2265
2648
1456
1705
1856
2150
2312
3803
1623
1632
2066
2445
2411
2000
2202
2951
3350
1565
1978
6767
1913
1876
2362
2699
1874
1164
1505
1922
3811
2942
2435
2236
2258
4838
2039
1156
2913
2725
3454
2645
2143
2626
2160
3234
3231
2135
3782
2650
1881
2428
2431
2637
3121
2019
2251
2748
3710
2194
2682
2917
2398
2172
2719
2531
2542
4263
3067
2003
1724
2953
3029
2633
3385
1956
1964
1937
2391
1333
1882
1917
2450
2782
1683
1598
2709
2664
2231
2571
1383
1827
1637
2427
2598
2262
1800
1907
2037
2037
2131
2256
2181
2561
2130
2533
1928
3263
1840
1781
2310
1435
1565
3870
3266
1731
1419
2755
2475
2610
1358
2217
2014
2102
2787
2035
1692
1809
3207
1847
2651
2142
2156
2123
3709
2294
1422
1220
1497
2460
1357
2158
2353
2448
1862
2986
1430
3073
3443
2174
2747
2861
2534
2201
1426
2336
2492
2492
1662
2625
2077
2623
1580
3011
2811
2778
3073
2723
2183
2120
2572
2095
2396
2699
2455
2399
1730
2806
2538
2156
3885
1545
2715
2184
4072
1605
2758
2152
2479
1520
2897
1941
2549
2336
2361
2217
2444
1346
4640
1935
2714
1620
2112
2048
3173
2443
1837
2830
2041
2290
2735
1196
2129
2350
2320
2045
1965
2418
4573
2635
2931
1949
2782
2936
2287
2751
2594
1829
2685
1831
1273
2546
2907
1713
2045
3703
1803
18586
1165
1738
1774
2631
2291
1415
2212
3319
2351
2679
2874
1903
3077
1980
2291
1341
2733
1860
2234
2124
2582
1392
3328
1835
2705
1408
2557
4003
2078
2617
2245
2164
2111
2240
2113
2968
3788
1525
2098
2433
2429
2152
2348
2891
2270
2234
2184
2881
3464
1683
2631
3023
2279
2374
2340
2205
2453
3160
3319
2538
3086
6174
2266
2920
2631
1584
1608
2202
3614
1343
4127
3224
2882
2437
2997
2748
1549
2384
2138
2465
2812
2509
357832
2095
1093
2895
2406
1573
1795
2400
2734
1580
3112
1585
2007
1851
3538
2555
1651
2986
2985
2365
1996
2226
2647
1995
2314
3576
1963
2865
2344
1608
2851
1714
2456
2973
3010
1916
2491
2843
2958
2596
4209
3000
2404
2298
3587
2857
2942
2669
2778
2226
2238
2102
3991
1751
1421
3345
1500
2426
2745
2503
2245
2398
2038
2503
1698
2236
1986
2077
2011
2644
2227
3483
1811
2856
2721
2702
2310
2473
2385
2980
2334
1334
2064
3088
2204
2208
2726
3223
2417
1723
1447
2674
1437
2076
2198
2654
2295
1351
2510
1935
3244
1921
2384
1222
3220
2762
2493
2202
2495
2064
2276
2236
3355
1970
1820
2232
1966
2904
2728
2207
1775
2144
2461
2188
2415
1175
2558
2637
1903
1588
2739
2111
1784
1593
2077
4330
4579
2458
2683
3205
3185
3358
2980
2436
2048
3095
3431
2242
3069
2804
3574
1907
2070
1991
2613
1573
2227
2845
2420
4327
1389
2543
2155
2276
3030
2959
1617
2689
3467
2656
2873
2584
1342
2076
2698
1977
2869
1932
2284
2893
2006
2458
1938
2573
1801
2323
1696
1595
3709
1734
2218
1888
2238
3753
2238
2502
3198
2540
1619
2772
1669
1891
2164
1737
2772
2105
1685
1836
1402
2125
3235
2499
3056
2132
1937
2167
1495
2210
2395
2825
2600
1418
2254
2013
1397
2150
3102
4705
4206
2748
2166
2660
2005
2203
1381
2139
2338
2787
2650
2374
4081
1985
3019
2715
2635
3232
3594
3927
1965
2797
5353
2165
2536
2061
2562
2805
2925
2921
2080
3286
3821
2638
2045
2536
2287
2202
2640
2608
3089
2053
2368
2565
3626
3337
3209
3087
1381
3922
4364
4619
2214
2425
2598
2931
2216
3343
1141
2641
2358
2821
2922
1966
2484
2920
2447
2663
1521
2471
2407
2184
2266
2454
2879
2447
2333
2511
2561
2587
2365
1904
2635
1665
2267
2365
2353
2170
4183
2209
2539
2304
1956
2673
3010
2800
2403
2151
2797
2380
3613
2265
2733
2284
2678
1600
3006
2250
3716
2792
1457
1439
2285
3002
2615
2554
3011
2174
1970
2544
1821
2147
4023
2732
2515
2571
2934
2960
2852
3056
2212
2052
2483
2346
1569
1930
2516
1731
1351
1914
2364
2242
2593
2162
1998
2412
1432
2816
2105
1448
2478
2875
1665
2126
2342
2124
2494
3478
2426
18754
1678
2462
2495
1750
3079
1696
2385
2173
2006
2115
2052
1936
1479
2188
3343
2732
2170
2282
3476
2330
2436
1485
3502
2191
1915
3450
2161
2407
2431
1259
3611
2347
2659
2524
3408
2477
2063
3839
1794
1592
2216
2400
2758
3264
2400
2464
2535
2063
2047
2509
2773
2534
1460
3173
2057
1560
2220
2242
2994
3790
1825
1444
2366
2761
2121
2044
2342
2177
3321
1499
2512
1914
2128
2444
3363
2422
2306
2082
1645
2255
2927
1320
2014
2885
2290
2236
3236
1448
1737
2614
1487
2774
1759
2077
1321
2442
2408
1926
1703
2673
1989
2148
2495
2137
2274
2800
2274
2448
2387
2565
2423
2364
3050
2526
2454
1836
1656
2873
2590
2455
2375
2057
2633
1458
2618
1955
2909
2239
1551
1457
2503
2723
1636
2249
2048
3035
2028
2912
1273
2278
2099
3145
1956
1846
1749
2768
2361
2495
2735
2137
19942
2761
1918
2277
2248
1852
2831
2273
2024
3466
1183
2078
2500
3645
2291
2796
2196
2480
2304
6524
3189
2281
3046
1383
2449
2389
2309
3107
5455
1587
2617
5276
1171
2058
4294
2003
4362
2572
2804
1179
2251
3449
1769
1087
1603
1939
3523
2482
2634
2920
2146
1947
2628
3303
1380
1876
2861
1146
2517
1862
2512
3094
1623
1433
2116
2362
1698
3471
1502
2500
1719
3824
1934
2981
2115
2907
2002
1869
2154
2641
1731
2967
2265
2318
2311
16457
1748
2081
2271
3706
1943
2980
3275
2876
1840
2924
2158
1952
2214
2488
5299
2475
1436
2294
2272
1893
2252
1400
2639
2760
2145
4895
4263
3509
2094
3020
1827
1858
2931
2341
1743
1777
2936
3206
1722
2435
2722
2336
3791
1645
1613
1908
3114
1194
2087
1850
1319
1633
2154
2372
2452
1874
1978
1999
2461
1824
1894
1347
3006
1462
2045
1598
2268
3192
1898
2547
2091
1995
1997
1273
1972
2696
1789
2615
1983
3042
2447
2489
2033
2336
2462
3014
3686
2178
2395
2115
2844
2442
2843
1688
1563
1956
2402
2377
2632
2641
3761
1933
3896
2397
2406
2421
2297
2274
2484
3006
2551
2422
2336
2098
1715
2638
2913
2266
2052
1723
2910
2423
2290
1960
1788
2447
1521
2907
2746
2080
2650
2848
1899
3869
2368
2863
1949
2432
1990
3126
2395
2548
1961
3553
2208
2372
2319
1886
2028
2194
2188
2562
2047
2444
1439
2875
3078
2874
3213
3066
1953
2860
2770
2407
1784
2445
2295
3254
2188
2120
1937
1685
2701
2410
2311
1134
2356
1641
2344
1883
2595
1990
1675
2416
2877
1434
2086
2133
1859
2215
2873
1675
1410
2321
1854
1675
2171
2473
1229
1901
2537
2989
2662
2448
1834
2367
1601
2122
1792
2328
2319
2287
2511
2106
1893
3409
2432
1331
1778
6946
2257
2131
2563
1888
2125
2058
1758
18822
2386
2089
1899
2355
2628
3345
1886
2170
2623
3343
3026
3556
2464
2086
2415
2220
2211
2834
2106
2594
2366
2458
1357
2448
3169
2485
2399
2384
2302
1462
2756
2820
1953
1984
2550
3448
2635
2811
2983
1920
2373
1220
2866
2017
3190
2592
2106
2071
1842
5444
1857
2031
2036
2044
2166
2966
1555
1748
1180
3458
2808
2303
2862
2275
2001
4841
1651
2361
1994
2156
3418
2649
2321
2669
1784
2767
1773
3147
2338
1192
2416
1436
1422
1586
2700
2387
2477
3035
3332
1905
2318
2561
1615
1558
2326
2647
2350
2425
1053
1925
2335
1841
2873
1976
1831
2455
1635
3111
2074
2144
2477
2090
2153
3694
1816
32866
1899
2980
1629
2108
1974
3088
2405
2566
2206
2420
1716
2432
1613
2074
5421
2185
2589
1423
2313
3224
1830
1347
1548
1952
2506
1865
1568
2052
2633
2225
1974
2119
2874
2674
2749
2350
2740
3925
2115
1975
2020
2159
1957
1993
2828
3219
2811
1918
2890
2685
2014
1770
11519
2530
2793
2768
1580
2428
2159
2860
2461
1993
1294
2233
1491
3262
2058
1776
1272
1907
2029
3073
1533
1164
2094
2101
2157
2299
2787
1340
1388
2881
1775
1627
2088
2099
2000
2602
2170
1506
2583
1246
2359
2406
2307
1922
2139
1614
3026
2572
1912
2262
2026
2889
1807
1787
2110
1882
2622
2179
2412
1868
1980
2654
1548
2168
2366
2614
1896
2589
2334
1272
1263
2245
2549
2797
1371
1963
1671
1749
1547
1425
1784
1468
2187
4034
2505
1972
1774
2398
2822
1800
1570
1393
2943
1890
1946
1633
1876
1793
1431
1294
2847
2281
3679
2522
4518
1653
2653
2605
1973
1727
2445
1474
2709
1828
1682
2278
1990
2847
