3932
63239
3514
2041
2991
2893
3735
2761
2514
3422
1298
5463
2780
2654
5182
2403
2727
4105
2451
3192
2818
4008
4525
4147
4755
2033
2320
2378
3782
2720
2925
3605
5798
4530
3217
2890
4750
3207
4218
2618
4801
2841
2409
1983
4919
6274
6789
2724
3546
2450
3544
2698
2607
2827
3244
4921
3570
4024
4262
5780
3673
2927
2155
2333
3006
2801
2814
2878
2653
2885
37660
2755
4374
2624
4794
3743
3878
4500
4415
4367
4005
3623
3246
3078
3583
4882
3912
2627
3680
5631
4335
4445
2933
3022
6221
4161
3712
5317
1964
4861
5258
3564
6330
3545
4211
2770
3818
4732
2906
4218
2938
5471
2930
2737
2939
3848
6028
3762
4677
7396
3459
3875
2930
4497
23829
4984
3179
3332
4173
1793
4826
2668
4109
3527
3111
3832
2926
4038
3139
2972
2735
3290
3555
2693
2403
2703
3623
3575
3070
1528
2867
3410
6654
2005
2866
2457
3750
2543
3278
5694
2449
2169
6824
5520
4924
2818
2584
2527
3372
2357
2579
6127
2794
3071
2274
3938
4375
2657
5177
5984
3057
4721
2931
5011
2742
3458
2095
2492
4159
2761
2555
1954
4525
4377
5384
2389
4302
1557
2425
3183
2809
3551
3441
3238
4028
4501
4013
8012
3006
3481
4113
5463
2961
5186
2864
2462
5434
2928
2948
4440
5764
3539
5804
3185
4988
3383
3266
6534
3277
3540
4474
4488
3995
3562
3749
2422
5581
3154
5285
3266
4173
5846
4019
5218
5082
2464
5173
2170
3733
4556
3151
3629
14677
2771
4265
3298
2607
4121
2901
3508
2445
3022
4354
2682
5257
2196
3741
2411
3060
3089
4814
3470
3699
4759
6660
4903
4035
3815
3390
2997
5991
4592
2643
3074
4323
3403
4130
2417
4220
2221
6990
2151
3529
2214
3614
2781
5059
3079
5250
1361
4956
2373
3744
2036
2439
4535
314078
3370
3890
2189
2459
4633
3566
2042
2542
3362
2456
3240
3722
3599
3607
3186
4872
5263
4381
5409
2218
3334
3768
4423
3614
3239
2889
4587
3910
4872
3945
2889
3445
2587
3675
3342
4189
2182
3407
2952
2758
4826
6364
2813
4033
5499
4239
4838
2253
3042
4099
2837
16498
5027
6537
2774
4964
2230
2967
5305
3042
2631
6734
2904
5177
4061
4949
3271
7954
4747
2929
2756
1642
1863
3700
4831
3008
4271
2183
2943
4698
4227
3226
2755
4084
2956
2019
3158
2407
3022
4241
2577
2772
3243
4293
3356
2947
4261
3803
1866
4118
2918
5358
2854
4680
5354
3387
3830
2651
3701
3654
3358
4651
4042
1995
4795
3202
5714
2886
4210
3081
2462
3586
3542
4271
2174
4331
4833
1816
2833
5049
3017
2617
4672
3248
3045
4875
2556
3421
4233
4084
4138
2881
3664
3206
3955
2406
2690
4219
2746
2727
2995
4570
4793
2979
2783
1709
2576
2079
3013
4301
3459
2636
3730
2750
2088
3134
3584
1945
2639
3148
2618
1741
3327
4518
2895
2820
2328
2505
1571
2607
2863
2156
2388
2931
3061
2962
2412
2271
4252
2971
2863
5376
2787
2472
2289
3012
2488
2553
3983
4695
2197
2915
2597
2697
4152
2386
2772
3208
2433
5397
2433
3155
2052
3679
2416
2859
2325
2463
3130
2730
2400
2590
2653
3755
3486
3878
2862
2596
1929
2723
2264
2197
6460
2406
2857
2519
1620
1563
2196
2006
1803
2668
3716
2563
1945
3724
2302
2662
1947
1811
4895
2116
2219
2475
6798
3000
3090
2002
3278
2939
2158
2831
2479
2923
2806
2616
2844
2630
4428
2071
1670
2703
2261
2105
2855
3397
3757
2266
1738
4786
3505
8518
2342
1343
2686
3031
3668
3441
2447
2650
5814
2955
2746
3573
3520
3937
4021
5455
4400
5934
3234
3886
4763
2594
2886
2291
4548
1966
2713
5824
3786
3534
2320
2612
3184
4833
29292
4802
3148
2864
2759
3720
2746
2154
4044
5680
2466
3279
2857
2784
2847
6330
4019
4349
3062
2671
2481
2622
5158
6226
3216
3991
3468
2739
3643
4410
3038
3173
3771
1896
3198
3304
2797
2577
3043
2830
2932
2353
3218
3679
4517
5547
4120
2662
3504
3549
3556
3038
4252
2960
2937
3090
3013
3804
2627
2071
2780
2590
4415
2663
2926
2837
2853
6289
3849
3654
4176
2386
1774
3116
4065
3477
7049
2706
3894
2890
3011
3202
4828
5091
2077
4219
6856
6303
3236
2855
6220
2083
3089
3263
3885
2944
2545
2301
3062
3916
1903
3778
2672
6959
3119
2461
2010
2095
2402
4243
2566
3180
4228
2702
3034
2040
2181
3770
2714
3292
7001
2363
3296
4730
4163
2473
3798
2474
3510
3780
3727
1793
1743
2252
1806
4365
3303
3154
3245
1997
3174
2555
2031
3370
2910
2381
2291
1813
4528
3745
2195
2380
2114
2215
2909
2639
2816
2470
3375
2102
3262
3268
2500
3752
3226
3516
3385
2144
1778
3056
3080
2183
3006
2857
2536
1905
2886
2555
1123
2893
2836
2898
1857
2408
2312
2614
2668
3229
2477
1583
3014
2373
1872
3614
2311
4416
2490
2835
2850
3432
2559
2457
3823
2474
1689
13904
2859
3029
1663
3064
1754
2276
2366
1132
2058
2459
3006
3211
2497
3351
3814
2745
2087
2461
1961
2540
3659
3257
3544
3466
2386
3087
2858
4234
63521
3860
2774
4285
2243
2513
2798
1835
2624
2827
2167
3877
2571
2425
1996
2679
1526
1530
4726
2898
3667
2763
3505
2176
3713
2041
1972
1983
4627
2278
1666
3878
1073
2944
1380
1747
3514
2345
2495
4983
2167
5152
3503
3107
4611
3528
3939
2334
1389
38518
1700
2888
1233
3973
3707
5963
3484
3443
2908
3582
3928
2161
3633
3826
3680
3652
1686
2104
4083
3547
2509
2598
3027
3499
4583
3394
3128
2859
1877
1928
2915
3621
4577
2745
2553
3325
1699
2668
1625
2135
2853
3164
2567
2016
2651
2759
2730
2271
2938
4359
3161
4748
4293
4659
3124
6208
3682
2790
2868
4250
3482
3844
2449
4162
4880
2315
3594
2704
2244
2474
2429
2762
3092
2819
3879
2960
5990
2267
3139
2645
4021
4300
2890
2906
3710
2814
4334
3308
2224
4195
5941
4520
2063
2572
3000
3070
2483
12678
4082
4058
2046
2602
3696
6465
2552
2557
2758
1910
4464
2962
2600
3473
2563
4076
3279
2616
5229
2355
2006
3140
2803
4200
2790
3972
2564
3175
2766
2155
2817
2731
2491
2271
2769
2476
2936
5447
2574
3021
4220
3356
4887
2736
5378
3892
2598
2503
2475
3411
5030
2259
3277
1779
2643
3128
5571
2672
3073
2845
3384
3895
4352
3864
2984
4099
3173
1914
4303
2783
4170
2610
7818
5282
4110
2122
2851
2968
4689
4150
2620
4145
2559
2640
2433
2793
4663
2628
2222
3033
3180
3226
2631
3747
3680
4733
4715
4441
3997
3182
3251
2310
5099
4854
3994
34231
4722
2662
3937
2548
3370
2198
4253
4513
2658
2560
2345
3881
4292
2909
3313
3816
3931
4648
2958
2820
2206
8351
4983
3441
3927
2701
2861
5292
3130
3351
3721
2440
2595
3519
3175
2697
5785
4211
4976
5255
4056
2589
4310
4393
2739
3433
3367
2535
2924
3767
1640
3917
2633
2678
3232
5058
4448
3873
3481
3802
4521
5816
2421
2578
2835
2192
2907
3075
2435
2980
4885
2385
2903
4241
3881
1751
3912
5026
6931
4120
2520
2936
3781
2363
2708
2960
2462
2655
3611
5201
2118
3651
2704
3210
3664
3376
4371
2985
3848
3831
3645
2619
1761
3550
4027
2510
2721
2812
5782
2367
3320
5667
5256
3218
2542
2255
5044
7477
3305
13252
2593
3104
3569
3532
3600
5110
3159
2293
7853
2753
2937
4133
2553
8505
4686
2869
3853
2617
2816
4137
4593
2565
6340
3916
5374
2342
2052
3716
2631
3568
3245
4170
3307
2721
2320
8780
4254
3406
2692
2395
2651
3315
3439
2915
5772
2377
4603
2518
4479
5829
2623
3320
3851
3292
2842
2254
3445
4138
3555
2748
2482
2506
4832
2766
3178
5295
3274
2625
2105
2466
2572
1895
2799
2653
2791
3190
2936
2899
3238
3507
3857
4466
3880
2704
3547
2247
3447
4915
3616
5400
3084
4764
4996
4412
2700
4589
3062
3614
2499
2985
3673
2842
2990
3040
2983
3053
2316
3832
3204
3231
2849
3043
2683
4563
4787
3937
3162
3406
2937
4302
5154
3114
4761
3465
3590
3097
2613
2976
3896
3189
3740
2876
2554
4176
2271
2117
3389
2600
3339
3312
3190
2571
3894
2411
2028
2918
2449
3291
3027
2459
1334
2300
3710
2065
2926
3651
2449
2326
3087
2473
2032
1747
2660
2358
2343
2065
2572
1886
4092
3555
2362
2803
2653
5213
3050
3101
3095
3631
2880
3103
2024
3192
2563
2655
2632
3666
3471
2585
3068
1997
3336
2546
2697
2800
2691
3710
2535
4484
2054
1863
1603
2729
2001
4386
3599
3905
3121
2573
2899
2622
3060
2899
2431
3065
2532
3068
2450
3360
2353
3612
2598
4219
2402
1588
2921
4674
4901
1959
3553
2534
2483
3129
3990
3534
2416
3102
2773
2474
2078
2393
6529
2837
1837
2818
4977
3886
2968
2683
3930
2179
2623
1697
3225
4402
2700
3512
3348
3411
3215
3696
3276
2591
2461
2639
2756
3206
2193
2281
2619
2851
2899
3067
3657
4292
3235
2207
3787
3683
4165
2914
3110
2624
2488
2097
2165
3329
3492
2157
3762
3883
1698
2458
3138
2596
2323
3091
2378
2888
2026
3272
2199
2972
1758
2861
2681
2329
2532
4449
2488
2930
2648
1846
1316
2645
3277
5683
2180
3021
2484
2278
2153
2580
3160
1459
3341
2219
2913
1649
1846
2278
3835
3554
2451
3122
2441
3527
3929
3542
2434
3235
3330
2564
3173
2528
2663
3422
2148
2258
3734
2890
3047
2392
3370
1916
2489
3128
1805
2684
2102
2662
2294
2938
2908
1957
2769
3210
2991
1435
2322
3645
3208
2283
2918
1879
5687
2489
3084
1869
4642
4346
2600
2447
3224
3991
2307
3387
4638
3675
2636
4690
2823
2819
3858
2460
4182
2660
2104
2838
1674
1975
2477
2864
2977
3537
1884
3302
1995
2098
3968
7786
2091
2631
2569
2748
2808
2777
2602
3237
1650
16623
3793
2812
3211
3331
4399
2733
3323
2893
2147
2593
3350
3345
4536
4977
2220
2767
2825
3240
2988
1402
3792
2396
2604
1698
2073
3034
3212
2751
3241
3112
2462
2947
3524
3643
2051
2253
3406
2374
2422
2814
3173
2216
2406
3532
2718
2052
2655
3666
2850
2305
1339
3159
3001
2679
5083
4652
5492
2592
4829
2653
2586
1828
3079
2745
2505
2710
2397
2230
2838
2850
3694
3953
2557
2124
3854
4208
2393
1732
2447
3073
3453
3406
5134
2241
4698
3069
2827
4010
2534
2973
3429
2705
2526
4101
1951
2872
2921
2039
2112
2294
1643
2240
2987
2719
23043
3500
2532
3880
1317
4846
3863
2561
2788
2428
2828
2404
2356
1455
2723
3202
2761
2729
3112
2342
1834
3885
2798
3322
1439
2515
2489
3335
3211
2775
3048
2415
2688
2737
1765
4465
2710
4214
3246
2612
2922
2655
1826
2289
2808
2219
2098
2415
2898
2331
18919
4317
2533
3798
3524
2374
3854
3376
2297
3879
3178
4453
5534
2671
2579
3179
3104
1836
2606
2414
2134
2443
3367
2365
3806
1981
5272
2954
3069
2330
3080
4362
3123
3780
1819
2674
3425
2776
3342
2097
2265
2892
4103
2919
2047
3371
2906
1677
2517
2829
2908
2651
2560
2340
4578
2375
3284
4000
2197
2618
3347
3323
2714
4097
3271
2162
2405
2557
2746
826
2717
3692
3394
3004
2017
2962
3156
2761
2666
2951
3113
2439
3669
1995
2846
2601
2710
2491
1598
2663
1704
5261
3137
2460
2285
1140
4675
2658
2154
2580
2920
2558
2169
2876
2956
2886
2981
2475
2277
2963
2762
1640
4533
1633
1889
2940
2878
3878
3120
2367
2128
2858
3318
1410
2433
2020
2948
2072
3442
2960
3410
2386
2295
2718
2915
2115
2739
2274
1832
1477
2006
2718
2054
2349
3012
3744
1950
2256
3413
2456
4320
18406
3311
18637
2998
2034
19230
2959
3956
2628
2787
2999
3845
3158
3075
4087
2420
3195
2498
2547
2155
3201
4070
2148
2528
3874
2694
2641
1230
2734
1365
2802
2889
2407
2917
2467
2935
2583
3334
3028
2443
5293
2554
1715
3398
2896
2527
1709
2408
2486
3863
2582
3299
2344
2776
2277
2766
3030
17629
2051
2463
2600
2154
2961
2651
2404
1849
3475
1989
2607
2847
3169
2477
2221
2368
3158
1536
2372
1846
2709
4004
2530
4041
3600
2440
2184
2721
2910
2472
2598
18721
3385
1770
2821
2727
3874
3489
2237
2145
2037
2024
3637
2608
3145
3683
2639
3436
4365
3594
3148
2421
1684
2622
2641
3124
1397
2902
2869
2648
2921
1271
2807
4548
2619
1881
2821
2565
2367
3138
3036
2727
2393
2703
3093
2518
2455
3799
3359
5047
3895
3505
2620
3471
2906
3333
2571
1723
2930
4150
4875
2014
2325
2684
1693
1845
3086
3152
3789
3270
2738
3336
2856
14250
1880
3846
3548
2801
1869
2333
2508
5008
3851
3043
1827
2369
2899
2996
2190
4310
1939
3220
5016
3531
3128
2020
3005
2657
2298
2251
1950
3531
2626
2075
3416
2979
3910
3111
2765
3509
2547
2058
1848
2652
2748
3371
2228
9083
3289
3681
2333
4472
2557
2570
2776
4900
3836
2836
3219
2000
9340
2871
2179
2415
2768
3952
2775
4061
2622
3538
1876
2498
2732
3036
2010
3597
4819
2683
2924
2447
2705
3215
1885
3379
2781
2681
2494
4204
2569
2631
3109
2260
3154
2704
2393
2897
3453
2158
2944
3174
6796
3137
4123
2679
2977
3914
2297
2521
1608
4437
3490
4369
3770
2943
5356
3491
2600
2614
5345
2938
2946
2208
3906
2838
1734
2204
5232
2138
5210
1857
1851
3518
3423
1715
2277
2084
4682
1338
1530
3663
3480
4047
3198
2178
2883
2356
2496
3243
3127
3361
3569
3592
5543
2547
5705
3934
2900
5108
3231
3431
2009
2928
2788
2581
4202
2788
4688
2900
2948
3104
3159
3552
2093
2694
3220
3825
2636
3170
3867
2772
3947
2890
4280
3672
2383
4828
2631
4761
2910
2135
2727
3686
3756
2948
3877
3312
2508
4097
3103
3882
2747
3349
9256
5872
2778
3061
4680
4212
1659
2817
2256
3544
2659
3672
2721
4057
2453
4126
2820
3080
2400
2765
2639
2850
3628
4469
4002
3938
2382
2571
3885
3360
1700
2118
2298
3004
1726
3459
2670
4784
2690
2396
2309
2436
2268
2961
4350
3281
2875
2290
2741
3314
5349
2118
2527
2256
2731
3903
2633
2572
1457
4942
2519
3306
2529
2813
3022
3166
3237
3185
2495
2638
1943
2936
2809
3663
1257
2891
1834
2288
3159
2873
3074
3249
3518
2421
1195
3539
3414
3585
3475
2400
1711
1960
2159
2711
3879
2243
5626
3760
2646
4859
3505
2297
1959
3186
2541
2502
2111
2276
1958
2567
2388
2851
3118
2505
2219
2662
1580
2467
2120
2622
1659
2299
2363
3411
2364
2829
2115
2380
4212
4814
4921
2532
2214
2361
2451
2999
10715
2225
2622
2476
3112
2317
2697
2366
1893
3007
2857
2650
2142
2144
3012
3145
3166
3519
2362
2519
2564
4446
2707
2795
2279
2837
4235
2674
6493
3662
3773
2391
3422
2308
2692
2548
2759
3423
2731
3551
2997
2545
4805
3137
3026
3495
3881
3580
3905
4041
3160
2648
2543
4856
3342
4203
2347
4406
3597
3144
3863
3245
2610
2665
3146
3603
4474
10201
4088
4615
3415
15223
2473
2706
5520
4618
3220
4553
3228
3014
2919
4443
3194
4018
4838
2698
3794
7016
2840
9093
2928
2322
3503
3117
2313
3155
3366
3279
3591
2955
3624
3273
2490
3003
4406
3807
3541
3614
4749
4546
3642
2895
4008
4392
3130
2927
3387
2937
1457
4043
3374
2683
2134
2245
2474
2306
2913
2429
2953
2985
2653
2033
2573
2746
2783
2339
3446
2186
2647
2798
4453
3985
2740
2318
2818
2539
3403
2497
2743
2535
2967
4567
2688
2379
2558
6014
3291
2976
3418
3657
3244
2743
1948
3769
3313
2874
5564
2522
2317
3316
3860
7008
7690
4202
5006
2619
18391
4102
4822
4734
4635
2265
3656
5752
3821
3261
4109
3878
2642
4661
3210
4595
4295
2484
4486
2923
3190
3107
4009
2482
4254
2676
2369
1911
2729
2422
3264
2994
5245
4043
2773
4263
3508
3801
4264
2598
2868
2522
3223
2677
4429
4474
3839
3474
6440
5321
4674
4703
3165
3433
5344
7705
4458
3675
3416
3761
5352
2360
2711
2903
4125
1550
2443
1635
4053
4365
2700
4606
1794
3233
1607
2881
4685
5021
4250
4127
4684
3198
5262
3033
4024
2719
2491
4188
3521
3569
3454
3998
2200
3175
3349
4653
3210
3282
2393
3041
3319
4853
2648
3146
4790
6368
2482
4263
5138
7899
3789
3038
4980
3086
2920
5634
2762
3039
5621
3477
5188
6435
4074
3175
3490
2843
4354
3308
3395
5718
6457
4163
16558
5159
4673
3375
2602
3369
2698
2810
4730
3451
3441
4438
2419
5160
2913
2968
2722
5676
5954
4568
2710
6153
3499
2534
2326
2374
3874
3560
5316
5627
3868
4502
2846
2925
2864
4791
3786
9213
4867
2117
4047
4671
2508
5036
2956
2983
2542
2462
2781
2793
2645
2402
2907
2642
3209
6166
4531
3186
3779
4342
2556
2721
3386
2806
3099
2355
4670
3934
2395
2776
2557
3788
2970
19989
1890
4032
2575
2579
4158
3117
3303
2246
2845
1994
3008
2488
2691
2628
1956
2268
2789
2928
2480
3326
2838
2090
2759
2216
3372
2441
2069
1865
2490
3510
2026
2122
4929
4150
5036
3454
3400
1932
2494
2981
2393
2443
1962
2620
2716
3453
2528
3912
2697
3429
5962
3491
2785
5229
2590
2330
3730
3290
4216
2172
2891
3020
6137
4498
2881
2390
4214
3360
2732
2727
4564
4406
3260
7955
4767
4652
4302
2077
4926
2739
4199
4036
4049
3537
2596
5121
5125
2823
4505
3913
4472
2847
3801
4011
2674
4477
3234
3281
5029
4331
3169
7113
2638
2489
6633
3697
3626
2697
5174
3318
2865
3040
3114
3062
2939
5905
3239
2282
6046
3668
3557
4832
1812
3488
5761
2471
2935
3629
4048
5348
6228
4109
3582
4667
3222
3545
2839
4320
4013
3891
3345
2940
3332
3466
3087
1625
3723
3699
4702
3071
4418
5407
5613
4482
3769
3092
3851
6785
4909
3077
4644
3370
7914
4115
2090
4010
3109
2323
2840
3555
2769
2728
5626
5306
2565
7674
3431
2531
5409
3561
2607
3019
5278
3263
2940
4691
5918
3138
3718
2138
4106
4940
4583
3495
4521
2971
2647
4217
2863
2613
2296
3759
2811
4509
4282
2971
2855
4725
4661
2406
3279
3354
2509
2392
3531
2966
3741
2377
3300
3714
4228
2344
2382
2550
3812
3331
5506
3865
2452
4409
2910
3868
4849
3752
2835
4316
5774
4495
3119
4655
2821
3696
2712
3892
2027
2620
3369
2552
4172
3055
4331
4691
4622
2836
2801
2418
3999
3488
3714
3528
2788
2915
2104
2457
2323
2406
2578
3386
2176
3330
2398
3468
2203
2985
2047
2549
2455
2930
3875
2126
2681
3826
2857
3237
3117
2517
2297
1914
2850
5247
3648
2069
2665
3468
2776
2760
2767
2436
2986
2638
2504
2706
3287
2743
4727
2952
1762
1974
2631
3265
3320
2730
3143
5209
4183
2221
3185
1838
4411
3725
1825
3569
2513
2524
3985
2844
3483
3838
2314
3064
4843
2744
4141
3110
3029
3595
2587
4374
3935
4936
2332
3416
2949
4828
2727
5294
2703
2546
4170
2523
3601
1779
3428
2331
5957
3249
2830
4044
2724
2929
1917
3720
4730
5672
4171
2410
6823
5201
2833
3008
3112
3249
2904
4699
2315
2533
2504
3342
6531
2580
3245
3562
2993
2709
2648
4208
3160
3165
4623
2825
2636
2763
3911
3032
3656
3916
3706
3331
2999
4867
4170
2326
4889
2343
2526
4075
13631
2391
2683
3047
6010
2337
3492
2480
3715
4201
2345
2837
3923
4616
3918
3736
3253
2799
1830
4658
4180
3736
2845
3723
3560
1412
3457
3219
2617
2782
3847
2936
2480
3705
2882
3318
2408
4561
3254
5160
2923
3655
3961
5663
2481
2129
3663
2866
3064
3595
2221
3092
3152
4163
2260
2872
2353
2380
2903
4581
3756
2518
3445
1778
18943
3003
2923
2301
2763
4756
3768
5834
3069
3465
3213
3015
3631
2119
3006
1505
2464
2920
2813
2034
2644
5102
2742
3093
2845
4012
3327
3431
4255
4184
3224
5907
5132
6937
3847
2657
2735
5771
3335
2404
4134
3342
3788
2598
2886
2864
4417
12290
2256
2872
3365
3423
3828
5492
5204
4107
4741
3024
4157
2605
3359
3280
3110
4629
3507
3065
2696
3716
3308
2799
2457
3367
3228
3948
2635
3713
3640
4054
3502
2708
2482
2793
3702
2656
2417
3709
4321
2908
5419
2426
4546
2865
3223
2806
3665
2793
3870
5479
4076
3574
2565
3281
3862
3366
1692
4450
9844
4709
2373
2956
2803
3139
3294
2678
3855
2648
2858
3787
3958
2561
2602
2654
2905
5343
2744
2522
3159
3385
2999
2982
3133
3114
5341
3490
4323
2197
3739
3795
2658
2403
2929
1911
2636
2572
2006
3492
2238
3241
3950
3656
3620
3507
3206
3255
5067
2266
3021
4071
3102
3467
3114
2613
2756
2112
2733
2386
2578
2872
4530
3703
2427
2451
2916
2633
2705
1809
2026
2411
2485
2543
1420
2791
2544
2484
3922
3639
2768
2631
2974
2068
2646
2662
3055
2719
2653
3714
2310
2978
2643
2191
3400
2321
3437
2697
3310
2150
2373
4266
2973
2931
2973
2001
1822
3540
5100
2849
3251
2418
2372
3292
2403
2404
2583
3428
2758
2412
1942
2944
3650
2840
2890
2850
3314
2976
2013
2514
2605
3386
2491
2330
2666
3228
2499
2368
4290
2313
6849
5476
3099
2380
2586
2101
2824
1877
2480
2176
3457
2352
3520
2563
2332
3450
2382
4971
2666
2327
3287
4218
3197
3001
5358
2032
2323
2613
2354
2370
2529
3225
2663
1663
2170
1915
2002
2477
2252
5187
2350
3342
4547
2881
2683
3272
2104
3044
3002
3243
3307
3713
2133
2523
2852
2297
2259
2990
3031
2011
4452
4840
3039
2823
3367
2753
2565
3142
2113
2824
3080
3045
2547
4332
2621
3250
2215
2492
3257
2889
2046
2297
2084
3731
2340
2644
2896
3516
2339
2649
2735
2222
1969
2544
2568
3677
2434
2856
2664
2041
2498
2901
3013
3423
2853
2680
2528
3047
3916
4639
2576
2361
2633
3452
2674
2300
2680
3626
2157
2591
2334
3124
3191
2399
2893
3046
2820
5413
2339
2021
3914
2654
3681
3107
2808
3065
2566
2673
3421
2173
3123
3128
3786
2524
4277
2830
5247
2686
2745
3307
2226
4019
2693
2143
2078
34647
6315
2954
2174
2473
3335
1929
4803
3319
2786
1441
3267
2431
2515
3442
2389
2254
3543
1567
1739
2646
3051
1757
3023
2357
2898
4242
2607
2841
2477
2846
1983
3447
3162
2488
2101
2539
3339
2276
2609
4647
2362
2185
3392
3505
3048
3626
2214
2333
4588
2924
2923
2776
3082
2558
2219
3281
3673
3651
2670
2665
3913
3212
1624
2803
3407
3362
2830
2374
3256
2322
1850
2178
2869
2149
2676
2393
2718
2292
3189
3279
4035
2031
2371
2794
2616
2675
2004
4183
2476
4988
2189
3035
2735
2427
3979
2648
3690
4298
3359
2957
3054
3536
3155
6274
2958
2602
3212
2293
2734
2662
2628
2377
2721
2998
3140
2545
2707
3652
5023
2329
3423
2654
4207
2223
2643
2598
3556
2687
3559
3091
3875
3805
3042
2245
5896
3553
3125
3835
3706
5152
2807
3237
3105
2893
3954
4569
2835
2339
2659
4571
2525
3005
2383
2617
2726
2651
2709
2544
1625
2938
3854
2543
2616
3010
4109
2593
2478
2946
1978
3281
2559
2476
2281
2784
3536
2235
2307
1509
2285
2298
2489
2529
2520
3768
4021
2511
4649
1967
2263
2625
1973
3967
2924
2403
2933
2765
4243
3058
2261
4224
2469
3766
2406
1967
1886
4325
3164
3523
2663
2126
2842
3293
2816
3093
3317
2710
3009
5120
3271
4721
4088
3553
2963
2928
2476
3036
2697
2871
3644
2699
2561
2444
2777
4589
4077
2632
5962
4169
4259
3728
2242
4200
4581
2453
3535
5120
6321
2869
3851
3964
4256
2673
3241
2365
4385
2725
3387
4425
3075
4014
3513
2596
3343
4253
3396
3235
3698
3102
2259
3436
2670
2234
5502
4913
1773
2800
2673
3364
2549
3177
4390
2675
4304
4128
2425
2257
2515
4586
3784
2910
2815
2945
5699
2991
2420
3161
3814
3413
3228
3183
4610
5037
5114
3671
7941
4481
3198
2755
3306
1527
2614
3950
3626
3068
3837
4761
2991
2392
2808
5036
3682
3722
2416
3308
3073
3866
2907
3086
4636
2837
2274
3234
2840
4273
3643
3312
4215
3558
3487
3236
3661
3849
6217
4615
4510
2955
3065
2938
1844
3814
3433
4939
2720
2943
4842
2412
3481
2496
2266
4322
3285
2231
2603
2457
4560
3816
2075
2316
2357
2185
3814
2956
2576
3926
3591
2380
2380
3426
3303
2131
2852
2755
2217
2929
2786
2326
2225
3462
2809
2555
2104
3584
14102
2765
2491
3332
2601
2273
2770
3428
2296
3546
2957
3409
3241
4103
2828
4540
2613
4001
2316
2532
2780
3970
2798
3196
5772
2635
4450
3230
3240
4213
5962
3219
3556
2529
3025
2355
3070
2326
5008
3464
2951
3882
3646
2826
2843
3287
2871
3235
3483
3701
3630
3122
3301
3101
3916
3242
2758
4556
2200
4243
3331
2552
2763
3098
2628
2509
4982
2985
2285
2448
2673
2207
2424
4144
3012
2637
2902
2540
3356
3048
2833
2407
3401
3445
3758
3105
4075
2423
4519
5442
3023
2319
3514
5130
3579
4066
2365
5090
6078
2753
2708
3043
6025
2590
2263
3088
3031
1867
2304
4116
2651
2960
2869
1766
2452
2423
2791
1946
4186
44029
1909
2445
2591
3207
2206
3434
4170
2851
2373
2884
3061
2590
2869
2506
3100
1754
4011
2346
3179
6305
3090
2330
3222
3946
2464
3085
2977
2777
2547
4942
2525
2225
2369
4144
2609
2974
2473
2948
3537
2668
2565
2259
4939
2315
2284
2644
3776
2484
2938
2667
2726
4671
3166
2561
3519
3288
2705
2285
3534
2955
3579
3431
3131
3147
2525
4204
10279
2775
2840
5186
4602
3632
3292
3150
2497
3813
2829
2454
3409
2722
3599
2534
3476
3492
5442
2800
2205
3471
2900
2883
3156
3639
2562
1870
2597
1627
2577
3445
4777
3408
3435
2602
5495
2613
3643
2534
2103
4395
1885
2858
3196
2679
2642
2196
3685
2430
2352
3681
2829
2635
2692
2124
3148
3548
2569
2723
3756
4203
3418
2594
2214
2388
2432
2130
4271
2492
2512
2048
2787
3219
2565
2404
2733
2958
2819
3570
3032
4186
3236
4220
3003
2049
3188
3841
2322
3262
2136
2190
3270
2054
3830
2240
3258
2857
3598
2632
1928
2703
2771
2517
7994
2422
3121
2241
3474
1575
2291
4779
2195
3285
4055
2432
3087
6263
2393
2273
1865
4044
2914
3016
3028
3496
1944
2181
2218
1911
2039
2645
2459
2663
3557
2528
2588
2779
2405
2764
3380
2471
3238
2203
2556
2089
3032
3736
2422
2401
2009
2558
2920
2023
2226
2215
2942
2074
2373
3053
2555
2278
5488
2659
1865
2172
2179
2915
2130
4211
2436
1735
2572
2177
2828
3102
2712
2358
2134
2689
19692
1984
2193
2042
3606
2241
2611
2196
2187
3537
2306
2332
2937
3002
1741
3272
2910
2185
2160
2484
3256
4341
2653
2350
2964
3754
2680
2668
17563
1865
2323
2366
3076
3026
2166
2572
2832
2584
3922
2460
3272
3769
4137
2490
2657
2461
2447
1927
2153
4114
2373
2458
2172
3719
2648
2628
2040
1730
2873
2398
2442
2362
2372
2317
2466
2142
2828
4247
21423
4072
2885
2187
2387
2635
2358
2362
1804
2672
2721
3125
2898
2044
2665
2217
2327
3256
1934
2386
4941
3235
3001
2420
2107
2830
3656
2390
3726
3008
3298
2292
2531
2871
3096
2800
2543
3227
2844
4237
2160
2433
3513
2295
2627
2784
2792
2565
3652
3283
1913
2707
2865
2793
1840
1951
3024
2441
2227
2759
2403
3147
3142
3023
1608
3548
1936
6411
2166
2439
2512
2643
2890
2400
2136
2457
1816
3388
2919
3720
2630
2597
1625
3075
2262
2798
2166
2362
1245
2016
2346
2528
2113
2894
3894
4917
3422
4373
2907
1988
2018
3392
2759
2619
2480
2791
3748
2373
4726
3722
2879
2657
2508
1499
4639
4561
2610
2305
13112
3363
2221
1603
1952
3885
2511
2535
1797
3329
2725
2692
4744
3140
2173
2382
2548
2563
2995
4242
3497
3631
2633
3236
2272
2974
2772
2662
2288
3094
2446
2682
3367
2925
1798
2519
3314
2556
2644
4325
2953
2975
2510
3133
3665
3388
1996
2537
3192
3207
1959
2552
3466
2773
3330
2550
3000
1593
2426
2792
2022
2909
1608
2623
2720
1980
2997
3439
3226
2104
2138
3370
2472
2958
3147
2938
2198
1908
3932
2960
2626
2206
2825
2458
1876
3026
2292
2695
2967
2521
3241
7888
1987
3107
2560
3374
1792
2644
2452
2697
3076
2775
2571
3001
3409
2041
1036
3414
2699
2885
3283
2120
3359
3679
2546
2352
3489
2446
2382
2755
1864
2137
3156
3693
2744
1860
2555
3528
2237
2587
3911
2854
2804
3849
2867
2587
2511
2892
3282
2478
2543
3822
2381
3050
2831
3039
1977
1946
4750
2106
3193
3400
2360
2415
2343
2063
2424
3221
3924
2712
4747
2547
2704
2604
2249
2942
3282
3215
2221
3918
3465
2569
2202
2640
2526
1809
2241
3192
2283
2183
2560
2493
2429
2375
2408
3938
2705
2715
2678
4042
2618
2830
2599
2689
1824
2327
3489
2696
2006
3246
2785
2548
2368
3241
2263
2637
2529
2543
2721
2202
2493
5664
3051
2955
2369
3023
2683
2985
2417
2604
4369
3029
2983
2690
2917
2412
4633
2366
2755
2546
2366
2752
2827
3183
2851
2573
3036
2752
2454
2872
2506
4047
3321
4184
3171
2722
4496
2493
3553
1727
2032
2594
2605
3403
2498
1823
2831
2653
3538
3143
2354
3260
3849
3542
1910
2590
3323
2610
3012
3466
2080
2377
2550
2015
3959
2430
2567
2706
2991
3608
1918
2284
3031
3511
2508
3373
2524
2860
3213
3003
2648
3650
2558
3096
1916
3135
2167
3091
1607
1732
2937
2105
3241
2426
2316
3929
2852
1610
2351
2247
3418
2913
2458
3122
2841
2886
2615
2784
2882
4093
1831
3594
2786
1651
2231
3600
2614
2688
3181
2183
4309
3243
2080
2756
5901
1782
2954
2769
2499
4490
2590
2597
1764
2381
2665
2776
2592
2431
1706
2906
3035
2816
3025
2226
3855
2554
2636
2214
2506
3461
2243
2758
2284
2428
2384
1711
3341
2474
1566
2427
2834
2583
2934
3527
2464
2440
2993
2394
4024
3210
2316
2160
3193
1773
3537
2175
2781
1973
2486
2137
14674
2297
1958
3182
2854
2582
2295
2440
1678
1652
2988
1829
1855
2640
2675
1683
1789
2818
2881
2407
1875
3263
3228
2409
1899
2120
1648
4337
2010
2648
2747
2230
3097
2461
2635
2454
2547
2556
2493
2380
2640
2717
2057
2943
3233
2281
2066
3232
1883
2297
2372
3759
4002
3721
2358
2607
2399
3115
2513
3145
2743
3716
2764
2913
3053
2437
3346
2579
4210
2396
2793
2973
3009
2578
2520
2725
2093
3107
2312
3107
3222
4096
3712
2044
2600
2867
3753
1676
2215
2383
1875
2583
6058
2749
2466
5415
3123
3809
3806
1707
3797
3765
3094
2931
2690
2705
2444
3860
3031
2768
2905
2274
4557
2699
2765
2504
2319
1747
2803
1567
3254
3071
3631
2080
2818
3419
2540
1849
1643
3018
2414
2722
3521
2872
2142
2116
3063
3055
2954
3096
1701
2291
2099
2540
2052
2679
2644
2571
2384
2319
2143
2144
2034
27517
1824
2224
2589
2577
1904
2184
3107
18494
2856
1756
2006
1955
2574
2031
2354
3078
3430
2389
2169
3149
2811
2942
1908
2042
17860
3606
2632
3125
4557
1601
2475
2283
2523
2477
1599
2588
3325
2406
2640
10910
3392
2603
3156
2513
1910
2573
3030
3419
2280
2221
3640
5061
2286
2592
2076
2668
2540
2251
2814
2924
2616
4776
4135
1913
2983
4246
3395
3475
2232
2485
2329
3931
2424
2474
2514
2740
2092
2541
2913
2873
1720
1909
2412
2456
2287
2790
2814
2807
1645
2811
2356
2595
1347
3583
2323
2547
2282
2305
1909
3376
2951
1718
2480
2487
5171
2267
3386
3721
3393
1731
1931
2338
2415
2438
2795
2816
2999
3887
2660
2185
2062
2117
3423
5069
2977
2196
2882
2012
1965
1977
2793
2486
2353
2393
1925
2028
2692
2601
2616
2221
3148
2265
1972
3365
2543
1779
1833
2777
2751
2189
2046
3021
2180
3224
3495
2847
2904
2470
1492
2326
1987
2505
2811
2735
2615
2714
2687
2723
3660
2483
2302
2454
3330
2296
2096
2512
1818
2451
2784
1694
3041
2799
2958
2563
2519
4803
2607
3165
3134
3538
3842
2499
2432
2889
2998
3802
2832
2635
4449
2283
2393
2762
1874
2992
3492
2194
3272
2567
3280
1689
3234
3203
2833
3671
3864
3981
5293
3819
2205
2021
17137
1692
3064
2063
2423
2331
2708
3418
2738
1915
5237
4672
1085
2377
2266
3029
1925
2988
2970
2750
2418
2607
2032
3208
4479
1666
2313
2567
1948
2844
2704
2975
6004
2595
2089
3196
3172
1735
2376
3031
1255
2672
2832
3405
3067
2603
2120
2295
3157
2386
4129
1957
2417
2166
3666
3438
3386
2509
2582
2701
2442
1945
2673
6344
2219
2173
3073
3297
1907
2185
1791
2367
2223
2313
1917
2287
3464
1463
1428
3412
2031
2582
2680
2922
2242
1980
2182
2454
4872
2493
2235
1821
3204
2342
28474
3345
3274
1998
3355
2857
2610
2547
2477
3686
2920
2517
1861
3089
4093
4658
2314
2436
2678
2831
4994
2483
2284
3582
3348
2600
2313
2388
2387
2409
2595
2295
2977
2590
2645
3349
2695
2228
2713
3823
3082
2919
2464
3937
3275
2718
3008
2557
4129
2473
7256
2281
4010
1962
5367
2787
2777
2481
3739
2126
2547
2422
2193
2597
1867
3875
2477
2657
2352
2641
2678
2355
2703
2096
2838
2402
2301
2828
2507
2932
2833
2438
1646
2506
2511
2831
1359
2380
2493
2554
2725
2821
3080
3259
3416
2691
2076
2035
2583
2957
2320
2107
3629
2411
2614
3118
2141
3368
4379
2050
2462
1785
2451
3855
1352
2901
1915
5053
2672
2793
2822
5719
2217
2574
3488
2372
1446
2139
2104
2737
2611
2257
2382
2389
2311
2883
2114
2070
2804
3190
2248
2299
2186
4192
2793
2513
2641
1889
2389
2334
3038
2481
2106
2562
3288
2188
2612
2609
2793
3025
2389
2975
2434
2950
4819
1809
4499
2637
1855
5154
3891
2788
3090
2604
1819
4369
2179
2954
2820
2805
1719
3054
2751
3403
2854
2741
3554
3101
20926
3654
3375
2413
2660
3790
2973
2958
2555
2771
2598
4233
2994
3440
3773
2442
3641
3483
2677
3422
2323
5874
2688
4524
2715
3904
3217
4433
2670
5822
2195
17018
3177
4052
2095
4000
1502
2500
2573
3090
3035
2045
2638
3383
2386
2797
2529
2164
2424
1968
2211
2140
2406
2576
2032
2652
1978
2380
3379
2370
3339
2471
2060
2667
2322
2823
3197
2161
2447
2237
1953
3743
2452
2577
2219
1894
2347
2281
1913
2505
2404
2410
2592
3267
2992
2165
11614
2001
12069
3138
3415
1938
2532
2520
2767
2654
2339
3029
2683
2426
2668
4128
2484
2824
2696
2503
1675
2517
1677
2143
1643
2529
3363
2442
4135
2822
2556
2967
2199
3625
5518
2529
3038
4535
2954
2656
2328
1944
2465
2215
2882
2613
2705
2574
4138
2299
2585
4482
3787
2465
3620
2402
4170
2360
3248
3700
2304
2893
2113
2760
2379
2054
2787
3963
3013
2692
3869
2847
2655
2235
2575
2677
2653
2570
2627
3872
2605
2202
2934
2538
3209
1785
3108
2911
3431
2325
2436
2728
2664
2183
3707
2788
3562
2696
2398
2562
2448
2797
2786
2767
2120
3186
2286
2703
2535
2575
2142
5536
3061
2710
3008
2725
4338
3245
2780
3445
2401
2475
2501
2739
2594
2676
2647
2529
2194
2226
2705
2064
2135
3600
2153
3044
2932
3002
2265
2181
2038
2742
2064
2024
3093
3852
4206
2215
1704
3424
2813
2703
2200
3255
2509
3646
2924
3843
2534
2852
2281
2593
2458
2650
2651
2219
2537
2811
3234
3517
2672
4342
2455
2878
3341
2384
2299
3048
2546
2831
3801
3284
2632
2357
2814
2433
2862
2904
2948
3037
2384
2842
2714
2394
2859
2800
2181
2948
3829
2186
2657
2656
1804
2445
2824
2154
2395
4449
2336
2233
3382
2734
2897
3273
2454
2438
2652
2395
2023
2621
1888
3157
2353
2959
3014
2253
2787
2228
2534
1760
1828
8631
2149
2403
2993
2699
1780
2713
2468
2425
2124
2425
2326
2043
1701
2403
6261
2307
2368
4404
3339
2130
2575
2766
2237
2827
1870
2702
5657
3070
2780
1952
1541
2880
2351
2453
2710
3527
3072
4996
3398
4387
2488
3826
2475
2598
2370
2197
2596
1988
3033
3911
2353
2741
2357
3048
1477
3191
3035
2497
2588
1679
2241
2627
2730
1352
2955
3582
4052
2290
5592
2167
2295
2320
1800
3984
2943
2811
1840
3077
2033
1936
2604
19255
2257
3537
2835
1700
3972
2775
2333
1807
2632
2024
3502
2252
1700
2506
3011
2991
3509
1745
2489
3473
2927
2592
2872
3475
2814
3904
3476
2651
1851
2089
2595
2316
2209
3186
2492
2771
1979
2375
2355
3079
3068
3934
2601
2125
17251
1624
3136
3637
1629
2170
1875
3392
2385
2477
3341
2045
2588
2567
2862
2072
2115
2598
3157
2454
3009
4360
4543
1922
2082
3345
3032
1874
1878
3149
2466
2579
2745
1753
2857
2801
3970
3452
1068
2288
1472
4080
1930
1520
2211
2207
1863
2873
2073
2514
2481
3961
3019
3047
2096
1987
1669
2669
3303
2211
2552
2805
2165
2231
2258
2485
14029
2447
2018
2286
1776
2442
2144
2292
2630
2546
2551
2584
2599
2848
3486
2433
2274
2249
3063
2294
2936
3133
3294
2494
2807
5018
2171
4981
1980
3282
2730
3172
2121
2206
2283
2501
3762
3320
2943
2549
2238
2389
2211
2808
2677
2561
2940
1884
2428
2607
1085
2505
2755
3286
2106
2740
2478
2654
2656
2226
2746
2311
3151
2852
2429
2996
2353
2470
2672
1773
2229
5455
2565
1981
2169
2887
2673
2092
2989
2754
3569
2843
2199
2133
2626
2094
2397
4059
2324
3027
2447
3586
2802
2120
2030
4472
2346
2931
1912
2362
1819
3082
2262
3088
2990
2399
3379
2336
2504
3583
2128
2584
2515
2987
3904
3510
3432
1865
1999
1957
2206
2973
2869
2188
2484
2604
3211
2286
2614
2546
1792
2324
2372
2201
2787
2396
2321
2999
2115
3532
2541
6725
2291
1751
2129
1930
2489
2807
2958
17725
1692
2479
2181
1788
2304
3092
3127
2834
2216
2264
2470
2485
1922
1555
1663
2427
2011
2812
2361
2353
3204
2920
3233
2247
2584
1584
2244
2034
1790
2011
2389
2151
2935
2024
2345
2480
2198
2982
2553
2320
1912
2059
2129
2578
2840
3889
1768
3064
2152
2648
2767
1939
2287
2369
2744
1885
1860
2057
1997
2203
2653
3217
2764
2457
2326
1665
1590
2567
2560
2516
3318
2304
2782
2110
2156
2512
2177
2512
2815
2453
2069
1930
2605
3176
3402
2262
2699
2178
2419
3655
4442
1322
2443
2252
19002
3222
1939
3103
2231
2347
2342
2176
2429
2408
2982
2262
2228
2302
2761
2731
2259
1782
4271
1883
2389
2034
1885
2883
2146
2537
3290
3115
2968
2890
3407
2673
2976
1477
2638
2577
3078
2707
2109
2944
2787
2135
2548
2749
2427
2604
1461
3202
2596
2502
3334
1829
2358
2428
2924
2263
3098
2444
2309
2345
2702
3085
2398
2707
1827
1804
2334
3360
2363
2406
2899
2491
3355
3057
2353
2334
2343
3192
2021
2637
2483
2342
1761
2324
3716
3604
2400
2045
2645
2087
1139
2379
3293
2671
3206
1446
2940
3702
2499
2046
3130
2712
2344
2367
3344
3966
3170
2614
2987
3431
3012
2309
3921
1374
1607
2949
2582
1741
2567
3155
2081
2296
