3618176
743215
8122
717769
674263
708023
10072459
981802
1044211
1082787
973824
1046018
1160304
960846
1100171
828615
925975
4355
901903
2656931
790314
877286
925861
543271
791118
883276
866627
935075
549893
912627
786411
849983
611162
920902
1004715
800617
800600
891962
923421
723378
922998
702813
648597
1186940
968345
960784
935355
826944
2030150
998294
7379
785103
972877
1040532
1170183
785537
624961
1005957
895940
869885
738821
568786
886495
650117
686493
1129580
1111241
794184
751563
836519
1086038
978033
1599566
949283
1050897
688730
915304
665002
786907
941737
1026207
660456
899839
817126
844723
900529
884775
851341
1010643
1073772
608224
822454
807952
602640
825939
608372
797072
870670
671159
745129
710926
819140
931540
910908
894747
597342
1037649
817860
965232
706649
706056
1023241
897406
1027710
701529
636144
996084
696609
1041378
774947
992281
744947
848249
925220
1011319
897630
1078401
778672
749960
835066
842962
850543
1182779
1073919
1098687
1082056
857066
1196906
735203
1014714
1008386
1261849
1206454
1031218
789090
968278
964556
1046097
18145
2028307
730194
984182
726322
953875
685266
1005643
833222
1102586
760633
883092
905595
839572
1097776
964924
9453
529214
910374
617880
901749
743331
699030
1024265
732620
767008
923278
783954
974628
792115
828477
804241
757783
619813
884514
911943
850724
940214
546237
858877
826997
803299
875218
692623
900418
1013343
616628
713515
898532
903130
1175031
1089069
945700
1534127
1102236
938071
780566
811050
1156763
1028700
804114
1153742
878675
1011901
1525262
1524993
1039135
1238705
1452240
1334992
904527
1266236
1082291
978131
2298618
1111028
1380148
1169621
1314760
890118
1284567
880591
825633
951726
1190219
1190142
1658602
1548393
1600237
1574651
1784441
1265218
1774111
5661
1368844
1347138
1466090
953220
1357491
1361699
1164711
888223
1503268
1161684
1402837
1036819
1211895
1546251
1510640
1671995
998916
1222731
1230740
1473368
913406
1272754
4889355
1900221
1643482
2127519
1055216
1072761
1265841
1342051
1529395
1563890
1410034
1770455
1055211
1690600
1345847
1639609
1674794
1833323
1550202
1054827
1411559
1642401
1235784
1787487
1554824
1627934
1777327
1155723
1177674
1744630
1585833
1629693
1653187
1279923
1574155
2122871
1517931
1411024
1614177
1692937
1620251
1847451
1486075
1184662
2023691
1222155
1153351
1212234
1230226
1457747
1002663
3773264
1528752
1139034
1526760
1134554
1110006
1303062
1534636
1382602
1211830
1586722
1292490
988309
1486709
1763871
1382661
1304325
1315728
1692864
911781
1353529
1505836
1261360
1555537
1321379
1658241
1043731
1466302
1052066
1544668
1297633
1559291
1298801
1041225
1254561
1105708
1379002
1325785
1176520
1369348
1458889
1094714
1315777
1287082
1248335
791593
1295677
816710
912241
930089
1057461
1466262
1139966
1152342
1449540
1136957
1311539
1771616
1375149
1541362
1029723
1181538
1315216
1074303
1234330
1087550
1190679
1412626
1341837
1279380
1393167
1481780
1261482
1214848
843129
1166702
1383206
1522923
1309078
1323841
1277174
988697
1176257
1270273
1107888
1009655
1158127
1524347
1326371
1315635
1144697
1544785
990028
857839
769695
1036085
1180303
1302992
1313700
1276910
1359021
1468983
992066
1729972
1165642
1385831
1412698
1714331
1500488
1354172
1235476
893520
1447417
1273447
1216783
1407327
1276682
1330647
1326296
1324406
952701
942142
1369188
1006592
1550869
4783591
1093501
1514929
1674453
1446008
1597187
1588041
1677903
1401193
1480713
1091049
1736474
1395209
1644575
1488704
1896909
2131829
1962147
1317016
1195642
1470768
1444285
1792350
1407640
1232685
1631939
1786362
1723166
1414945
1297971
8645
1446945
1232891
1112365
1377866
1083259
1601696
1237674
1532429
1401778
1190967
1541209
1307356
1323058
1711989
1547637
1164461
1625076
1221949
7673910
1680573
1798100
2174212
1385817
1747928
1939247
1871011
1796365
1696282
1263258
1792259
2638310
2581000
2292046
2277800
1955749
1498122
2095649
1600854
1801399
2260326
1661666
3663919
1993088
1551581
2369747
2008963
2053572
2038102
2200102
1579097
1700056
2013760
4254262
1113414
2132816
2745339
3235525
1726471
977787
1022755
1477271
1393906
1205667
900469
1383057
1201117
1407261
1119544
1238381
1241756
1172581
962070
1177126
869609
1353895
1159512
1475147
1197015
1289640
1102346
1308968
1369046
1360077
1522318
1261667
1312880
1137782
768749
960374
989252
1102996
828580
1257557
1186860
1095509
636635
1007953
771752
1190240
840976
951547
865762
1335998
1159326
1207523
1095189
861134
1400274
1175986
1456854
1210328
978153
1122190
1187946
1095779
1242322
1321137
1100239
817185
1193612
965110
2236644
1216647
1129372
1500447
1235991
1021624
886344
1230314
1101303
845061
1344719
1130632
1257975
1270087
1211868
1020824
922236
920525
1108040
755786
8973
1143932
923844
1058070
1468436
1254375
1159435
784189
1185301
1285323
1226791
1241449
1071818
906883
1248611
1195910
1039304
1366784
906142
1280514
1213729
994060
1827446
1466471
1292209
1196654
1853250
1294080
1039420
1282648
1318795
1244345
1159421
1360100
1316483
1317696
1375475
1174367
1047594
1066872
1087487
665752
840717
947639
1549811
1466362
1812167
1354985
1136466
1284728
913362
1284374
1064338
1500281
1307722
7308
1552197
1559577
1405222
1259410
1507624
1176207
1488103
1544476
1400393
1107930
1784836
1380038
1580593
1594153
1831046
1586724
1454082
1132265
1384455
1145120
2253688
1376231
1575464
3812208
940696
1274472
1225006
9195
1070649
1432646
1830984
1779814
1568887
1821905
2056419
1615108
1303745
1650965
1166840
1295127
1673774
2459545
1400713
2490989
1989798
1379070
1846073
1653634
1984158
1688737
2078383
2262371
1456757
2314912
6509734
1388159
1602382
990237
1729114
1899705
1993581
1249943
2267846
1608262
6942176
1707214
1763098
1736218
1622621
2065421
1242150
2158912
1600220
1184034
1506424
1558468
1508095
1710059
1237383
1888965
1568550
1818342
1397782
1611020
1634651
1875818
1734149
1708220
1604467
2020008
1199578
1874777
1744467
2004037
1215593
1533905
1565824
1540210
1062401
1110361
1131334
1629828
1502052
1696834
1662409
1408702
1490049
1531514
1618454
2000669
1758538
1590206
1893949
1262677
1197285
1600256
1082823
1820752
1377716
1572419
1491861
1011504
1008912
1077440
1710274
1630911
1207497
900236
1376278
1542742
1596050
1237129
1467660
1352925
1578409
1761557
1644995
4146467
1378756
1498487
1189293
1055406
1511793
1338798
1082905
1143072
1444541
950157
979825
895401
1623191
1995428
1638940
1236589
1418644
1031364
1284420
1116703
1004799
1076134
1542619
996530
1449862
918779
1070395
1108012
1757749
1682590
1294138
1140386
940031
1610017
1206392
1636777
1724773
1070937
1505571
1502162
953969
1211511
1441138
956035
1655317
985681
1170623
876338
4540878
1266961
1101844
1493526
1335860
1308397
908880
1253388
1289952
1220474
1313079
884905
1533530
1390657
1257374
1154700
1273311
1196677
1261829
812520
1582893
1329820
1079736
1192613
1657818
1378900
1050212
1378735
1453854
1579684
988662
1739922
1319019
1791926
1732717
1772863
1730095
1192737
1551222
3523205
1548522
1629239
1468463
1524437
1422761
1157394
825245
1098940
1538247
1119995
1541078
839991
1140433
1803430
15162
1564858
2544387
1502603
1030757
1080973
1421441
1305866
1428497
1450069
1375223
1473165
1390068
1326654
1282274
1265605
1543358
1418513
1229881
1397216
1450031
1292587
1498894
1869529
1390777
862834
1078056
1370236
1446635
1458847
1455705
1442143
1306900
1437401
1198359
1628053
1625489
1529815
1577637
1606747
1183699
1308800
1780680
1607606
1373989
1451285
1321526
1501490
1221747
1412698
1547248
1168802
1709367
1737592
1226730
1586407
2505822
1276251
1844700
10364
14842
1499130
1677547
1726483
1561600
1434854
1305549
1625349
1579310
1293614
1225289
2005769
1958105
1799055
1887583
1346480
1794199
1024626
1541971
1704431
1587072
1442267
1624047
1580785
1605393
2640279
1456334
1382028
1514091
1894148
1966726
1037897
1151823
1303753
1257573
1843334
1677631
1332405
1122500
1132629
1325716
1990334
1961302
1756173
1602334
1799786
1809367
1729395
1825725
1121814
1728241
1569937
1243338
1415415
1234879
1277635
1356533
1827973
10878
1364456
1071593
1502262
1407285
1476372
1152425
1460588
1477408
1659802
1721896
2285613
1255255
1580559
1263943
1483015
881088
1564079
1363278
1467148
1418756
1238600
1046485
1518384
1236666
922863
1268543
1563350
803679
1337380
919330
1402455
1096136
1487995
1218731
1559544
1500681
1314096
1605394
1173084
1359881
1415949
1484243
1273278
1236288
1622199
1273547
1347668
916991
1383417
1643343
1351185
858281
1252028
817191
1233503
1377963
1067898
815100
1181549
1252617
1279509
1415581
849475
1271297
1013346
1813739
1432130
891728
997275
1305835
1257368
1414414
914416
1223883
1333773
2101617
1316648
1057259
1064517
817721
1238332
1046781
1372881
1320138
964626
1432952
1060620
1341863
941342
1088409
1365066
978474
1008594
1147981
1378892
1247187
1469772
938001
935057
1137343
1312994
1131828
1291114
1051223
994970
1353832
1346417
1162849
1570129
1611458
1093750
1572233
1736996
1107179
1777924
1518590
1571191
2040512
1096484
1352640
1806107
1296709
1278882
1091805
1105806
1295339
1275007
1143169
1042687
1616085
1566926
1256092
1555839
1284348
947662
1198194
1656010
1109720
1532929
1448893
1833154
1575338
994795
1347933
1135633
1119648
1589358
1365636
1215587
1361477
1499053
1177941
1105117
1382012
1516512
1620366
6504517
1020895
1404707
1425974
1480593
1297120
1201014
1310698
7035
1536046
1606364
1331788
1037641
1445391
1653701
1280614
1297353
1425664
1274218
1428776
1496468
1274842
1526123
954214
1304566
1782427
1357052
1593542
1230085
1648271
1238509
1423506
1320136
1085084
1125127
955582
1383527
1144607
1543734
1336660
1574890
1348059
1461977
1562094
1279901
1367515
1443354
1858029
1584331
1365365
1645577
1113570
1290209
1568330
1274118
1148385
1204319
1066977
936727
1482101
1267119
1587126
1533171
1537713
1727144
897570
4385531
1498030
1498550
1287393
1090986
1009212
1066031
1363063
908749
1220938
882610
1377285
1366726
1232233
1181269
1260748
1184473
12328
1208536
1308633
971469
1148463
1419636
1117466
1470029
1763654
1085423
1407530
1439321
1404282
1173781
1258927
1096937
1705681
1494132
1018757
1126731
1198280
6640
1137883
1343046
164711
15487
1733201
1238619
1329064
1197463
1393069
957170
1170827
1312660
1470860
1476299
943922
1304617
1321404
1188008
962164
3020265
880349
1420529
1111119
1284156
1156019
1485654
1113426
1069516
1394700
1877546
1177274
1482814
1287340
1269626
1603171
1930859
1861218
2054581
2087381
2003182
1377951
1474376
1474433
1882961
2149770
1872657
1414505
1813967
1682328
1887076
1612259
3185779
1952408
1889753
1618443
2187222
2042153
1757591
1432726
2147340
1821811
1820375
1683664
1504308
2148046
1803134
1329748
2026984
2606284
2591785
2394254
1667440
2045943
2457631
2102646
2024786
1989297
2185678
2079039
2418889
2848500
2106265
2465338
2557346
2989393
1809774
1888931
2108668
1776038
2710032
2380767
2907410
3078798
1962739
2339701
2907331
2079004
2611545
2961131
3552620
2708344
2446278
2614567
2376584
2681757
3649619
2771607
2584728
3159429
3130143
2569854
3176496
3028842
2325697
3038470
3122259
3337904
4400187
4073402
2164744
3640712
3526345
3319203
2396544
2559486
3541948
2718244
4010909
3053304
2548998
2694527
3101174
2489910
3291197
3573691
3271791
2250023
3963247
2561403
3845733
3190022
3366987
3519115
4016646
3233056
3820343
3500165
3140546
3534918
3091120
2904611
3370930
2748324
3425689
2965674
3738863
3332325
2961341
3044450
2674039
3501962
3782178
2920392
3626167
2028143
3345789
11707
2653395
2863669
2470422
3436525
2331948
2855109
3531215
2808192
2544598
3888647
2875857
3638472
2618775
3535828
3384434
2447915
2052264
2562803
3171807
4640882
2996312
2953736
3130252
2460465
2732852
9437878
3158833
3489742
8649
2162299
2666416
4290429
3975736
3274245
3409332
2755137
3524428
3175955
3419882
3242827
3298689
2948441
3879070
2893286
2869319
3502438
3137045
3858466
2818551
2993866
3872666
3996116
4234835
2903367
4088040
3452025
2840853
4552484
2890357
3304839
3289706
3359540
2994475
3375412
3410407
2166110
3995309
2241673
2971201
3099066
3440309
3333044
2674598
3342622
3086824
3866029
3972613
2975897
3097719
3240097
2395929
5005831
2748020
3701439
3053705
7669
1801172
2432621
2430580
2759354
3062415
3269239
2854186
3374516
3004440
1878616
2604869
2618707
2398549
2096541
2384936
2274075
2497055
2010522
2465140
2310766
2012691
2957224
2020644
2732019
1705769
2768945
2965211
2844174
2040573
2341676
2811637
2269322
1943129
1388349
1789726
1548965
1261739
7958973
1349827
1238782
1229826
3391946
1498267
1274796
1249369
1379664
3311927
1506843
1323447
984424
963708
1418581
1457752
1242527
1171777
1722446
1793653
1345200
1750104
1824245
1717486
1361766
1122050
1229936
1633002
1378407
1365075
1373250
1572664
1202634
1295308
1374235
1524342
1437545
1517197
1057602
2016330
1002855
1527676
1626997
1293725
1855913
2018732
1373714
1466267
1858461
2212374
2174063
2058820
1724579
1977996
1611534
1623657
1922445
1466868
2332880
1630302
8949
2169177
2930986
1508721
1704563
1128329
1389855
1560579
1826062
1525389
1298366
1495192
1428426
1281396
2497878
1965491
1124834
1100095
1393960
1391120
1543515
1693910
1277251
1204172
1562162
1071393
1812833
1416940
1431494
1812602
1510687
1577761
1458901
1531722
1884487
1658376
2221352
1589102
1908527
1590766
1410053
1958179
2072998
1815939
2435166
1760023
1560271
1430691
1437288
2056908
2304065
1704881
2813480
2353474
1952603
2766669
2133406
1345745
1656421
3146203
2238938
1378677
1631534
1603659
1392214
1534419
1365030
1478285
1563026
1130048
1602201
1332283
1728200
1520347
1342979
1280587
798320
778277
1168740
811331
1213705
1232718
1126864
1517421
1260318
1256989
840323
1561302
1237244
988482
1447666
1138908
1487072
1016100
3619179
1197598
1536864
1190869
1256068
1106343
1124047
1137842
1034297
1410007
902993
1465414
1476807
885641
1010431
1052672
1276525
1320895
1161250
952305
1342809
1251045
973585
1689831
963703
1163696
1699059
1270720
1233422
1440143
1495099
1692261
1993509
1425412
1238484
1835189
1659304
1868174
1602614
2076348
2689629
2172317
1638088
1308141
1743072
3084508
1818692
1625394
2255778
2045210
1957758
2410742
1691459
1743291
2534383
1976251
2433498
2017941
2312802
1774799
2506586
1967182
1499955
1500746
1423524
2443172
1966289
1945766
1947407
1833671
2730361
2142744
2173710
1893520
2061623
2375085
2316618
2140689
2447250
2232116
2451354
2331600
1810037
2560970
1720903
2382969
2506173
3097034
1888548
3609113
2267250
2322389
1885381
2122805
1917196
2561566
2887183
1859310
2251330
1943255
2391670
3040008
3191282
3140365
3210669
2394046
2318669
3263707
2506748
2304911
2919323
2864992
2617736
4026179
2736203
3444248
2449612
3201104
2864831
2324772
2454227
3404076
3354034
2667151
3844096
2976271
2546773
4011386
3485624
3894007
2890190
2700822
4142548
5352282
2917240
3333822
3029866
2924608
3633936
4261377
3396712
3803515
3377952
4174048
3226652
4243101
3004794
3993352
3893280
4846226
4573113
3878954
4917381
4187009
4480365
4160065
3320126
4672991
3010799
5502898
3359911
3337801
2887057
3583388
3226834
2502950
2969593
4039790
3796449
5159066
9673588
5020995
3439702
3262058
4356911
3985315
4685006
4193901
2698775
4468883
3664075
5532538
2843004
3755574
4004166
3747622
4109092
2688552
3290005
3099016
3110573
8748
3686581
3239407
6367
2643571
3619210
2487545
2268013
4554737
3498026
3455132
2408632
3400607
2247355
2457407
2174416
2373239
2719102
2810074
2411765
2467313
1778381
1511025
1870771
1661194
1865409
2284636
2970942
2334042
1566616
6568638
1671637
2031837
2408415
1828402
2557301
1198045
1748237
1457202
1890143
1750813
2363413
1302841
2252283
1485520
1784713
1687846
2291397
1787999
1842001
1637372
1275869
1819552
1986865
1900706
1428049
1720056
1647044
2049574
2755756
1504370
1365912
1904134
2323963
1408990
1322549
1739470
2507566
1500440
2478395
1617100
1709551
1638566
1372665
1971512
1891691
1862181
1787562
2212403
1985705
1916206
1508101
1503823
1869069
1517257
3653399
1791341
2336610
2333270
1575058
1853451
1821121
1692793
1637869
1724150
1480328
1708336
1850601
1808473
1505863
1010041
1609293
1284242
1286891
1343534
1421138
1289875
1348691
1715545
1843456
2116487
1492434
1269253
1540923
1242416
1197495
1640295
1525780
1982120
1236633
1601919
1462444
1549670
2237235
1548432
1961021
2454667
2419530
2376087
2330073
2891166
2104144
2495910
2269135
2083574
2259273
1734679
2338399
2398607
2202521
1536092
1752337
1478132
2404299
1740965
1140951
1441293
1531597
1370389
1578696
1313578
1906524
2063721
1557535
1157789
2194758
1581926
2385141
1837201
1698299
2412304
1991674
1482308
1655916
1523761
1802177
1360581
2007520
1513043
1369554
1366236
1067960
1244433
1641268
1670947
1376755
1248626
1797458
1260648
1726009
1489048
1922758
2033842
1832080
1670317
1945437
1342215
3102943
1568678
1967366
1432560
2237307
1606136
2376906
1489051
1942158
2514972
1331501
2207523
1938801
2331459
1351053
1618772
1575145
1855273
1847862
1543843
2360704
1797733
1321886
1853817
1751518
1810700
1518862
1248713
2051773
1435767
2010879
1524133
9844
1670529
2256942
1246125
2070764
1772821
1791947
1816495
1828442
2403206
2125110
1977755
2396672
1917609
1523154
1871567
1784050
2156918
3412407
2212117
2908341
2411336
2576411
2461286
2434032
1427802
1702208
2200420
2149003
2117095
2394609
2375721
1898638
2170804
1922191
1986876
1434853
1975940
2038789
1977440
1404315
2126865
1833169
1946789
2074117
3064674
2189362
1794933
2173407
1610646
2568850
1719462
3221534
1988844
2514304
1599381
2507033
2582243
2082939
1876122
2445419
3500799
2427967
116068
1605414
3668013
1984417
2521888
1450025
2640746
1591101
1405855
1610647
2625904
1922632
1506500
2445593
2851975
2011535
1668372
1795378
2009394
2375619
1680511
2177978
1694973
3842140
1766466
2214903
1334706
1961879
1996095
2086210
2201891
3644847
1852986
1962485
1926552
2125006
2593013
1566127
2047393
2034981
2224051
1879684
1769801
2160337
2213111
2239794
2106916
1771095
1694618
2289808
1394073
2031282
1902291
2109386
1593818
2330250
2171179
1800241
2011225
1948457
2113147
1757841
2324108
2105366
1925622
2289384
1684933
1660797
3190375
2343845
2112282
2328825
1630776
2428468
2251594
2418244
2127192
2050997
1971936
2338638
2095165
2200470
1913813
1683986
2464311
2214314
2520555
2497266
1495782
1810849
2686130
2233643
2382626
1997051
2382277
5110516
1579693
1943652
1994437
6290825
1675795
1724697
1744198
1863339
2133914
2188373
1995822
2195617
2180072
2575966
1969067
1363718
1602865
1834462
1127554
1618775
1433101
1587221
712703
1209352
1200013
1296259
877005
1065010
771042
868092
1044977
1116861
991093
993741
618193
662448
832155
981682
613874
909419
913754
907196
968559
696520
1022446
868323
1465623
905289
1121919
964962
707206
590217
820437
1101548
1144700
707011
931675
799737
1673678
1046437
693999
1003650
851795
928123
1286518
1209315
975009
1010333
953703
1273041
1273216
947004
1511570
1435290
1048423
1210097
1590154
1578754
1606753
1077058
903559
884771
1653235
1102046
1545943
23924
1295377
1426700
1301462
777729
924849
1058340
1166265
1073535
1101227
862408
1483133
953080
831038
1795325
1963900
1810964
2280202
1638402
2152211
1295285
2142545
1164902
8288
1633998
1300579
777343
1381246
1059913
1073583
1444969
873260
9745
1462126
1508971
1280267
1301797
1107119
1700011
1588212
949068
1005013
1146378
1435882
1371180
1142918
1284173
1275606
1078240
1107350
1073653
813877
934484
1231990
997075
1217882
1142441
1252845
1086961
1400643
1187919
1315840
1186938
989103
1810528
1604696
1068361
1823745
1102445
1128787
984550
1057504
1453808
828752
1466184
1168604
1969576
1363432
1415376
1281248
965188
944611
663645
905365
1046579
1118254
1022004
1118216
1011773
1166106
1203937
1263617
996730
1045644
1415566
1238883
989532
1080938
907557
981591
1176843
863845
932034
756998
1944149
1114397
918841
1157482
1061510
1346093
1048853
1037745
1080190
649948
1034933
977114
818447
935581
1315800
1160349
259010
21322
1143484
993313
845870
987855
521979
533976
1091258
622476
727946
999364
1004759
961112
1058028
1392959
1265801
1030378
1170428
1535576
1436399
1466938
4229555
1424208
1162843
1168887
10907
1154459
2156041
1064310
979564
904333
1361429
1651610
837668
1269857
1517125
1143367
1368383
1573523
1234287
1180828
995019
1362588
1139180
1286292
1254691
1123373
1462106
1409268
1428976
1452418
1070987
1116516
1476009
1306869
1435650
2169668
1130991
1122899
1614050
952825
1317883
1871562
1125294
1459741
1591580
2168693
1433172
1668500
1805250
1989685
1695859
1541204
1565924
1242053
2132539
1331377
1923173
1487060
1248672
2351651
1376610
1939177
1165047
1316239
2057957
1763204
1630819
1314746
1318346
1674501
2106052
1802342
1824809
1937229
1106927
1804277
1388926
1419457
1144556
1430358
1423942
1092788
1215872
1441398
1235847
1297490
1099446
1580923
1735986
1288064
2479794
1468099
1085953
1161872
1505414
1594343
1090570
1183454
2448058
1626826
1319916
1473816
1629821
1575910
1590194
1486064
851484
1344709
1131602
1325510
1356101
1299751
1151813
8765
881628
1088726
827365
830545
703230
887437
883918
1084706
738321
683794
863759
969371
1221341
886206
1235729
952544
864736
871603
876262
1137741
1080848
673773
873560
967684
662017
963471
639522
826027
914035
7807
1321816
893102
785830
609965
901151
636176
684246
515321
742739
896586
881618
920862
1301479
1268603
1309293
994411
856756
974194
978737
1219172
838389
2735504
1088006
1003106
1192292
967606
1177813
562274
832482
791390
888611
1028856
688283
899294
1180897
929024
1118011
1224785
988921
1087276
1096703
1232609
1096032
1187971
979420
768556
3657071
1065001
773971
814977
923901
912460
1104750
926800
599756
837638
623031
974399
833372
907041
849977
1179137
103023
939017
973197
855733
1109170
1084645
572438
964919
864465
915688
890327
954736
1101802
910807
862802
606415
745759
570668
665995
1080768
789183
912829
866241
1037995
658271
715766
1288545
1177579
994153
1056039
890269
1073981
892132
746220
760728
917958
767699
968198
826828
1056534
760523
956288
747884
1087699
781984
693340
1056264
701053
742571
799946
739413
643224
685013
865072
1129171
800434
801757
1050517
788991
889756
853575
798377
1090771
801057
946406
874150
718858
815352
1000859
1028037
858211
859475
681561
871254
851085
1053003
947076
999722
1021017
1036726
1167952
1362961
1122123
1143026
1034914
1589567
1815781
1066244
1225479
1233752
1028008
939107
1144305
1254071
1428211
1242836
955370
1288910
1979110
1572163
1861190
1435564
871450
1839605
1556116
1568624
1982893
1440310
1844860
1177560
1217082
953376
1544199
1799406
1706369
1567070
1340820
1583917
1554521
1676602
1381962
1271557
1738358
1830366
1529443
1401498
1318107
1599712
1930774
1155106
1185025
1678213
1524640
2196442
1782692
1517101
1700690
1269460
1483224
1859818
1783093
1954858
1640257
1498993
1535223
1725012
1960494
2028774
1558960
1781271
1544027
1676692
1214384
1726271
1535626
1672589
1385525
1853385
1216904
1512680
1830311
1620401
2581137
1911614
1532474
1946918
1751516
1829243
1451001
1204873
1655569
1756949
1279162
1516356
1450442
1098929
1279840
1602902
1861633
1709447
2053198
1725718
1487574
1576969
1610426
1357473
2158301
1246778
1650536
1968975
11634
1110106
1179240
2037538
1612247
1715382
1466338
1869865
1056396
1692750
1550423
1524199
1212337
1005668
1081117
3553151
1567608
1601250
1585522
1075128
3829097
1240612
1335103
1848538
1149899
1809868
1415438
1062877
1345981
1077098
1823604
1975324
1607509
1399826
1236665
1190467
1439047
1645479
1540894
1212508
1351572
1739598
2066144
1317962
1592477
967594
1166998
991302
1781860
1745125
1540992
1277331
1429389
1621287
1327575
1597590
1440128
1543429
1428585
1666384
1610717
1603166
1943318
1282178
1361937
1697101
1256536
1477468
2019861
1027920
1333265
1630635
1524437
1197499
1746156
1598253
1137597
1556882
1335880
1729017
1661363
1676063
1347548
1355779
1603842
1555686
2013912
1823980
1947874
2126530
1524727
1530161
1760095
2336371
1760209
1768519
3016974
2054999
1483760
1352199
2134232
2417879
1827201
3084870
2434710
2049635
2216771
2920920
1828979
2072084
3019676
3273315
2653596
3228052
3524110
3220884
2989892
3309252
2687634
3216504
3508131
3350976
2730735
2593034
3024999
3573893
2137045
2453725
3666057
2730989
3203518
2978911
10026162
2584096
2005246
2178179
2686668
2116697
2455545
2327706
2910948
2484019
2588482
2704337
3042761
3003271
2957717
1967261
3052373
2627308
2395158
3516180
2931744
3181068
2898740
2638475
4306531
2414356
3008617
3432931
3181808
2877639
3067036
3105155
3728967
3567586
4482396
3584963
4566411
3202159
4014918
4058173
2721380
14546628
10163298
9256
2660937
1987597
2453651
2101207
4504871
3911508
3265173
3047423
2542041
3261444
2822132
3025339
1964412
2064836
2476626
1699884
2269775
2231406
1777598
2861473
2262162
2452142
2350844
2575611
1698890
2472689
2032252
2636720
2144055
1690544
2550789
2608637
2008866
1711619
1488825
2968595
3529929
2735470
1991082
2764711
2807885
2366223
1791318
3760581
1495032
1483487
2996834
2408636
2526096
2273496
1942178
2136973
2277472
3448809
2383107
2011343
2229785
2390895
2380347
2573047
2068653
1530382
2488984
3337998
2044799
3176221
2905185
3504439
3756264
2698196
3462197
3909470
4795617
6867353
4691436
8184227
4005738
4229312
5881243
3940578
3678555
88121
2398941
2618364
2653723
1715057
1511658
1916304
2439371
1738994
1664053
8135
1469746
2143142
2776658
2112708
2184091
2007654
2773200
2228387
2220158
1799367
2801393
2363294
1705908
2655645
3296539
2951339
2564073
3709706
2892287
3509782
3561907
3682437
2361263
3423925
2677422
2852653
3197373
3375048
3928670
3131635
3803510
4628291
3083430
2451047
3261850
3939323
3393703
3794395
3199840
2736019
3092552
4108214
3390327
3434306
2805645
8481786
3984913
4189736
3585317
7936368
11963323
4617802
3389235
8138104
2555808
2882329
6166714
4010402
4238889
6762537
4515374
4180711
10302674
4573404
3942956
5775162
3129827
5796133
4246393
4897303
7072742
3501872
5269097
5554085
3682856
5759182
4926545
6868108
14786959
10065974
3804170
8269404
5349781
4787899
6399996
4610321
4139010
7432668
5859658
4984873
6434822
10216697
5719171
12493565
5410110
23830420
13517725
5895163
12269663
10417675
13860945
5470449
5496165
5014980
7075714
8120296
9072372
6911071
6880930
6098271
4648426
4346527
8513393
3393288
4669699
3965951
4895160
4716330
6968698
5860653
6935030
4072214
13487186
5468604
8653342
9379264
5231809
8331524
6764292
17181157
4652177
5640644
3664940
5273148
5648015
6523430
7535460
8820665
9259086
16010924
6830740
8501822
8066667
4849669
3824310
4474372
7464324
233088
5655414
8112519
14336893
14812596
9298500
7946672
8871982
10831402
9627647
5853812
6531713
7898597
6306135
8531278
4673843
6834562
8784010
7169270
28735648
4904311
7836207
14474582
13341502
7569108
6982509
7219130
8926095
20903896
6476121
8517105
6680845
6860838
6182448
5167021
6750684
7617191
5597253
7975140
6717771
8990083
8182455
6112162
8642069
7412205
6904059
11267794
4925243
8107251
8695191
8309488
8287797
16439790
7240912
9417628
7985081
7742734
21159021
6819971
8452361
21310156
8445228
10125311
9903480
5802152
8383402
6274829
8863146
7376051
7053650
7650939
10040899
7132372
8386975
6919755
7485454
6577452
8466969
8625170
14284970
9441875
10675987
5992361
7548604
10495271
7739579
6516457
7695020
8153844
8561709
7770348
8336097
7576619
5399957
8036162
4675683
6075241
15044153
6502781
4962370
13852107
6098643
5023108
5950979
6647125
7682023
21452559
6611413
5984576
11494973
7008755
6284962
6226018
7776875
7739967
11375478
12507369
6864370
6915886
7832026
7015968
5663744
5676556
7103727
7087979
5898967
20595518
5914557
9786716
7094412
5537689
7423293
6592472
7663469
9473195
7901329
6935614
13075055
6374485
10674828
7570934
11478250
7441528
21175370
7873286
5946812
9814030
7444396
15719302
5998521
6685360
6530297
9163945
8029295
7559540
10781073
9488933
27106510
10137338
7092808
9866894
8676381
14249013
8222282
7946159
8071606
6624847
7336354
8983782
6257877
7284800
9160983
13208992
8497378
7153648
136295
9776804
7620600
6621456
9762487
11337890
9134611
9433648
9269557
10391139
7172933
6048188
9538143
7540223
18084644
7700194
8810819
9723687
12032353
8123925
15909121
6370610
5805421
8670565
8117818
17131717
6043376
7309023
9456961
8625714
5756387
6987099
8976330
6074932
16802289
5234071
6869538
8823407
8945425
7622855
9398425
12492465
8065133
7754222
5911471
8696673
6160934
10185479
8839880
9294900
6270397
10339835
7536591
7257841
7411006
11208157
8877926
6673109
18545368
10763204
5461376
6280281
12139191
9696676
10758484
6560739
11246873
11599359
21360020
8220165
7975439
9240442
10784701
9801446
8334876
7967828
6628319
9625833
8316140
6906117
9838323
8617909
8648790
7022405
6831236
11113766
9257202
9751320
7926659
18009001
6853204
7779326
10529605
15420372
6391954
6480299
8081091
7931144
7354866
7498154
8003000
6327051
7814495
14626777
15957592
7292702
12610892
17713133
10012305
7177573
8194343
17494411
10825256
5886975
8284196
7486053
9240028
23368188
5855648
8689625
8729961
6878430
10866633
5319997
8100462
5942187
13356228
6381993
9282331
9996593
8688048
8433515
7327080
9913617
9253886
8460798
8836318
7826828
10414261
9995163
8576960
7898933
7049400
9816542
8537823
5868305
10574104
7327580
14041349
11322230
6206159
6964198
7666688
9908686
10615261
5248142
5789320
8982052
8355558
9859753
6732494
6078035
7523201
8769664
9207903
7634478
8110482
9449643
12236348
9491927
19665760
11026794
8618386
6345358
27738174
6378008
7703130
5043934
8956835
8209297
5944047
6268065
7791888
8299826
8925086
7419068
6497142
8899279
8187361
8173965
5031733
11479665
6930943
9429608
6954174
14401921
6686517
7605771
5217255
10539007
8130604
6198834
9730811
5981318
8970825
7855557
6337164
8568747
7743240
7420626
6538508
8150495
10011865
8378549
6556736
7542202
6949236
5775976
8130724
7994734
7058198
11111933
7392456
25457222
6122306
6454512
11480206
9425013
8858149
8389940
6761485
4641144
177410
6064771
16913026
13683366
6396919
10420971
7861771
9284689
7619794
8211339
6367169
9478911
6199291
10515512
6564729
5971761
7120814
8198965
7242397
6007010
6178967
6531139
7702303
6737058
8113449
8443732
6328566
9245401
7739747
6918066
6444623
7331145
10294700
11755546
8576582
22692
10909155
7681644
9124682
7056791
8435717
6142822
8734135
9941679
8453089
7489046
8908109
7562400
6713351
7490818
7515721
7875481
7344897
9522542
16000816
7901576
25001825
6945503
5897190
8636605
5837994
8420100
6576901
7782569
8237312
11808175
6646561
17220293
14324420
9885348
17658108
8204314
11264031
9024611
10625513
7845397
8014495
9560984
162811
9513865
6435004
6816435
10286511
7397272
11820107
10436027
9450967
20943455
9281279
9688659
7358891
41970557
13406301
7015586
13497425
7266415
21782354
9976851
10704609
12404052
14535735
9362934
14857597
6747950
9181446
28463341
8664308
14195457
8279959
15618848
233536
6363036
8979383
16066990
7382702
14234254
16215591
10628319
6330439
155239
8315535
16126321
11273925
15927418
10046072
7113427
10843795
15600969
10652321
9879311
12136616
8891528
9633721
7872398
6782625
9190724
10665436
21744991
18925276
29258667
9367298
9788115
19942518
5855007
9866650
8549981
8664423
6017367
7234906
9702122
8597108
12044258
8498837
10043585
7635887
9862531
13739145
9964245
9291974
13933102
13943361
8223638
7360866
10396367
8417747
10043277
7230331
11537056
8307460
12227331
10702144
10751026
22655350
12903304
10397072
8085692
9739091
11169594
10887437
11642193
16953795
23134063
217800
9088101
7338850
10735779
17251971
14193517
10674854
18970472
12239607
9278687
26065965
10818789
10121599
10293793
10568548
8944828
14136778
18050351
17511508
19669552
8359217
10539736
9626966
16243
6171862
8668226
9388836
23816474
10382091
6711562
8606984
7301962
6342027
8084525
10082144
17329859
10362097
6180256
7186584
10561
8186939
7525639
13029065
10570393
31261679
8550550
8918327
24975634
8512902
23018041
8756724
11547180
15710693
35776702
20264200
19544550
7905332
16089877
12970827
17699911
17222293
7595978
11531449
16613262
9008260
13137433
10918
23380542
15581419
8894001
6199817
8714392
16338397
15644775
7021676
10462350
11437083
15840640
8591244
13985364
8548948
44952448
8971884
11807153
9969875
11080183
7350868
9436837
11192096
11496235
7978123
18397663
7234721
14984341
7909248
7428747
9753955
7791122
12929256
15443798
7100778
9595205
12638289
9046040
7608219
10032506
7978420
14450643
10025851
6692999
7877994
7395584
9785454
6344254
15688933
10234694
10483483
5864686
8184104
14201727
22278569
7280256
9301583
8873151
9962883
7411180
9666831
11032974
9698765
15295056
6709548
18080624
8535187
3905606
6124013
6862459
6470709
6354412
8091854
10908725
9904066
7476834
14083306
9343482
27245195
7700967
6226220
5315003
5636505
7945560
15241318
8626690
12643915
6688132
22496476
6588186
6368601
30418596
5806570
8035290
12455247
10051452
6316848
7798519
25541081
35449541
21954306
17476099
8861332
10227793
12027008
7449274
11101393
16829213
6823326
15255101
18830929
14402626
13613426
18722512
7635714
8653456
8406885
9293551
9089190
8217631
9617198
7214163
9243534
14185022
6827962
6599955
8175031
8376576
7668665
8212139
8333082
6564606
7132259
9549276
8797315
9351033
14171740
13477457
9084923
5942841
10558870
9726061
9120142
113313
6250988
7725382
10307537
15262583
9807384
13422942
5879205
8410567
9165500
7613145
6766438
5869218
6554610
5919111
8079763
16236209
6180506
5859712
6574473
7908306
8333565
10027607
9065399
5955197
16581295
8074923
9710280
14639345
7441704
20503678
12353613
12916717
9583746
28898742
11162818
10988172
9251706
14993610
10348160
8521356
8629347
8093727
9305975
7929639
8716319
6837713
7988018
7041558
7619725
7686198
98176
5004940
7031820
5530703
4808975
7174113
7188913
19616293
8795943
9879493
11815575
7220648
12390942
6094071
8183566
10586052
5967880
6143945
7498846
6713261
13168437
17046855
7258880
14839681
7269940
7847634
6638477
10476961
7458428
8120247
6000390
9365792
7315277
153013
10666242
10239945
6707273
17154763
8798193
7966866
8223751
12735746
11784743
15752883
9273218
7814749
6953314
27478009
15113115
10126084
10399532
13685072
14883032
12841447
10867866
10977751
12849
8007256
9273925
23198412
12102135
23322077
6906611
6796702
8121625
7345506
8476744
9320593
10268419
10740550
6363602
8242765
12314606
6210181
19959376
9405307
10321224
9951477
6573295
9249135
5464511
8458413
7810874
6554868
6746274
10815624
9785709
12602830
8384064
10345348
6477137
23472473
8802280
7990558
7974320
24321874
10467582
8685029
9127708
6327741
8730371
6764597
6350107
7669337
8160827
6199189
9020079
7308198
8022682
10059285
6510454
8370480
4694524
9956215
5984667
8860873
9600889
12027415
10822968
9360167
8610779
11198282
8044596
12983403
6343824
7157469
8072648
6630131
7125625
95030
16817724
8661492
52664654
9403290
17656121
11978132
7539975
6985264
14640960
11487448
15985637
6809475
8859003
8591746
9168269
6676942
6142096
6459255
21757802
6852873
8688337
9035266
9992538
5335325
9819581
7114503
9147330
6867417
18424897
5944427
5651648
9835228
12505369
12324111
10145055
8708206
6433253
12750438
8927875
4962475
5213438
4967391
10200790
7032178
7890051
4867307
5281270
14175649
8668050
8892255
5788404
6101979
7988441
5964883
8631283
4893886
6806718
4191752
4793650
3402372
5464868
5963366
9451382
3764540
3536289
4724033
4214483
6772636
4688779
4282571
11194894
5896250
7088494
9009878
5191286
4391100
4807035
6242984
3804855
5856484
4611323
3569207
5792536
3357214
3082591
4338128
3313216
3471611
4227465
3081999
2303965
3310607
2778549
2997688
3007933
3038781
3100857
3608314
2581969
4745357
2584628
2641406
3364907
2245836
2101838
3658099
2342062
3244547
3073239
2819061
2961832
3087586
3414939
1984571
2849967
2467190
2262714
2577616
2685827
2404535
2543718
2510068
3066838
2482972
2261801
3157980
2146762
2521029
2617519
1885581
1989751
3151319
1921200
2442939
2518863
1630825
2002975
2230258
2730642
4762589
2561300
2107441
3137943
2589296
2376363
2506186
2792936
1928212
3050373
1821839
1944457
1923164
2031572
3922948
2502841
2188930
2078865
1869220
2826651
1671340
2802786
2057056
2843957
2548256
5411378
2902849
2729210
2060271
2552563
3288139
2974731
2959230
2730179
2205012
1534434
1639962
3063766
2411495
2543358
2528503
3028493
2151643
2890901
2753061
2412444
1863635
2238915
3705065
2377181
2759562
2607551
2659697
3479385
2230958
2849356
1990930
1976842
2136413
2857835
2667943
2218888
3279683
2627546
3269216
3183560
2964193
2244719
3203693
4063714
2344128
3363497
2429593
2378544
3007169
2506089
4528654
2211014
2853901
2737459
2035687
3638800
2943726
2557961
3127164
2703471
2527513
2466124
3267089
2700364
2315599
2881939
2831814
3138378
3086551
2741034
2565759
2488621
2857929
3069937
4309494
3615718
2992703
3029144
3210483
3491582
2183944
4719998
2760340
3097859
2970099
2978053
2916442
3800883
2723837
6198577
2882124
3104778
2438366
2683558
2719032
2479412
2941095
3105673
3031185
3013999
4033212
3063068
3029211
2405527
3317987
3322971
2604158
3684603
3505755
4511193
2131261
1765451
1868845
2399459
3165756
2416358
3372313
3108769
3715263
3568078
2834581
3058711
3550586
3146921
2975294
2916782
3088663
4520636
3745426
3887657
2408528
2842871
3032739
3846031
2687134
3122550
2864253
4547658
3027945
2950135
2993884
3311673
3460398
5005222
4373569
3739034
3536422
3373594
4327250
3598017
2090541
3589687
3654834
4678709
3805958
2638918
3365180
3835689
3126668
3155136
3436659
2933600
3015558
3208345
3919977
3136781
2240461
3305193
3295623
3376563
2650513
3064737
2666517
3838895
2118916
2588723
7749975
3176054
5838524
3397074
4298619
2626046
2031570
2698676
2528066
2170162
6355
16231
2790771
2589395
2469416
2865421
3361853
2828210
3675288
3526642
4592855
3413675
4052636
3158042
2844736
3402592
4371641
3338310
2603602
3063517
3372316
7233546
3596993
3245063
2908461
3255894
3340588
3762056
3258872
3721397
4191070
3352051
3036998
3958056
3120177
3127404
3917298
8430286
3982269
3200539
3387072
3394648
3132474
4080912
10562482
3016535
3641400
4081080
2207727
3109038
5428071
3723229
3753981
3504119
3758158
2316903
2514943
2320921
2716810
3285048
3216421
3169861
1891617
3052985
2861811
3870622
2691716
3418401
3733771
2670935
2416253
3572437
2914621
3262166
3366245
2316322
3278071
2566118
3817134
3855243
3396111
3848855
3253910
10457462
3468286
3134006
2976595
4469460
5288727
4212572
3330482
3723136
3922299
3187916
2739683
3635142
3307913
2807367
3849490
3577240
3434122
3094124
3559359
2719417
2778737
2838491
3897583
3618894
3611762
3226627
3914930
4110267
3713165
2969218
2910392
2880564
4209956
4198628
3397659
3109496
3346712
3145119
3902634
2958305
3231209
5913542
3186899
2797638
4427934
2719642
3125646
2682018
3363741
3017577
2351383
3413514
3654068
3042254
3177713
3373170
3578306
3239108
3404753
4027262
2619817
3628585
3655789
5038166
2640745
3251533
3900783
2697017
3909691
3903293
3105192
3704128
4680192
3629342
3820227
2987098
5088883
4010179
3454941
3420817
3482133
5026833
4317969
3446474
3173133
4307680
3537934
3090760
3690323
7149852
4100430
3546983
3006862
3164508
3100280
3487409
4682054
3951057
2885686
4555524
5377486
4224394
4001059
5589167
3265727
3394659
3085458
2876426
5396530
3428976
4498319
3423641
2692888
4796107
3430575
3919433
4291127
5160857
3159346
3951913
4015245
3701806
3222497
3734480
4394665
3578208
2392353
5761607
3086070
2816315
3864330
3899320
4079376
4713751
3379262
2357795
3983337
3026395
3510606
2783359
3404905
2827575
2980693
3228962
3635617
4117854
2346875
3131440
2653096
2963871
3422438
2893642
4466370
8247554
3321467
2810605
2447906
3082920
3097274
3433965
3143822
3844234
5894171
4891470
3971267
2728732
3755974
4080996
3636664
3657016
4346775
2622887
5140048
3158151
3148442
3186539
3738947
2542795
3813500
3428467
2838411
2451924
5914893
2649268
3331449
2378374
3360955
4149066
2402217
3388879
4525992
3566870
2672797
4077507
5044483
2542811
2989609
3863453
2550471
3358149
2612786
2546460
3459843
8597934
3295512
4473599
2792865
3317115
2739130
7137343
4349971
3760001
3944284
3489292
3803813
3313443
3308185
4923791
3416656
3320723
3408760
3692840
3516796
3348407
3295572
3628054
3001799
3884777
3627394
3511230
2656560
2983803
2783992
2961836
3514184
2465279
3519111
2881844
3199811
3927053
3637513
3411053
2287679
3111337
2577443
4120748
2080071
3883779
2381978
49218
1983100
2695685
2109553
3993530
3559704
2881111
2596878
2003185
2814617
2795935
2096466
2781333
1979860
2520353
3123261
4365798
2285301
2376127
3512713
4886623
2853300
2377819
2340254
2095542
2699853
3524914
2585536
2936600
2902091
2700067
2563707
2350047
2415031
2568188
1918747
2295604
2504825
2151440
1749888
2312134
2474215
2112026
2251390
2956012
2490396
2322461
3948432
2724987
2264475
2465754
2414473
11326686
2456088
1995021
2381894
2139724
1826549
1638405
1538411
2615877
1581158
2180649
2104116
4276262
2093520
2182801
2465815
2812141
2710354
2432154
2898194
3029318
3213868
2256802
2484662
9113603
2183758
1490395
9147
2442930
2077876
2029677
2177941
1941448
2275581
2373922
2448073
2450709
2022004
6505108
2371271
2169098
1936223
2138507
2048364
1952911
2609449
1940165
2484176
2496191
1982890
2396464
1545817
2185923
2504222
2666121
2258952
2312637
2504441
2409209
2139988
1491471
5642028
3193831
2717845
2806520
2247264
2501227
2661189
2726229
2402055
2619238
2582554
2844384
2392125
2530857
2571499
2752540
2345653
2348151
1805020
2745824
2697194
1759823
2602221
2117132
1664288
2024053
2671389
19955
14280
2608760
1658842
1468087
2673924
2113259
2515523
2690155
2028810
1844243
2496570
1953903
1459655
2929172
1911295
2180370
2691417
2745014
2228109
1879078
2258043
2020343
1896161
2557738
2546052
2851127
3194856
1811235
2566856
1981080
2607873
151349
14503
2371122
1977488
2573483
2053486
1713175
2288694
2196321
2043350
1981711
2196941
2717535
2671353
1967242
1648856
2174964
1506465
1926286
2185268
1612166
1973369
2063448
2268151
2780997
2343203
2314514
2408130
2402749
2482909
2265528
2026477
2270511
1968235
3087471
2526656
2799397
2205459
2398732
2535578
2373122
2543884
1613464
2427575
2981895
2265656
2737714
2468061
2578128
1846929
2635636
1934713
2336254
2365971
1951319
2347199
2070496
2479181
2532771
2267698
2533377
2378783
2345605
2998643
3060214
2427089
2985351
2441202
2103775
1909293
2555130
2378228
1879585
2126437
2341726
4361200
2114302
2591390
2109026
1830604
2323819
3921421
1895959
1988163
2154298
2266524
3439542
2086532
1592811
2284898
2153170
2196263
2522321
1642719
2649220
1660527
1887932
2015219
1794425
2538825
2577734
2171406
1755697
2029863
1248049
1436294
2041194
1695455
1499453
1944103
2186585
4233402
5294759
2198654
2188338
1781705
2347345
2443636
1630688
1600098
2347868
2379101
2424390
3019133
2116865
2015594
6038
2579782
2113424
1958413
2330395
2331166
2971075
1615175
1605020
2328249
2253948
1766753
1600851
2504419
2206298
2547743
2097333
1763514
2364653
2121657
2168230
2631258
4774270
2242342
2166792
2503580
2404962
2625629
2894394
2031610
2065659
2425008
2390354
3197987
2710146
1506908
2167181
1599792
1840812
2151065
8472347
2301274
1632830
2493829
2102199
2150800
1851894
3035296
2552950
2191733
1570664
1983311
2787960
1997432
2138996
2752991
1386081
1673645
1929733
1659618
2065162
2345494
2826596
2191345
2005525
2146624
1842343
1906054
2642186
2298818
2328750
2389176
2564165
2726397
1813310
2062204
2076075
2308731
2405218
2139299
2119176
1932350
2632501
2708043
2622967
2614236
2674334
2309171
2020948
1921573
1624338
2382087
2244363
2466926
2126432
2477650
2459915
2836458
1763269
2587510
2439149
2399418
2444534
2207315
2566508
4221859
1795795
2492796
2130341
2767116
1621642
1799407
1957491
1318059
1655262
1705923
1508621
1490672
2153788
1831821
2932047
2035741
1960285
2459302
2535948
2249502
1882166
1631961
2075758
2200747
2023021
2614801
2587596
2666992
2417031
2177083
3415778
2707483
2605055
2285129
1574639
2493451
2141979
1381893
1145757
6362693
2107171
2106503
2473771
1688417
1998143
1711767
2143929
2186199
2432396
1540651
2058896
2198449
2083242
1890753
2600297
1695872
2280094
1720287
1989268
1760911
2260086
1870134
2104865
2282027
1880441
1563424
2275549
2158938
2706126
2552327
5240013
1963497
2092983
2341674
2489864
2134832
2523543
1798429
1763631
2567108
2573696
2946196
6324742
3663445
5625184
3547755
2814167
3481509
3848160
3856999
4129953
3148504
4088249
3587261
3756464
3811682
4071030
3330892
4973418
4106766
3997978
5803039
4173837
4309691
4632992
7324987
3222462
3339907
2640834
2909885
3550083
3648858
3488825
2821850
2208625
4810612
2628430
2991237
3158080
3146457
1671734
2863781
1984738
3198292
2993459
2049280
2997084
1961929
3235098
1558265
1533475
2854825
2235649
1927433
1619705
2359511
2027621
1840171
1291998
1717006
1502178
1824251
1692327
1374083
1694886
1977694
1334515
1002756
1315326
22361
898309
1407365
1388251
1431089
1326990
1080606
911793
1323305
980724
1086205
1358580
1030650
1318589
4311918
1428794
1351671
1478230
1535755
1253736
1640176
1299839
1464857
1554874
1388867
1110472
925092
1437958
1686278
1316613
1323337
1586111
1666950
1168171
1692867
1178557
1506309
1506520
2206447
1199192
6580342
1152821
1799285
1225766
2247618
2159250
1749199
2165878
1900514
1322081
1749803
1558970
2336026
1952436
1740808
1984642
2260245
2655128
2437718
3185080
2495540
2346314
3132790
3203094
2374457
2811715
2626389
2588576
2596394
1904808
2561599
2677475
2912772
2524638
3197591
2341153
3070420
3519504
3491056
2825156
3372271
3222262
3195124
2271670
2740978
2784252
1635227
2681089
1897730
2047757
2213781
2398053
2427308
2448130
2307375
2296084
1958216
1886123
1937773
1672062
2420422
2697540
2247573
2981568
2358910
3093363
1341964
2130693
2217569
2131454
2051129
1600064
2325953
2278501
1616082
1947810
2519534
2728157
2879725
2844632
3911236
2613857
2494797
2506641
2272573
1785860
2380315
3753902
2067263
2496777
3005162
3045232
3114898
3764886
3954183
3412446
4078290
3367517
3796385
3762600
3478532
3782904
2943973
5163312
4613969
4186355
4573467
2845073
2797555
4937863
3623747
4095898
4398342
5160092
2775742
4263867
4227902
3107282
4299617
3729024
3981469
3465343
9619770
3401731
3374688
3678152
3890725
3504319
4542217
2515570
4087914
3468828
3151618
2851620
2583275
1869493
3140006
2749444
2427037
3222475
4104029
2959654
2490740
3944610
1947358
8510889
3459531
1977163
3889646
2755831
3341713
3148110
2676701
2708839
2723179
2445199
2041428
8303568
2880508
4907872
2683658
3505754
3039758
3110547
3510588
3532323
2572102
2953477
1951148
2160399
1697448
2157036
2713064
2309633
2311435
2413592
1756807
2124382
2136168
2689881
2334717
2347735
2596111
2150543
2431448
1928207
1984210
1702130
2078397
2050627
2164395
2687827
1660032
1781236
2503806
2280778
3160825
1919105
2464661
3142926
3139249
2083712
2654836
2563603
1757606
2159438
1761406
2240352
2147700
1676707
2204214
2289058
1675617
2199869
1977853
1333804
2097011
2532315
1870123
1935176
2728732
1862997
2864550
3373236
2123356
2327087
2036743
3021819
3512825
3324026
2637262
2059562
2090773
3554665
1898719
1792043
1695437
1786523
2686613
2096307
1614694
2261035
1522654
1839654
2157103
2137291
2432359
1186993
1466325
1730571
1131415
1154111
1754337
1426506
1258840
1133671
1425950
1555784
1546664
1191275
1980145
2024886
2013992
1276613
1387929
1729774
3109540
1682488
1303414
1442847
1588879
1750092
1916149
1585114
1217112
1560851
1217935
974142
1240737
1255308
1877402
1397750
1229524
1238301
1485043
9897
1603263
1581389
1676842
1865983
1397246
1785627
1798488
1964417
1454507
1767418
1509972
1274774
1234565
1515717
1312461
1165081
1787499
1113189
2696395
1885098
1305116
1421832
1296694
1222926
1592689
1173562
1213156
1288981
854273
1356169
1611830
1134575
1262126
1281245
947732
789098
1288594
1264004
910242
982343
1304459
899973
884860
752138
1036073
1014428
1213641
1049038
831276
851853
893746
3710077
1008051
1203619
961752
1072450
1247361
1395133
1040336
1066539
859806
1230710
1320826
1312746
1780874
961268
1113308
932501
1186976
809279
860348
867422
1086021
859170
1137531
1009898
1041834
766543
623927
693486
898644
819587
1031589
810832
868344
1196928
1045156
835616
694605
666755
761618
806758
810395
651042
625210
1033419
1047100
981802
998792
686299
729100
725114
669321
830696
580809
959718
843974
992985
550305
687908
852689
777641
739405
761328
653826
1389481
784604
684317
700399
908068
709457
607346
1058148
1051709
986632
1166329
1154043
1135975
759196
1397410
1155522
766405
983323
1265893
1006726
785076
720963
1119978
729793
801862
1119423
1037167
1071276
1274016
1077092
1070614
1284756
1057084
850116
816281
965008
588283
910917
765382
517437
763594
540739
697545
936203
510306
1064287
1148287
1259396
801700
864623
1033761
840882
1033761
961577
803383
936375
844983
624021
116582
786821
795674
7319
1118093
1086591
951378
1144461
1429230
2247313
1272249
1111272
1411977
1269780
1170282
1821783
1136728
1507233
1767590
1842446
862799
1199409
1339389
1515519
1572100
1932849
1885482
1273049
1354073
1060965
1315015
1896026
1081766
1643428
1567772
1443008
1717059
1403221
1278506
1633167
1571592
1610247
1811187
1092370
1022370
1477768
908315
901972
1158247
1085042
1743390
1189350
1028673
946652
1324754
1390151
889558
1250632
1172616
1020946
1042103
1658434
1176058
1283363
1096367
1644670
1220444
1452145
830247
980284
1141419
1768210
1404588
2059812
2279535
1992122
1660704
1084903
1786673
1847846
1683399
1145109
1547868
1532736
1556084
7067
1692647
1125203
913775
1509064
1387551
1634217
1856960
1309503
1302812
7651
1104117
1117051
1138782
1257490
1646841
4163819
1500005
1883320
1105977
1940500
1208597
1496864
1440567
1220634
1805161
2173782
2010455
1760278
1141428
1943741
2152130
2743255
1467404
1375562
2230979
2073395
1892154
2020575
2119086
1781034
1760179
1588549
1516034
1987443
1851674
2559831
2478415
1412000
1924663
2366487
1956215
1869796
2712082
2429312
2478282
2575589
1770316
1624813
1999258
1812994
1729671
2358922
2156436
2606847
2545431
2602717
2782396
2234965
1951506
2807581
2647406
4498641
2157855
2877233
2147685
2525066
1761901
2207478
2123464
1972006
2400154
1975890
1980677
2307683
2908746
2836367
2169591
1992124
2418318
9495
2005511
2862182
1698276
3273169
2207612
2166445
2753511
2354600
2369688
2128590
3417882
2228078
2763889
2711776
2384688
3072747
2890391
2749068
2722401
2562951
2271855
1910856
2346170
2899480
2600768
2515279
1998571
1552524
2468576
2140660
2361944
2843159
2153012
3114848
2968169
2903634
2656127
2404023
1788891
1865224
2077622
1646667
1778596
1761247
2436326
2169887
2296473
2278919
2046928
2743967
3051749
1951885
2167441
2279942
4190192
3603377
3894758
3075765
2389040
3668985
2492012
2735124
2045158
3033428
2217477
2979345
2228289
2744709
3624937
3329012
3468068
2952716
2238444
2835896
3397792
3216761
2990190
2928418
3052453
3153063
3430199
4258410
3290866
2884076
3215285
3520392
3204518
2948678
3234867
4341938
4505783
3244832
2710057
4276060
3334159
3898283
3635372
2745752
2139065
3939671
3192797
2192497
2814190
3256867
3384225
2149202
2615895
2020952
2500887
2156422
2869423
2614383
3680352
3855388
3745309
2489113
2273450
3070174
1815237
1928631
2533182
2651854
3866505
2638552
2359378
1679509
2044509
2003494
2436592
2797766
3137134
2416078
2071768
3020638
2169990
2606715
2741335
2310892
2857583
3102226
3366130
1904394
2609336
2723149
1941565
2174957
2718358
3080861
3271150
2538941
2377640
2742718
3139238
2390952
3213172
8176
1949607
2328259
1814844
1918922
2198126
2032258
2587997
2436639
2196410
2783614
2367401
2634603
3072008
2861885
2379134
3168807
1961662
2207777
2175799
4657062
2413560
1953385
4924716
2862476
2316246
2399351
1872592
2364216
2269748
3328667
2043973
2122006
2336532
1885567
2690705
1615620
1668767
2463037
2569258
2191658
2640994
1980311
2017240
2174950
1982683
1926594
1396032
1714011
2729868
7223
2291821
2891956
1903895
2017347
2403008
3262697
3540976
2458567
3481934
3453815
2570548
3264210
2895280
2277106
2184532
2092633
2053627
1508979
1676390
2304414
1828748
1632687
1740044
2234297
1448230
1138176
1827070
1463153
1202221
1736640
2186880
1671171
1488335
2397514
1997375
2518164
1962987
1831906
1857811
1905524
2096338
2283763
2934393
2143455
2699615
2563030
1633999
5090
1723086
1621179
1256403
987773
1235203
1832141
1353293
1574628
769571
1356670
934798
755535
1154755
714084
856795
711440
759904
1128936
1186092
1163277
913348
1230322
1119255
1087199
1111892
1117769
1296915
1359459
1386130
1450549
1300219
905815
929806
870586
918328
863124
1307765
1062779
1203126
951266
1130200
1255225
1349468
1235145
936412
1343617
1011606
1324527
1219309
1144147
888855
8673
910657
1224100
856323
8060
1245729
796935
6696
713372
11391
1193743
1169636
896728
1549359
1116138
953948
780884
1038677
1153739
888402
1725820
1073696
1330640
1214573
1036265
1031717
1109979
947810
1193897
1141602
975020
933875
1499985
1051456
1143820
1142355
1214300
1033491
828531
786990
1443770
1100958
978270
1253363
1139939
739276
1421588
995552
823767
828158
810622
1083220
999681
819499
6157
1093527
1181555
726279
6059
1083102
913035
776905
1069814
820689
1269856
1071553
996098
953584
672726
719756
7177
1086466
7890
938021
744669
1371685
616442
684910
734504
620648
941919
903277
849381
794923
763888
1020732
1171160
