433368
530382
362547
108601
382734
295047
325792
359058
353636
373435
507698
529112
449554
6146
735168
832927
782845
8796
7216
6604
592748
124240
635615
772395
8878
476450
10123
586892
8641
667694
690415
669299
514212
620173
719816
7142
655302
7110
791878
6317
642387
853579
655203
5854
687821
753553
7397
710598
6734
674738
8823
6166
13911
805409
551882
830215
769205
733707
835297
754388
682720
644971
734564
669336
695933
612664
668207
501604
628109
724284
825612
1049111
599680
680683
1313213
8347
604256
13680
874680
712737
629720
641538
566107
743338
748545
8514
739959
688138
724047
6764
796152
679111
566311
516052
564724
607005
714830
563740
610652
754230
784085
864482
520767
1289130
726709
7014
685256
650374
763323
584605
7549
589272
718393
802530
749687
930146
745124
798214
753454
523212
848273
565619
641725
633658
580650
642561
684370
794542
7684
13307
780877
740929
820271
7514
939817
842094
844977
1058216
1283104
833428
697544
1106424
5777
5004
838120
872660
958081
773563
900202
634347
857866
831824
125676
9786
961018
958615
1113342
5006
825070
719391
8816
902651
8529
839346
8299
802607
910848
844005
656382
9721
804479
647388
506767
711582
867516
6275
729775
792271
972005
777401
598387
565052
566370
537283
5922
705041
726326
610274
733960
5429
530243
6213
6498
7691
6862
585974
6327
5424
41969
8348
902625
6933
8613
7056
8465
11666
5980
6121
901601
807184
6168
5748
7035
613064
6200
7384
768103
5616
991459
7058
9573
5462
904118
1002251
942851
1149132
1160873
1366859
6937
958828
1053315
6181
1196035
925579
893330
7967
1017827
10391
1254260
14346
910203
1165319
1373245
1112422
1001336
6645
1057862
1260414
5822
891271
1380147
1154552
1206835
1072477
1334815
1291173
940433
1279300
1726044
1302341
1827790
1079138
1358767
1430559
1260198
1415058
1262307
1339047
1081174
6865
7172
6089
7684
1239131
1066685
6116
5820
1265393
1708211
6244
1501124
1035845
1391407
1927430
1446691
1481475
1167222
7307
1461342
1396316
1302870
1430382
1365709
1033783
1200689
1519548
1184390
8639
1249314
6679
1048249
965121
1221115
6531
1476979
6981
10505
9279
1208715
7177
1229605
11536
5193
6479
1518206
1140383
1121806
718417
1256994
7588
868290
8120
5161
1226534
7794
7134
1015573
1338200
900946
1316011
6634
844773
1270819
7029
5998
1123035
1279855
1261228
1455171
1387246
1090181
1244859
8011
1211516
1105255
9143
1362992
1130261
937161
9213
7765
967825
1077759
1040443
814392
1156042
1185031
6202
805393
7997
9209
6333
9934
4859
10375
916781
9983
1010853
9452
8491
7489
7811
1254952
907868
923069
820524
6504
8136
6052
5057
7526
997645
982219
6331
6454
911156
782138
6859
941429
8657
972999
1153666
982724
947796
960969
7741
1132275
1099799
5937
6295
1044006
7790
1117020
1113959
710398
827537
2000395
1120105
672394
1088719
757941
628894
818068
601891
775357
1144328
838412
7532
910537
1106984
5808
11698
6922
771770
5565
893885
1107452
873379
1317234
908984
6522
1196254
1076179
1006836
751138
867894
1168861
1087038
896773
945181
7922
678898
1013911
4199542
1132408
11570
1163496
1001234
1001665
6257
6861
1184752
11649
810036
838360
1376294
1664513
827559
1246184
1536934
1446690
1347844
902496
1454671
1498630
1689397
9674
1247555
7581
1373941
1551893
1016077
1207834
1417411
1178977
1091771
837241
847566
782547
1259715
943694
1026631
851064
1246458
1007626
856412
1060010
965564
1273696
1214349
1180419
981451
962308
1423212
1353520
1414766
1222716
1447371
20946
1547603
1288630
1538472
1241651
1128781
2394223
3487003
3215589
2438154
1300289
1487298
1224339
1140013
981080
1462028
1388241
1931839
2403670
1653921
2316089
6684
1876950
1620131
1709470
1736042
1294935
1339336
1562803
1619242
6097950
2092163
2774201
1472956
1232116
1017266
8358
748889
7831
6586
5398
5951
18465
6252
6934
861199
6343
6505
5858
6797
10204
6670
7152
722184
8280
9850
5747
787050
9925
1104372
777482
750822
5381
744199
9843
7671
807514
719784
759984
925350
643307
766187
538804
926181
829417
637650
6000
7101
987073
9490
7770
775297
6163
634981
865443
710069
784053
12901
7386
1064993
716250
6996
1275558
863779
4830
872893
773114
642668
1210957
1085919
977667
9850
828405
706996
9231
911278
6062
1546929
893387
1294439
1009696
10098
745681
1183924
1067438
8020
998893
118792
1280972
905725
905878
998277
820983
723985
775095
1086591
979224
895300
1089742
715624
1266218
797011
853958
793486
855403
831432
1642444
1020124
1033883
1251807
1446042
7694
10272
1204628
985659
975223
641087
898474
1232959
1154104
1019590
1623794
1247045
1398466
5262
948997
897090
1256588
848676
1117720
1081652
1464944
1459990
1426547
1509011
965518
1383923
1180990
6478376
920537
1499715
1080814
1001356
1237594
1101215
1321975
873977
1402456
1347059
1140087
1061835
1259480
1106130
980304
766762
1019136
1567747
1518192
1522643
1168205
1348456
1537603
1403704
1143879
1274070
1469779
1135393
1252584
1033314
1191114
1094030
1397262
1336608
966085
1926392
1489626
1544108
1506004
1638765
1233808
1494731
1421293
1621256
1895391
8822
1330619
1364778
2102398
7758
1145615
2085968
2005248
1971365
1898113
1690433
1188469
1779296
1511601
1339520
1496792
1729944
2530741
1807365
1100850
1167324
1641509
1334198
1878851
1344178
1631661
1405327
1196880
1982565
9865
1561391
1624779
1856196
1587528
1533067
1703574
2934948
1256754
1407260
1857120
1705684
1226008
1541080
2108008
1416924
1517777
1507734
1879167
1734651
1474134
1720318
1489540
1267923
1694396
1603394
1581990
1416641
898258
1272756
1094632
1537407
1287185
1362136
1535371
1133259
2049793
1220950
1281326
1458247
1229196
1189226
1536725
1334076
1260893
1080120
1189662
1049352
1071221
1032364
1566379
1601456
1197710
1199945
1305423
1544522
2243396
1977313
2044836
1719659
2324068
1265387
1731800
1879662
2184778
1357947
1809109
1874296
1080152
1721706
1772374
1678383
1779701
1316133
1045558
1465590
1534243
1285800
1105090
1120877
1456934
2076417
1397433
932768
1357176
1601723
1546427
1488368
1351691
1236331
1511868
1226378
1674019
1715456
1462452
6766
2334255
1233946
1257430
1670387
1242094
1775329
1064615
1629475
5574757
1355437
1720375
1993460
3672533
1502825
1389600
1144904
1278311
1223635
1335978
1086011
1512601
1093869
6837593
2008922
1376084
1479610
1511580
3231548
1204995
1487415
1490001
1286688
1347576
1344106
1686748
1515520
1725925
1424540
1477741
946548
1771737
1677221
1500482
1106948
1678290
1733598
1317772
1330914
1720707
1836125
1648087
1959536
1495347
2209995
1685073
2150777
1084230
1490412
1470615
1316953
1299014
1115791
1069719
1497361
1906396
1226257
979206
865063
1099434
1592423
1257441
995424
1296457
1774534
1492562
1139490
2026925
1286237
7227
1297923
1237847
6911
1472786
1685914
1337587
1300709
988396
6115
1262628
1792198
1711577
1343930
1305369
1413708
1769971
1604098
9461
1632156
2770120
1602204
1490588
1227415
1354974
1788961
2090252
995388
1058666
2147805
1817160
1666043
2073238
1174169
1585551
1634273
1778567
1732419
2036399
1202706
1898876
1759601
1737712
1384563
1650167
7139390
1568650
2065550
1464039
1741698
1763674
1225303
1255888
1485954
1700013
109977
1205356
1369019
1733812
1322831
1646852
1501398
1827777
1315445
8748
1258942
2321728
1317320
1612018
2021025
1180005
1631681
1142589
1285125
1488077
1864246
1132263
1052801
1560404
1945956
1124814
1334106
1494535
1406833
1505823
1450745
1267964
1104036
1693793
7297
2087762
1286564
2011291
1618475
1369282
1114557
1351038
1606750
1968152
1751552
1879945
1417352
1816628
1540145
1268652
1623541
1993687
1231311
1630989
1910313
1694927
1826608
1736567
1447499
2142898
1673921
1777318
1578328
1488121
1822743
1340212
1358472
1903158
1750946
1527513
1448166
1743948
1277212
1689940
1352358
1690059
1374234
1651182
8528
1231533
6869879
1583759
1517486
1501020
1483417
1165176
1245344
1191133
1182208
1618179
1478014
1522295
1397489
1332637
1546202
1539130
1267032
1297927
1256114
1573380
1444778
1660589
1727700
1567248
3196008
1504274
1258072
1449813
1538573
1385742
927415
1607200
1040516
908377
1195152
1078145
1089370
1780991
1393978
1424158
3014255
1341507
976584
1048120
1663298
1446534
1221226
1374732
1032334
1632093
1476410
1481952
1459202
1292690
1564807
1469268
1336300
1178297
1043734
1552006
1649410
1077092
1455747
1484017
1603965
1547442
1445358
1200010
773645
1235057
1482405
1409124
1380566
1368693
1070169
1426460
1240649
1279742
1070423
1538570
1413896
5973
1143579
1258586
1369109
1358159
1639492
1485315
1155190
1477025
7728
1804485
1212885
1208351
1690468
1517444
1609139
1614135
1318264
1226823
1392159
1114113
1082565
942865
1323870
1599143
1448788
1147559
1506222
1634422
1278278
1563093
1403951
1326347
1041652
1691193
1259979
1490218
1631017
1595959
1364181
1301731
1746018
1654268
1082637
1689621
1021803
1310278
1664232
1245170
1322400
1082826
1548462
1502634
1323507
1620967
1137462
1493905
1436403
1528026
1734666
1810224
1263988
1940013
1403791
1767384
1366122
1148206
1555416
1723592
1544800
1116243
1412479
1742213
1623762
1493508
993862
1589323
1208525
1481462
1615923
1199367
1036594
1323285
1407469
1571986
1598489
1406717
1706371
1092673
995925
1717269
1578478
1381137
1677875
1425707
1561043
1474138
1562282
1591073
1254554
1398921
1628806
2726449
7252
1629080
957817
1244948
1622799
1276488
1588304
1734424
1110473
1285986
8782
1012302
1546204
1240954
1253598
1246970
1691205
1990704
1673306
1490402
1699832
1677798
1562561
1395172
1620077
1445598
1685685
1463610
1719535
8514
1362976
1028375
1372465
12784
1045291
1119107
1389306
846205
1276047
1390681
1090164
1426166
1470969
1369193
1327397
1450426
1852191
1495923
1449187
1173521
1873144
1711082
1319472
1557586
1612760
1413765
1419306
2582711
183976
1480158
1462554
1312444
1134279
1926731
1262123
1219124
882401
1502642
1380987
1528421
1644447
1497341
1353057
1412023
930054
910578
1220996
1019278
3737400
1677827
8351
1226033
876628
994201
1682419
1253057
7721
1841213
1732683
1120450
1906403
1680773
1399344
1581749
1784703
2119443
1357900
2389141
2170334
1597590
1775162
2202858
2047291
1510148
1584375
1708695
2297284
1364019
2021399
1931288
2458518
1749339
1280512
1789554
1943038
1535806
2217844
1624044
1965107
1582502
2363421
1210167
2330272
1334587
1921213
1882060
2419579
1397602
1574842
1620798
2264262
1889337
1823453
1621769
2222166
1980928
2234070
2075921
2900903
2534668
1952885
2424451
1834786
2348093
2226116
1739282
1664630
2113107
1886593
2355110
1769547
1973175
2459793
2374192
3222818
3246002
2987815
2469349
2843992
1958864
2392298
2883336
3003541
3236530
2924858
3213142
3387891
2810584
2814746
2531123
2134812
2335396
3083555
3365450
2207459
3607088
2882624
2802022
2873451
3080976
2500923
2601648
3552941
8673086
2218715
6945
3139575
2690128
2942934
2625036
3331620
2348285
3050125
2882959
3234981
3093373
2298244
3803046
3554115
3900259
2551664
3169920
2757054
2823322
2843002
2701991
3297520
2961598
3400776
2993794
4042447
3651120
2859121
3975671
3514866
4196842
4117185
5363625
2851935
2211467
2926416
96884
4099312
3492317
3598262
4142396
3334271
3066915
3428674
2569079
3233052
3840463
3594718
3286808
3253150
2752863
3498081
2867142
3687587
3958826
3038008
4057964
3069726
3167182
2642080
3325988
3389910
3489090
2970197
3492961
88534
2874713
2653027
3860885
3103842
3381361
3893718
4275565
3446440
4008377
3240607
4860140
4038647
3587013
3489225
3752988
3437267
2605099
2617652
2251688
2299572
2732629
3380162
8120
3087700
2827757
8409
2761965
3079325
3708455
7070
2765533
2463210
3422760
11582875
2706941
2299911
2043229
3211000
3372605
3181804
3406189
2749903
2045656
2280172
3848259
2624852
3057419
2798292
2474655
3941704
2709862
3359947
2375940
3179458
2911416
1759803
116959
2428919
1863177
2490256
2388265
3236711
2736034
3004898
2236739
2275917
1971085
2346357
2903928
2285210
1649672
1989719
2231386
2187884
2166779
1961398
2081558
1585329
2237281
2043133
2542407
1681655
2078307
3142993
3367279
2247389
2120252
2494510
2028866
1704437
1750799
2241457
1392273
2285640
2227821
1439744
1404993
1277364
1859105
1155463
1388464
1145824
1461507
1318302
1200595
1107391
1394694
1287602
1494110
1210807
1442699
1153387
1103684
1317058
1380275
1355313
1485564
1241400
1399484
1044557
1218973
1381326
2304388
1441916
1297327
1378254
1055858
1678254
1177744
1362740
977736
1175378
959659
1739330
999871
1623129
2066622
1333382
1520028
2213104
7614
1715722
1144573
2047561
2330391
1973190
1813833
1606973
1969099
1697296
1573999
1726597
1921836
1758809
164923
1273031
1922663
1154919
2478311
1632049
1465287
968912
2123365
1582785
1046641
1448052
1178792
1094795
986678
950481
814472
736416
898325
846754
1333395
1133394
883353
1238951
1393351
946531
1633090
940018
1146388
1385891
2467796
1310036
1573543
1353880
1495970
1754489
3122570
1398749
1664113
1919165
1973836
2033868
1783460
1843220
1316557
1730746
1966596
1907754
1350654
1255779
2543891
2060358
2461375
1349678
2255549
2017278
2338874
1498698
1536078
2086726
1606516
1882038
1473085
1251102
1342238
1569377
1251570
1389019
1227315
1598392
1003566
1551767
1424607
1587332
1367033
1294956
709393
710604
1093297
1036644
978905
1153902
1292897
1377256
1199079
1351049
914363
1105850
870501
944479
1588163
867179
1408155
1216934
1215431
1134528
1230788
1060734
1182463
1095599
1129161
712532
1267015
1174475
1569143
1030596
1061738
896259
778571
7857
930050
967594
1282768
657623
1244717
1369431
879846
1042496
1476061
886681
1157663
807774
1046783
1022019
1797814
2177068
1694362
1953864
1733040
1325226
1398001
1355785
1311727
1457266
1474918
2074942
2046510
1340792
1510313
2142325
2033085
1788743
7113
1664705
2247791
2056861
9232
1968422
8360
2001928
1435965
1919438
1733182
1812563
1793907
1516551
1378361
1345282
1932368
1869833
1847394
1710512
1706290
1907450
8100
1924490
1924177
1456793
1849790
7304
1611674
1959040
3267174
1515861
2224333
1690866
2046230
1726150
2001300
1603900
1957607
1867991
2675116
1774674
1777289
2610149
1539778
1577100
2572022
2317975
2408447
1767034
1564467
1591949
2512215
7381
2031695
2544119
3213333
1762213
4206072
2019520
1806194
2058248
7888
1919805
2372380
3633747
2406109
2414116
1833179
2620290
2328927
2066748
2339838
2197632
2237594
3436755
2332694
2575509
2230826
3119954
3286017
3966470
2329955
3081848
2538546
3338993
3657276
3651481
3113853
2676257
3048778
3989868
3108623
2949151
5693433
5243298
3673247
2745927
3811143
3018781
3262102
3361243
3920390
3964170
3672775
3194215
4087976
3166815
3835837
3698210
3233292
3512236
2915167
2827275
2943018
3514491
5707456
4213622
10491
2647286
3272200
4008374
3955969
4249231
3656356
2937711
2573030
3283922
3926408
5063521
4903741
3187491
3143782
3945808
2944488
4720547
3085934
2975581
6380840
4841631
2959933
2778055
2699402
78303
4298143
2363723
2433096
8238
6558
7233
3455162
8640
7948
11113
3405712
2066764
2640984
2199292
9042762
3241527
2702279
2137434
2833009
6994
1975324
1979773
1942712
2249547
1993351
2214117
1537592
1605895
2233475
2387447
2309569
1607021
2050011
2142298
1493456
1526402
1326826
1522639
1764334
1885802
2248423
1431231
1320748
1563393
1847524
1740057
1419744
1873266
1378504
1711941
1936200
1227938
1413604
1700094
1723338
1656918
2018431
1557015
1887574
1516325
1418912
1308553
1992748
1911812
2210082
2033476
1255026
1661768
1768023
2534443
1926449
2009296
1203746
1234364
1308693
1398009
1833688
1565868
1251151
1333566
2068258
1893300
1778784
1567547
1519425
2249907
2230262
1768071
2430352
1778034
2488879
1595173
1647076
1251022
1621587
1430962
1458481
1414641
1462265
1027482
1253039
1140077
1134022
1341911
1617228
1811400
2066565
1488697
1320976
1778303
1199246
1285583
1225645
1337995
1105614
1488283
1268922
920621
9204249
1176974
898981
1138211
1590724
1564425
1853681
2603024
1882377
1615095
2154691
2386774
2076802
2251308
1602379
1498807
2348296
1962614
1815608
2212556
1635971
1437464
2042672
1749225
1949278
1517112
1820462
1852849
1438935
1488682
1820189
1506005
1865488
2016655
1937674
1499648
2733928
2070647
2240806
2012571
1861022
2491153
2078108
2236503
1903006
1634958
1782044
1454272
1982169
1199822
1594578
1403388
1494830
1372210
1526720
1440364
1682863
1285363
1189370
1397402
1615678
1211295
1456356
1957697
1439993
1412982
1370260
2347896
1441255
2092138
1809346
1944586
1820327
1429899
1740752
1243033
1876118
1506610
1828622
2199029
1772181
1828092
1347940
1781640
1198860
1519661
2043801
1848313
1335733
1701788
1505932
2328377
2069435
2063699
1478704
1864034
2101783
1704690
1926377
1651577
116377
1929348
2272831
1839804
2088552
1911191
1597451
2305119
2115669
2604290
2049970
2125821
2122670
2106095
2138042
2316717
2695899
2120285
2712776
2798516
2497473
1777633
2373115
1821783
2560115
2365895
1848961
2094739
2512887
2856722
2480380
1944778
2310674
2077617
2392633
1846584
1646864
1777459
2275530
2529475
2574584
2177087
2327762
2033714
2338019
2557748
1695080
2522376
2343937
1917535
2896227
1850366
2502092
2052527
2723883
1585933
2099619
2225046
2530985
2020140
2501776
2672839
2065159
108728
2600311
2620745
1950448
2416536
2433819
2197941
2236600
1721197
1799805
2117581
2562888
1830936
2706641
2369020
2033010
3168729
1845500
2201510
2388954
1895085
2443321
2660616
1484087
2290494
2289422
1882991
2085992
1514734
2244495
2039270
2737577
2500424
1758540
2273170
2504354
1915377
1353681
1442208
1734980
1890141
1562806
2227048
1921128
2589079
2039718
2241925
1953709
1706023
2131147
1311222
2042786
1834843
1620015
1575670
2305714
1807925
1952002
2051844
2249787
3516775
5729876
2059744
2241702
2112411
10740
1539726
1584880
2412260
2349577
1626524
2115083
6543
2574447
2114867
2318066
1897745
3179680
2249970
2014128
2328384
1824209
2496607
2176231
1621318
2434017
2176942
2146193
2070307
2003673
2117718
2084109
2658588
1310741
2104376
2326723
1455943
1654244
1758638
2407753
2598917
1908328
1764322
1923181
1739804
2003833
2499806
1827938
2095983
1920667
1519078
1169110
1634691
1958354
9300
1112524
1102073
1068604
5052
5412
8682
6495
6219
1105300
853042
6022
707248
970803
874722
511405
892071
6230
589084
634303
5576
775286
695604
5471
7938
1007966
759315
810433
1205946
666943
821866
5804
1054056
798141
695177
5812
947933
654191
754130
908043
727066
797246
1076248
550953
934711
888407
1051293
843319
27523
840783
795056
7482
13317
879988
1105145
1174208
839232
905045
904729
5624
1347124
6406
654800
957697
1385897
5867
5275
82361
1555497
7116
5375
621807
812869
5523
5652
7500
914201
7133
5534
5047
795894
7035
10124
1916010
1597987
1473058
3671489
1585581
2464102
983056
846661
1823624
9195671
1135098
5941
811203
1110086
945752
844916
894119
3529136
817266
1224644
958648
1102334
1118009
1106759
5119
1150870
1252383
998442
1047223
826552
901992
1265526
1091126
7329
1084199
6190
6396
1108306
6961
1011151
6991
6952
1112032
11682
935686
1106487
1256061
7128
2348367
1155656
987956
1255265
1089694
1079702
899440
1115334
1272015
987065
1091349
1069019
816823
1237399
1356286
1183232
894363
748660
6086
1067673
1068127
6585
894612
1061944
1153546
1306677
1295699
1026006
1053419
1047705
1236689
1295596
860717
1157222
625775
754053
947995
932039
932062
966264
1354447
806270
752380
962547
887792
917022
664152
1120760
1001035
633085
1111112
580324
7671
962904
1016038
1300087
240758
1082402
1058470
643092
807805
790388
1065870
994557
533256
708332
863089
808467
814091
6221
2700060
1026886
1165689
897556
1093325
1409341
1035897
1403490
1235836
914630
728675
124269
1018154
924198
1068641
811195
6915
895851
1068448
889625
1073751
1099069
5699
1067010
1037135
909039
1321923
660369
962847
832578
8785
10073
1391195
1152889
6891
1119937
1224182
921765
956252
1180105
906376
5841
1773219
874738
6490
877361
748670
1194213
1058521
1134584
1357386
1135198
1192571
1226187
1131690
1290353
862182
1128664
1033412
1336406
1434084
1385794
1226401
1408834
1485603
1032245
1383742
1313982
1306985
847713
1242145
1426033
1441660
1460684
975057
1153490
1259634
1552961
1354107
1321524
1117870
1360929
997237
999215
1002197
1005873
1021839
688941
834561
694792
767519
1147381
1001424
964158
935889
1228467
877156
1445114
1192561
1438311
1295051
9198
3755308
1409099
1451657
1217526
1308046
842885
765967
1250509
9036
1108950
1135182
1116599
1009068
1168549
1031167
1123396
870474
634350
93100
911174
901656
744083
896690
1127285
1237516
5870
1124237
1068647
15972
827246
6691
1055761
5815
1078742
676638
639710
819949
1064733
856355
880798
6593
753421
7624
6583
7455
6234
568896
6575
835203
8424
6640
6114
669702
9461
651827
651935
6505
7856
775711
11877
662127
874103
922617
47478
872277
7628
6473
6108
7504
855813
1048805
843205
855120
801267
5635
882071
5019
5174
703184
827929
719945
668537
769721
1013075
807229
1144898
760738
950370
900641
7037
1085015
896129
994956
720125
795015
870192
851206
484880
589687
652601
558346
855061
711682
800238
777668
856359
723949
568963
662634
682191
808933
91790
783210
535307
878917
615516
892537
710850
992131
785630
834541
610960
762691
735643
1172973
7643
962811
849559
817507
766061
1077127
749251
886425
575993
868573
712032
783659
726996
1125043
758412
984262
566120
928567
610064
982335
840322
795541
738891
1015598
752750
945226
979292
643886
916494
858070
611332
592603
24642
729750
622170
629820
737921
840936
651007
672164
851482
730584
741373
1021802
794241
1102945
853730
724048
905913
922059
1036108
999073
1098839
830822
940674
933629
1931778
849588
752554
1188067
6513
1365071
986236
1306046
875368
1273724
1107545
1026494
1171877
832435
1140364
1876749
1233953
976517
881162
823787
968798
1216569
1187732
891287
1355147
1273795
1467489
1070268
1286887
1402207
1234546
1513883
1382269
1569362
1188421
1535660
1301878
951069
1765337
1291640
1867460
1559889
1806971
1899910
2190272
1667057
1027003
1538308
2682223
1586428
1399170
1482143
1186357
1561588
1042631
1388708
1683587
1612101
1464421
1448477
1071407
1855925
1393564
1646891
9175
1269080
1032293
1153611
1436275
1601131
2268415
1469657
1329060
1452153
1247338
1906025
1743962
1599938
1676372
1215658
1955340
1212468
1488563
1829011
1544108
1470258
1299092
1125653
2128990
1428092
2517952
1557701
1560116
1567577
1167265
1575010
1008639
960570
1381323
1450032
1522101
1447540
1320166
1194757
1292735
1231905
1450851
1100150
1347031
1551147
1631320
1979451
1245270
1927706
1381187
1749530
1500949
1247293
1079489
1118842
253118
1498366
969738
1537635
1367602
1314882
1567537
1552842
1359517
1508413
1402666
1194500
961072
1115984
1334454
1340550
1091624
1003014
1029524
1556637
907687
1130183
1018549
1537118
905228
1455444
1609307
1046983
936702
1306512
3225197
1671441
1102212
1840931
1127668
1073895
1292773
1188363
1046507
1610630
1050828
1568902
2260049
1295945
1572603
1471359
1167703
1208404
1383553
1911325
1626097
1369306
1243045
1458276
1570366
1562607
1336066
1460599
1751468
1150764
1108001
1604526
1781711
1275286
1446380
1741323
1366885
1440877
1447063
987811
1334754
1356604
1570710
1440705
1268880
1716160
1780635
1326724
1170362
1605139
1861336
1144560
1515959
1182450
2001036
1324502
1669831
1300439
1652372
1675917
5674
1705403
1746669
2160521
2456203
2624153
2466440
1821818
1454957
1327909
1371265
1607363
2018373
2610985
1626181
2294177
2680850
2021856
1737904
2165675
2562695
3478301
7536
3414272
2851755
2596313
2654592
2398694
2407514
2714221
5618792
6977
3106461
2847442
3992211
2873736
4034647
3143321
3102276
2512130
2908082
2989548
3356287
2269827
1605624
2347537
2019135
2003276
2506847
2256534
2666627
2660538
2751761
2908711
2586816
2171487
2334202
2317484
2654469
1985868
2449160
3080156
2575523
3363687
2659118
3121539
3635640
3034823
3735353
4189227
3498040
3310661
3060874
2632686
3238981
3298275
4088516
3196372
2898926
3729434
3266561
3579411
2462443
3376755
3637780
3293983
5638158
3061123
3516747
2492476
4298643
3435052
2569695
2597217
2702620
2532718
2455392
2580261
2796603
2159195
2414318
2966789
2781885
2407531
2367549
2642671
2434933
1758849
1417078
2982565
1777467
8408
2170010
1839344
1651575
1367227
2191630
2630100
7752
2341808
2212394
2296017
3873631
2308009
2539374
3369137
3219620
2265911
3438219
1705200
1430019
1365460
1945273
1595009
2863178
2230187
2822486
2314293
1772198
2032490
2606048
2108530
2492553
1773450
2072938
1975589
2033504
1855589
1508769
2438804
2415182
2406667
2486913
2717519
3056280
2477545
3655668
4504530
3459382
4016228
3366305
3058854
3363529
13323943
3122365
4216868
4006305
546766
4302805
12501
2793991
2539538
1297069
2087263
1558020
1752145
2015511
1647259
1295818
1666254
2140167
1357693
1821854
1655104
2304062
1768004
1710331
2582638
2444334
2595284
1596115
1823957
2291786
7089
2175515
15296
1784071
2350191
2306974
7808
7309
2576845
2021283
2997701
1823571
8325718
2651265
2923954
1881122
3553429
4495953
2675743
2705859
3236788
9952872
7834
2938015
3327624
2777523
2528888
4292676
3654685
3028359
3007294
5159463
3148888
7906
2735076
3408480
3150178
10023
2469286
2651518
3059279
3015796
2709550
3338510
4830120
3244064
7713
2772574
4108830
2595262
3314450
2995323
14200
3504084
15830796
5848660
3702766
4426481
4798712
5056684
7396043
4229550
4312723
3498796
3324237
3161342
9281660
3518373
5055377
4016170
8016
4459053
4997207
7753
5931065
4683268
5694500
26598227
6356579
9877
5035460
4495422
10801274
4286839
3259448
5297839
10344916
3410746
5885710
11104105
5701728
5953696
10865
9129
6566025
21824
6756
3798205
7425
9525
3963512
4776318
4466707
8581
19903868
5802914
5508605
12961792
14611392
4867004
7547308
6199685
6698658
15562
5051508
10545
6884
21689999
10412
4334093
7130518
10968
4195640
12425
6569484
3942685
11619588
8728
4871352
7464588
6627
15945
14726
5779285
6719287
19898
6558347
6269625
5065494
11961736
8331472
7047
11796
6880
3812442
5785598
5532241
5381589
10791281
6428973
7394799
12016849
7221
5206550
4545720
7351570
7994
5998
4981606
11682539
4794370
6544140
5955544
5457833
5253480
7259745
5003835
5147195
15027
9851
6463928
4829425
9350332
6001724
5900921
4888812
7456956
4969873
10622195
22783784
24015191
9078
5752337
10015
5745647
5725205
7880108
4969892
5484128
16811581
9884844
8278851
10817063
3861602
9766
6606296
4458528
6658146
9424183
6997
5712163
5723819
7112333
5810917
7506698
5465687
7719866
5315250
5199704
7492218
7543614
7484828
5163005
5334337
7389614
6180060
16882971
9151711
8316249
5662083
5121278
6086959
6165269
7522
10244
6115
5322953
5779408
4788159
6915616
6461999
3609773
6726401
5237714
10909
12144674
5611254
6051962
16624432
6854414
6760220
18470206
7227147
7900927
5639757
11912
6594068
6756154
5109594
6135802
6259537
5083765
6193963
6574025
8223736
6204505
4256871
7034243
14522747
4556091
5585810
12261129
8738530
5552880
6415731
8753987
12171445
8170913
8136453
5766273
5796066
6367504
6129611
6038592
5793671
17427103
10162564
5020807
6103819
9185297
7283496
5482659
6923
5554894
10248558
6950908
7784958
10524176
17763714
6540370
14816003
6925218
6697900
7927
8531728
20919306
7358888
10680028
8088389
6623406
5966265
7200
5661396
4536063
6454436
7630
7178451
128462
12569383
8458169
5962148
6803880
5832189
8915737
9184284
7345
12734954
5331412
5592488
6057682
5967395
8517656
5193784
18856322
9938145
7148
23314
6330059
6800619
7551118
8637182
6364554
6379066
5664705
5593069
6501972
7013908
6154422
6781128
6235202
7490614
9742144
5010401
6767627
9428
6872481
5743785
5528091
4772182
5384762
5272296
4713901
7829573
4950365
4986718
14082
6802989
9481
8031426
8497596
7418247
6017125
7826091
5931080
4919284
7157761
5796442
5818255
5759778
6069243
7586
13295370
6166767
6368823
8467049
10796487
11516259
6794833
7581450
11443630
6566328
5506748
4727659
5331021
8700606
5567785
6622058
6259439
7810655
7594431
5323813
7729511
7450225
7578
3963126
9658853
7825505
10213840
4444344
5284184
7387337
6962690
23397
4997641
8029441
5681339
8576421
7479
7590525
8552127
15306824
7607
6309340
10798824
7571668
8220318
7304560
6848281
8301076
5698903
8581510
7137
7847697
6285290
6558839
12507551
7974408
4933211
7995293
5193448
7487475
6763104
6922
5273035
5438232
13950758
16842528
5120046
5291909
5406872
12254657
5542400
7513047
7045759
8600210
8672248
12708442
6519909
8441192
5156612
6456126
7570
5710923
8402941
11043673
9844751
5529137
6356709
11189659
21940458
5703410
6338451
7368
5493342
7921
4357667
5582491
8738
4945370
6353825
6571089
4556019
3958656
6405471
13268856
12310922
7465750
6982960
8838588
5998501
4970090
5205142
6964
5255391
5982
8437984
6574091
7533975
5222204
6370634
7371088
5371793
6435981
6319488
5586645
6548647
6621134
5485191
5140350
8015220
7340157
5969213
6972195
5069282
5796468
12111241
7942160
7040305
6939006
5979930
7116952
6181558
4952868
6147283
5254086
6090700
9360081
8260509
4779557
7463419
5067592
6133162
12765659
7028414
6507241
7310250
7071
5581203
5122185
8972873
6372740
4848836
5323171
5931010
10154278
8038936
15968
7364778
4626920
315798
8641476
12734766
11372421
14085694
10281
8327775
10556208
5813516
5875685
5706548
4081594
3851441
8184871
7366
7366116
6005492
7738
4748662
6455799
10183844
6193114
12303273
15184824
8256360
6387981
6816171
4942093
6434126
5389454
7027773
6300766
3939136
5557848
13361756
365841
6514878
10878441
7124290
6276178
6181974
8129228
14631580
16726
6925441
5349346
6835792
9234299
10457190
6375420
6198408
6406110
7328890
6816170
6496127
8244609
12317830
17448704
6016279
7856041
6158731
6935923
6802991
8216
14861705
7957018
7890784
6118547
14084655
10117774
13230222
5790457
6304578
4020676
8569294
12947321
6215851
5119893
73187
6645520
5791771
6724212
15040475
6140
6230082
7411883
6928010
6613094
10119
6409312
8029787
8321818
5849857
7415379
4735617
5690545
11599724
7391249
10275416
6347829
7323726
4745947
7411179
7136501
7427084
12103264
5490685
11872951
4736738
7588191
193866
8470489
7625489
9707
7118994
5348266
11444333
6671826
5273540
52811
6063991
6590071
7452509
12989270
5658991
5348219
9373654
9072848
10162876
18749378
9169
9394367
7438669
5660277
7374
10389462
6030990
23061018
9823679
16493324
8213035
6398666
7644945
6206492
5235214
6913405
5772209
5793402
7855136
7165630
14231074
7846984
16578126
6934960
8168238
5615932
10543449
7901
7421617
6358823
9440760
8619309
8350787
8632218
6966736
14842156
6290852
11768589
9131368
7051549
8391136
7227
5743453
8620706
8420257
14657103
10696231
13330221
7966459
8233
5682007
6750107
227659
10018764
9330371
11096271
8832788
7108891
9474416
6792198
5862
8993984
9076207
20242998
6272600
5526032
14885902
7730065
12515795
11089184
5177156
7449776
12045722
7667012
5096395
7713
9776559
10938698
7935
10746226
8615
6559606
5192731
8515376
3515131
7635
8739
8670442
8921
7286
5493955
9175
6091006
5773069
8310176
5955492
7824624
6136096
7420901
9530511
6777435
7549072
10439032
5411278
13807221
8996884
8052518
7520
10465494
6965975
7946884
18001010
6941588
17919978
13505891
14928339
19745275
4554752
16221198
6261846
6754728
5326578
6324
13945695
13308402
4950929
8368
8119409
10629892
5190578
9188414
8703510
9549404
17475543
8839876
9159999
8087
14639978
11339138
11213632
11354337
8222
7990561
12119530
5909763
7444260
7584093
14005109
5323755
6967577
6210686
15133982
6012839
8745712
7801518
7496763
8953954
6085465
9634
5926543
5719087
7940028
21775750
6679119
4741937
5410943
7637704
5998535
8104967
4538062
10085848
7855641
7399131
7190
7817
8698
5871988
7469461
10473
6291314
26784788
8831050
7298766
7264484
7839080
7835738
7087079
7419881
7572
5773817
5755
5552375
4730085
10879509
5459105
8964306
16046095
5961212
6080666
9052528
5427571
5863309
5155625
4406635
5096139
4935093
11328782
5966188
5094176
17301088
5302941
4751978
4843459
3974561
13094632
6070465
16280875
15357554
6904087
6467092
6896374
9524531
8335838
5023073
11548830
10948972
15111443
8082685
7392099
7016743
6952433
8559868
8397582
5944076
16384131
4426771
5930572
9793832
7265190
15720306
5815826
6756915
5780171
4459945
8448347
15918110
5403839
6814004
5068041
6890688
8807862
7103155
5094596
6928108
4811978
6799771
6800
6883677
9605222
17111594
12947
115510
8281387
5997329
6031476
14595824
7252393
5077971
4211377
4746741
9615
10060
6085095
5388380
8670246
10422017
10943
4065343
3449646
5193818
8550677
3899119
6403646
7728062
15253107
7898908
7490686
8192
5491370
10890261
11003673
10855110
5049077
5234676
5184535
8358636
7692
7650887
6807941
5289222
8787717
5071523
6527788
5836713
10626
6834876
7641
5586630
8418124
7392703
5378731
5602952
58205
7541
16405927
41310
10484235
6056429
6151635
10356258
13186376
10947034
9814964
7899932
5911044
11217909
7263631
8008068
14554
4667058
7693652
5087129
6680112
9543164
4276913
7016203
6487666
4234768
7667337
7032039
4243568
5883144
6930837
5376226
7640049
175915
4837578
16010426
6274097
8943514
8108
5827322
5669418
7560899
7950666
5709159
6988598
15316672
8935977
8401081
10815838
9065
8868287
7075125
6773739
8249612
8842
9677649
6230468
6133467
8915247
6584350
6781869
10584488
5032602
6727487
4702418
5381447
5545716
10964987
8718494
4135872
4583355
5318283
5723647
7050
6124180
7295
6202219
7703279
6441813
6385562
7801180
8016
11684181
6758033
5121781
9339207
7253156
8113866
8048252
6735235
6117097
13606475
8873275
7734570
6563194
7519153
8963429
9857748
6350861
10877617
10077
8752
7525187
6164081
6453117
4972230
7196816
5462426
5194880
4665648
10404670
8138377
6857246
7357032
4796557
5043672
4908306
5462023
8763612
8811340
7900482
14933533
11076976
7777964
6990640
6856165
11574295
7347575
7347094
110581
6820714
10106466
11115731
7867877
7997199
6413457
8704486
8485325
5796862
5299587
22052239
6168763
15770356
9015950
6740724
10964947
7094517
13270
11097217
5900915
13388575
9420135
9370684
5810233
7397870
7673
8411708
6910661
8480041
8424722
7858926
4940332
12655
6751944
9689211
10243950
5091658
14384688
6850243
8909
6382289
8889
4531217
8347
6185460
5459025
6580204
5142797
5081740
7686401
4916607
5460501
5905928
3859344
5425361
5504232
6354124
4684010
6754
3265906
6518132
5583657
9393508
4316342
9915
4335232
5343
3422868
4463603
5031653
9750586
4857967
8961685
5211557
4572808
4562604
2870087
3400790
3116228
7806472
4953674
3830197
7145863
3632310
3606855
4111456
2448118
3536409
3849190
3876516
2269325
6984
2873704
2554064
2201883
3248113
2446498
3782980
2420682
2995269
1962999
2210869
2421805
2802145
2236191
2811861
2653810
2788051
3221261
2458206
2331882
2650383
2909004
3106296
2648758
2049155
2443591
3159519
2380151
2337266
3365027
2158487
3144752
2238173
2831004
2582629
2191796
2231257
2173433
2253887
2731771
2423579
2143336
2087434
4281223
2170397
2276108
7159
2158453
2250481
3358959
2358781
3762523
1855017
2171171
1830079
2601428
2906185
2227589
2024773
1990992
2642978
2469713
4166605
3001663
3080306
1898993
2637015
2381401
1787358
2289798
2132144
1658209
2719341
2794126
3347090
2318289
2634142
2655061
2555185
2586104
2284829
2519175
2463877
1603719
1750835
2672188
2680518
2560238
2336203
2273581
2339894
2512122
2688253
2691594
6692
1950905
2210112
1866247
2124580
1843315
2296798
3020953
1740752
2269298
1746252
2711570
2295536
1701517
2491577
1868132
4605800
2512507
2417271
2685285
2161493
2663313
9391
2314822
1921875
1935110
2945104
2242667
2676742
1809234
2101969
2107924
2200199
2629788
1718058
1873933
4671038
1637784
2843620
2938447
2852848
2378083
2342620
2752663
1694045
3304111
2373616
2970545
6378929
1983589
2402350
2266793
2216968
2504250
2358071
2675118
2808918
2861093
2390880
2620493
2992118
2725635
7742
2360234
2137415
2511468
2031988
3226437
2026088
1885316
2103733
2775621
2616931
1880816
2767884
1922887
2716424
2959178
2076024
3192244
2197354
12878
1728721
3401208
2594411
1956025
2732000
2450904
2433514
2127489
2207537
2281846
2494833
2440609
2687521
2474085
2500567
4649249
2940097
3195246
2470330
6777895
3436464
2312073
2189036
2998171
4972
3008788
2562910
3656048
2749267
2828976
3236490
2556562
2420446
2621744
18468
2526801
3443150
2496267
3217053
2202384
3156665
2343804
3108640
3308392
4330489
2700992
3381602
3016981
2072045
3370083
2917180
2933160
2948414
2537846
2916834
2906252
3066801
2862127
2623065
3043448
2727879
2509812
3074563
2594120
2299016
3134963
2348694
3344837
3984908
2715878
2240078
1850293
2321513
2149706
2733377
3204849
4280674
3023173
2175433
2632655
2657831
2389340
2225917
2075664
99877
2120135
1999878
2120697
2567628
2065086
2142002
3135986
3369768
2942751
2933721
2858536
2759976
2656565
1868952
2964916
2609605
2734450
2419006
2152165
2585106
2696681
2376664
2536588
2991492
2985806
2287916
2897654
2928491
2491675
3041805
3010364
2778798
2685981
2430054
2813076
3488745
12488
2345460
2179871
5510680
2044746
2113319
3082148
1826417
2571867
3107391
2745690
2305838
2288920
3314628
2277556
2732502
2706925
3775198
3175050
1969061
3166289
2310754
2887577
2113006
1805617
2364564
2720509
2028424
1852505
2456219
2401812
1801764
3675150
3030815
2681851
2981756
2262602
2640034
1713954
2944329
2829119
3413398
6537867
3028889
3449476
3212770
2327667
2773975
3561011
2596568
3324025
3453581
3357916
3256098
2621543
3008073
2766732
3869162
3037171
2709632
4051567
2387552
3574350
3212266
3317680
2939296
2549006
2541588
3050112
3989145
3547735
3609553
2947189
2776514
4376481
2363733
3406698
3008816
2941848
3108790
2351469
2392333
3112635
3228499
4013287
2592098
2374426
2991054
4095498
3286079
2250783
3167061
2618424
2070204
2716925
3631605
2052245
3086092
2376393
2369118
2962756
3154432
2843154
2376253
2786887
2677952
2928074
2355395
3233673
17552223
3757397
2927772
2528712
2817864
2753764
3367443
2527833
3164103
3183598
3329751
5038058
3114560
3250883
3184175
3310774
3369957
2400960
3353966
2869825
2731443
3427358
3850297
2394283
2613277
2867168
2752489
3002683
3646824
3885604
12288555
3318284
2590700
3105371
2539983
3575220
3412082
2389643
4734684
5263051
4540481
3956143
3657897
2620941
2274555
2265297
4203350
2663507
2720608
3742324
2789465
2201493
8939
2353037
3356756
2819831
3419286
2802853
2661756
5765455
2396277
3363302
3500038
3187270
3711001
2903013
2781136
3486547
3220039
3932253
14615
2873025
2734049
2213323
3144974
3636316
2468494
3113689
3128872
3229869
2679657
2705731
2612513
2458747
7599
11943471
1957227
3269212
2810941
3244059
3453678
4292071
4116988
2631891
2781724
2505566
3445272
3229869
2897212
3114125
2946835
3215996
2903921
2954881
3693249
2809329
3560126
3316690
2532147
3044906
3122422
2642853
5264458
2485069
6481283
2511985
3011045
2363995
2605158
3129435
2245446
2503226
2930684
4852395
7826258
2185185
3022170
2672447
2822849
5269083
3188381
8661
2324269
4652741
2617809
2590284
2940503
3404595
3076067
3356215
2419259
3148419
3492802
2249687
2564957
2558142
2417831
3806707
3196120
3627350
2977200
2376846
3210427
2630131
3336291
2784963
3277720
2622022
3471563
3193746
2704625
3222598
2953429
3205437
4614282
3136700
3418102
3039475
3001555
2683794
3137399
2526800
2979235
2332504
2943900
2648769
2345918
3850414
2610574
2937931
3147263
1885052
2731504
3440765
2254870
3008188
87332
2864114
3595926
2500452
3424360
2978386
2362651
2649926
2906278
3467180
3148966
3001816
2416089
2728056
2698797
3379212
2196801
2310166
2268164
2559831
2424845
4040292
1726311
2325488
1988407
1835085
1962773
2123042
7006
6533
2073664
13446
1846291
1693935
2446428
1691180
1641402
1450061
2337270
1726817
1609079
2038357
2048505
1265159
2753308
1723087
8841
1770896
1780815
1899486
1356726
1743952
1980809
1787867
1782391
1771946
1884617
1418833
1865404
1735913
2337909
2007289
2029145
1779643
1804034
1304373
2112536
1212663
1463625
1545694
2012034
3251577
1941029
2022917
1827645
20986
1903089
2426505
1514189
1845777
1930200
13690
2142511
1555317
1363393
2016388
3493364
2176158
1504868
2128957
1746550
1467610
2352944
1869408
2648052
2652923
1550438
1854162
1409477
10359
2521857
1711902
1519043
1363606
1885055
2459232
2006686
2142111
1557160
2028937
1789594
1550425
2308258
2216911
1985830
2005559
2260431
2129421
2270737
2444128
9371
2362286
2637817
11409
2421369
2444674
3895185
1796256
1740213
8122
9316
1980916
1739095
1659658
2105063
1997374
9834
2002799
5890
1592514
257791
1830068
1567716
2455658
2294985
2051834
2505700
2384463
1798390
7365
1779191
22388
1684872
1889421
1373389
1497581
7155
2055504
1922388
1475811
1759187
2544994
1764052
2051477
1754996
1449084
2067262
2053224
2263818
2535295
1431537
150611
2037268
2375376
2351678
1867509
7096
1566873
1887138
1934117
6366
1724929
2065609
1902520
2453717
1824112
1641715
1886644
1735650
2821165
1579585
1881145
1909650
1992248
2152544
2126564
1687520
2895123
1816490
1882753
1977093
1859653
1764737
1412496
11493
2192082
8156
3559491
2248283
1471219
1674627
6602
1712532
11624
1664630
9644
2174356
1576199
1928678
1820399
1843316
1811012
7888
1638002
2003986
1937083
7530
2128793
8074106
9578
1631987
2105745
1710627
1717730
2281188
2368761
1842799
2397518
1896303
7964
9369
2094212
2121075
1327664
1485304
1473730
1754425
2055679
2170511
1715349
2196314
2143769
2650662
2201418
1938330
5261
2050816
1714083
1742669
2020631
1713525
1780781
1624781
1292010
1859760
2106145
1826089
1977939
1806808
1727473
1872491
1248531
1678716
1390570
1551475
1735949
1773077
1835219
1178859
1556888
1633320
1847333
1717627
1192954
1658623
1200429
1715935
6260
1804730
1453553
1976171
12174
1947125
2158205
1646513
1924421
298862
1320380
10649
1443822
6468
7690
1618347
1337451
1671290
1873888
1815095
1907954
1850782
1714875
1900713
1919828
1273597
1246878
1418902
14233
2009200
1259002
1852549
1546329
8318
1589558
7923
1739381
2098160
8249
1431668
1781066
1546752
2008897
2015076
1589615
2203589
1525782
1443380
1927828
2266738
2063819
1438702
2294125
1835427
1700664
10021
13557
1598200
9312
1852919
2011289
2216888
1904139
1980553
1893927
3997056
1844457
1761143
1984891
6293
1952347
1684926
1519022
3128894
2225157
1671170
1841716
1655104
9799
1420515
1457493
1841790
2090974
2113236
9521
1501618
1972943
5236
2059810
1875535
1476013
2202816
1873598
1972206
2113774
2549751
1882749
1723360
1944110
2176994
1965948
1898362
1813937
2039439
2169904
1747447
1836374
1634348
1348683
1990845
1828517
2119610
2556204
2336613
1997601
1364786
3968225
2140063
2063727
1345612
6909
1872526
1382418
2059585
1802151
1506150
1775801
1787224
2358417
2079823
1684128
1487162
5324
2118196
1366400
2122150
1938049
1541688
1971086
1755475
2176402
1498635
1761994
2171167
1893218
2529754
2096894
1729952
2034769
1762746
2301753
5861
1219782
1786318
2525215
1795630
2867840
6451
1171116
1842511
6788
1839637
1978383
1924918
2566599
2384550
27147
2003785
1582359
2011496
2009732
4098665
1437383
1645055
1749000
7474
1832039
1691064
2295604
1558904
2284806
10610
1731582
1861184
2259713
3809915
1342974
1676051
2134714
1936873
1727052
6579
1707999
1829215
2749716
3050254
2633535
2408027
2246430
7454
8768
2121984
2094360
2751853
3082293
3187508
2262241
2448183
2883092
3302909
3549287
4040865
2966220
3136208
6591
3570286
2897894
2871599
3327730
2829560
2691140
2060594
11786
1899260
3029687
2707767
8957
8361
6168
2187134
2594784
2262347
2014699
2413257
1709745
6873
2518272
7725
4042850
10188
1746885
2453078
3092345
9111
2097055
6707
8900
8551
2397652
2282865
7822
9720
2094087
1208216
8156
6593
1936859
7268
4711
5495
1512700
5364
1329317
1294964
112140
1245823
1152602
1315388
1010812
1190303
8933
1064833
1176830
5490
979983
1425289
1019974
7206
1330381
993159
1232084
951996
1149381
977969
1154063
5942
835477
937893
1197082
995279
5615
1246754
1168366
908335
7842
1298010
1221338
943510
1197111
1005901
1175480
6950
9364
22558
1750097
1393692
1838450
1385234
1442478
1796480
1838133
9983
1487184
1223498
1673895
5057
8973
7608
8884
1579980
8674
1794112
2369858
2233618
2652026
2463690
2169005
2125953
1606784
3269354
2332204
1922278
9937
6588
2349762
2725697
1801798
2567814
7121
11153
2309413
3368707
11762
2887141
8109
2507765
7892
6047
10128
6813
1859630
8796
8714
2290995
9526
7127
1798510
2132771
6159
5983
1942236
1509659
1840724
1621559
1913227
6699
2818771
2684056
2903253
3413424
1957611
12932
2694265
2417436
1827359
1931898
3727230
1515012
2202523
2590828
2230547
12378
2736425
2884051
1687693
7194
2855237
3097899
2394187
1453973
2564315
2416981
2336544
3279536
3436671
2836124
2792370
2883363
3432889
2169465
2783933
2691395
14026
2555102
2481289
3314095
2501675
3664441
10609
3064946
3059507
3202871
2523242
25372
3284909
2835887
7757
7780
6875
2547067
2912686
3264640
3079514
3234150
6940983
13145
3311438
2923988
3040371
7014
5599800
9057
3914952
9101
9379
2846335
7888
2547750
2592239
2412269
8886
7644
19981
2855884
3149231
1997912
6752
7489
2752063
2950311
2288820
3134373
11511
11666
1802590
14403
2318073
2222444
2252699
1688420
6908
2177243
2319410
2043937
2048001
2383045
7688
7769
2852355
10721
10019
2402921
11971
2298537
6805
7096
2038059
1721866
1928291
1971324
1770393
5631519
1700956
1979034
7546
2122699
8987
43905
1522599
1360053
1472957
1418565
1487634
2107984
1765454
2080580
2425375
2189591
2011945
1266933
2025745
1817206
1983470
2522470
1755457
1855087
2311640
1912811
1415980
1411424
1304562
2213761
1723311
1241967
2059350
1869767
1951174
2257418
1612092
1764950
1538020
1356598
1641446
1775775
1980834
1418129
1623032
2078143
7118
9054
8079
1439713
12953
2340866
7557
2006385
1212097
2408057
1785952
1978044
1508101
7353
1650298
1514089
1615469
1552066
1890347
1934829
1183057
1504577
1200464
1008410
1780071
987634
984477
1316130
1430249
1459690
1105110
1174734
1579888
6206
1488893
969511
1307863
1565942
1821957
1941116
1484890
1383382
1244272
1581301
1233918
959227
1473957
940890
1426662
1642163
1051020
971042
1646308
891234
965954
967832
1344487
1411049
6348
1532631
1241968
131731
1102584
1513613
1558409
1995154
1509802
1186362
1160197
1405951
1714617
2019043
1317647
1683223
994422
1298047
1655966
1030719
1667998
1009359
947366
1309432
860952
939771
1315482
1241944
1052247
975554
977689
1444088
785770
1214917
763060
907952
1219333
7304
923568
5257
979162
1088816
676256
781958
5729
890306
860358
794708
823471
947573
1101555
961421
656849
649965
745910
923903
936091
987035
1035386
1011769
971476
803930
6327
859459
752214
1014483
954972
925692
981516
887871
1280917
1310237
5194
5771
6737
890570
1214228
730978
7786
906910
821764
884841
7546
658475
600191
484020
715255
623765
794781
722006
836740
746778
21304
496372
625954
6327
630568
5956
529012
613383
918614
866666
800678
6383
488512
564807
6935
927970
591040
852542
621580
802133
500629
561529
611637
859960
732283
847276
863935
7368
619445
781745
7168
611887
577335
802291
1014167
858861
884596
813848
905794
934605
4884
815952
775541
971633
6691
1166814
1079716
674698
858355
1031108
851428
877947
760705
1053753
961787
1167382
780840
1107297
980937
602096
688034
786439
602618
762348
722746
879266
1138264
997805
635731
867353
624612
719535
936048
1045636
1142073
1220065
1022129
1306611
938987
640658
1079588
1024682
1054973
1301493
990929
100267
878418
673098
1148371
852898
1122283
956134
1038819
1172996
777280
1001618
1683988
1226206
818771
916312
1519819
951619
1009911
634273
856249
1385678
1576730
992934
1196240
873684
1170886
870328
2483563
987312
6920
1050421
1090820
736734
860660
6765
811459
1388165
6215
1076423
1138462
1191067
1227471
1108598
872674
916049
7797
1252486
953879
739457
1249904
914845
841723
7150
1256193
561605
784548
5468
10570
816548
928398
784178
1174333
1016269
6226
1067607
885497
618613
935756
703898
867703
6456
1154067
1317764
920165
1465997
1593519
1239780
1033299
1432045
996043
1040287
6346
883438
1239525
1527498
1140264
1064324
1030000
4891
9887
7388
1293318
6969
719089
912076
104723
947790
985872
815206
874791
1084613
8081
1165964
1253596
816388
1241725
1234399
1150133
1257415
5221
8292
1365880
7629
1284255
1282155
1582161
2064076
1662575
1074067
1392082
6004
6903
1417277
1516074
1383848
1921917
1645662
1233056
1319223
1187868
2267200
1725085
1147085
1330697
2108184
1264222
1684161
1939476
1897495
1385371
1635099
1044503
1228323
1256168
1149723
2023454
1560046
1335098
1319313
1396081
1661038
1519488
1301772
2119649
1388943
2141832
1701587
1773438
2172229
1715607
1610901
1702129
1487151
1762265
1864128
1785361
1276004
1504895
1750514
1664584
1864593
2199249
2115242
1402373
1430257
2433424
2394268
2350108
2036882
1543499
2361150
3190618
1321589
3293427
2489577
1669812
1709690
1386264
1585094
2648402
1958531
2280325
1744061
2470911
2099471
2317191
1567230
1940174
1418722
2149255
1822595
1592016
1888118
2024828
1610805
3109232
2319460
1860889
1411793
1663321
5560
1569571
7271
1813433
5330
4866
7601
5659
1956970
1643166
5579
6570
2235916
1560297
1484538
6904
1947722
2295189
2216824
1870466
2331094
1895507
9974
2149770
4276591
3204326
1900214
1677951
2258044
1774693
1677075
2159112
6015
5995
1522361
1580302
7174
6365
8024
6439
9969
2036513
7811
6027
12459
2274096
6966
2211994
7091
3419028
1452245
6711
6760
5109
6774
7619
10289
8564
6032
3411295
9548
3601039
5924
7162
5381
2787798
7331
4879
7165
7375
7767
6836
2160446
10447
9247
7374
6861
6183
4204050
8005
2533456
7038
7751
2113052
16468
7589
6181
5895
1983998
1963940
1502358
7213
2027648
11010
7426
7346
1918380
2006910
1160919
1554280
6387
6394
6989
2372938
2259873
1943992
11646
5788
1674312
2505289
6345
1328723
5700
13683
6709
6024
1877471
9408
6422
2034469
6859
2175813
1755704
7125
7156
6057
6518
5806
12540
8680
6223
2137056
2492156
10272
1599083
6491
1760779
1599377
6289
10636
6895
6827
1579982
1247149
1815935
1370627
3257566
7902
1238413
7174
9053
6762
7070
5752
7514
6615
1745618
5470
6675
9174
6898
4745
7583
5072
5757
8021
7669
1395591
5424
6040
5367
1473604
1438475
1897190
1776754
7692
1874984
1724427
2067267
2826699
2576621
2452962
1650208
1844224
1791749
1899216
2160949
1779678
1090518
1591879
1060270
1076075
1088825
988830
1266813
1373811
1328627
1055832
981418
1285671
1072717
1032303
1394942
1445769
969149
1141768
1373756
1415471
6631
1407087
1246627
1521041
1344329
1805112
1864524
1574473
6375
1646654
1593214
1443121
1404916
8076
1172441
8333
839464
5877
1268373
1207112
697451
675486
889367
838760
695823
914075
718920
958253
556840
722203
744655
737125
834263
7076
5734
2889472
699404
718379
901045
1003969
849999
1078305
846839
986292
1124494
1085299
830970
826326
1009417
712650
1134924
1449170
1077757
1075798
885944
775578
825192
1002799
786983
715124
773540
1119722
987798
1134294
1460544
1393200
886545
845348
1064354
1312785
851592
896006
1227115
6894
1247806
6118
1634875
1265193
1337577
778944
816288
1208615
790605
1235512
1019187
998206
1325986
1171432
941623
1210721
1008995
871347
1136362
6121
1122532
1265493
1056622
1098894
1309859
998480
855298
780565
1066894
1076906
950477
999226
1050398
768734
1029953
1155339
791782
811935
716424
948078
653373
1009022
795889
903694
968557
933934
1020567
925320
768938
1124822
902608
825842
819207
1051217
1124758
1275129
1168369
599914
760650
977227
1168001
950777
957047
910872
1150224
986806
920515
1093212
860272
905278
1097988
980962
894291
1192673
1154989
917691
