4823
2192
2839
3466
3663
2967
3181
3217
3886
3322
2712
3550
5580
4056
2690
1869
19419
2715
3621
2729
4295
3146
4291
3229
3340
2653
2715
3470
3519
4557
969
2717
2611
2980
2737
3686
3363
1752
3436
2369
4506
3207
4648
2509
4732
2527
3939
2634
2066
3347
4919
1794
2191
2651
3297
4532
3283
3175
3275
3562
2720
3721
3955
2613
3508
2806
2663
2311
2951
3593
3028
3362
3574
3490
3757
3537
3238
2762
3712
3171
3079
3523
4264
2622
4465
3138
2477
3976
2875
3973
3414
2288
3085
2726
2679
4234
7361
19777
2066
3149
2786
2861
6425
2884
2703
4372
3025
2752
8817
4258
2820
4001
2807
3335
3918
3875
3996
3290
3369
3334
2747
2833
4311
4012
2485
3657
4830
2107
4483
3854
2523
3561
3393
3615
3133
2909
2981
3956
2789
2872
3321
3038
5216
2550
3716
2520
5178
3029
3622
2708
3438
2962
4948
3314
1667
3027
2989
3193
2376
2877
2605
3676
3776
2900
3649
3331
2117
1962
4127
2186
2894
2774
3503
3991
5146
3790
2695
3323
2452
2288
2602
1809
3290
2978
1644
2270
3070
4351
3282
2512
4938
3511
2777
2198
2900
2966
3202
3322
4372
3324
1473
1242
2606
3368
3547
7459
5250
4965
3658
4093
4707
2094
4619
4012
2238
2941
2725
3634
4314
3079
2982
5064
21255
4768
4391
3744
2030
2665
2906
4210
2896
2654
3300
2798
3210
4272
3761
2638
2577
2916
3095
2789
4333
5011
12478
3126
3295
1299
4816
3294
2881
3540
5214
3820
4149
2478
3349
3081
2488
2932
2834
3254
1380
3962
2735
2690
3317
3122
934
3093
2017
3099
10299
4264
2478
2469
2912
2182
2847
2942
2924
3318
4080
3424
2546
3543
2463
2492
2121
4118
2475
4371
3436
3058
2857
4403
1010
2968
4167
2240
2460
2709
3052
3329
2823
2353
4574
4139
2866
2640
2587
3560
3527
3225
2751
3254
2955
3512
2873
3402
2931
3661
2821
2919
3105
2118
3087
6254
2824
4710
2598
3998
1410
3592
3383
3082
4096
3678
3590
2896
2690
2695
3662
4096
3456
2915
2992
4715
2962
1612
3142
3752
1871
2456
4801
2403
3141
3529
3137
2953
2000
2701
2530
3244
3411
3080
2731
3161
1953
3208
4836
6206
2651
1924
3140
4730
2505
4957
3302
3806
3342
6202
1365
3291
3317
3715
2651
2547
2547
1894
2223
3626
2890
2617
1777
3434
4647
2416
2558
2229
2530
3528
2395
3436
2682
2925
3923
3809
2475
7440
1997
2994
3770
3869
2623
1739
1462
2725
2009
3289
3625
3045
3379
3137
3576
6662
2180
2605
2612
2783
2630
3003
2288
4317
2666
2508
4419
1936
3834
3027
4304
3086
2826
4758
4132
3466
2099
2814
2943
4407
2508
4702
2866
2537
3796
2743
2025
3875
2592
2982
4599
4247
3246
2027
5030
3112
15935
4268
2979
3432
4392
3731
1707
3039
1595
3194
1843
4820
1403
1779
1786
3413
1504
2628
3853
3752
2879
4148
3361
3418
3733
2590
3223
2182
3114
2754
2903
2559
3049
2798
3272
3658
2277
4065
3293
2355
4343
5334
2637
2867
2428
2776
1525
3567
2402
5318
5028
2869
2981
1474
3637
2666
3292
2444
2806
3273
2619
3995
6298
4879
2209
1821
3269
1170
2668
3380
2086
3179
4228
3004
1481
2920
3844
4389
2760
2306
3452
2362
2641
2802
3236
2788
2939
2700
3493
2141
3659
2823
3179
5290
3844
5238
3913
4532
2539
3662
3712
3088
3329
2250
1621
1962
2873
2898
3149
2911
4196
3867
2405
3566
3264
3052
2987
3095
1961
2794
3879
2387
3578
4171
4479
3602
4122
3858
2838
4563
3103
3300
2991
2427
3962
2921
4199
2682
2554
2731
1686
4187
2636
3773
3304
2482
3435
4345
2759
2980
2341
4277
2347
2803
2737
2629
2652
2683
4773
2378
3199
4175
3071
4352
2537
4475
3219
4361
2463
2735
4509
1795
6210
4685
2777
3245
1866
2969
2428
4155
2565
3753
2734
3680
3036
2718
3576
3277
3631
2485
2706
3287
3497
5573
2818
3631
3398
3398
3437
3429
2010
5387
2648
4739
3334
3239
2481
3103
2664
2560
3033
2578
3063
4884
3161
4240
2784
4607
2522
3090
2784
2815
3153
3418
3766
6468
2625
3580
5090
3528
3385
5217
2936
2977
2661
3787
4157
2824
2670
3113
3177
3298
2533
3391
2789
3240
3176
2421
2230
3468
2306
4089
3280
3039
2139
1824
3322
5933
2861
3864
1323
4797
4766
1884
3377
2151
3297
3735
5348
2620
3108
2964
3148
2040
1965
16734
3874
3329
1900
2515
2679
4891
3506
3692
3325
3200
3085
2186
3202
1997
3316
2402
732
3002
4109
3704
2940
4041
3714
3718
3873
2851
4301
3929
2567
3048
3222
2599
2744
2762
5172
3270
3865
5168
3494
2719
2421
4430
2125
4354
1799
3178
2857
2431
3300
3041
3112
3878
2729
3749
5108
4607
3412
3320
3651
3324
2133
3532
2774
1002
2839
2746
2541
3170
1122
3205
3719
3499
2931
2818
3297
2406
3260
2246
1636
1599
3685
3114
2954
3430
3458
3228
3594
3546
3751
4887
4063
5176
4083
3502
4705
2855
2481
3891
2025
3297
3473
1916
3206
2747
2234
2805
6624
6048
2388
3694
3297
3319
1929
3939
3632
3176
2212
2702
3036
3951
3980
3921
3202
2581
2628
2802
2688
3577
4879
3467
3041
3946
1433
3148
3423
3144
3188
3743
2012
3866
2437
37372
1743
3308
3590
2220
2879
3379
1852
2866
6705
2469
5508
3675
2095
3853
2858
1914
3925
2624
3661
1980
2819
3787
1635
3693
5418
5231
3244
4565
2536
2725
4427
2644
3446
2733
2807
1128
3979
3057
2619
2863
1667
3858
3801
3400
2527
3542
5709
2337
3534
1534
2544
2302
4303
2712
4137
4546
2028
4909
4336
2829
2745
6698
4063
2963
4408
3536
2693
3519
3858
4629
2894
2607
5432
3939
3973
3710
2342
3225
2953
5187
2869
3302
2567
5620
3146
3285
2782
2942
2213
3792
3175
2119
2607
2771
3369
4565
3594
3945
5973
3804
2888
3213
2870
1848
3058
2527
3271
2634
2529
4463
2900
3077
2821
4317
5125
3427
3167
3223
2211
3468
2929
2719
3058
2735
2865
3990
3497
3288
3331
2514
3820
4077
2961
2415
4064
3701
4364
4544
3047
3440
2999
2177
3779
2754
3826
2961
4978
3579
4771
13176
2733
1980
3995
2442
2755
3607
3138
4533
4086
4483
2774
3887
2262
2744
2801
2860
2961
5477
3625
3353
3012
4468
2839
3591
2493
3555
3214
4369
2774
2988
2413
2678
3753
3270
3050
4711
2476
4234
3816
4502
3204
4103
4421
3341
3621
3332
3599
3120
3588
4067
3115
5535
2835
3744
2584
4277
3069
3236
4244
2895
2815
3509
2932
3419
2847
3057
3625
2910
6530
3191
3605
2784
2928
3579
2882
3199
2435
2800
4480
4108
4141
3368
3514
2793
2919
3737
3641
4087
5123
3404
3444
2818
3296
2532
5163
2983
3286
6567
3847
2959
4004
2975
3232
3230
2967
2453
3694
3111
2962
3330
4706
2263
2877
4219
6419
4172
4699
3153
2672
3046
2444
3004
2265
3693
3262
2088
3165
4171
3057
4388
3507
2069
4078
3471
1335
5832
4731
3806
3432
3567
2994
3954
3166
3329
1810
3677
5964
4087
2986
3027
3524
3101
3127
2392
2471
3930
2679
3001
2666
3310
3012
3321
2616
2543
3769
2862
3071
2977
3022
3242
3216
5922
3096
2847
2825
4045
3234
2533
2663
4021
2890
2798
6141
2541
2785
3094
4917
3792
3201
2915
2978
2663
3115
2911
2947
3356
2874
2668
3171
2797
3262
2229
3047
3583
3405
2935
3463
3809
2304
3165
3532
2648
2837
2937
2917
2392
2663
5538
3428
3014
3218
4468
2544
2578
2671
2510
3552
2831
2730
3385
3942
3287
2403
4036
3244
2719
3492
2248
3677
3106
4860
3633
3079
3682
3317
2012
2486
2966
2345
2869
2912
3195
2927
2612
4798
3360
2959
3224
4166
2892
4162
4238
2136
3859
2616
4313
3858
3774
3131
2791
2658
3241
3951
2890
1641
2832
2893
3676
3653
3675
3221
3006
3023
4639
4139
4762
3930
2883
3183
2737
3651
4297
3828
2978
4037
3157
3743
4045
2831
3522
2475
3183
3397
3560
2927
4169
2245
3104
3165
3143
3476
3208
2783
2627
4001
5183
5721
3263
6091
3451
2826
3394
6629
2713
3114
3354
2036
3095
3133
3936
3061
3088
3392
2052
5252
4848
4452
2231
3342
2621
3026
3507
2531
4222
5478
3032
2215
5440
4468
2609
4108
3427
4897
2441
4057
2606
3573
3401
4017
4260
3660
3459
3155
3872
3713
2781
2435
5537
2018
2541
6202
2628
3742
3862
2520
2617
2633
2948
3143
5265
1267
2296
3878
3578
2918
2929
4442
2611
3522
4451
2906
2687
3564
3065
2429
3050
3679
5009
2762
1657
2142
3484
2473
2730
3135
3680
3177
2911
3218
1709
3004
3633
3222
3708
2899
2233
3431
2507
2775
2578
4303
3264
2268
2013
3691
3524
3408
3203
1279
2042
3270
3355
3256
2932
3663
3094
3086
3842
4300
3598
4422
3192
3324
3832
5401
2742
2980
4613
4289
3783
1213
2694
2545
4277
2923
3668
3161
6109
4079
1140
3403
3510
3244
4492
2291
1526
4103
3388
4406
2574
5332
4180
1822
2262
1971
3833
4251
5658
2875
5454
1206
3957
1981
2783
2963
4469
2834
3756
3413
3322
3591
3624
3326
2703
2089
1172
3047
3600
3390
3631
2430
4425
4521
3000
2496
3548
4292
3205
3704
3477
2628
2301
2607
4829
13817
3062
1775
3933
4260
2728
2922
3768
2603
4642
2937
2994
3058
3410
2475
3233
2901
3951
2103
4186
3455
4800
2769
4546
2886
3410
2811
2581
2932
2737
4410
3035
4332
8629
2806
3997
3051
4732
3125
3132
3235
4431
4661
1952
3325
4794
2594
4025
3833
2696
3864
1256
5237
3237
3321
5013
2911
2331
4283
3409
5015
3318
3673
6308
3133
3463
3944
1647
5217
6403
2498
5240
3200
18977
3152
4201
2913
2500
2075
3737
3267
4308
4864
3045
3386
3469
3212
3697
3060
4574
2910
4221
2756
2986
3962
3288
2742
4166
2551
3376
4488
3919
3212
4716
3830
2203
5594
4758
3714
5099
3603
2754
4197
2553
3010
3548
3293
3527
3329
6865
3969
5233
1770
3633
1971
3655
4039
3480
2419
4113
3214
2310
3033
7219
4938
3550
1563
4761
3172
3556
2502
4510
2144
4104
4401
3707
3008
2798
3898
5047
3026
5908
2386
116787
3688
3257
1741
3569
4141
4061
3200
2318
3944
3139
3729
4106
4356
4730
3968
3678
3186
3225
2904
2592
2895
4566
3319
3498
4493
3355
3787
3447
3205
2048
2869
3052
3289
2125
4171
2760
3889
4321
2316
2643
3368
2489
6186
2653
4160
3187
3242
3765
5989
2800
5273
3431
4420
3412
3259
4302
3379
3380
3500
3430
4689
3364
2047
2365
2719
2862
3203
2785
4323
3123
3151
2690
1330
3843
4659
19891
3086
2221
1111
1715
3371
1907
3691
2813
3300
6280
2188
3763
3182
2347
1155
2749
3890
3174
2555
5799
5256
4211
2628
2919
3728
3544
3539
3843
4558
3795
2846
1640
2449
2857
3572
6502
3227
4556
3718
2520
2631
4478
3873
3733
4704
3653
3975
6404
4691
4472
2663
4029
6043
3179
3248
3317
3929
3382
3087
2864
3571
7550
3927
2859
5409
2428
2573
3391
3016
2333
4215
133417
3571
4385
3249
3881
3159
1424
3587
3088
3061
2341
4453
3283
793
3574
3356
3221
3004
1779
2878
2012
3194
3062
3182
3742
2261
2459
2931
4286
3029
5735
4370
2469
3606
3779
3879
1973
2812
3044
4352
3542
22906
2319
2963
5011
3212
3459
2590
3761
4601
2193
3017
2966
1935
4135
4825
4079
4030
4415
3314
3965
5784
4129
2361
4198
6128
3081
4688
3769
3648
3904
2497
2620
4745
4066
3504
2837
1946
3628
4267
3388
2963
4632
5017
5457
2380
3479
6111
3690
3896
2483
4344
5073
2854
2059
3127
3538
3386
2938
3488
3236
3699
3252
3085
2525
4252
5433
3827
3230
3310
3861
3935
3937
5251
4270
3083
3826
2816
4506
2302
4447
4577
2777
7375
2504
3796
3847
3932
2309
4085
1989
5043
3425
4052
2668
4520
4250
4576
4820
2529
3704
2918
4736
1662
4410
3520
3646
4885
3024
4038
2692
4122
3189
4204
3824
2897
4850
4519
2172
3233
3176
3060
3398
3553
3383
3156
3219
3975
2635
4820
2673
3941
3174
4739
3802
3321
3115
3048
3573
3230
3258
4128
4863
3690
3930
2445
3901
3795
5030
5088
3573
3710
3626
3025
2382
3288
3700
5092
2887
3736
3348
4215
2468
3843
3404
3379
3045
4264
6500
3665
3304
3503
6700
4096
3425
3425
2949
3949
5107
3325
2363
19390
4511
3347
2236
3154
3431
4874
4131
4671
3242
3831
3842
5772
4032
3197
7818
4424
4206
3402
4157
3541
4213
2634
4663
3722
4309
3805
3494
3042
3812
4050
4136
3668
1451
1912
3005
5283
4595
5352
4190
2587
5012
5025
3763
1836
3706
6995
2868
3695
4759
3807
6107
3108
5563
4443
4753
4676
3352
5504
1519
4193
3387
3315
4958
20440
3678
4257
3785
2652
2094
4323
1497
2532
3996
2008
1961
4686
2953
4918
6439
2031
3811
3633
1888
2491
3177
4166
4510
5100
3986
3246
6055
4365
3918
2394
1844
3009
5090
3453
6019
3393
2166
2861
2177
2213
4320
2723
3902
2465
3882
2959
241095
2810
1956
2374
3603
2673
2775
2791
4422
1823
3796
3593
4136
3449
4233
4346
12447
3537
2279
2631
4237
2982
3159
4359
1965
2796
7128
4890
2875
2644
2070
3921
3474
3149
1419
3906
919843
4532
4321
3491
4342
4320
2346
3652
21679
1790
3213
2835
2530
1608
1671
3239
1059
3138
3324
1626
1910
134453
3086
2266
3026
2306
2481
3932
2967
1248
3363
3270
3367
2088
1426
2626
2993
3274
3134
2689
2302
3768
1644
1105
3370
2952
2904
3704
1671
3822
4288
3547
3246
2999
4094
3142
2688
3553
2817
2724
4692
4145
5027
4462
5031
4808
3572
2881
3270
2905
4031
3806
4505
3088
1631
3811
3437
2557
3658
3589
3649
3863
3005
2765
3854
2395
4725
4307
3512
3324
3860
4349
5113
4020
2939
3291
4245
3379
4279
4301
3953
3492
3711
2902
4156
3803
4048
3627
3954
4296
4245
3334
5097
2939
4226
3696
5390
4261
5387
3500
4163
2528
3172
4871
3310
2558
4258
5492
2467
5443
3213
6002
3320
2527
4048
2928
3768
2537
4065
3782
4151
3403
2973
1808
4852
3919
4410
2811
2896
4970
5315
3450
5080
3265
4199
3255
2813
2416
3977
4531
3360
3268
4116
5106
2221
3131
4766
3374
5096
3373
3044
4625
2820
4573
3945
4465
3604
3437
3380
5502
2666
4215
4377
4133
4512
3057
4334
2287
4871
3205
3337
2565
5708
4058
4544
3164
4745
4656
5279
3360
4183
5358
2872
4186
3058
3410
2889
3127
3594
5391
3788
4828
3807
2773
4830
4143
3715
3808
3906
3367
3338
4716
2554
3971
4666
3054
2362
3531
2524
5455
3916
4750
3067
4100
3558
4902
2594
2593
3722
3672
1809
2762
2938
3968
3001
3191
4144
2830
3911
4205
3743
4304
2768
3664
4574
21970
3865
2839
3657
2482
4453
3847
3827
3316
3565
5583
2470
2910
3257
4431
3519
3554
4275
3846
3747
3120
3118
3253
4083
4891
2916
2533
4084
3232
2588
3665
3154
4875
3291
3553
3255
4068
4038
5396
3047
3491
4542
4848
3298
4056
2983
3397
3197
4645
4177
5397
3545
2514
6395
4592
5430
3893
2831
3320
3823
4507
3697
3062
3576
3056
2619
4590
3610
6867
3839
5072
3197
3206
4280
3253
3650
2780
3131
2597
3838
4601
2767
4679
2568
3722
2865
2926
6875
3445
2733
2956
1523
3198
3391
3525
3094
3928
3992
4750
3288
3735
3963
3286
3614
4753
3134
2818
3432
4403
3329
2883
4124
4101
3595
1646
3909
3195
2749
1660
3399
3659
2329
3553
3766
2198
4979
2994
3423
3070
6363
3595
4099
4036
1840
1414
3985
3992
4378
2381
4285
2516
2637
3435
1789
3181
2615
2848
3818
3104
3661
3883
5110
3372
2774
3956
3133
3834
4617
3176
3482
5952
2860
3623
3504
4783
4539
3005
4111
4534
3408
4435
3580
3550
5189
2920
3590
4785
3612
3669
3272
4638
7336
3817
4313
2928
3039
4528
3539
5132
5804
3227
3296
4371
5418
3784
3026
3634
3122
2957
4694
3679
5312
4160
2769
3372
3665
3246
3283
3561
4253
4162
3202
2841
3297
4919
2755
3428
4108
4337
5301
5321
3950
3160
2806
3549
2786
3979
4325
4202
3987
3637
4905
4122
3391
3409
3843
2712
3202
5412
3408
4094
4938
985
2660
2570
3934
3628
5924
3293
4019
3781
5938
3109
4988
2486
4322
2570
4032
2887
5410
14890
2459
3029
5194
4153
2870
4133
4003
3378
3102
3473
4358
2984
3962
5491
3713
3235
2299
3009
2591
3982
4609
2863
8957
4049
3445
4112
3569
3487
2760
2713
3538
4536
3374
4413
3536
2703
2945
3565
2832
2675
3671
5378
3913
3739
2830
3403
4101
3244
2847
9006
3825
3525
5048
3462
4933
4517
3599
3529
2572
2726
4341
3745
5292
6831
3344
3719
3533
4466
3662
4334
3035
3855
4192
5184
5314
3210
3341
3724
5717
3871
4410
3116
3809
5424
3398
1325
3853
3486
3667
3111
1607
4465
3539
4064
3436
2461
4210
2910
3671
3965
3991
2397
3146
4411
3106
4538
16521
3660
3743
2856
3315
3873
4298
4296
4203
4079
3792
3246
5439
4547
3265
5129
4101
3004
4314
3560
3350
3435
3223
2435
5617
4236
9856
2722
4512
3660
3501
3410
2739
6757
3526
5334
4032
2894
3692
3436
4253
3282
3704
3514
2593
3400
3331
3768
6444
3029
2767
3096
4000
4111
2502
4508
1395
5763
2443
2089
4305
4129
3296
3664
4953
2608
2337
4104
3790
3652
3758
3256
4401
3059
2991
2230
2908
4406
4102
3201
2708
3739
2584
3503
3419
3723
4949
4854
3119
3536
5988
2635
4623
3519
2825
3348
2597
4967
3459
4058
3770
4141
3563
3778
4019
3979
2930
5644
4221
1280
3676
4384
4251
3797
4430
4519
7930
3321
3669
3749
3987
3190
3133
3068
3589
4110
1990
42974
3615
6840
4506
8730
3312
3366
4099
2902
2614
3518
4471
3381
3163
4348
4098
3872
5316
3567
2326
4632
2640
2933
3382
3643
4419
3627
3419
3233
3908
3822
2761
3705
2982
2967
3154
2067
2866
2823
2643
2331
3287
5840
3998
3473
5712
3186
2676
3576
3190
2941
4774
2470
3248
3342
2255
3426
1604
2006
2758
2952
4421
3142
3493
5400
2650
4728
3429
4776
3833
4714
4159
4864
3839
2898
4477
3289
3847
3120
2831
4459
3802
3378
3448
7094
3820
2632
4481
4007
2422
2754
5993
2243
4764
4198
3655
3725
2659
4082
3201
4226
4687
3893
3342
3113
2994
2592
3379
3180
4074
4641
3011
4118
5097
4052
3705
2653
4105
3761
2875
3095
4386
2695
3912
3756
3863
3743
4022
3584
3144
3678
1977
4041
3394
2725
3449
3571
3887
4031
4433
4085
3542
2511
4350
4176
4086
3100
3050
4313
2964
3088
3583
2717
3518
3656
3283
4682
3811
5786
3306
3904
4120
2978
4015
4036
3271
4935
3247
3413
3712
2854
4378
4240
3572
3052
3049
3368
3338
4453
2897
3422
1716
2853
4540
4662
5042
2878
5283
3752
1756
5524
4160
2932
2368
4296
4543
5660
7165
3804
3786
4582
4099
3155
3665
2696
3416
1601
4118
4101
2715
2785
3100
3771
4365
3428
3455
5978
1939
3435
3800
2223
4133
2632
3650
6908
2510
3333
2980
4017
5139
2458
3291
2765
4173
3933
2095
3446
2404
4297
4086
2655
4339
3449
1387
5283
4036
3695
3069
3764
3266
1913
4652
3453
2424
3957
4469
3321
4099
2807
4611
4868
1756
7424
2812
5227
2926
2653
1004
23908
4000
3230
3903
3460
2389
2424
2667
4099
5201
3639
3337
3184
1943
4326
3221
3998
3452
3079
4157
3718
4378
3902
3467
2500
3020
4003
3898
1983
3181
5265
3755
3459
3950
4273
6410
3503
3867
1422
3830
3881
2014
2788
3901
3160
3050
3100
3656
2951
4518
2992
1824
2030
3025
3333
3113
3745
2805
2707
2203
15185
3334
5024
3841
2910
4060
4943
3716
2418
2884
2260
4166
4819
3203
1935
6505
3045
3480
3226
4171
1255
4432
3880
3600
4011
3182
3413
4119
3540
2831
3149
5037
2930
4170
3213
4326
3760
4555
2618
2606
3274
2716
1780
5013
3769
2784
3446
5417
4133
2971
3659
3284
1994
3090
5722
2887
4439
3117
4363
2392
2939
2960
6505
3353
2866
4005
3655
5141
3878
3974
3582
3840
3387
3033
3848
2590
2821
4756
2933
3800
3733
3538
2764
3974
5290
5065
3700
2711
4104
4821
3669
4623
2595
5296
12980
2631
4645
2869
1828
6476
4893
4369
1624
4216
1314
5430
5434
3503
2100
2569
1120
6373
5626
3934
3121
3634
5633
3714
2676
2981
1851
3553
2724
4780
5112
3543
2951
3552
3188
2993
4690
3426
3299
4049
4092
2142
3694
4826
2258
2601
2880
2030
4581
3457
2384
4339
4452
4699
1996
3134
3035
4133
3117
3881
3362
3994
4541
22473
4776
3985
1560
3442
104485
2546
2636
3041
3837
3580
3662
3000
2802
3818
3298
2785
3073
4045
6925
3445
4726
3369
2703
2932
4105
5790
2549
7062
2355
3324
3157
3509
2478
4539
3847
3967
3523
2982
2873
3463
3333
2181
2987
3067
3840
3479
3257
3199
3754
19279
2746
3322
3677
2786
4049
4491
3137
3367
4331
3082
4147
3352
4110
3929
3829
2034
3675
2774
3681
2798
4341
3808
3400
3126
4963
3317
2527
3633
2525
3345
3656
4382
2811
4352
4295
2258
2742
4417
3163
2784
2940
2506
2693
3015
4209
3133
3689
3184
2579
2550
3265
1981
3493
4126
4175
2948
5259
3882
5360
2585
3222
3347
2931
3809
3265
2749
5947
3208
3985
3999
4129
4028
4412
3209
2672
4107
3515
2434
4587
4012
5311
3700
3252
4073
3761
6452
2344
3251
3561
3677
2125
3885
2476
4039
3773
2781
2680
2043
3212
3051
4429
2511
3736
3108
3057
3469
3184
1916
3107
3803
4276
927
3631
3535
2794
3444
2369
2686
4223
5308
4153
5750
3561
3306
3362
4258
3695
2594
3797
2832
3164
4851
2114
3933
3579
2495
4157
4052
3207
3078
1904
2732
2583
3755
2957
4288
1809
3214
2984
2703
3290
2306
2650
3146
4077
2875
2814
3964
3199
2726
2831
3335
4882
2981
3982
2673
6314
3349
3947
4039
4264
3572
2866
2757
3103
10351
2501
2927
3129
3453
4284
4376
3975
2922
4912
4332
3611
5395
3873
3219
5458
4035
3106
4119
2886
22363
4864
2605
3953
2375
3265
2628
4374
2846
3506
3191
2997
5616
3900
3948
2230
3758
2582
5378
2118
3968
6483
3476
2974
3131
4323
2518
3922
4638
3798
3886
3050
4716
3313
3802
3829
3107
3008
5695
4625
3615
2709
3373
3601
5021
3730
3518
3124
3317
3152
2500
2708
3381
3711
1548
5654
5906
3386
2280
3621
2984
2869
2878
18941
2320
3472
4657
3428
2580
2517
2600
2955
3410
3522
4240
3314
3537
5725
2390
2301
3858
3913
3159
4404
2684
3896
2874
4412
4164
3276
2716
2891
4343
2610
5065
4322
3911
3649
5218
4300
4177
2636
3247
2812
1758
2860
5649
1724
3420
4315
3392
4295
2955
6620
3129
3871
2651
2555
2915
3457
3482
2718
4624
3083
3282
3125
3046
7383
2670
3878
5862
3154
4626
4244
3668
3843
4461
3704
2044
3506
3296
2944
1547
3649
5308
4582
4670
3827
3862
3643
1164
3336
3934
3381
5160
3956
5219
2726
2858
2905
2823
3737
3154
2734
2778
3657
3473
3422
3671
5791
3107
3382
2982
3813
4138
2859
2885
3261
4021
3076
2655
4442
3155
3009
4260
3184
4048
2889
4280
2241
2945
2775
5056
4582
5410
3532
4060
3557
5810
3720
2714
2567
4099
3271
1863
2677
3582
1767
3401
4779
2716
2415
4418
4472
4112
3791
3797
3119
1402
2634
4493
4000
4323
3026
2008
4038
278854
3481
4541
4245
2785
2436
2890
3150
3231
3399
4168
4686
2833
3510
3256
5084
3847
2386
5029
3800
2914
3000
3689
2573
1327
3505
2541
3604
2085
3170
1981
2864
3997
4811
3013
4548
3531
1859
2944
3588
3039
5430
2526
5125
4322
2490
3199
2904
4655
4027
2104
2939
3712
4301
4194
3152
3160
3664
2878
3220
2193
1710
2936
3569
3795
4779
8159
3499
3639
4364
3754
3013
1419
4095
2729
2363
3270
3717
3789
3763
3404
4555
3207
3193
3068
3609
2788
3238
3034
3691
3808
3642
4236
4124
3516
2081
2939
2972
3576
2925
2901
5807
4395
4411
4005
2564
4003
3306
2913
3712
2571
3510
2919
9217
4181
3180
3542
4147
3488
3308
3623
3550
2806
4494
3364
4066
3270
2905
2852
3755
3553
4065
2641
3501
2549
4392
2669
3858
3052
1895
4186
2819
2972
2345
1801
2918
3229
2102
3156
3502
3049
4139
2795
3546
3672
2226
2273
3067
2571
4258
3089
4155
3296
2607
2930
4437
3885
4301
3655
3221
4631
3237
2927
2379
3826
2687
2428
3725
3692
3425
2914
3701
5463
2219
3092
3421
3552
2090
4131
2418
4146
2896
2965
3434
2617
3808
3305
4456
2375
1963
1286
3576
4177
4205
2490
2830
3393
2613
4209
4999
3264
3039
2944
3116
3119
5457
3406
3551
2554
4039
1822
2921
2395
3673
2116
4308
1584
4384
3195
3389
4977
4030
5441
3560
4403
3050
3387
2511
3407
1772
1787
2806
2687
2630
1851
2961
3125
4103
2920
4520
3288
2689
3326
5301
6612
4322
3109
3173
3482
2945
4778
3612
4528
3788
385644
3758
3093
4372
3530
2915
2935
4481
2078
2836
2398
2657
7734
3735
3088
3982
2795
2895
4791
2744
2806
2342
3369
5610
2909
4959
2581
2955
3396
3963
2301
1625
3315
4483
3508
19259
3120
3299
4232
3443
2796
3694
3591
3993
3461
3050
3611
3484
3249
3339
2644
2247
3163
13141
2947
2832
3474
3349
3427
3862
2936
4522
2539
3937
4795
3516
2381
2693
17865
2892
4607
1995
3279
3890
3399
4115
3555
3184
8583
3073
3126
3239
3849
4712
2934
3745
2430
3004
2723
3787
3329
2969
2670
2853
3617
3492
3114
3092
3423
4519
3772
3510
2777
3026
2303
4222
2406
4312
1548
3913
2671
2253
3288
1856
2995
3448
3132
2597
1643
2348
2253
2461
2831
3234
4006
2822
3210
3629
4680
3404
1971
3872
3521
2191
3626
3653
3173
4102
2986
4401
2760
1635
3666
2162
3249
3213
2835
3388
2401
3422
2903
2893
3913
18350
2145
1988
1771
4660
2915
3783
1600
2916
2483
3496
3076
3797
3434
2532
2463
4320
2823
3089
4005
3506
2896
3259
4488
4026
5568
2655
4242
3041
3945
3080
3325
3456
3637
3367
4560
3057
3996
3771
3852
4012
3543
3000
2045
1731
5239
3344
3744
3804
5158
3631
3213
2373
4329
2479
3051
4871
3466
2914
4736
3240
4426
2827
2968
3670
4317
1302
2986
3623
2946
2254
4151
3943
2840
2571
21498
4111
2671
3566
2140
5278
3336
4675
1637
3639
3063
2465
4293
2508
3139
3257
3376
4903
2843
2841
2898
3999
2822
3794
3105
2909
2792
1041
5928
3161
4426
3277
5468
3548
4350
3436
3213
5230
5067
12822
3786
4852
4687
4019
3452
3463
3060
2731
4026
5683
2888
5058
2687
3683
1941
2972
1441
2380
2558
4105
2297
5808
4556
3452
4564
3964
2805
1230
2608
2976
3244
1391
3355
4845
4019
3505
2211
2245
5175
3487
2063
2635
4990
1918
3763
2850
2243
3238
5706
6300
3826
2616
1911
4310
4278
4908
2056
2885
5029
4052
2736
2245
2947
3855
3028
3953
3986
4177
5193
1806
2708
1054
3093
3165
3350
4027
4071
4561
3053
3171
4326
2516
4262
3809
3451
3057
3633
3658
2666
3022
5245
2602
4891
1684
2503
1682
3608
1531
4366
3714
5455
20794
5301
3117
3958
3350
2019
3165
2816
2062
3045
3261
2518
1606
5538
3346
2294
30511
1536
3479
2760
4411
5077
2189
3324
4955
4212
4588
3956
2955
4402
3959
3031
3312
2156
3814
3945
2175
3134
5232
1722
2716
2243
3715
3119
3382
5061
3102
4693
2842
1252
2860
5409
2893
2524
1379
2802
3925
2390
5551
3912
2138
2707
2886
3215
4210
3078
1677
5035
1978
2351
2403
3388
3467
2130
6620
2949
2978
7562
3649
3719
4665
1713
3768
4116
4770
3408
3023
4475
1819
3786
5282
2139
2959
2207
2655
2814
3177
3166
2512
4156
2296
5013
3967
1596
3387
5593
3405
3427
1826
1176
2473
2702
5877
2097
3792
3421
6034
3445
3732
3447
3576
3441
2095
3115
2837
4564
3404
4459
2751
3603
5265
2703
5172
4391
3429
2970
2677
3555
1755
2421
3222
3136
22984
2660
2589
1641
3238
2849
3116
4868
2956
3504
2965
1904
4624
4157
4558
6535
3587
2500
3044
3215
2297
3462
1925
1879
1991
4967
4033
3907
2718
1876
3673
4493
3655
2657
2012
2002
2701
2335
2435
4905
2844
1988
3687
1994
2325
2956
2849
2548
2112
3065
2297
2671
4050
3263
3930
12339
4193
3083
3675
3187
2528
3678
5027
1317
2703
4686
3265
4874
3108
1583
2886
3747
3834
1203
3280
3585
3445
7140
3390
3677
3023
7574
3665
3803
3422
2898
14733
2984
1566
4479
3092
822
2752
1323
3759
2158
3023
3249
1041
3124
3106
3900
4018
6160
3142
55290
2917
3056
1471
3347
4331
2092
8830
1811
2210
2902
2281
4278
2175
3083
3059
3581
1873
2760
3362
3339
2824
1623
1372
5650
3373
2776
1569
2880
3406
3404
2748
3241
2340
3728
2888
2791
3242
2660
3081
2212
2039
3019
3069
3908
1518
4200
4385
4115
4187
2120
3759
1444
2258
3637
4633
3868
3070
3415
4790
2988
2132
1930
3154
2721
3529
2199
2644
4329
3866
2637
5523
2082
4352
4754
3371
4179
1879
1975
2593
5356
2752
2971
10310
3993
3227
4282
4009
3639
2450
3098
1244
2414
2990
5128
2833
2846
3150
4238
3064
5030
3088
2868
3903
2681
2522
2026
3953
3219
3808
4289
3151
2770
3289
3748
3802
2000
2759
5643
2185
2487
3520
2253
2891
1457
2735
5088
4755
2333
1791
5898
2602
3602
3290
2464
1377
4512
4119
2976
1848
4598
2461
2611
2868
4180
3116
3910
4499
3134
3812
2107
2033
3140
1299
2631
2040
4224
2854
2616
2994
4936
3468
2437
2783
2323
1842
3184
4160
3395
16339
2828
1622
1960
2452
2813
4954
4500
4733
2573
5639
3119
2552
1859
4425
3788
2674
1263
4357
104507
2788
3074
2582
2562
3195
3150
2496
2633
1678
3396
5579
3270
2650
2673
3003
1861
5565
3465
2726
3964
2887
3270
4694
2256
3619
3378
1957
5095
1764
2670
4947
1682
2902
5478
4474
4428
2695
3850
3320
4637
3647
5051
3284
4364
3612
2829
1817
3309
5515
2740
4100
1732
6948
3060
3101
3113
1947
2727
3309
3465
3651
5364
2712
5061
6803
2584
3855
2713
6978
3910
2984
2578
3864
3237
4003
2956
3061
4442
2267
3155
2313
1680
4243
1492
1518
3684
5012
3348
3499
3920
3908
4242
5578
1741
1637
3986
4022
1291
4114
3325
2106
1468
2707
4356
4534
4527
3300
2014
3664
3094
2699
3473
3014
3434
6392
4192
2293
4171
4157
2913
3332
2757
2405
4292
3750
6918
2345
3336
19782
2323
4083
3797
4345
3402
4018
2286
3607
4120
2748
2632
2567
2422
3337
3195
2261
3497
3110
3702
4437
4207
3236
4506
3485
3775
1883
3513
2512
2713
3152
59093
4682
3265
2847
3135
2814
2599
1747
2629
3150
3169
2092
2587
2764
3899
4048
3219
1865
3268
3333
4235
3092
2682
5045
4953
2123
3352
2781
2405
3288
1417
3778
2661
3695
2841
3218
3257
4328
3631
2001
6923
2802
4979
3907
3404
2321
2293
2888
2218
3803
3191
3332
2387
4099
2609
2143
2886
2726
2500
2914
2640
3198
4351
3345
3033
1612
2513
4123
2454
2803
2573
2332
3154
1988
3602
2637
3296
3294
2508
3216
3830
59168
3219
3383
2282
3040
1817
2056
3471
3586
3054
1430
3839
2410
2940
4663
2835
2340
2109
3644
2742
6797
4330
3503
2974
3585
3846
3192
4306
5255
2678
2815
1853
1862
4232
2058
3049
5242
2278
4101
3544
2039
2742
4160
5049
3598
3285
2588
3525
4724
3058
4774
3511
3354
1156
1957
4577
3776
6012
3599
1339
2253
3334
2746
1319
2201
2895
2598
3707
4769
1651
3402
3843
1219
3116
3490
3738
1979
5771
8000
4896
53953
2060
4130
3319
3534
2881
1534
3802
2566
3270
3147
3572
7775
2137
2898
1299
3082
2911
2188
2489
3312
2136
3298
3804
3164
2875
2310
2581
4873
2776
3848
1503
3380
3898
3639
6689
4857
6031
3671
4212
3329
5319
3882
2638
2779
3860
3955
3447
3127
3875
3512
3122
2551
3266
2742
2065
2529
3017
2439
2356
2829
3555
2617
2852
2228
1956
3647
5014
3368
4017
3685
2994
2938
2371
3132
2549
2686
1671
4114
4388
3042
3087
2818
2500
3801
2646
2783
3920
2646
4107
3491
2549
3453
5501
1729
3555
5254
2603
4735
2408
2974
4939
1800
2455
2396
4366
2307
3966
4414
2330
5088
1940
3412
3563
2022
1263
1879
4907
2135
4968
1878
2603
2789
3466
4284
3040
2543
4205
4569
3969
2919
3614
2723
3053
2680
2701
2840
1611
3210
2165
1512
3662
3276
2363
4131
4429
2496
2911
5181
3893
3832
2110
3798
3685
3478
4414
3631
3775
5161
2816
4492
2422
3409
1753
5252
3747
2596
3575
3680
2493
2320
2900
2091
4103
3084
2617
4972
3772
2982
4878
3401
2899
3209
3225
4173
4323
3059
2817
4042
3109
2975
4209
3138
3663
3944
2076
2429
2853
1806
3902
2670
2965
2816
2272
4590
3826
3099
2628
3844
3195
3213
1359
3876
3085
2256
3364
2312
3026
3317
3602
3653
5390
5190
1667
2248
3323
3302
3247
2383
4895
2788
3023
2384
3839
4647
2116
2442
2596
1997
2987
4563
2319
4141
1431
1754
2991
3671
4216
2671
2134
2910
2837
2394
3779
4555
2909
1807
3664
2562
2366
2230
1734
3646
3795
4263
3709
2919
7057
2978
4438
3231
2886
2660
2457
3794
17263
3540
6835
3834
2636
3730
3968
3790
2289
3902
5112
4053
5452
2976
5149
2938
2972
4406
4145
2814
3519
1935
3667
3570
4187
4607
2770
2032
1531
3129
2067
2905
2409
1966
3632
64164
2782
4317
1520
1918
2033
2657
1988
2356
2712
15245
2841
3065
3253
3444
2766
4622
2888
4465
2617
3586
4171
3066
1808
2791
4282
2268
2842
2104
2624
2769
2639
2546
3283
5313
1905
1820
3340
3328
2094
2994
2874
3991
4155
3624
2726
2710
3750
2939
3075
3233
3155
2725
2516
3096
7415
2890
3101
3888
2428
3578
3560
3139
4639
4466
3252
3115
3099
2911
3257
2239
5049
2450
3258
3632
2119
2109
3113
2203
3060
2057
2917
952
2418
3379
3355
2477
2688
2818
3409
3134
2723
2971
3454
1886
2998
3635
1682
2738
3041
2543
2364
2811
2414
4652
2735
2134
2503
2987
2210
3073
3119
2302
2369
3411
2360
3556
3451
3216
2456
3282
1982
4504
4344
4144
3775
2569
2584
4830
1778
1366
4031
2312
2928
4137
2701
2866
2856
2949
4583
4505
3866
1253
3572
2067
2973
3392
2883
2543
5556
3096
4319
3314
1827
2995
3509
2942
3642
2964
1759
3941
2866
2297
1525
1285
1874
2414
2788
4815
4622
2878
2055
2662
2148
1721
1318
2790
3375
3702
4383
5085
3317
2875
1623
2511
2355
2585
4877
2421
4007
2595
2632
2799
3619
2071
3656
2360
3557
4985
1896
3486
3277
3288
2749
3254
3136
2968
4923
3840
2723
3984
3305
2183
2274
3552
3462
2748
3852
3403
3142
2952
3532
3264
3591
3036
2785
3785
2689
5996
4074
2956
4052
2812
2345
5866
2503
2933
2627
3521
4112
4090
3372
3963
2911
3285
3247
2757
2495
5641
2615
3632
6081
3359
3329
3245
2866
3102
3103
2750
3177
3158
4011
3407
4855
5140
3424
3173
3898
3039
3117
3978
2758
1998
2873
4270
4090
3723
3457
2941
7339
2230
3591
3323
3315
4700
4913
3209
3928
3127
2624
3393
3605
3841
4756
3212
5670
2912
4443
4176
2765
4593
4015
3081
2523
2943
3415
3236
3964
2005
3023
2733
1960
3081
20196
2509
2799
3124
4519
3785
2126
3034
2480
3065
3521
2356
2584
3447
3299
2338
2875
2963
4270
3304
3516
4057
7338
3150
3198
3123
1808
3797
3112
3426
3249
2242
2678
3193
3167
2024
2220
3316
20447
3990
2220
5203
2958
2728
7331
3337
2775
2827
3038
3079
3661
2497
2850
3904
3299
3065
4358
2236
3581
3655
3073
1832
3381
2181
20103
2788
2819
3879
2216
2955
4251
2319
1952
3520
2968
2687
2150
2304
2796
3914
3755
4096
2402
2257
4413
4146
2712
3145
3691
3669
4552
19133
1952
2574
2762
9047
2882
3650
5265
3714
4568
5798
2973
3402
3563
3686
2785
4045
2999
3672
2425
3091
4336
3387
4672
2153
2529
3606
5145
6076
3258
3263
4719
8270
3350
2062
2491
740
3575
3774
2337
3032
2507
3174
3096
4864
3965
3546
2628
4005
4279
4983
5196
2660
2508
2250
2963
2763
3526
19659
4330
2427
2926
2812
2280
2574
4658
3764
3479
2226
2591
2462
3017
3265
4396
2422
3053
2344
3563
5446
3934
2965
1808
3023
2206
4655
2088
2860
3743
3432
3010
4207
3752
3711
2656
2678
3647
5266
3087
3209
2509
2699
2612
3035
2597
3078
3616
4771
4167
2595
4782
2106
2748
3814
3041
2417
2009
4637
3794
3575
2263
3366
1967
2159
5597
3465
2156
4267
4248
2983
4082
2899
2664
2372
2895
2357
5442
4193
4067
5166
2491
4108
2934
2618
2945
2719
3725
3587
2818
2552
2397
4424
2715
3421
4049
3856
3157
3532
5643
3035
3181
3479
2789
3734
3771
3325
2437
2400
2678
2455
3894
3588
3170
2498
2461
2773
3626
3952
2705
3421
3605
4169
2910
2773
4451
3397
2510
2528
3569
3812
2620
2413
2402
3374
3499
2540
2740
3899
4052
3725
3841
6081
3079
2368
2759
3163
3077
3927
3056
3512
2702
3730
3847
4089
2745
2541
958
3372
2588
3219
2427
3048
3208
4115
3715
3527
2808
2615
3354
3257
2838
3627
4126
17949
2219
3157
2893
3155
2935
4251
1483
2998
2815
2917
3843
4956
3421
2949
2459
2979
2857
2198
2443
2013
3564
5376
18275
3182
3195
3834
3793
2768
3583
2964
3724
2870
4348
3404
4142
3264
3038
2853
4085
3205
2898
2422
3092
2244
3544
2587
2962
3137
2837
4113
4714
2953
2930
3330
2675
1355
3518
2866
3069
2774
2072
4185
2497
3526
2888
2182
3576
2587
2234
2977
3708
3041
2819
2761
3300
2631
2298
2637
3236
2686
2882
2370
3640
2299
4116
2387
2414
3597
2990
2429
3874
3414
6113
5601
1570
2688
3557
2438
2332
4865
3676
2749
2966
3406
3064
4574
3454
2843
3332
3318
3447
4456
2918
3920
3777
1817
2968
2443
2598
3701
2472
3757
4284
3268
2332
4014
3477
3320
5235
2574
2464
3220
3031
4099
3606
3830
4092
3490
3718
5038
4009
4360
3739
4539
3751
4496
4889
2157
3833
4153
2723
4359
5426
3833
4126
4610
2696
4028
2946
5237
4133
3727
5523
2769
3587
4486
4209
3204
4225
2565
3374
3343
3950
3351
3893
3357
3050
1424
2137
4464
3369
4449
2285
2126
4026
3286
3951
5224
3335
2665
3510
2870
2113
4761
2504
2646
3761
3433
2696
3495
4130
3146
3923
3528
2480
2684
2695
4244
2628
3685
4960
3508
2913
3684
3093
3268
3165
2583
3630
3864
6640
4704
2731
3297
3459
2930
3468
3124
4691
2197
4105
3129
4397
3607
5140
6339
3664
2845
2345
4781
3642
4931
3226
2969
3434
3718
4974
3765
3093
2972
3668
2424
6351
3269
4970
2797
6189
4224
5337
3875
3048
4127
2529
3188
3205
2758
2194
2052
3002
4027
5144
3590
3157
4590
3331
3270
2742
1991
2604
3796
3000
3236
4007
2077
4394
4506
2993
3062
4118
5157
2442
2917
3034
3234
2736
4001
2218
2552
2171
2988
2766
2993
6080
2768
2519
2779
3517
3893
6236
3771
2980
3752
4394
8474
3775
5032
