1073
1020
1111
1105
694
1026
952
986
997
1626
5864
1042
906
1154
966
1008
1981
1513
556
921
1052
875
1062
1159
760
1093
1072
606
1473
941
915
563
2274
1098
1183
1061
861
1055
1074
1157
910
6197
2643
1320
1064
1516
971
1476
775
1204
1185
1257
948
657
1054
916
637
2460
910
5768
1218
1016
1027
980
4646
910
1096
2853
3541
6449
480
880
863
966
607
789
2313
2205
1910
2433
827
2584
4944
968
4074
551
2597
1799
1269
4960
1007
4423
649
2239
1137
718
4856
2578
535
871
694
1310
1186
481
1203
6460
933
1137
5331
744
994
919
3443
849
788
2700
5086
550
963
5088
1029
4375
1120
2455
1111
2798
2745
1155
2213
5017
1015
7281
898
6236
5395
931
1009
1707
3975
1139
494
4696
3344
2833
1352
800
4369
859
742
7276
927
746
883
1115
2849
1295
2700
931
877
2962
912
1108
1050
1524
1222
647
907
5654
708
1123
5356
1892
3347
942
1972
2218
3367
1025
908
2706
1243
922
1196
1044
1274
5248
2045
1038
899
806
985
2937
1127
524
1147
1239
1430
2425
945
4479
1416
3395
3516
2459
698
780
6980
1622
611
1231
672
4400
686
793
556
654
1213
1372
889
1279
2607
623
756
9372
3769
1203
4660
4697
608
1707
2948
2209
1086
896
915
4255
1643
771
562
1327
991
977
2791
4689
1318
3979
5082
3087
2829
962
1724
948
477
5290
1001
2270
1386
848
957
1277
856
2003
851
984
857
1270
750
3511
1114
4693
1610
795
2948
841
1097
2226
750
882
6248
1138
898
5651
14728
3682
615
886
8861
907
942
616
958
1065
3491
4885
871
1460
2250
1539
5154
968
868
477
1558
1263
2653
4631
954
811
2504
1159
3735
868
812
869
1844
1261
3770
3373
2904
954
925
1181
915
958
1271
4251
1105
5648
1034
935
1329
4267
2235
2230
1028
979
659
3541
878
644
894
849
1122
3732
895
1018
938
1214
1215
786
1026
1096
584
1040
1109
960
928
929
803
1570
961
1276
1001
1266
675
2554
930
3741
5834
810
936
1093
1150
1043
696
2348
4542
646
931
3166
4397
945
680
863
2476
1056
4402
528
967
703
3625
4357
1074
797
4361
4146
875
1126
991
896
1982
4864
2628
498
2120
3354
878
2758
2756
1323
1114
753
1148
978
1071
6150
5228
1534
3247
952
3228
937
1701
1072
544
2754
1324
925
1047
991
6609
624
2779
2419
848
808
8349
2503
1267
3532
998
997
1001
2666
917
1037
533
2271
1092
1079
2322
1729
4805
893
773
697
3955
4794
486
3671
1134
4189
477
4587
620
791
3861
3365
2721
6762
3155
4416
2200
4424
4902
2782
2635
7068
5007
2313
2303
725
997
4697
4314
53457046
2655
45716909
6896784
1010
1201
602
1043
4968
6123
4057
3536
3620
6212
4263
4866
3087
4541
4084
6187
3232
8407
48578902
6800
4703
543
1324
4821
3339
3550
4996
5666
1159
4257
4465
2329
5998
2396
5010
4381
5273
3998
49184563
4929
4268
10294
4950
3716
5260
3795
23025
3461
8129
2614172
3711
2609
4671
5220
4990
4492
4695
5373
4447
40858625
5220
41568646
4504
3252
5021
7588
5800
40320752
4503
2665
4694
2541
3669
3070
35949082
7554
3252
4197
5340
4082
4523
3416
2462
5227
4390
6110
7036
3979
3810
4402
540
4850
5805
2812
448
3926
4667
1385
4170
39679927
4450
881
6399
3718
3676
5801
863
3124
3038
965
2026
761
2698
2282
1019
845
2674
883
3056
2329
716
2840
952
675
918
3690
529
3179
735
2434
3939
2697
3013
800
783
6082
2699
1899
2093
2244
1284
2766
2795
1627
1313
8673
935
2720
1013
834
2186
5166
3238
762
875
3448
2092
1554
835
6005
985
796
2892
826
1484
3653
1212
2252
5032
20757
959
735
1444
804
2791
2485
5032
1939
964
2679
3589
2432
3801
598
929
2788
1172
3907
1083
1268
733
2913
1920
528
920
521
669
5275
1015
2252
816
1711
1904
1555
4375
544
1463
1020
4116
687
2411
539
555
1036
583
1767
1808
537
2370
2603
504
2236
2632
18509
3959
5611
2673
1437
3522
5305
4830
2059
2749
5014
4688
5403
4495
1258
3739367
4091
4302
4371
4661
45063840
4141
1042
3403
20432
5198
3984
6357
4739
66858264
47131244
5423
5295
3295
6071
7325
5028
6267512
4313
2515
3753
3853
1021
7299
4747
47705003
3944
5222
3339
4039
3402167
4812380
40765
529
4952
2583
5470
54972882
3874551
3529
3740126
4676
4181
4010
4614
3141
4584
4217
4467
5631
40688899
5840
5479
4348
3955
4062
3973931
4192
4825
4393
3936
5070
2996
3945
5172
45803232
6506
4630
3672
3382
6530
3373
3811
6033
4084
1079
21217
5942873
3456
5048
3506
45249920
5448
4317
4559
4588
4145
1469
3500
3989
20545
44706386
6787
3949
4903
5311
5665
5221
8224
6607
4874
5171
51153375
5368
5319
3700
4788
2637
4514
1935
4526
4400
4639
2779
6816
4481
3711298
873
822
3971
3271
6395
1127
2910
6093
980
3812662
5642185
3961
3294
4307
5105
1745
3840
4270
4470
4872
6460
4246
5196
2507
4972
3177
4464
5230
4859
746
5924
5189
4661
3257
4416
3708
4982
5795
5130
4730
5893
5022
6542
3387
7865
3900
3760
5076
20640
47656464
4886
4269
4978
4646
5165
4449
2302
841
42265733
4998
5151
3578
2198
3500
3900
45836538
5705
4574
12822
4801
4560
4703
5934
946
7934
5066
3971
3479
6297
4490
5043
5043
4285
43872541
4035
4542
48615963
5061
4919
4343
3056402
3639
5253
4663
1957
5269
2394
3300
3150
5239
1290
2406
2669
3083
788
959
865
2668
2084
4381
923
967
2386
2218
654
2789
1023
4072
2635
2260
3209
2814
3534
2485
2273
902
987
3784
5256
4429
3130
1105
2079
2094
2566
4788
893
2355
948
4374
914
1920
1334
1043
1491
1633
465
3183
1944
908
819
2091
1043
2807
1856
508
9461
4340
2203
3271
6156
832
4607
1525
1959
2382
773
569
2505
1348
877
878
955
2138
2525
1573
4006
519
2351
2502
890
2746
1945
2505
3725
1911
758
4995
1256
1127
486
1256
2159
690
2295
1740
2327
2138
728
2114
2385
2684
1956
1010
2118
5840
2327
4178
807
1865
459
1486
2215
2243
2491
3962
5128
2041
731
1057
753
707
5207
2169
3568
1011
606
3030
4639
525
889
808
2084
3047
743
4817
3972
3193
1835
2207
931
2934
551
2527
2113
2189
2698
1000
2132
2698
2757
1082
1159
1729
774
2917
772
794
2586
4367
934
835
1962
5595
715
2059
1907
933
477
4594
1088
957
2092
2036
786
2904
3699
803
2702
1726
2605
978
1770
989
1026
4337
1085
1363
1947
1113
2365
1740
1108
1841
1694
984
875
944
2391
726
926
789
1789
715
2535
1278
6032
541
958
832
2286
786
1196
3090
3620
1266
1991
732
1755
1732
979
777
5286
3825
2451
2461
3831
3331
2483
6828
1096
1986
2514
1595
2423
730
2637
2318
497
973
1693
2459
2459
2689
2019
790
1047
5039
1406
2388
929
1542
2142
1894
2445
1151
2502
2447
1009
4632
762
1800
1880
948
890
2681
936
933
2178
2563
914
831
2312
1644
2241
882
917
902
468
1459
1153
1630
2610
4134
1894
2092
4068
6793
1160
869
1026
1791
511
1860
4185
1078
5242
5182
4232
6994
918
3794
927
2479
2357
1939
2639
3895
875
2605
788
1062
1038
782
480
4595
3502
5148
897
2414
3644
3880
3222
1980
1905
770
646
2452
970
2541
4127
1711
2704
3605
903
462
821
2316
2721
753
5634
1956
1857
2172
2339
2418
1732
2277
931
886
779
840
4344
1751
912
3238
4254
2886
864
821
942
845
1786
2416
1148
476
1419
845
959
2843
2757
2203
4428
2268
798
6165
912
976
1803
621
982
1998
2597
3282
2367
4962
2754
723
2766
974
729
2687
2362
1036
15493
2219
725
3404
1747
1869
2067
973
1872
1995
4022
1081
981
2929
2401
726
5593
976
694
2792
879
1148
2860
2357
2412
2416
4948
1794
2204
7515
585
43583132
4023
1855065
5563
38904285
3902
20555
4279
3501
4232
5624
5353
7787
6981
6020
4415
41651780
3453998
3821224
4136
5454
8383
5388
3914
1729397
4899
3007
7307
3261
1825552
509
4778
6483
42123315
4542
993
3031464
40570896
2595397
3876
3803
3975
5706
42255282
3425
3263
2429
4875
61091522
6109
2214
3742
1730485
4340
4230
4532
3404
3714
4488
4607
2128
3715
1000
3337
1137
4764
4304
5530
3146421
47262714
5682
4626
4331
4050
42339021
1808691
2825115
2484582
9985
3909
5677
2025642
937
41399832
3987
2441
3943
3015
562
49947749
1011
3328
1207
6971
976
43776937
4668
2987314
2866694
2231287
5877
3081784
4201
5407
5883
3871
5397
4409
3138
5794
3449
1972
4998
4256
4631
5017
4760
3355
4709
4156
4787
5938
2436
3641
39030502
6143
22557
2147
2159
4012
6875
2482283
3776
4556
3633
1727074
1060
5018
5513
1755910
19305
3259629
3672
4191
918
875
2782
3347635
4980
4555
5354
41134736
4133
3807
2306640
3847
5635
46676210
4798
567
5577
3659
2574
2040128
485
479
35258
3193404
5611
4711
4801
3147
2339
3937
4375
1879704
4376
4880
4733
2303800
4545
41749112
3234
6104
3686
5205
4632
6003
4928
4257
5492
3856
3986
4649
46929825
4907
3044
5089
3941
5108
4694
3094
5623
4864
907
2985
5634
4354
6889
4481
5304
4564
3963
5631
6478
3837
6753
3561
3305649
5597
5391
1978879
8305
5334
4646
45595809
5114
3958
7478
2074349
17304
3084601
3691
3868
41201560
7766
41580748
3369584
43059647
3648
5090
1022
1032
1069
917
2209593
6871
24748
4236
4568
41664794
6343
5904
3825
3271
12789
5505
8313
7047
3346
4480
4864
1333
2774550
3981
4530
6229
4077
3738401
3771370
2508531
5265
2919824
5546
4293
40885297
18762
2632596
3713365
2538
4820
4290
3745
4261
25819
17093
38637847
2470231
1916010
39405226
3340
4001
2175119
3715988
5229
4131
42717005
2335795
3142204
4418
5608
5870
1918437
1724
4353
3912
2416
12199
16007
3533
15246
3996
22510
18396
37441532
4564
3810
14001
37681223
6747
4508
11578
35954
14037
48247565
4420
39024193
27421
2607
4034
5593
2238
5019
872
3846
5526
2344573
4341
20923
5242
22064
3696
20766
4292
3998
1064
5346
43402
26251
4941
4753
31895
15827
14239
20618
21665
2826
23421
19590
2578215
3832
6376
3332925
3128771
2220814
4907
8647
3707866
2170661
2866046
2929975
48488767
3409146
5721
4837
3349166
2823033
3973499
4313123
4186535
3326096
3225347
3028390
5095324
5135
3358387
4124153
5154
3057825
3826982
1259
4300600
4809567
4018
4880
5679
4671346
2861133
44616779
43452834
4859
43923549
3795
5451
4827
5130
3600
19802
5252
3045453
42041869
5065
4294
3483
1407
4426
2419869
2125
3513406
4474
4500
4145
2976396
2977
3018496
3061142
4737
40836483
46542513
3734
5989
5274
2687
3586311
5548
6713
2546388
5426
1705787
4138
44452458
4823
4127
3733
23414
1735739
4441
1076
6747
40559797
17153
39983905
19762
5791
4762
4827
2911
37169326
3777
4392
6829
5962
5847
4364
471
4264
4970
36889373
5923
14419
44756668
15390
3045148
4434
39199107
22179
3529403
2401089
929
2126726
3974
2693959
2939306
2810815
2979275
35675167
2811781
43098368
2732520
4186
1062
4006
2916664
2940
5610
4027
3247086
2903182
3755154
2733820
4195
20934
3744607
4875633
2707795
3087232
4293904
4183730
3919542
3438521
2221305
904
3241755
8707621
4831893
4706987
3599
3378213
3096420
5061540
43326902
3654
985
4927
6144
4898
452
4126
1984
3730839
3502537
4570487
2457691
4520958
3289373
4611042
3848563
27804
4007460
3338572
37536684
2490570
5638
4113
4723
26380
21183
5163115
3157236
3015346
2520905
2360117
2243112
3797
1928357
852
2709873
2606954
1912102
22650
14420
18128
22157
21824
2939
38790622
16061
22432
21820
16878
23868
24560
18941
17702
4475
20887
18838
15357
16335
19550
14911
16408
13973
17749
18469
15959
34794
18296
18719
5295
37578048
14128
36438739
13521
19416
14725
14729
20324
18618
13144
19461
4171
20841
17714
17114
14478
4635
16719
20569
7370
55683
520
4783
3564
21254
23814
20234
4048
17836
22239
2800867
857
2251418
3662
4346
2679
17362
1570462
3510
3770
21673
4207
2828052
2057085
3026809
23576
2424498
1586609
2523106
5431
36625374
18951
17110
819
2665813
5018
39598344
2292990
2269728
549
3091
13466
2772629
3896271
4638
3060648
2922041
2758759
3425681
3770
2424536
3331189
3586774
6065
2746449
3077665
3112079
3551319
5776107
3029062
4627
2580123
2473656
3612
2167826
1850149
1958043
5040286
3920405
2482383
2888315
1625076
2157409
2891146
4551
5647
2706608
2399810
4558
4706
4681
5636
4850
5009
4786
3922
15473
4706
4182
3950
18858
22940
5944
27451
14252
4724
37074110
3506
3497
11491
3948
4895
16272
3994
17436
3949
18575
16712
4929
23617
628
38343936
3836
3691
3106
7123
2756
149366
13474
13525
4421
16981
6535
15005
12113
6252
26999
17727
36265
4827
4364
11303
4030
3806
3367
1405
943
4467
4391
4106
4854
4461
37644585
4397
2888977
4670
2946
13483
3552
21029
3490
4433
15148
20387
13023
6140
9015
6034
514
16965
3372
3796
21328
6530
26749
4254
2799
3417
17493
3538
19318
6204
4311
4180
39482380
3316
674
17275
19433
18644
4772
4885
4399
5057
5252
13882
4087
3069
14433
5667
3892
21501
2134025
5314
800
4413
4309
2804
1586
850
2523
1713
758
2418
2093
976
597
5080
768
4290
5686
6590
4612
1724265
2512643
2039461
3530
3711
4621
4741
4129
6040
2988
4144
5321
1802929
2304257
3115635
2931995
5382
4678
4439
5257
1814084
49547390
4137
5526
6851
4544
5225
2786316
1961413
1952
8587
5125
2136445
3922
3789
2501621
2440202
4340
2212350
3266
5156
13624
4749
36121829
5393
38873831
2309057
2660863
4508509
2487044
2689168
5338
4447
3488
5154
2896
2308
4561
39948982
5027860
4286
4294
3851
17446
4523
5533
5030
4605
2010926
4075
4150
4422
2325
22206
16628
20502
19303
14632
26809
18424
6215
18984
4604
21571
11975
19230
796
43778132
6660
2578153
2350096
43527244
1665279
6235
1632055
581
4156
2814051
2202689
1953816
4976
3187812
5625
2017654
2103686
2422014
2348943
2317196
1824532
24510
2865593
2213602
1532136
18754
2133752
1826684
2129023
2352919
1798312
2010195
4053
24589
5103
4989
33367
25322
14006
36621933
17612
22338
5882
26661
2285066
14934
24205
19825
4587
13140
17575
2306124
4856
3329
2857586
2979
2399167
2109483
3994
3091
4735
4137
42378048
3803
22916
2650234
3791
14298
22132
3657
2538894
2752218
2219312
42383154
4308
3108
3060
4055
2046180
4613
3952
1584000
2452441
2057800
4323
3049334
2594725
2313764
4187
4271
2385
3686
6893
20920
4297
3974
4635
44687322
4203
2940185
3582
4597
2755035
5886
3661
3023258
2635
2879091
4801
4676
2862297
2372648
3528
5494
2665
4030
5122
5751
19717
3749
3314
44596934
4713
43119581
4603
4187
4466
5638358
4909
3559917
4230
5698
3964
3783
6068
5535
5976
23540
7805
4260
6929
13681
4564
4277
3881
4592
5166
4947
5177
5979
18212
3990
4327
4626
2950
41978316
3853
5448
3885
4191
4504
3862
4602
6085
4991
3958
3643
3278
5032
5544
3677
4884
3944
3468
4820
3811
4180
19492
4177
3358
3779
5811
2201
5508
15867
4597
3662
4671
3762
4084
4799
456
4318
529
5932
2644
3130
2154
2704
1160
2199
1397
1212
2507
2922
1917
3512
1298
8201
2805
4376
3882
2274
4563
3338
6156
4540
16634
5116
4351
871
988
859
1978
2032
520
2416
2485
760
771
2401
2636
2241
2282
1920
1618
2826
3136
2410
6238
1584
893
1047
2613
784
1963
2385
2091
463
5005
1209
1814
945
877
3970
2557
4075
1002
1194
1872
6965
3600
6001
663
3155
917
2648
566
2116
1044
5836
2524
975
3143
889
4573
2706
632
2839
450
2597
833
4737
850
4940
4181
7320
37773081
4983
38151419
6358
4105
4857
51897302
26357
1905
4785
4579
6205
3955
5802
3452
6495
4104
4735
2314
3611
5684
17452
4897
3271
2142
3985
3622
5490
4999
1868
39731529
4738
3500
4892
3947
3916
5507
1938
4758
3196
6060
1185
835
883
2190
849
971
836
782
2076
1148
446
762
1055
3267
852
3483
2323
2200
1062
889
862
5639
7758
1380
4201
35084
1586
3161
3607
1043
568
816
1757
3087
740
727
4137
6295
824
2781
3376
924
4872
1176
2576
2762
2791
823
1373
456
593
827
824
979
501
4284
9245
745
754
2074
942
1188
1590
1170
1225
971
3004
1372
855
3665
590
8603
4413
7166
2836
4651
4153
4499
6495
22314
4604
4974
2578
5793
4624
37308
4465
4828
5213
5076
4995
4270
1159
706
709
1020
2733
1023
2412
1527
3014
4489
626
889
821
754
3078
3445
684
2342
783
2652
2275
3584
2562
2663
563
2253
1763
563
1092
2779
858
896
3401
1427
968
2361
824
931
666
1994
835
827
691
812
2477
4381
2917
2571
3813
549
735
3974
6717
4520
5760
2078
1011
3781
1044
2889
495
677
2468
618
5478
985
2381
3245
928
714
2445
3779
901
2212
1898
865
743
2664
2566
2426
2840
1800
508
2477
4530
6547
6328
981
452
5030
1970
4275
710
800
1968
3065
2417
3967
7337
4863
4066
4381
6007
4712
5174
6291
5048
4418
4465
6736
4389
3682
6132
8636
5143
4125
3743
3366
523
4808
2404
7173
5533
5284
5960
39695814
5100
5960
3979
3923
3591
4178
4341
5179
5877
3182
4201
4012
5380
3590
8565
5960
4514
3073
4499
5424
40421460
3243
3376
3716
2630
3877
4501
6659
5377
4518
3015
2787
5542
39370927
6543
5790
4038
4300
1533
4867
2899
2923
5012
5584
803
5806
5096
773
2286
598
4629
5619
4585
4397
2013
8461
3968
4363
13970
2044
6802
4383
5830
1362
2253
2733
2363
950
3427
5670
971
2548
806
8193
3392
992
1288
613
986
787
4774
2566
1184
1482
2482
3590
901
1003
1653
2500
1070
767
4183
856
1846
2593
2779
5152
3018
2629
5155
2199
1885
1197
865
3368
857
2374
2839
597
3918
610
3219
863
584
3496
803
4009
3894
1419
2205
2305
2363
725
3987
3515
1411
2060
780
486
1406
2620
872
876
2316
1753
2923
787
2090
4192
1087
856
812
906
1187
2624
3088
3493
745
5838
3553
4551
1165
1624
789
854
3302
465
2040
2688
2611
1847
1031
919
6054
6119
495
869
980
515
4893
889
5975
1459
1357
1002
738
517
1146
3629
4061
969
6552
7059
2054
3372
5742
3986
519
3618
2966
2453
945
2513
573
1026
4385
614
1067
2033
1659
2885
783
581
881
5531
744
1595
2684
4407
1609
2984
2576
871
1084
972
2650
5149
2449
911
4284
2759
523
1345
893
1458
2010
6005
831
3741
920
2418
6046
785
3263
868
938
1103
581
3023
907
453
3600
2978
777
505
1267
4154
7267
1018
3042
1279
1898
3051
1023
1653
3152
1439
1489
46722082
4439
4532
747
5777
2695
3475
6700
5122
4868
3711
3544
733
3380
3713
5205
29027
3871
851
4689
4807
825
10177
5163
3254266
4638
954
653
902
3472
5258
3634
5489
3912
4590
4408
483
5931
2238
4402
4864
5058
4008
44383762
3485
909
6713
616
3144
1196
830
6123
1144
1573
1223
1172
887
5449
2665
894
1031
785
528
740
3137
5318
1136
756
5029
1075
4586
583
3088
658
843
6301
852
1116
1984
1233
1772
1389
5091
3032
2170
2954
1004
6422
851
976
852
3308
2299
802
870
947
1127
5071
1267
3855
1261
3871
3001
3668
1137
911
1131
1276
898
602
614
3569
1031
680
1619
1494
1056
945
4827
957
1848
885
595
2349
1078
746
3828
983
1092
2363
3310
819
1126
832
866
798
1100
1025
872
3048
500
1144
817
3673
671
840
5941
1057
811
1031
5201
528
5200
998
1258
1149
1380
875
740
776
1582
905
1166
908
800
1021
4471
979
1208
912
860
5252
1059
988
1524
1348
2053
1364
4575
908
817
1008
3152
1294
696
5396
1228
1217
846
995
995
1039
831
688
3374
2014
1347
3710
848
1028
728
3080
855
938
1286
1355
1277
923
1080
545
1157
4876
766
874
2976
996
946
3412
998
808
3022
584
7252
1065
535
1047
3552
3745
1940
714
1137
1296
987
4617
1153
996
6473
954
1597
912
5186
917
928
731
2297
1068
3613
1457
813
1068
3664
1097
926
1347
3240
855
1113
933
1387
2593
4866
2001
3212
1094
2342
1383
1046
1480
4800
1312
1014
1677
795
945
916
1028
2279
1028
3852
1310
1031
837
968
1177
1058
5368
910
4862
650
896
636
1167
2050
909
1372
939
3364
590
4497
3113
1608
3645
973
1162
2778
956
673
1246
4112
4239
764
1490
2662
1407
910
1356
649
1399
3096
3389
27683
1028
4170
534
4021
1065
917
1269
1596
1095
1150
1069
4327
1140
6704
871
4481
899
2355
50373727
1526
941
901
4706
18890
1303
51909693
4482
48692
4704
5456
1746
1410
1700
49505956
9180
3553
3745
2298
2224
52615502
4473
1281
834
58709557
1118
4159
1539
981
1044
6178
935
4222
817
6228
4816
70140847
1244
3859
656
840
912
1254
662
915
1273
5361
2504
7216532
54493957
980
1005
1007
887
1934
769
1334
510
6166
1014
6433577
2396
615
4057
797
3531
5871
2912
1253
60024489
1200
1113
5452
4539
1806
1107
5474
1092
5908756
5650
10629
4044
7323760
1764
915
819
1249
1031
1831
1107
6328
2605
4573
588
1269
4018
7801903
3113
1335
1104
4071
2229
1277
929
11625
1123
1078
907
3567
6409
7342217
4274
5781
55330606
2261
5852
48769510
989
523
1286
72522987
656
1071
5829
646
593
3854
1244
1302
3599
1152
1055
1158
1053
915
2383
5044
5438
885
5839019
2029
4987
4153
938
1245
682
779
737
971
4832
5426449
52539851
3956
868
851
4357
1496
1342
1037
4795
2122
4744
57603903
604
2737
3038
2313
468
5144082
5171
1557
1064
786
6386049
2566
1218
4785
4906
5357
2636
6621
950
909
847
10145
1121
786
50963560
1090
1046
6413
898
5192
1200
51139716
6193
2198
958
2472
51444183
5460
47595033
4680
1021
7074
893
2159
4598
8982
2209
5399
2366
7458797
3053
839
1927
76418921
5201
4488
2212
3572
6877
7671
9734363
932
49394929
1099
4757
1036
5572726
7121
6515
1327
3592
1009
1149
907
2730
921
1744
975
970
79363922
52563612
2835
1625
935
5286
3702
49881678
7394
5134
825
929
1095
4159
859
9573
49998905
2759
5075
2554
819
4705
6111
584
1250
1127
792
2929
3365
3894
1150
1189
1083
4766772
922
2394
1281
1801
3895
889
4455
674
48912928
4605
3750
730
5757
4105
764
946
4794
530
4892
3014
7749
932
646
4519
5118
1106
3894
1006
6089
923
909
1035
4799
997
4985
894
5512
1351
4093
860
45863308
6016
4764
48041213
2100
49650291
1220
862
57479192
2130
59031003
2144
54165000
60762728
662
56729588
5273
722
1128
16491
1446
2225
1925
598
4234
1526
613
885
955
46843
4112
2736
6639
825
1203
738
2316
882
6399
3877
2025
998
3852
981
3553
1105
1460
904
1626
2841
3791
1223
4612
1823
2956
4108
903
1359
987
1375
977
3820
1068
942
1673
3509
1619
3808
3189
4605
2663
937
969
1735
3017
1599
1798
909
2600
1011
2962
1273
2392
861
786
8012
3257
934
871
577
2113
1996
1306
2567
1110
2529
1680
1048
4910
3602
1249
518
1045
563
5043
978
1013
52900901
1265
1261
783
3355
1117
641
5343
955
633
5828
1124
1003
1136
1378
1165
4530
753
1031
846
1200
891
3695
1318
982
880
1276
1044
1420
962
1036
1128
2569
5668
892
966
5981
1034
1021
1195
3685
457
678
1680
968
2801
1210
1052
933
1271
1131
3213
861
1698
1009
896
6549
998
1133
1094
900
3699
856
969
1208
1104
788
1042
868
653
1756
942
1360
805
872
1381
869
568
2536
542
864
1053
1035
596
909
891
1462
2404
2585
518
1089
849
790
1329
711
768
1146
1116
857
1773
1014
808
712
3541
885
990
3769
541
988
1176
4589
993
3934
755
2440
1010
845
751
787
961
855
972
2296
1133
863
1184
2580
1171
1475
953
729
1029
18716
852
996
5646
575
3082
898
600
511
3480
649
995
919
2696
533
509
2942
27111
942
1251
747
1331
1026
1107
3183
5343
594
5658
947
1061
863
1099
50796694
1140
4485
4267
3473
2270
536
706
747
4238
1103
3483100
3614854
4152
939
44941465
3251
511
49484992
1288
6798
557
5561
1088
4439
1099
951
857
603
983
1010
1029
1073
1204
955
832
1007
823
1014
960
797
852
1223
3913
809
1156
791
914
801
948
578
1229
967
1044
929
666
3420
885
1084
1079
991
902
5656
1219
949
942
6522
865
3216
1032
2342
976
841
1119
882
836
4222
646
3981
635
4465
902
1055
11199
3417444
4626
954
5903
3861542
1640
5251
3549
45739143
5003
3853
877
53263424
3884
2274
4468
1463
2304
1214
889
1000
1009
4543
3588
2622
851
906
3414
1996
863
1256
954
1232
4311
4085064
3685
856
1074
853
2711
886
4270
5526
2793
5058
3411
7083
3891
1003
830
7093
4660
3013
5423
976
986
2130
4038
1160
991
1539
1030
4161
4657
2891
4148
5524
1110
3954
487
1945
2206
1311
1345
782
3439
3342987
5304
1599
53929272
54040420
746
5398915
4380
968
7417805
4905
550
1116
1085
892
888
591
3791
5738
2299
7536
561
1709
4395471
3066
1026
843
11829101
4947
1054
895
5738
3581
808
2630
914
995
3098
730
611
1228
1136
875
495
3331
916
1094
1116
3358
904
1072
621
875
3260
944
948
965
1062
5693
880
4243194
2997
879
4313
886
996
5031
4010
50132893
6723
762
918
5816
46052428
45452274
7080
4353
6241
755
944
823
6585
2945
59170711
824
50629065
1577
6456
2756
525
525
3725
3587
809
58546049
1375
562
712
967
6488
930
1061
7032745
3853
43927124
2372
4088
747
3070
6020553
5480
3649
1018
6477
1273
6953395
5120
3130
955
3627
4716
3215
2663
4364
4925
6990
5882
645
49971401
5270
4862807
5505
813
3278
4826
4525
4245361
4498
3204
6077
51596902
1034
4453
4737
6051
47542913
3905
3609
3955692
1719
6111
3371
4493
4092
51450990
1092
2802050
3504
43683450
3340
6621
3144071
3431277
4561
4900
4608102
44268498
39911705
4046
3586
981
57225593
2272
4097
4408
891
3000
52268974
3986947
6930713
6905
929
760
500
5137
1992
7597
4743
3207
3686
689
3518
6811
5070
7219
44879104
48037213
4230
3996
47325050
6555
810
5688
17972
6592
832
6731
3912
11795
5313
5218
4064
7139
27243
3823
5088
4488
4020
3481
3941521
3838
3516
3668
31329
5785
2644
5169
5422
3831
45110065
43089198
4191
3164
2507
2162
4135
3944
2193
4686
6451433
4056
6271553
44608793
3789
3351919
2728
3159
4210666
43052066
5165
13712
3920
2242637
4358
914
2371563
47512213
6001
2634831
6043
3168
3832
4992
2043
5494
5237
7357
3545
2253164
2582
3858
7289
2438289
3678
47195117
4039117
4728
3545
5306
1282
5546
5069
2557490
870
3705
56054353
49381733
2765965
1269
4741
6104319
42166953
4790065
4837
1126
7913
3784
6399852
3243496
3061145
4580
2377773
41739599
3461
4520
3174755
824
3910793
3514413
3907
5054
4593
3276325
49393333
2937604
58927569
17430
2774
4738
1975
4476777
4788
4955921
3645
3790
3072
4757307
3936311
4260
2104
4165
690
5713
5527
4412
3495
2055
2125
927
7317
6498
46012152
5045
8194
5048
3886
1313
4107
5205
3679
5155
1109
45681052
6845
5219787
942
4877
7870
4474486
1659
5967
6689
2901257
9586
5082
4095
4646
3179363
5371
5032
3935
2364
3354
4290
3779
5227
5863
2666
3773139
42215561
3999727
4891
3386
876
707
3800547
4253004
4157
4256904
4797
5360
45931330
3651
4302694
4836
1821
569
5325
6824
4182
45282624
3840
4745
2912732
2530002
4092139
2280
3516558
5363
3798
5813
6245
45200824
4609
4312
957
4110
3741654
1093
6206
4908
3568
1699
4751
47472733
4846
920
4091
4703481
2714120
5750
2855
1757
4607
2769679
6125
2276
3471
4632
4380
7037
999
5656
918
3627
5180
39567275
1866701
2326
3466624
4427
4439
41271406
3964
2867240
3962
2442
8536
41214084
6201
6344
2099164
4996
5906
5500
1778
4467
8813
4877
3680748
6971967
1022
5959
4081
3778
3973
5722470
4561008
4749
4788
6375
6196799
3891
3919
4883
1900
5941
6937
4490
4208
40491019
4626
6351
4772
3980
3260
5037
6887
4282955
7437
6498
4826
4869
51268626
4297
3921
658
3717971
6528
5168
5005
69381247
47283197
43660341
47638781
3895
4609077
3943974
3817
4767
5052
3575683
4378438
4567
48569221
1942
6272
4651
5737
1024
44342265
5357
5495444
5565
12727072
948
3280
5096
2310
7550
4938
3126
714
3992
5328
3964
4788
3798
4355
42588453
3688
3388828
4962
4066
3253
834
4756
4388
1912
4905
1103
4599
5353
3611
610
3831
20630
5419
6272
4075
2122
5855
3929440
3948
5001
942
1317
4223
3777
949
6108
3445
4928
5432
4446
3717
537
2254
4319
3280
5561
1249
5040
3921
5277
6901
4194
5317
3675
550
3901
3928
2454650
3560
5211
3579
5246
766
4459
3413821
1230
44766102
3701
3885
1044
5340
4417
6588418
5219317
51027929
5797
748
3363400
962
902
4481
11579
3570
2326
3818
5192
3054556
5000
3990
6304
5432
42354302
2771716
4376
5495
5543
6112
5881
10827
2267
4176
2816
4696
3518
3408
1165
1448
5463
7055
4852
5422
2155
831
5125
4034
987
1216
1608
4391411
5036
4286
5240
1758
5240
4035
3545687
585
4075
771
1261
3906040
46697768
4256
4529516
6042
3664
1062
3765425
6431
2453
51070824
2017
4914
4960
3864
4881
46807057
4993
3725041
5520
5602
48829780
2407
3714931
1129
4226
5214329
1811
952
5070
2040
4633
2400
920
50554720
2930
2846
894
3965
4288
2397
5294
2820
3366
5089
5658
6477
2383597
4515
4862
3090
6349
60697483
2842
50645715
7245
5509
45158486
44413963
3760479
4124
1256
46730619
42673584
46305417
21692
949
5433
984
4204464
1092
2127286
4708
2216
3557621
4065
2569
5108
5605
6144
8277
48305972
6303
1945
4413
5477
5355814
4938
1196
4852
4662
2898
4252
3836
4675
48862984
4667
3445
5010
841
5388
4867
3253
6577
1468
2439
40757544
3328
1106
851
3878
987
1148
3547
6545
4337
839
4947
2474502
2624
2457
1955
4547
5221
41776757
11180
5767
3433
3298
5632
3761
3831
4206
4304
6574
3466
3359119
5326
2925227
4335
6227
4031
3518
4802
4518
763
5201
4570
2137
4374
3547
6549
994
4593
5332
45286842
2737
2981208
43418569
4892
5142
1710
5502
5412
5956
4692
5170900
5974
908
5057
4434
3850976
5885
5039
3505
792
2454
4416
905
2438
3588
1219
2163
2358
1783
2045
569
567
948
4504
3921
524
3020
1010
3231
6294
1018
2337
1089
1008
2968
1709
3564
3552
2172
4148
876
2756
3842
2934
1194
3792
2492
1894
939
3263
989
4533
1245
5602
987
4850
47785454
5000
2199
5795
4393361
4421
1916
4557
6009
5434
4236
39563886
5120
4996
3588
47501760
3615
3915
5219
4033850
2898594
43672388
3644
4058
2846
3884
767
2167
5776
1019
3829836
45255021
3621096
5658
3708
6125
5863
3385
2267
3258
4098
5022
4636
4853
5380
8094
5517
4488
44729617
4669
3426
7364
4276
48998103
5565958
691
3003
3218
6041
3717
4311
5116
50169285
2908
6094
4846
3585547
5306
3402
2585
4907
46256994
1253
2908
3091659
48463306
4662
4617
4136
40069433
4091275
5293
7221
6993
3892
606
2779
5406
1178
3109
4677
5583
3617
1751
5818
4219
2667624
783
47677665
6910
7236
4893
7696
42347034
4616
4566
3917600
861
2785
5184
3608
3801
781
864
1185
3550
7005
5318
5364
5583
4390863
38743649
5433
2917
6189
5315
6455
49956938
5009
4576
5342
5746
5121
5331
3623
4842
2705
5289
3433
849
4314
6207683
4950
6171
4568
3903
4542
1320
2570
4620
3928
5450
5788
2059
4146
2513
118365
5596
2592
4089
3710568
5197
3012
2388098
3859
6217
4538
5812
4602
3422
2656673
753
5983
4559
787
5646
5128
4206
47185980
3548313
5247
7936
2845017
4899
3982
44984466
1905
5366
5939
54654560
49926705
4484
5114
3257
48160316
2564
47491723
5732
3999
2609879
5245
44628503
4431
3014
4275
5620
4827
40611884
5772
5863
3803
5465
5196
1140
4182
2951
3034478
830
45780197
5128
8812
5216
6234
18034
3602257
44977226
4665
5706
2720
4680
11746
50501540
4818
2661
4967
4489
4482
5317
1331
4464
7084363
4411
6707
3008141
3948
2208
4871955
42469
7731
456
3886
6360
5034
943
2561
5127798
739
997
4380
909
2179
7441
634
3355
5774
2693
1106
4855
2065
5738
4142
7493
5322
4404
1419
4906
5190
1330
4555
40725288
4132
39376743
42302529
6469
4861782
4383
4557
6842
2537
2101
2542914
6028
74894220
2131
9526
6207
800
6336
6603
5215
2483
5505
853
8211
53235216
3069
4164
8143
3980
4143234
45308000
7187496
7979
942
6173036
4732
4941
2806
868
3612
870
1130
5222972
2638815
3578561
4391
2102
3241
3791
4649
46880651
4580623
2933964
3248117
4777
4540
44788816
4459
44020976
5163207
5908
3961954
4910
1369
5116
4346
515
44684113
3239094
5632115
2607096
4914296
4900012
527
4761
7592165
3218191
3848128
4361
3838
4884
1150
4446
2762580
3241
3792
1110
753
3346
7038
2787872
40844307
6838
46465187
5840
4848
4699
4427
42042150
4774
5890
4393094
47946561
42814737
40072392
7068
3886494
3180748
3576
2623174
2032
5297
3884
5052
3939400
4042
5739
2526
2577
3507
3684
4463
3810
719
3948
3785
5775
5255
719
3380117
45536415
4911
4894
4255
4020379
5177
3901
991
45478636
2287
3631
2835
18780694
875
45393162
1066
941
1087
1350
2510
41107234
53088612
10757
843
7554
2037
929
3590
1022
1352
2755
785
691
737
4091
5085
2086892
5225
2787787
36273
4632
4930
6942
4061
849
1018
1653
5014
955
6120
3402
518
3755
562
3455650
42930498
4241
3686
1219
2777
3949
820
57797820
927
7215
4600
2627376
1073
5649
1110
2276
4997
829
3224631
999
2820
1095
8810
1733
3860
3555
3491006
8572
6479
51780317
2953
48875465
6424
4681
55341719
3865
5202
5602
5292
6367
709
3187845
869
3418304
5761
3237
5148
4770
2686
5228
3889
5529
991
5832
45782626
51225565
48093898
53143441
5416
4031
4931
881
5127
2403
2417
899
1104
1560
4519
1097
967
4952
951
976
816
2641
2322
1035
949
971
1083
910
881
902
6960
4051659
49383118
59415078
3177
2924
5787
2188
3756
959
4399302
3105
5514
716
4349
48425941
521
554
47729366
1079
5613
3179
2663
1084
709
1141
4708
852
1091
5875
1117
4440559
1304
3775
4252
2395
5432594
4173
5383
3273
1365
4977561
6726
872
1149
5671
6230
45729473
5146
3549
4481401
45637485
3247867
4980848
2417
4751066
5289
48163204
3441417
3313734
4096
5298
5952
7549
813
4959
3365163
4973
47218293
3652
5407
3967825
653
4458
5426534
4721
4165418
42241206
5350
3705268
3321786
41188647
4472641
3494721
4980673
43873974
2780345
3646
4244455
5105
4483424
4025901
5854
5534
848
4180
3618728
6013
5262
5485
3394598
45626067
3175545
4365020
4691
3352454
5880
2414719
4227
2189
2046
4070
14273
4918
2668
38774397
5695
510
4035
18906
38504655
2193632
5295
2210
4378
4808
2218049
870
6198
43792534
50802202
2981092
2557198
4847
5987
2187668
4135
4371
44395800
5490
6127
1709
4504
2964
4590
4287
77155
3248
36046814
35839126
16480
17814
4970
19606
36509634
4180
41986119
3738
7075
2794683
2919284
3048524
4691
5738
4630
34636049
16685
918
15750
25583
4126
32405061
4441
6564
2866765
20171
23069
7712478
5430
4292
22789
11653
4011
5976
33288
22580
17673
39418275
18163
1651235
3554
14991
493
6158
19202
11859
4826
15927
4473
26093
11540
11045
4205
4126
19911
5416
4461
40356380
3880
14606
36763364
39318139
4604
1442
2252
25172
19722
40320103
39958720
15708
4386
2388
4456
4865
5215
6445
4940
17310
682
17978
2372
5274
4644
4420
3703
16261
59205
12195
2519
19280
12885
16011
3563
4805
5126
13013
4584
4602
5067
39816567
39334450
15281
17431
4874
5071
3804
14167
5019
6094
18082
20005
25190
19878
6408
37861910
3626
18844
16692
4292
5807
557
21117
5314
7752
3144
34742
19066
21874
13867
1152
5243
19674
6542
6229
9705
5236
16502
4004
14661
35847
4341
2776
6840
22356
4362
5654
17435
38551085
17219
14875
26643
38397710
17828
5971
3962
37873129
17178
4420
38134886
33966
40361459
39215829
3664
3926
869
3229
13436
2994504
1865215
2228919
3778371
14414
4586031
3264052
2648728
3749
3682411
6738
2655054
35811879
2140217
3263953
3017
3586290
3636
4923
4956
3466
5139
3956
28456
4241
38094215
4905
22012
23280
872
2640
4142
38682665
16448
17891
4148
5356
16900
14847
36851398
26752
18804
35728841
56365
38316
34951857
21098
5282
16046
19384
21716
15439
35596
2155
2483245
22323
5756
18309
29032
15746
8300
13042
17133
23332
2632280
2613
4575
23158
4416
16778
20483
2534549
19340
14888
25202
34082110
5509
17163
15463
15902
2784
18393
14880
23038
17670
4263
36032
18797
15748
3758
4692
938
5388
22472
18855
35257495
4851
43992708
5664
5973
2159504
2471110
2678834
42518443
41162613
1871495
1810451
2552154
1557983
5742
2884941
1728280
2938411
3169327
1699598
3321292
3525785
2409401
3125611
2885429
45010538
2129158
2884466
2964571
3831614
895
5325994
2105109
2245974
2430137
2481133
4111387
2153495
2830846
3323443
930
2828272
5293
5105
1957924
2519368
1909511
3023624
1766926
41298649
39765313
2578387
3020433
1996962
4152
40940485
4151
3255757
1863017
1794579
40597794
2667161
1852
2070749
1842489
3075202
2257420
1657241
1688264
2007063
9030895
5722
1198
2121719
973
3011041
7074
1910073
3103693
2451493
2456945
2883923
2626840
18469
2270614
4261
6242
3365
2269
2646479
48177392
39510754
9630
3541745
5165
44506072
20455
3259006
39722383
2384876
2866278
47706672
3162263
2414332
2472866
2056699
39816674
43839769
3980436
2672233
3097103
3640014
4266
3228827
4883839
2469303
2362831
2122584
3448437
42929085
3875379
2620826
3046578
48653632
2766
45411948
3034626
43150388
2067755
2736505
40855356
45022877
2430448
929
1671
6120
733
7745
6089
3790
2510
4187
43005946
4858940
5869
2785985
2668850
2958704
2734666
4334
2951367
4586
2725
2474560
2490001
4650183
1015
2498875
2174140
6062376
4308
2022
4495094
43802787
4120548
4384
4611599
3633662
5004515
6393
3243161
4480
42863509
42766571
45714402
5209756
2489729
2207289
3621443
4792
45671269
2997254
3111341
4343146
3517338
4439696
2979909
5306
2897918
2863611
5580
874
833
5913
5654
4189989
2818034
2220563
2493
2412381
897
1965681
42257626
4899
874
2488636
2600
2335993
2345877
2969195
2909347
2086392
4317
4459
2777709
3824
4076
4401
2377
4953
48622394
45995226
2993801
3987008
2808056
5137377
44779651
2347661
3318987
2918918
605
2412032
4859546
2802932
3943164
4187991
46556670
3627009
5916
3039313
44661016
2554109
1225
4256
3278366
3802962
2791863
2938574
3256894
4600617
5210439
4769
4042098
2230879
2678075
963
3942138
3476000
2890724
3038242
46955097
3933836
39505322
2523080
2692578
3619270
3459897
2511779
3039360
2296495
3786770
39159749
2612063
2691884
42514990
2590854
41790890
3272845
2688759
4150093
4699471
2037148
2760036
2381529
2285376
3341812
2620756
4216689
38391883
2754056
3054890
4556197
3508940
5216
3217212
3816237
2879215
5678
4242675
3102546
2569420
36420465
3229044
3289481
2824507
35478649
2729216
3469347
2673155
2635888
36551663
5766
4038575
2605438
4440799
4350873
3333110
4478146
2956272
2846061
5892801
4597151
2656080
3562199
2987734
3306036
2067
3192003
1217
2559802
25051
17263
6007
17380
4305
36261
4482
18278
17216
38359863
4370
13361
17413
18585
2275580
2639330
2080135
2504496
2527795
2783484
6494527
3680068
3313868
3316780
3502837
3992134
3095617
3090698
3360849
3732047
46426251
4658088
2892631
4453440
11433432
5067376
3719228
3263588
3763499
3111715
5152801
4553747
4182745
40209355
40016483
46384954
3237511
3451214
4476426
2647067
5543028
4874847
3825385
3459473
3619026
5903529
4158243
3427775
3568084
40181858
7637601
5049334
5451688
2983369
4392636
4756619
3548653
6996975
3011434
39491495
6351675
2667833
2087
3527763
3891461
4414694
4729675
3185219
41231248
2159685
3642934
4377628
3485542
5892224
4723887
43617411
41397058
4113963
4030403
45872140
3013230
3360795
2296269
4611983
3713682
42094081
3192513
4010630
5007753
3537485
13949302
46400693
4876547
2884548
3406
3353628
7809908
3704775
41424856
3737530
5045824
4847076
2895628
4021827
2432303
3236699
2767941
2782628
2813336
2455754
2899641
3585173
38904599
2535262
2918022
3584417
2386057
4054749
2735301
37149326
2663965
2690029
2498114
2570185
2757759
4455851
4301522
