120701687
66488951
21133427
124227717
19472467
68962005
58435821
138712091
1215217
46861310
191349257
36447520
54167456
156831495
34338793
58761221
110172813
10968195
54046079
69407895
55193767
57787413
58200256
63357317
63674513
63080764
59106983
27573225
81399579
58806591
66055917
62171447
21674343
66708744
87884796
72229558
63079625
65680736
63895495
27262022
85106203
6177461
79458949
102800529
68203262
79723237
64390088
61565462
67736508
58364829
60174824
38409206
52776812
66099848
64357471
68737589
60874913
84262197
63701015
62783851
60920970
65631173
59642107
67913405
21228221
73714360
81588654
71612499
79744466
21362675
65108540
72279619
59170206
58875803
19044723
53176864
69842639
61911817
62695637
62868788
64301176
23836529
58390466
57911135
65584524
67028809
72448699
60778246
59724394
22005754
70983743
57638108
59588293
65570653
63650559
59009179
57628771
61014518
60458315
67306560
24591216
54860001
57368851
57813542
62272092
61685767
62852540
69989025
69840295
75278986
21127860
92874193
67813032
17030352
66159180
83114684
73481086
19909862
81358801
59539651
49614063
58556867
59848341
60005166
19949267
81908681
60393324
82977547
24555489
63520253
60246971
63845303
64256157
29728349
63196689
109891890
22188317
58720641
72489359
15806422
101388815
1630282
37681406
93194451
17019391
67506053
107080948
23647663
58227166
59505554
57139460
98001598
13065977
61357823
57900551
24361235
117779229
20284280
98847475
88132510
68325890
42115614
62262661
52109693
70595054
67748380
61955264
80215702
68764831
61089493
66650390
75337317
23808319
60775417
18897007
69772300
67060636
15226938
57516985
16349030
63414391
40457011
56218666
59280720
59906597
66046748
20684921
57257188
63447433
80341132
63648470
69726261
56090323
34877947
58075605
60484370
65277196
71291324
62439803
84594307
58008932
57977636
59107844
60028383
61300953
63932423
32062751
62865521
67856160
65989453
21002573
56760736
62731678
21270153
57432158
61757380
19132513
54729804
33703447
59124972
63781311
56091350
60720677
24735610
60845042
64880498
69479198
80647886
70603244
82595304
16083204
17469035
60760442
17301055
67415347
63206343
65688136
75413055
60342742
57050645
66090407
85883600
19837864
62208726
64784604
61171958
80162128
60615241
64556849
30003404
74543990
22237567
67452722
19639666
54962352
85446892
70387830
38895077
58846979
67033672
19171834
62876811
65048557
74744664
68735742
100338313
71652232
78144406
61697701
68812321
64321461
69398324
31162066
64573892
19171256
62454597
35333245
82461756
70397002
21168096
79504589
9281449
110961532
9568714
58722842
67340041
79702277
24903066
71155434
66665919
62615191
20385555
96858824
24826567
72037422
72626660
62633134
68641154
72807876
73220813
88812536
35498172
57468295
72307820
68369213
69887677
78069793
21256173
74418952
30660366
70880336
22099848
69343342
68051743
70112894
62976352
80936055
48441598
62788592
65310650
63406513
67244925
62742199
57917091
25184663
57753995
18705293
66459600
67261126
96574481
74298281
29913314
68632886
71417853
18025284
59700784
37365494
68943340
71384071
73923376
27250170
63029104
66697219
69279574
65060243
77431385
64209619
72214837
69316087
61715879
21369068
61597535
24180264
61518268
62098858
65141373
78771899
65805980
96360515
54714095
59847799
74189726
71030372
26171256
66806415
60496575
66259497
71242207
87152567
69474599
68028700
68606045
60895355
60890365
66843521
73807083
68144348
58975089
75165202
42089946
115294439
28538666
105156931
68401115
17831218
112684256
12803341
68008153
67779283
67827523
76575810
26872305
73633017
70292899
60651074
61605431
88055069
73253502
63499494
68304015
74901039
67383264
19140476
67098484
63037632
64462499
36290662
71697334
68685223
81871627
76395035
23850641
73516442
61308178
66082971
26975843
61704486
72848800
68635352
26148352
67712661
74573868
61584178
22969433
64684391
76731714
23184412
59021550
67298164
72796223
80345752
25035225
83116189
77247662
73328547
69742909
71624597
28358688
102686046
24910515
120023654
25503905
106585770
15621295
72065135
74788069
63599948
75789768
86219186
75064810
26706683
74167131
89520249
62499936
73523886
69506153
73957216
81784209
37202072
76031327
39758247
76362056
74094908
16904044
59510187
64503792
71698082
19425330
57397057
67331601
21705983
67242424
69206368
68666481
24674519
59993537
67122469
65983451
70169721
79966069
17211889
61189264
62468055
29654377
57247003
15478633
14521447
71639125
15230603
18485464
22362706
101953648
64175435
15262238
14633328
18849936
17128615
10290733
19812033
9260693
10457332
20108786
29272522
19723173
30880847
59606950
20941896
69464638
71882384
15220569
68600192
64142487
17379990
19402075
22310751
14448414
27569190
68418124
16279172
13621462
60809505
22067102
82343329
14909484
15089948
69185158
17306187
59586142
14352141
20552598
14555828
72601819
18096245
61937128
63273691
17935136
14406456
67879690
12725813
15685723
19496459
15103154
21458003
12712509
71998645
13012997
13413268
62723680
57901329
12835721
13123070
14007447
61901976
13374403
73731977
15617358
14918095
11530651
15639012
11480235
12406772
12344026
15702316
10083350
9426797
12222100
12113448
11440917
12981191
10177666
14529316
12411925
62978180
11136365
64003535
9773046
67497745
53428721
50768534
13065451
59156778
9194231
8092021
14106742
19786817
11130107
14444571
13762485
63012587
53380182
14480964
48885575
57764701
63292452
13027643
9403450
69656413
54825603
12839838
56328655
10408968
14081441
13490057
57583889
13244962
457438
3643702
51732416
66535549
55225507
63786199
59815205
62401654
72041960
56580401
67095637
68601425
57606123
62966835
62886112
60961998
71140431
55183472
69494327
61876478
51448601
59074522
79231494
25082998
54572170
57441454
13203314
58302636
59107521
61307933
71559500
17503956
52243160
57120719
54456437
55552373
79293942
60897973
58107614
61902157
57480662
77941132
64401340
56914318
61196324
63372656
67519306
15448361
59376128
62869828
56331980
60602645
61889131
70611623
63645860
14888616
60511327
67459775
57997182
59517174
65465226
14365612
62478605
65990292
68552732
11439499
76049459
67453157
67455548
64449514
75016191
27024199
60756809
68392631
60517567
30834056
54739144
67351273
14792083
57764871
57142911
58466237
59379935
14846636
52204183
53136547
50697448
55964755
60058339
53860476
55495388
61417434
64195237
19603552
56442207
55027212
59720742
57654863
71528736
27408968
55240197
59413638
55284442
64217136
21996534
57716723
57008879
60170989
57959160
54967276
58398121
56943121
59101101
50130404
58063001
63044737
64744818
58203001
58336553
58397175
61967247
58598327
9455904
19958726
59068783
60576726
13343996
78777101
16227052
15585394
17328110
11931767
79037292
70524410
11090130
8707882
22382295
16460005
13691649
9547544
5359893
7583102
13069837
9684504
11388818
66909871
8218340
10468794
15884653
6717023
7736762
11648763
59836247
69714298
17293595
58953203
12571018
3344987
55135223
15989438
59094043
10277584
14075840
12864728
8796442
11151974
8759511
58296928
13013364
11997044
7380303
7617032
11241057
19186471
66603751
15718012
53934067
6821432
6876502
6994142
9804069
10307174
12404624
56938995
8993944
18162027
13981525
9850848
53023366
8503200
5326200
10296728
12004416
10659382
12788444
10931089
3326343
7770997
51426698
12716177
12264417
12291695
6736808
7896905
16077210
7763701
10866472
10711445
72093587
56181374
13472017
12330796
16067113
14734753
14654673
13986760
10028215
6723421
11654142
14544369
11691406
6373669
12408987
11335914
10817357
12988851
12197640
62842777
11079498
58299800
9896083
10094777
66177134
53536386
67662845
11996824
56009697
11234077
11618549
12825092
9154651
10082441
8207133
65113387
6681433
56335277
8789850
13207339
15902872
59414832
12010778
57753606
13021842
58965822
8202583
18427864
4159777
20102340
61752708
13854993
12789163
8841749
58441372
61384263
9901335
11175812
6169261
4930393
15416985
61234128
11623788
9388078
10833163
11942127
15176148
13458228
11024488
57540297
9766419
12798707
51286178
10705333
53578503
9053722
11055599
7377850
59197990
14180813
51746071
6390988
53537723
9911081
50478587
8699903
56296505
5865314
51848140
11353328
8493607
10689548
8394167
55770234
11071377
12599322
12677007
57642233
10231230
11263541
9602085
10981992
9306206
57737854
12269567
64248822
19989065
11717405
15094469
12075061
11445426
55175447
55970224
11391747
6168317
10220424
13845071
13804886
55590956
11319781
9859921
7103321
9173012
8680051
12841018
10854556
10488146
7231967
59651775
10771853
14630824
13581425
10667824
7994763
53447220
7944654
60724031
8527638
11689682
3125378
53658151
55463064
7652724
16423816
8717997
9958121
58830907
504534
4050164
53363341
57957159
52529052
54479492
75813435
74535945
29315476
54527087
65937692
21717975
62204244
60051251
57249594
60751267
63241708
59914923
60743534
65365479
67420009
59391615
61615507
62425664
65579254
62037759
58861742
66785169
70426639
62523268
19343168
60047797
65061033
67033752
62742742
55709237
61546019
19914433
58199177
56047553
58146707
19956486
61077804
63775241
68569849
58544223
60238179
62997759
67821278
27702696
56131299
58661891
73686029
59016271
69199852
60293525
68022200
69411977
16847615
12041014
62206125
59270859
16195077
57244718
64581879
56826369
54400515
59067307
66166721
66515252
68813438
64436063
60285603
62602022
14961365
53591448
53745318
52969176
17114138
61446084
60846850
57581420
36478885
56895124
56928379
53746003
57157064
57149743
55455329
14574680
53072516
72342684
62595255
57635756
58834291
52786841
57692783
55720536
69669837
56582210
58788228
57747145
59597067
53528166
51063099
55530257
52256055
61062966
54550595
10591179
53916057
56956586
55149705
53831426
49879004
49035721
51032620
63364471
73574603
49627511
61438056
49310396
59189070
74797981
13169899
48487851
52158958
64283285
71121743
64638400
56309710
60260503
57906116
55114915
58278665
57371903
73418241
16433570
11313542
51081736
63668714
55598358
59360516
56279310
53538641
53497828
65568701
55021305
11779043
59509247
57463179
57117982
59717406
64808281
54640888
61197423
67196545
61389621
70054817
62427619
60565286
18097719
68512542
65898748
61285425
60040092
60081279
67738382
59146005
72079491
61217863
66029558
67206337
60129417
57453746
60198121
62660475
71111030
10962410
48541353
62665542
57402469
60390843
53013430
54759071
55606373
55529222
67322534
55096784
56969831
60636652
71057780
59802312
60540836
63206820
57121353
56000581
71286583
29757333
53473974
56815260
77641153
61544966
59049705
55750711
59533066
55398708
66887416
64432894
63797988
54991021
54583912
63233081
69687966
65860396
14845970
58322523
28777317
61756240
60405705
64030535
58483995
58799683
66928965
14088748
53267850
60919942
69135531
13405471
68698103
65004952
22025786
61890893
67852919
73906066
59664415
62970062
58872390
58054562
57552209
60625289
70750128
63264235
60643318
57054252
59686235
56543151
62952530
73325831
17353500
59146062
63009119
81141474
60270228
55707042
58378455
59697361
67310514
63187095
58929330
60739849
63664493
57241457
57533881
57220216
57465158
57083029
61636442
11573655
57894454
58354880
62125130
59960754
65281805
57098480
54998156
59532175
57194902
74812121
70725462
59467273
62219797
68765036
56252052
55423180
57717673
53236067
60264119
65442158
10740277
55253195
66512968
67741988
60794482
65815168
56332255
61255067
67805705
60263712
15602435
53965236
81131843
69828987
16611462
56380767
63322933
60008972
58802198
75088618
14341935
56205730
57973492
58949613
59095753
60272577
53861223
58485323
56485787
26013573
55857621
8027713
53312865
53945233
30647399
4143061
58828481
47568402
51014934
49431856
53190913
47686572
47070474
46374204
55656539
56413736
49019748
49400583
50039194
45291083
44341163
49899702
56149476
52611580
63758482
13097778
52023368
56456114
55357644
56230172
57725180
60771785
56748055
63961172
59292744
57069019
79106417
54770805
58442112
83128369
58558843
60101058
62061500
64009099
62231086
55700411
60810546
57925928
64913935
23204724
59383474
57580149
54137588
71437301
18875783
51508967
62653455
69970409
57748924
68822042
16224195
57628965
66095285
60566061
55363417
59876080
56233632
51088324
56511299
14618605
88966599
66193264
70105632
64280021
67477787
60431906
56022621
60062357
58806178
58792460
68691232
67783662
56033527
62581535
56620281
56354936
56104545
59560231
61343385
20147531
58854230
64846914
55991076
57546472
63487994
17508677
56976057
67083331
60997233
19605596
64299296
63819684
57283650
58339287
54403991
67321012
68111406
58288734
15229764
12998020
13695058
8555634
56281609
10818924
16961043
9248803
11414483
6069306
12916311
12413043
12416461
12348435
67379399
19337625
19386298
9179898
20931034
11742055
6588251
5204005
18777882
16706302
7880835
12679560
19647077
4596714
7303005
11789673
14082961
15737173
7555831
13792046
12610594
12857596
9076549
13260579
13363051
8695680
12961572
11064380
14005916
18064516
14550470
16630606
9371833
17925619
17357464
23187709
15532044
10266927
17068248
7835602
16219589
14005883
15683853
14473816
17678288
11926727
34946900
3589949
72558811
72806763
14082194
64625245
75686142
17522743
65716551
14112567
12578477
18571465
13615575
9191052
18366820
14944087
12971919
13235031
12040200
8665404
11526441
13249150
13302945
9348108
12754514
10931759
14073387
19047146
9624861
43082454
2562128
54234938
62763232
10137441
21831914
19113257
44645207
60794769
13856006
67399572
6303091
16960543
7574619
12301916
11399942
13938036
7997751
62379389
18283298
15641436
22017520
14392090
13814411
18402127
20708176
30821539
19219833
19254815
16911676
16809036
18196670
17771837
21729092
20200274
16694266
58739187
12586044
14808618
15409389
16367325
14532846
15136157
15712902
17751618
14859469
12929831
12887629
17100810
16238967
14831951
10574045
13017808
18596399
14988751
8872114
13647640
11051134
37126501
4540939
80005561
58177236
59365272
8058716
8624559
20398758
14275698
14502083
10763339
12915756
13313232
10935654
12241828
15263117
14344049
12745181
17474804
18239241
15891699
19344312
15044128
81540635
16746550
20508563
16665754
14463881
19812319
59423893
60409008
64911349
16460553
62712439
11189490
18552793
13188182
17184628
11594214
66618600
11309669
14885723
15372377
20831488
12937863
12280867
12530178
10018356
54070405
61875259
8862948
11853604
6362760
8224055
52672937
10594466
8809479
9053447
8996643
9293284
9605860
8807927
7828210
11062381
10829494
53837054
9660306
6171322
21278809
6145822
8942244
6636503
9116177
3265072
8440329
5979396
3091690
11195202
11730097
7971186
6732392
7017038
54648202
14339835
5071990
15565029
3561870
5737793
5861092
7356775
3796781
8923126
10829156
5306228
6847087
5889579
6927437
6605821
618303
1521003
60262950
63511455
13678303
56742925
10201837
6724178
7087232
5227546
8091196
6330571
14030591
7352404
6733034
7263755
49097144
9609120
8030224
7069046
7715165
13651344
11187147
6870676
53142730
6223767
15663118
10925422
18647388
8963093
8856621
6858611
13474246
51338420
5920828
12085406
9125941
8827156
8691798
6161156
8345679
11674247
6310327
12687066
6918004
52191282
10908366
8394193
15571981
2884005
8931648
6510625
6856157
8456593
6493238
6803581
12341852
6198474
5681049
10103715
9787279
11998362
8723349
8034692
2935185
8929300
5386453
48314427
7080759
8216907
4703394
7430422
4798827
9069671
9790811
11436302
8522073
8300260
6368875
12152988
9920374
8198117
13025459
9147834
10990130
14499597
9029538
2955040
9880118
3525402
9552942
6033591
22512907
60037497
17768582
5704488
55249569
12434272
6742264
3039675
7570358
1563258
4639387
4299403
4115146
4756398
3062730
9757774
2901591
6885121
5605241
6236157
6828768
6297060
10964715
7520116
5088133
8128854
3779411
12156277
4248722
8658286
12683044
8815395
5587825
6014558
10184996
10321779
9104292
15560966
6500486
8454029
8712723
6709669
5540700
12266206
15281208
6961095
5088999
3828128
6646907
5553470
2484130
8052768
6119320
7445890
11793920
2400294
7207191
11589898
2905994
6541974
9723185
5707259
7476885
10464773
9764023
11663933
7024708
5238563
16856234
10825957
8097464
8110504
13258508
18253061
8337052
10707578
14064127
12088206
15268814
4999316
13204336
10716696
14453462
10939858
59715051
9104599
7409343
13646018
11193324
11931132
10167123
14704218
10329068
14228693
5700800
8808148
12056442
11536995
12454448
12928402
11896028
10793159
14992013
10112032
13159180
12472278
8698348
12341981
8362025
54617415
18233096
16902511
14466237
12168792
10950227
10034523
9864846
57340350
12023412
9627732
5935584
10819367
4891878
13574234
12864579
64944274
13702122
14706605
13140185
11575896
14308187
19805021
15394851
11193908
14088383
21248748
14166867
21344098
14669490
12086490
11067848
14016217
12746604
14635051
30542676
15526404
12275306
12051588
17533572
16539094
16283642
12337868
14409858
15287754
20014035
12517487
13272705
14692777
13600366
12987290
26551729
20049293
12974794
14409647
20508189
18509753
14678478
7924567
14609798
13322840
13746822
18030875
14136334
13621624
10539690
8663548
13617486
10006891
13325166
8998097
12883361
20322128
11462278
9048338
13414056
10508134
14250953
9638730
12930381
16157634
23900173
19065293
10787703
20081886
35253444
2880174
56354142
19409092
52104598
10201904
8217231
7920228
5426355
6407853
6444824
5293708
4248102
8564131
2364537
5206338
2334090
7983799
5248803
6920547
7153612
10196019
5382146
3010319
2571492
2296293
5512157
8140756
1993799
2389104
4501587
2533086
5307899
2949128
3153768
2715667
2859239
3212212
3362780
8443217
5005541
2745846
8311059
4286296
3003252
2680078
5022797
2002217
5507481
5412489
2535644
4050837
2438142
3748410
2717872
4605399
2423492
2899164
4229690
3605163
4182893
5424542
7265836
4988628
2952309
8007988
8914347
2323566
2547381
7071334
7463040
11243154
4389022
10228957
5531156
5242279
13887813
17530011
9051602
4471196
4478256
5285418
5717964
2833177
7906193
3246853
6860050
2224209
3628242
2348604
2940660
12554503
3061774
2609796
1796461
4110901
2765235
5526216
7397989
2982740
2115764
2036288
7280024
3051199
3022540
4186511
7552741
3563063
6587191
7632338
7459744
6427270
5548711
2929727
4459635
7662268
5615003
8730118
4702632
3156202
9388580
10383970
7503967
4356783
7685225
2565943
8139018
6477507
7961668
9932457
5160924
10679870
5945964
5454987
9352102
5517057
10828620
4762892
5728235
7005069
10020930
3876104
4414998
5652180
5673979
3277142
7770648
7960741
8463061
9729762
11525342
5337798
4556353
8707353
5674883
6784956
11810172
9186735
9830731
8609913
8447827
14032803
11777126
14608821
8364323
7912897
16212962
8605137
18602657
9802693
10063224
48295273
9719906
7515047
8698759
9536910
7182873
3495988
5036038
4115555
5960496
5929964
5293388
6397189
5735779
4869674
4875448
5527969
3144643
2919415
6554771
2631516
3085157
5023513
2028446
8787236
3639072
3670555
6552845
10222243
5831088
5001106
6368829
2948622
5392483
2749020
4164703
5521138
2806907
4637661
3313265
5949801
2275897
6203985
6579371
4581873
3746587
3362535
6031579
34409749
2649821
6343138
50686676
54487171
7823728
6377125
3463847
51208737
7354613
53680988
10218897
9393968
11066742
7292637
8004863
7418097
5425190
9307931
14383416
5321281
6219937
2921978
6799552
6061075
6217151
3252266
4066252
3044453
5593548
7409755
4926113
7528500
8100514
2875357
6698877
4390980
9747020
8910820
7614027
11489190
15520216
6808337
10035331
5062924
11164757
5387638
7302202
2922670
6858736
46860523
8978508
5554164
7497679
9611396
7105299
6752802
8491580
6301009
8049623
5283458
11281212
4894797
11566177
34118547
4657708
53343980
55751192
60020421
55964772
55838321
54101158
50931961
55834851
72981657
48240411
9084852
7374842
48683965
11512075
9605202
11997705
15199026
5823478
7127908
7024028
6294793
13567004
3293517
6493506
9356255
57250914
16205216
10976556
17153154
9785305
5852868
4171377
6674694
9605304
8449042
5300969
7459390
2961044
5283653
10435495
5089291
10123038
14705386
9372421
6151059
4674596
8885876
6556837
11415901
3981234
9859664
11506052
6961868
9610188
10564155
8536306
12839308
6977438
8275656
13909532
7674146
12059582
9835509
7262204
8860655
8895528
7043711
10277124
20238629
12685960
59975535
19016932
10680696
9383413
15326124
9906588
7498172
12883901
8065254
8267469
9659621
9381344
9281753
11827474
12732297
6054043
12625801
7679592
5976158
9007077
6893089
8491381
5419494
8506273
4655840
8382202
5461497
8848719
7167379
5708274
6824342
9497757
4931522
12130595
4701744
9522102
8766495
7605253
2988650
5787311
11510654
8749460
12235797
10979347
10742517
8079367
5536701
9900932
7601357
13364168
2887748
5623285
6606890
5471175
5998173
5445303
5374575
5105977
5676697
5271791
5764110
2638405
8196545
6919939
9132357
6082458
5485297
5715124
4472782
8161888
9291275
9637654
5912775
9397577
32660223
2408365
5057507
2454727
9988279
7046032
11476765
12274400
6198780
13374451
7620568
8963451
9293207
13467816
15360384
8960230
8777998
5610807
2497498
9256085
15336328
14455890
12359368
5281891
9892992
10616734
7504725
7366370
3097830
5467364
12146310
2243331
9245967
4974003
8778307
33841894
2995595
50985633
50707665
6845614
4029294
8005966
9303031
8585437
6515665
6357147
8332858
4706778
5397855
5967977
10973847
8179946
47204207
8937331
10679118
6357759
10606352
12227652
8383242
14736519
6354482
7563772
7696433
7823382
5588821
8085448
8655657
8715504
7536729
3907894
11158570
8870733
10356419
3107351
10068366
3497229
9518173
5600660
9038923
8922109
57154876
54983931
9541334
5320280
7199641
7489410
13465347
7043462
9174725
6295444
12728404
3298178
62414691
7562497
8414441
5566112
5326646
11607733
7647534
3167463
6516064
4988503
4016192
3592376
45652136
5813235
48486177
49668870
7663102
7725349
10083244
9577492
9728874
8455024
5051426
6164408
52443915
7885589
3827915
8112676
58668661
60727133
13021135
60064471
20769967
14074474
15372549
47659834
7535226
7484310
53541083
6375275
46292317
3861300
47384465
6779598
9901195
52074116
10330331
7704904
11740192
56139526
11909129
6945940
6174927
10718444
5930724
6887413
4797417
6691428
7221517
10542724
7777469
14024414
9396911
36382627
3576093
85041887
46337977
51161642
47174215
73644739
53866046
46621095
46884902
52855104
57566264
11385269
50357571
67909512
76940517
10037767
53171705
5546281
25464590
9308652
8227975
52648459
5334456
10434602
6959831
517219
3561287
47919367
49390995
48612308
52820868
57948874
44931296
53880868
48058852
49848262
55804208
52405693
52051936
55113747
54641607
51508633
62058853
55179961
54740581
62097206
57848188
57583854
66715952
60678727
54015880
60876559
62621862
51897621
54149543
61206810
16873338
55128901
57646551
55490836
61973425
19033567
54297084
66585447
59317644
79307452
58272285
58946164
58269016
74962394
75242216
18474758
54192554
54119257
52104182
52089464
66414488
68808134
58363148
79022429
21029428
55849936
16240420
53537778
75786811
60243946
75193723
59823917
67964682
15293550
50143473
12570822
18731776
14067176
13003515
10544011
11946255
17758967
12310018
13481683
9437954
12554816
6894890
50199278
10294217
10607784
10171881
46613354
11019593
6359231
11783995
6453887
10424456
6379391
10316303
8951325
5353301
61279490
6728599
13777677
55658531
14260896
53474218
4816238
6127414
6333407
54138386
56958471
63911656
10464176
11480180
7465511
54063281
8378891
35189936
3351631
58208148
74383208
57613076
56361138
49462627
54732107
56514339
52732551
52745645
58385927
60521789
77875452
60037095
51964024
70947496
17139128
54744583
59162016
52604394
51040281
73126680
14983007
57759463
54670624
19430949
59916601
61285937
13564112
8123830
52373217
54813302
51204231
64303102
48343142
51253247
59192421
69207111
15576264
56571057
56081250
60582304
58143840
12707152
53406960
54820013
55467570
57524032
30742478
57282653
56614664
72221887
61887408
50677072
61285608
57125142
11121786
57376331
55019819
61516843
74781788
58783372
78093356
54953357
56333945
54733935
54828949
57408168
62399278
51892222
53350429
77989923
61794382
11666402
55885013
59297679
10777815
9293708
56020122
47464827
6572804
9646555
7733282
7420386
49292863
14600510
6882198
9340865
48209371
12304077
8644610
10047972
34056584
5524475
51447827
54465442
54513012
48438254
50427095
54711720
60062485
50372078
52148493
47542317
53041644
49447900
51342065
50589054
53776145
50626024
59910149
49893701
61945353
55684756
54244478
49788568
56384011
49716165
52779529
72053954
56262308
49058320
51037320
55495528
54250677
53710081
51292349
59111152
52336072
57770875
61390215
58342312
61706199
61847228
51076100
51465993
56055198
63614748
53116304
11863062
6727670
51296422
8927590
48368784
54831453
10963812
57003609
13008731
49405029
54718198
60857493
48020755
51693735
62837763
50260407
53185356
55845025
64439350
12199006
52047550
46391477
51602089
50685081
60253505
51027893
14317835
48733214
50171431
48789553
48927525
55971894
53050337
46754017
52067031
50391257
66708810
49420206
56996756
23821101
9854247
51405296
49206071
56962206
14352229
54508226
10595655
50368926
51443866
59692312
53298698
53498127
50751165
49762151
11834970
52208187
9209674
4435937
46482495
8293250
9046896
7907293
13215945
54257681
50465895
10847931
51261715
6667000
7972636
8315965
7189181
6743256
53190271
5028326
73221142
17189222
14820634
12723018
17608125
63085943
18243597
13408759
11460838
15496811
13552693
65067467
58532550
61805015
61392636
61603285
54627534
12660818
11993592
14833240
12932292
63116185
13281636
13129669
22347279
17585882
60803468
12311395
13010788
18311565
56954154
76968509
65710089
9831054
13039636
13803630
23596586
14767843
56144806
14870909
62409283
13738730
16678496
61758127
12220386
10434845
56553042
13601407
58617591
12115124
16321204
9318964
59604912
15058402
9946643
66998574
66648525
55600865
10112558
15430213
13929548
16336839
59892089
8335038
12577713
10727915
11091850
11651063
11153421
553353
2326432
55193274
54591641
59506830
57483812
54268613
66979304
17957931
53102281
58350719
62064539
90862829
17842442
58601183
59638548
71037150
63347730
65459811
19767436
56150056
60017002
73137848
54086456
15074638
57109740
57354126
70332580
52978766
58499482
79183172
18846615
61027545
64708138
63222172
60195780
12645446
66843916
54341726
78608409
52377600
60095140
67987722
61158008
80673948
63850484
59354863
62260598
58852926
16253467
55712971
75314132
19257727
60891520
14478988
60615987
15198405
11248752
58684459
57513876
61326145
63185290
51937948
62013705
63475677
61525263
51317299
57076730
63311935
57604867
51916375
60932707
58688060
60064189
55546606
56003671
14628948
55216219
19865440
54292084
62781938
22203384
62113053
59500732
56095079
58884624
62114104
80025215
20784445
12792906
54343248
65369810
70769880
70136205
64574461
54376122
63739966
64309066
50583273
56153794
53964591
63522978
61481976
18905192
59622779
58223442
57224920
62579665
64429987
21623154
74221975
15771958
72134108
84977005
69016550
72092077
73450298
64807979
63986196
18168970
62762989
74067864
78790913
31634103
60591143
67651799
20878609
30395404
70682096
64875409
64668100
76707643
63655962
74012336
66950972
12681314
63191450
58076441
64779299
63257814
59461623
66580888
73020985
61998495
63748949
68899914
58338732
71736997
15343471
59756705
68413123
68826919
77451564
67366393
72439827
76143571
17105668
59877504
71135010
67192785
58695997
57105897
78746341
70564659
71966547
65715372
19914354
62989348
18165067
73580586
72737468
27765958
109640514
20498417
87616063
17871611
129868693
26942187
65415903
122538079
25638228
58579193
78954775
18043989
59575630
70898544
59817874
66428557
72176284
21516796
76446913
11809959
56025487
63414050
57383033
87893116
67450786
25723305
57342389
71973136
54953223
13822051
56807277
78365009
55397989
62633630
26560152
5934933
54681609
13022494
10271778
90346185
62258482
29923373
12303161
53135083
56372814
74185555
14393718
11690109
35709000
3295447
8118890
66468331
15733427
6034671
83521872
68331999
42204740
72186014
11185531
53526914
14566628
71895347
6971444
69039531
71158183
54531950
6698195
53447355
62005831
9478445
14565577
13812368
15848689
11182725
81996527
17357158
11254322
87810564
31740578
21288722
68873415
68848250
71632831
88223403
72212746
43242364
15958044
56072290
59827447
61003737
54656556
68692706
70578803
75011707
17672161
15707819
103831600
14282710
12489643
51547311
75375668
19331802
66655485
63307327
83433430
95271596
27569215
64175073
62741851
52984041
72361776
22938019
61302283
64322840
54186484
69067819
16421948
56938300
79618780
75896318
77748390
28296320
63901329
64999932
77493127
78599260
20288919
61828756
61334893
60505743
19919179
63754249
22777274
66444528
11779595
80495439
39269153
76335394
12593641
116262595
13932325
59576118
71773378
72459771
70529570
93932820
61930970
34251705
69071866
59847027
64749201
42586186
78628115
32885897
98206935
65154034
14833690
85422346
21760102
63712475
18334231
79378415
93846652
90933469
25626392
89551146
42019664
77466496
81549444
15599717
75714952
71377555
70408405
23031795
87839146
80984855
19604933
80492838
22375494
112847709
13256000
70513927
58327911
29948084
75059832
67944771
70141891
95867949
80319311
59635369
73925549
60951615
76946487
70559167
80052636
84670906
20261898
89444545
39822832
74635487
102835485
18731185
20209616
112386275
29213040
67177780
73956332
71234320
23360724
73931545
81766989
98151537
39794301
65190785
87890946
17551183
98234380
40220826
106537564
6925902
81247466
72736243
69748517
69981038
88062817
93609155
26386135
76592264
26113650
124510152
26783658
68959957
18879122
112494473
26919841
98502556
84604066
82521154
29268626
61599097
25561410
91025102
29979946
51215861
2626458
126636880
12186136
74499564
126736556
5842288
109874144
28322382
87449294
19449432
65132740
79763232
22671630
84098674
117099255
20323447
148088093
14175453
199865951
13658474
65773292
121177158
9162582
92680046
66153114
76512895
85326229
23333399
81693307
84124638
42700489
68716624
92755226
78560870
26634291
77622488
74803672
68147481
39280244
87389466
29743172
71487729
70175220
80397048
39287430
76891144
13169221
87059332
28546179
68135302
84691280
71024713
86704371
71484765
77062085
17437834
78753117
19592552
88543929
19070875
72885956
77018493
73818504
21489994
62427912
77292385
60992539
37527302
65195184
82224504
71854952
35222244
73041919
27695008
60399728
65264527
68101825
83648477
76154569
73756716
36283832
84423658
25030353
69576334
83070686
76389369
79394888
80508640
74584414
77790340
83271050
45573731
65064018
24755487
72431868
24217141
20695805
74753595
106128333
26673034
69149707
77370607
90726265
23026930
66669206
83337594
40087469
72863844
83828932
82201565
81183827
67415913
83185937
97005826
20364654
66233943
101203023
28351641
18015450
117094595
27252303
84638780
84602915
26384059
74998935
70590749
73487497
73917465
24354113
72874653
27312008
108583179
27635441
68011275
87967243
32344878
64406170
77806056
28488416
14362987
21283423
69880130
32822239
32018136
77857887
24068678
24128204
21679831
66097747
38216589
27974823
21312943
76102702
31195120
21305003
72544962
19873474
25895163
94951274
81067929
35883737
17293231
27440500
80784220
29617904
75075021
21875598
52521400
22984973
80566920
78192984
27553192
27034562
32003530
39650740
1935899
76404480
70806622
84335994
91022154
42011838
73333162
76756723
65125605
35067719
116536626
3107284
18849441
104769474
77927077
76753552
26041465
39219560
89469484
77993863
27383167
79771255
19737249
15184167
83924120
47193102
63736035
78113484
31248425
32076680
25416551
22911088
22684293
18534354
21276064
76502336
31555621
40171245
20527891
42501355
27972961
14163959
79653651
26028026
16912670
6917036
87863410
52695597
89777834
80934802
80752489
28029186
22213308
28527351
24592974
97166044
22356640
36438909
79026184
10701443
78174651
23736209
26879869
30170631
27990062
84482688
87956520
88768134
35054357
80739661
36740089
75561061
83015418
18678045
27069567
22497775
23774840
15434190
75999507
22862426
99560136
76474934
79724512
23997242
41851604
83428479
46023359
76860509
74809297
25827328
96389753
77877135
17799487
107573647
79466807
80634596
24683078
24321434
22333567
18982034
75387996
87466597
12267948
25073096
76401437
45383941
91203123
84275512
88612678
88632737
85311258
27621850
69027201
18151848
26525868
29704579
75780693
17788430
85461462
91708806
77353565
22785200
26832074
27773812
33389467
24547540
84685538
20068184
90278572
36098246
39825380
18094113
32326983
26990458
44580304
77651269
14464610
76132886
24773194
74994384
19626147
23431354
17257153
87647670
80952215
33316098
16193191
85304301
125820163
23321446
60087698
71972385
70483483
25059931
67269442
14943923
68395546
13128913
26724537
80352701
27093219
70663618
15357478
14241012
2648446
101241854
26843041
62086254
25624424
77109468
75159592
17486280
73113526
15657052
22406286
15377138
23019893
93902105
73785052
16227075
16505887
22840304
24426098
19762205
74876395
29615996
11401580
83374387
4218963
24610769
86259417
82031222
14809810
24830676
30693556
99039875
39610874
85934383
90709434
30469513
81209704
68691053
25267782
23569273
25384378
16765490
8271007
75601912
36898826
26217712
81915015
69760680
16768599
70198881
85923217
77484168
80546574
24422827
95299538
15323086
77572792
21277041
22008006
26548466
92622121
26572642
26018320
38613614
88160597
64150076
71242513
45387185
2534021
109277182
24653953
142129714
28742256
84227575
119577831
2573658
81444228
76641594
19552774
69892703
21271995
28839093
23486013
29320149
23690334
55066329
48745560
30727589
73886695
79670817
84317771
26343949
95589434
79366234
29932371
74003002
77479122
23222782
26361179
35028331
42656662
35496236
71244902
43145167
2531095
65269734
93774963
79096617
24174255
67533599
28419560
132957153
16753615
75946603
37139546
86010630
76732070
31077960
27712104
27657336
22683389
68982394
19098029
87894321
29048719
18791814
39004153
17893884
21101743
15539596
20600577
29545459
22257228
25138694
93180687
73879883
38072354
27239113
92412060
84971563
75648240
17721742
47699823
79317730
51747217
90220090
2044457
2340167
74530912
26117002
68957955
74710095
81828761
81860299
92710512
76560600
32722325
35325880
86970240
30094376
71191289
30108641
86832569
106498328
78489364
113635802
70663348
25628881
128626240
39393910
74634215
79028222
53266416
72880819
80746266
91738741
36907771
81105461
2645266
3549746
76579912
81132102
89076572
81096890
84722514
46568264
83180433
39048012
2393542
80192355
83477130
38411943
77613203
33063500
79072198
73990260
89837400
32729148
69073022
34340363
90825995
46185826
97525919
11470412
109219305
35921008
88917124
22590976
69418791
109137316
23388124
114139333
16435211
75640586
35180620
66673675
18871890
79170354
23659215
24012548
89835537
28454413
42630774
68157568
27843108
40582735
78864390
34313022
11924749
82951488
25614612
39938805
76618558
76594970
27443221
84286520
103883522
33122846
70820343
90822850
99867907
74731686
122062191
22442422
73896724
26669904
112162702
40931757
132642929
40287555
77058327
44031052
2394145
120462175
81275203
131691313
31348047
137501874
18717097
66504725
144702662
15445150
131709630
19803609
89865694
74916599
37485947
133205243
31471823
39606283
94796951
30432483
164674478
15639414
70352234
2295868
35112267
123207153
87265928
42092272
103337440
39721406
100092774
81636252
20555678
115819737
30457947
125979400
32365751
88047749
82843791
69293070
83685017
81658114
51660705
75940718
81653749
28917896
98033145
82747277
27901116
121974997
36118796
107548160
24256434
141813967
67239270
144362708
38076856
181079809
7476873
75206194
102002006
119883444
11028128
104996652
144280415
25857625
141548474
40830370
72931694
85455518
135534736
14743002
147891569
14715211
148036070
57854429
148395970
18803956
62268498
140497620
41732665
153622374
24558265
145601342
4077544
128311939
36187591
124648504
70686743
94575230
80583021
40515783
83067550
79168499
77925858
27631946
30804243
140862917
32642917
121849981
32624972
100512607
35844354
117662577
24021457
104254860
112216618
35025590
157798185
13128951
116727948
17025751
134363674
23263836
134979745
33129475
140820331
11975711
143063621
19981011
124933156
18119241
101826910
97796101
23924068
162430298
12849435
73826708
79813732
159371395
25032512
73279703
131533975
14908280
106936120
81609192
135625827
33744441
159564421
19798863
37293435
146911126
58847917
4039399
64069355
178212795
28668498
65099723
133708053
19686753
143855892
14161689
108192674
67374664
70315153
26440532
97178372
26474468
133013782
53803847
180541958
12159470
79074795
108692206
23604669
82312604
68632609
76532433
71371191
82951990
93064887
40702082
64793062
79748158
23398583
76879496
33362669
84562328
87149920
35187693
89398535
25783948
23180357
19502120
21025636
78652213
24488174
90519781
33794917
30664800
23275613
70074589
21391075
65119607
57310597
100934668
28791582
60838162
81885901
25094557
41738622
31847786
101219028
17762547
86864953
90876885
119650159
35864084
133434100
5280872
43697625
106289392
23772297
86682824
21889376
104937237
81170826
85920670
71879760
89297988
157160765
20460549
86241408
152624100
4457026
149948743
46567116
75789546
129268232
76694829
41321843
103801317
90152717
40983398
107507751
30682744
114020335
67632295
134523727
22257979
170617547
6926298
111248746
73505013
130051265
19427340
136643505
29704772
178552130
21037002
77580385
74166367
118185392
19743053
68874453
23196707
82043663
40216288
64193243
115783199
37061645
4230887
62298852
22470924
99692628
123762694
28453333
76578028
87723373
43966163
113538631
29227326
124116050
24288520
60118126
64833286
85725315
70392528
69948888
22476572
83465478
26816459
28081955
12744374
18906977
18507139
84414213
22969851
21980167
23816308
81002088
19369186
24147866
37225475
4699631
69527374
36308646
102030707
125514095
22430640
126231277
13193920
119155176
23491166
68895680
72552580
39377498
73861921
37931072
79782071
99389763
56819225
122944008
23561274
70987003
76655824
15760920
69207099
36152152
80505851
68276279
20804918
27885266
26118167
23564803
75286829
84685260
26466629
19899932
111875782
97022797
92307568
25037874
74544830
24286316
88523515
82042975
73183889
20965782
25453028
22793993
31448423
19300369
92078499
21526691
25991867
25753823
15810733
87721554
28088980
28650753
81140787
35248012
93083350
79521887
19221182
70352600
78678113
17770096
24370800
74576554
26642933
18775706
81006998
16589703
90540159
14004921
12008701
98554408
29188729
31659278
27765026
33049375
18009584
81747396
29889128
82193219
35092688
92284602
43986279
76805989
57048648
78671318
82551872
72156450
53332768
74901587
19531767
44141531
1971636
4528984
76124579
49522281
98787247
92755241
38209103
90712558
78105168
42592534
73234764
93645477
39037208
66555850
68615024
36868390
66847270
27030873
63747695
75408736
135986446
14882791
106616831
32389915
100730111
65246245
88595384
38030315
64676566
73027894
31044778
70439049
122912417
43215247
78236906
66841495
70467474
14580078
17057374
17214821
40782578
17885515
17425344
66488649
17159510
20016591
75119298
26843631
29295242
20850359
74178791
19401818
87379080
24989959
18364462
20358928
26083076
74046568
13119006
35387618
71438857
26120329
15849810
25643429
21878728
22611065
90257179
20901865
23211416
64647491
71726134
20765084
15412681
9358364
19459153
37104419
66780964
32224177
16832826
21150317
22285676
72932800
21770247
86596086
27433061
94262250
2023640
66282594
78562996
18061198
14635101
17736172
65613209
24833863
69694755
20688736
34559280
68213701
70420405
19569669
61306431
10524149
18080638
15855288
14771984
22379867
73758741
9265306
13711995
17485845
17874902
14156680
12036428
71938017
11084410
64039367
15690745
20931088
13856681
8446288
73344247
18356623
81521674
15533175
72075603
9069921
58790238
10496284
60367616
11022354
24366943
68969502
15790183
7711351
13075936
10489973
5330027
7139385
11436598
13265808
77870027
65626114
6899424
13992131
16951973
65215726
67948661
58600046
16703033
9253629
14780206
62187352
13461910
80699706
22517592
17285714
58240286
66321318
22090116
12048025
71086087
68694459
17864209
19528489
18022839
17470656
12800167
16180077
18769114
8063301
13947258
14401532
19797852
8836691
19973581
13399186
60673070
13283744
13022158
14016963
18003334
21407158
66691078
72654364
5896012
21542667
15920572
21144809
10300947
14687342
9264027
14867266
65281959
70474166
21915094
19553093
11616195
11920036
20357248
20182114
15442793
14534433
17353822
13484718
79662311
74032754
19005301
16820772
19000963
13411266
14876028
18847245
8262886
15960800
17462425
8210983
10850851
8915562
7330538
14114791
21521403
69352235
14586090
10733081
12234912
75569924
5418466
10688062
17347776
12188527
25734168
18674206
9577041
77120731
65751281
69954553
61011464
27127591
15259436
12027867
16526658
17598620
60011246
14802722
28335060
9613124
11492662
17596091
10913591
19121235
64370571
18792183
70590658
5729995
78946044
22432041
20417521
11879621
9831412
18683092
21953247
13970870
31476097
7772732
18604527
13918714
19576485
13127257
10744838
13238781
10461238
20330232
5478194
16935236
27820461
16429148
11324426
15931682
10855589
13754823
73446657
22319843
15698286
11857154
11767069
11427093
18968441
18643806
16386991
26123293
18670955
18245844
10401926
16771166
20290998
16161716
20825776
8606909
18018347
15006573
17140882
15502136
11348831
20747177
15082904
19291135
74185864
68870433
21106141
18745923
18462545
26639592
14011478
25095644
20924329
16633360
23051480
16557960
20047067
24186549
20145424
16923390
16818059
14535362
15170265
13326869
18662393
62092364
16208305
9264871
59527670
19690565
17612944
12604280
55498750
57916185
17396614
56786151
10123379
21366027
16783498
13862583
19012611
21398846
14689626
21358026
14092973
59014523
20701419
21988617
11522111
9067812
35479949
2662149
62652803
60789712
70960619
14573896
9130650
16519014
11962133
13659321
16711796
11454026
15153527
10668883
78446325
15830007
16598183
15309995
60780740
18910531
16593947
60215755
14786483
12317715
9870657
9997702
15677628
10497696
16299155
15690477
10486153
10277611
18475070
62189362
15509512
23414839
76579957
9123343
15916025
24414534
19491948
75557149
21704044
16364552
6413487
24777585
15257214
14039885
11208913
9329845
28394504
16777140
69107049
17545108
20830410
18765954
17745472
7210529
15783510
11908853
7362551
14789229
17747325
14564302
16196106
15394597
11224699
8463406
12803603
13608624
16462255
20880501
11664971
8794491
14730206
10183680
16869807
34760932
15073533
24646561
22010593
13376929
19325559
11661382
23289042
19547937
15027189
18496997
16144578
9398373
10528620
56666567
60169987
17905091
65812250
20047199
9270895
12549630
14954602
15278790
15479207
8412232
18053450
61288978
13898652
17967366
15781429
16415373
18251105
11314430
12608495
23476356
15508507
14407991
78383349
15394036
19223040
21533771
10471979
22770238
61609241
13003473
20519857
15699628
17089423
71204788
15351073
10423202
9730186
24967030
65796366
11725616
24070161
7524555
23699683
12450116
10160158
5498300
14322475
63577683
58419047
13480029
12133096
17734473
24781631
13561892
20056019
17709104
15624808
17732580
15852695
18428257
10162183
17026323
11627577
21085767
16438901
62550279
14593305
22353293
76868966
14889386
23022962
65519035
74606444
16727582
12092609
20191135
11439842
20556285
12644832
14214062
66218918
9761159
73644454
18316575
19409338
20980886
59613558
83058604
15461372
18001736
17539987
10814132
57090799
7686494
14568576
9955105
14591628
24770810
19498508
15543225
13673118
26593068
23762160
27089567
19907357
23301095
17660142
20586176
88555928
19894500
14342353
22974443
25553571
26927789
66827936
21267752
12368512
17009708
24813322
62409698
12631612
66036818
19724478
16635147
72111223
20766140
76755656
17709937
22349589
63859388
13006895
77503335
18909828
19589202
73363820
19095941
78086342
11059056
25589636
17549575
23816979
17726010
64393227
25999480
63405579
12866714
11292313
30370578
34659952
16187455
12218238
71922975
19290376
73892242
19868745
19825701
18522570
20763895
21170909
13503989
25034990
15949191
22561496
19463355
13090548
12010867
20303125
13252636
26978401
61905493
28272285
18071264
18890982
20850440
10644028
18636921
72194183
45090536
23521578
21894571
19546378
18230494
18862749
24419966
10969790
67052289
21376352
78995895
81845892
17441006
20785856
13971212
22545496
24085905
13891293
69243664
69322517
22102071
12003876
59208997
20156613
75725162
18147144
15731575
12952245
18375529
8899571
68111065
33667457
75291010
9252163
75784456
79678675
22252652
73593001
21825921
21945818
63405093
33759380
26853687
19774894
11297368
23741427
18309688
15420768
16673699
19057033
66430314
18793180
13897675
75649995
18190506
72670703
17596700
23636444
20073191
15065109
14774808
38310370
75832383
18511174
1619801
3555386
66981305
16920344
61259750
22845262
20975497
16246802
20655337
62098943
12398420
16574662
17156675
72996506
60871070
24291937
20171461
14190766
21446183
14461209
20426181
14267052
27975627
23931425
20025471
20424304
15128805
24126886
27490639
19420175
30999515
18916380
8351107
73191497
15909746
19110178
21652958
13636324
25835372
18419869
15468796
62002702
19429462
25174248
12266029
17031974
15117776
29342011
15463203
10748717
28683094
71130231
20304426
22711152
68987510
19263101
21724483
15265464
15592025
67841879
13208093
19994569
17738654
10946200
24153277
13794009
18106329
15577362
21268964
18575002
10352839
66816018
17669560
15857794
27420733
11421205
73259901
17481482
79240098
12763703
25319948
64520744
11668388
71060350
21515671
65178258
15729773
18503128
21418854
57806833
16301949
18119556
17362110
19413282
17350597
23877037
18547672
18369018
20770993
11308806
14252168
14155106
14723570
20975598
16434489
19050195
61499573
17373349
15539292
62116491
21620857
20831829
65484230
19969112
19550871
12490369
28960794
23341740
25572167
22493927
18191952
14512525
15524900
23263932
70896034
19325155
26898072
68012729
22342452
67975937
10798664
21727565
68674140
73248190
13680258
13800662
20516262
13207149
33721724
67109066
39652584
3616872
65053437
72826519
18792884
56608109
71556579
59551492
63295695
71970769
57892509
64403555
64865716
19475338
53782058
72484586
61568095
56738456
59841554
59109050
58397017
60498683
66444947
68186749
24718921
57366347
69116279
22571139
61471505
56940099
55907622
71669931
36076451
3997664
58076931
75470768
17497583
65671422
41951928
96455119
21585109
106117076
17720373
61750338
18599569
64877783
61168995
14973572
23584704
23462636
80430975
16008575
16727615
97947962
54563382
23402533
19423401
56356868
27209880
20163648
15827379
61202222
18299795
20261471
70243331
19711808
20820337
10306926
5833000
23354862
17093062
78694523
18896817
10996018
101641863
61327987
18306560
18826718
10986952
14636509
9849622
22090591
60652223
12904658
21386262
13278630
24149047
69273220
27035197
20110735
17115079
22874761
24280257
14896499
17946982
17176181
16379480
69865960
18849962
22912308
16899572
19055107
6905047
18349852
54518330
16129601
19195135
16305299
28976316
17835258
13513380
18369877
14236697
20211289
20765933
15055410
28177922
15889985
18687277
18167798
16242138
14637540
5171289
17419586
18407599
19757510
22149219
16461449
17136952
15920107
24245924
62844352
14275569
29971010
77270400
24061019
13679135
35764956
13185817
20936667
21879386
69057679
26960466
63541263
10323948
63472568
21344288
16831583
17231765
29843420
75042409
14027797
21712552
18688736
14303973
22752630
20225240
23908787
1331572
2710737
107602151
67941914
13381657
23779027
27312174
14817420
60413257
19749665
9034926
11693027
15239656
13540290
20452175
21459363
57729026
17414366
13305135
15877584
12392354
22811048
20289343
22704535
19083602
24850726
66876620
17833499
17903731
10528886
18831459
20516035
16089952
80258869
20763226
15788285
12334527
17474810
19402332
18080780
22918616
18458608
45477074
19452169
67150302
10786206
68833943
23014645
74208659
60980991
18554148
16452834
16389875
18967334
12075639
9497020
74521643
13628134
23151898
70529658
16972477
5469487
73422964
26850931
65076263
17288748
19614530
18566557
11971401
16944216
11692556
24192726
63896930
15948179
69430972
17799596
37553751
20089567
18607195
71556961
13918753
18941607
18353463
14707502
26208431
17100725
19019016
23071314
19619623
16031940
15648967
14327100
13885503
20880835
17848749
21857493
20874680
11273598
15055643
17347869
25904315
10785073
21580370
80959900
16212443
20930982
79327537
12830130
22353793
20897735
18900549
13749426
13344556
27137357
19580883
11316315
17665261
17280340
69642045
22120123
15643173
14062295
9537007
25739518
67143136
10181430
21916280
70352755
13012766
16338010
15843710
11397495
73328737
77539180
11744034
20435264
15140253
15548362
27459706
78154131
12190209
18435396
16002615
27644402
64584089
22356877
14865286
75960879
19770075
25579857
70252348
23868242
20597709
14411775
74733225
64957732
76347282
22101759
65907922
62767638
20457040
34908456
76145709
69379396
23280871
25454311
69374205
17562571
64835918
8419611
21615276
20590734
15041058
13981713
72997252
12766283
19340324
18612831
66728194
66788922
19727202
18386051
17003698
13938662
63375104
19670431
14268898
63972085
12845237
19582264
31350757
10000742
35002482
15133305
21006246
9135254
69284241
21046572
20745805
23550031
8510327
9223831
17070061
67843649
76339832
8169090
21120764
10410539
24823697
95982128
74927305
25977818
73346205
17833806
10721932
6586346
14530074
69382437
67187910
17717241
22268966
5725862
17007611
4325665
9617363
19467815
23761696
19343803
16801135
15224300
15552521
16967360
15432595
74037609
15380363
17024172
8313616
24624900
12847849
11909295
12606652
11798491
19367546
10390217
21089652
17372412
6592760
17748495
17629978
23775192
14142704
17643307
20753822
20698774
12870402
30815134
2872148
75916813
69889535
59908127
24879818
22382947
12232815
26998356
17045051
17649691
15231648
20411802
24167793
45978019
14888347
27546101
30585989
20067583
34825762
13833930
28070673
22537198
12749061
12930853
18578978
19404546
22698076
24196811
78625560
25035774
15986888
17573219
26124323
16052572
31311615
38856608
28605993
21055263
87826337
63928860
20985130
22591318
21480793
76187843
19375808
16641651
21573863
20796249
43064628
22497972
23282899
26453097
79702064
79096020
30741555
23834950
60964902
98546179
32363088
25971980
63128340
32926511
105792869
76404791
79590686
70658500
23027914
25148519
94915607
35819202
93285078
28875339
35843228
78531251
102996208
58667861
88038801
78913501
71510716
22601981
54382287
13946824
14886907
81340028
16302910
12901988
14464853
64345539
14210509
70942298
18522613
33434972
74449382
72608448
75265304
59882649
14300975
12601545
74394680
11567356
11021978
10710958
15944108
7938828
69665178
74317859
12082049
53199394
7328487
12765279
10496374
53886675
9280483
58593298
14420420
21955252
15887660
19362810
21808446
10525648
27045319
17246132
60708672
60161220
7182125
17035290
16076985
10104282
17449620
17889255
19984786
69180354
15544358
72711367
29743889
20200637
24904588
22447283
83608430
71652545
91358174
26170766
10247903
23284128
12712519
14280263
19470567
18957691
19450469
22216672
76155934
79825951
27627082
28776859
14496661
17613150
23486121
18462972
13910827
19353691
16431376
77125560
67637833
78679969
23479571
74443095
25318604
97695046
71752736
26252744
106845678
48656919
103598951
82830024
70286387
68403582
98097059
68830756
94049600
23392232
30350376
26987082
19447667
21312071
18261101
12940492
13099618
26170680
16694986
14316568
21632826
24257591
34549912
22396947
21784163
11058563
87181010
82958956
38925798
76588407
18151487
85233549
38052662
21959499
21649739
75534838
19144256
24537343
30654760
20759764
19716289
28994120
108755591
18222169
71119212
29717778
5922964
15739949
82165608
18231062
28189328
7061920
13426561
16050636
18952253
15658536
10183980
17845034
23854411
73573152
14138956
16787584
18393861
16939207
16596598
14309539
16746978
16558503
13256802
17217384
18290937
71230466
10820415
18920866
13728434
24475052
15186470
19317551
79482785
14624971
17493757
18147957
18821983
31768947
22391152
15116749
17277816
13117106
18174622
16210831
23027609
14669209
25174040
13660035
23285676
14716062
15278962
28856910
13715866
12608330
12732649
11882281
13727350
13709771
14725579
11578101
11369930
23636455
15459546
15156776
13984266
11268762
17308593
10449446
15799040
13781823
14401698
12056617
5381783
16618482
10966730
17454036
22066523
12697001
13772931
13484754
15419460
17452636
14727786
11998090
13545741
17098471
13971664
11145309
10973663
17071495
14274298
21288970
60882269
15809277
77888706
6030249
65522119
17510945
16715810
9775716
18110795
17750221
16590711
19246066
12281244
17985648
19906765
12468488
34477709
2986045
56003806
67498298
58708219
17643532
15495033
15628593
13733394
15900191
13186223
13148048
10915042
13346609
10303951
12029791
18156889
8409028
10151666
9982758
13185225
10567968
9666703
13657750
13654978
16116597
11426230
11597296
11481607
11387270
15241655
11310637
14552563
10932703
20094139
8902370
10185762
10248884
6703232
19488927
9925351
14033229
9302911
7193632
13881321
11887756
13724186
11071083
11964733
5696886
12603214
11804809
12599490
10470979
4034334
12684119
12832573
5195904
9876752
12114718
11463440
15389968
10042823
11924825
11838835
18547654
12147510
10005643
16379707
14971004
10347478
11177972
11803439
9870674
9313828
10507512
8299825
9568327
12797884
14975307
9390191
10477106
10128743
14770287
9223943
10575799
10817011
14561203
15343826
11844609
9367060
8469893
9431025
14005795
11586931
10341864
12465441
10400059
13256814
11951607
51037957
10898595
10719061
7446543
18309294
13817610
15474813
12612360
11837824
15605562
10175574
14089962
16127659
15862269
15150071
20725065
11767182
15134225
14061974
11240090
15970626
10879440
9352606
14148892
11240231
7137281
15388102
19484371
12260339
14526072
11250117
17892368
13112434
17011798
21481099
17524733
14639718
14254361
13711824
9249440
13741448
14913048
15231431
12155613
14896514
10501787
16535833
12606853
16848301
13680380
8081684
11828465
12934790
14992502
13434835
13013890
22687743
12898251
16315412
12531766
11513521
14287064
10989104
12600220
17049692
13332262
16637208
8584195
10402078
14309052
10967069
12788285
16725687
11130627
34814525
3425826
52611644
59588442
14887739
10471240
17505819
14890052
10367770
12598727
15726511
12557939
15860325
17016684
12319283
5362130
24985204
10497030
17250420
11878513
12250768
22678000
17703566
17566795
14606145
20974630
22499189
17116719
18579214
16870564
14990814
18259148
8393007
14081726
11479642
14481061
11784543
13399853
14201000
13523617
16078766
18888842
14930238
16296458
10152230
18108404
9775992
14144560
17905578
13569034
9720092
18179567
21941036
16095869
21408496
15147931
17454718
15364559
14421655
18598693
14430538
14261611
15137567
14880652
11130242
13075951
11261777
13699893
12208218
11704121
22063676
15598044
17133366
8174805
22203631
11473458
14867471
15184237
12322213
11322074
15512920
15361066
22104705
17252907
13438786
11852499
12632801
11948968
13160114
14171727
15599576
15039859
13396370
20292550
8921086
29735883
5257178
49814895
53908779
21187990
15518849
11462541
15044074
16769470
10645006
15866956
17993805
11255285
15937133
16869945
12758675
14270376
11905321
19619661
13182501
16750024
18507234
13800693
5225407
14243037
16769949
15383470
10027322
15253104
11103602
14952116
15068363
15933146
10851140
5090189
15064887
16136733
15317569
5874495
12677518
6815135
11062852
10087100
11539249
13629225
11794245
7872682
14028224
11128226
14138752
13758858
10036473
11637322
12115855
13868815
13825561
13848009
25644095
7583331
10870253
7263986
13247851
15752475
15802536
13099275
10444675
12978219
17652784
10973045
16172175
4781322
15103276
11748630
22067678
7314723
10820649
8941518
13646567
22942288
15410568
13502429
12326498
16408816
21529550
14240381
11181853
15647821
9877611
15437700
10464709
15938562
14400194
14170652
16776783
14529564
16768685
9812615
12217873
19103291
16425233
7791739
18164880
19381228
14144786
5575276
14902919
12959649
16348339
27400193
13013255
18390181
14007281
18089699
16407212
20051031
15788866
18400377
16821301
13104293
62637724
16030764
12687091
19238453
8619810
13920745
16489445
13111560
9489790
9410899
12403784
10044893
20637768
15007865
11348805
18701983
11659593
11679370
23227530
14495897
8018489
67875096
25592282
6583736
19030191
11480985
20962401
21980910
13949846
17824874
18095884
15380019
21335231
18544577
8941917
13898477
13898534
22507663
15606729
45408170
17728379
16011272
16754669
21399270
16567030
13818034
12105442
13573731
78388746
62115465
12717518
15977984
13509949
22324366
7103017
16033101
12290760
18555734
20231381
35271971
16387504
11665331
19470503
10537371
12755662
8656305
14994158
16803004
11775413
13151627
18437248
16263754
9033196
20229314
13040739
16427410
13615172
10634604
77204180
18346854
70334815
14237182
23977770
6970860
23906106
14460895
13709515
6767196
14335207
9286119
9809382
13607156
56701960
18334505
14131001
12107199
16745439
11840117
12788736
12434940
19375555
16070260
11422080
13760010
19388305
16769338
17369480
9283672
16330996
16901508
13950910
12841523
9634660
10399498
34341126
15477042
15991643
14666680
17309082
16668062
5410561
16188567
12458880
20468837
8058429
15183614
15515275
12780221
31489177
11082900
14528696
14368629
13903600
13689579
8627246
9872072
16275175
4792286
12253182
14567164
14266426
9295084
7552192
17853979
13764192
9035491
35705060
8943136
6613697
13023977
13131960
8876313
8787469
8051636
8486341
13205271
9830098
10183718
9946706
12187162
9978940
9800814
3716466
5378010
7743388
4384435
6922663
5902698
4127794
9186468
6228245
8823026
10067750
8337107
14450278
13457691
8781352
4652373
9380554
10162634
4259721
19362860
13550990
7094990
9665401
12468603
11142124
5285713
9327747
15918667
7586935
10485745
5073996
3638441
8927086
11093903
7316118
7185218
9624300
7641991
10936813
12432463
9310875
10580608
8751633
6014919
9793294
6034949
4821538
11927779
8382565
7332427
6328675
4950813
8729894
2448833
8407955
8276020
5518988
7556660
7748803
6668375
11555894
10097963
8752159
8547117
10152028
10565411
15270590
12791503
10774413
10661646
3871114
9752328
7658084
9908594
8509874
8441724
8442343
8194541
13144310
10101336
9986326
8958193
9943017
7501441
8779906
6474400
7653301
7328458
5505434
7169235
8733310
7384512
6968664
7075633
9028180
6177803
3900408
7852135
8333094
11479596
8194869
7743001
9391113
9305299
8201061
4937239
10449996
8037068
7007088
6991390
6965074
9327858
6493873
7158923
7942856
7821211
10109570
14790906
9446498
6840610
2824690
10334169
6625357
10698855
7082437
10972803
8193036
3146967
11350214
10570396
9237926
8368023
8378631
12535175
9706707
7336991
8082718
6378330
5497293
5176748
13046061
14515632
8457086
7861330
8526791
7661168
7140825
9191784
7550905
8296668
17974589
8455599
9227396
6998332
9052778
7687318
7766655
5580775
9862186
3591708
14126738
4451849
6057111
9750936
3616559
6796182
2677145
11487312
8301979
8091296
10273543
11471793
9820162
10078118
6401042
9415938
8223852
6790256
7963559
5588280
11021047
5442080
9236353
9146873
7027383
7888738
5510231
9906802
6396968
7725265
12207982
7338511
11797186
