3894
3217
4163
4388
2944
2748
3032
5614
1832
3352
3450
2749
3081
2996
2456
2977
17397
3610
2413
3016
3519
2165
2025
2503
4305
4853
3576
3526
2887
2951
2930
3373
3616
2574
2496
3177
2878
3092
2035
3753
4311
5783
2748
3660
5816
3469
2771
3240
22759
2228
3008
4128
3350
3781
5224
2494
2913
3126
3230
3680
2676
4274
5134
2783
3394
2807
2781
3031
4713
3783
4464
3287
1325
3489
3563
3255
2097
3991
3665
4060
5138
5676
3510
3487
3018
2412
2783
5590
15714
3999
3137
2606
3990
3128
2617
1929
2644
3547
2215
3629
3346
3604
3689
2469
4016
3704
2606
7044
2723
3037
3690
3019
3011
2145
4317
3298
3779
3878
3046
3885
3615
4385
2881
2913
3398
3701
3285
3873
1676
4109
3431
3942
5003
3238
3074
5101
2941
4136
2384
2680
3725
4974
4320
3279
2783
2970
3752
3693
3271
3422
3373
4531
4716
2828
3371
13090
48566
2506
5761
2703
3149
3427
4288
4033
2663
5504
3100
1730
4695
3154
5022
4122
2980
2980
4347
3164
3087
3366
4737
5462
2632
3591
2690
2363
4496
4079
3366
2531
2800
3036
2564
3839
4151
4244
3159
3300
4727
2817
4485
3627
1804
3087
3189
3403
3116
3241
3601
2722
2743
5625
3396
2548
3595
3385
4156
3303
3031
5392
3497
3029
3173
1796
2637
2855
3272
2948
1986
3303
2461
3156
3555
3629
2916
2551
5086
2384
2542
4672
3746
4448
2831
4064
4655
3439
4524
3136
2765
2487
4386
2351
3635
2844
4101
1959
2887
1707
4667
4181
2312
1514
5187
2781
2110
1307
3266
5698
4388
3440
2288
2713
3555
1940
2606
3085
3622
2922
3421
2853
3149
2552
2635
2131
3344
2914
2682
4285
3646
3768
3281
2910
3372
3060
2832
3294
1952
3615
3229
5072
1286
4894
2168
4236
3221
4466
2618
2338
1507
2630
2665
4337
2884
3257
2726
4014
5564
4714
2806
2607
3438
2533
2843
3184
2948
2860
2938
3421
2541
2893
2759
3513
3186
3786
3969
3545
3953
3765
2725
3148
2330
3022
2694
2104
2941
3271
2627
2966
3638
2715
2510
3995
3342
2594
3607
3424
4610
2858
1138
2554
2324
3628
3753
4357
3869
3312
2362
3822
3333
4447
3656
3702
4148
6022
5528
3463
3372
3610
3343
4244
2848
2918
2726
3084
3742
2528
3380
2219
4623
3197
3755
4311
2613
4269
3381
2833
2975
4324
3133
2771
2703
3815
2834
2852
3968
1742
3518
3421
5298
4926
1768
2650
3901
2676
7488
2374
1972
3276
3963
2881
2956
2616
2580
3218
4932
3849
4460
3860
3306
3907
3218
3345
3079
2223
3563
5535
4553
3639
3560
2579
2542
5464
3285
3518
3553
2774
2661
3277
4073
2879
3693
3726
2754
2831
2543
3927
2423
3333
3527
3864
2617
4637
2962
3506
1614
3096
2012
5252
1488
3119
2733
5043
3608
3500
5836
3326
2635
2409
3132
2607
2793
3278
3705
2761
5318
3288
2513
2119
3206
2358
3463
2018
4782
2165
2991
2769
3309
5132
5548
3828
5120
3245
4929
6386
2864
3446
3157
2701
2550
2657
3132
2523
2840
4415
2960
3241
2597
1872
2867
1900
2809
3424
3116
2842
3312
1900
2533
4691
4971
2725
2570
2857
2545
2008
2088
4510
2896
3169
3044
2610
3401
2424
2828
2988
2505
4045
3061
2478
2045
3911
4515
3619
2524
4751
2651
2197
3012
4371
4110
3184
4391
5667
3085
3214
2478
3014
3515
3589
3426
2312
5741
4209
2806
2555
3224
2880
3666
3761
3055
2807
2639
3209
3264
2549
3576
3631
3377
3708
3893
2894
4722
2785
2984
2947
4126
3541
3941
3757
3402
2634
2941
3172
2902
3238
2207
3866
3547
4870
6014
3355
3011
1590
3502
2829
3339
3134
3480
2506
2627
3109
2053
2939
3577
2494
4031
3771
3843
4409
3211
3653
2986
2342
3376
3477
2656
3136
2689
2783
2921
2154
4147
2589
3304
1917
3499
3520
3182
3916
4483
5304
2719
3293
2044
2862
2733
2721
2741
3479
2388
2278
2349
2089
4159
3015
4893
2254
3179
3570
3460
3259
3242
3047
3269
3386
2981
2877
2515
3322
2466
4799
3781
3104
2772
2437
3276
2594
3049
4097
3063
2543
2858
4679
2556
3662
3828
3516
3862
3744
3299
2468
3574
4658
1766
4005
3430
3782
2648
3849
2992
3156
2570
2921
3228
1049
4342
3316
1919
3434
3353
2642
2910
3148
2838
3399
3489
2724
2898
2816
2334
2340
4807
3824
2840
6850
3052
6046
2477
3509
3563
2354
1918
1983
2761
3941
2957
3072
3989
2837
3141
3221
5854
3294
3743
5314
3441
2396
3073
3275
4787
3379
38035
3922
3431
7058
3012
2977
2624
3406
2799
3675
2495
3868
3653
3024
3836
2535
3038
3311
3039
6279
2676
3720
1789
3235
3675
2976
3151
4840
2816
4435
7301
3018
3303
3620
4232
4984
2907
2699
2925
2783
2488
3655
2639
2778
3102
2077
3493
3890
3941
4518
3415
2240
2919
2513
4447
5093
4208
2829
2993
3660
1919
3027
3605
3184
2258
2339
2698
2592
2403
4771
4245
2669
3365
3294
4176
5953
2904
3309
3208
3095
2503
10356
2811
3687
2436
2324
2707
2634
3339
2680
2779
2984
2373
2260
3621
3277
3484
2787
5372
2483
2624
2881
3028
3814
2578
2949
4806
10703
2916
2044
2548
2582
5244
7507
3264
2483
4614
3133
1937
2917
2520
2435
3046
2988
3861
3013
2848
3674
1750
1965
4095
2500
2811
2430
2955
2882
2257
2199
4481
5702
2945
2205
3713
3401
3487
3461
2861
3089
3163
1933
2419
3755
5212
4087
2563
2327
3206
4123
5562
3242
2402
5066
3175
2866
4778
2142
2804
3848
3795
3771
2576
4559
2744
2169
2687
2835
3693
5936
2844
3322
3409
3341
4409
3269
2605
3848
5353
3169
3457
2671
2345
4013
3649
3982
2949
3066
3125
3592
4145
3757
3303
2340
2908
2802
3286
2708
2917
3068
1920
3338
2544
2553
3818
4074
2461
3031
2827
2782
2659
2066
2369
2165
3257
3237
2700
2409
3541
4155
3122
3065
3221
2803
3046
3236
2434
3190
2982
3737
2500
3554
2814
2443
3600
3056
3701
1345
3974
5372
4258
3551
6249
3031
3550
5329
4175
2201
2882
4889
2564
2861
3332
3115
2935
3535
3012
2890
3496
4756
3476
2199
3927
3551
3052
4243
3527
2578
3598
2688
2604
3221
4435
3029
3029
3226
4308
3153
3660
13724
2667
3047
2023
3172
2855
2962
3362
3708
2714
3789
3333
2630
3519
2959
3041
2110
1974
2316
4300
2979
3439
2334
3362
4961
2775
2583
2881
3585
2622
3296
2287
3756
18021
2958
2419
18678
3081
2010
2814
3501
2764
3249
4458
4419
3081
2939
2576
3125
2129
1836
3005
1223
4198
2742
2018
2499
2496
2645
4530
3394
3088
2865
3104
4596
2615
3253
3444
4045
3949
3523
3250
2676
3352
3133
2596
3918
3496
2864
3111
3304
4536
2552
1992
2785
3543
13703
5283
4908
2645
1991
1350
4471
2261
3599
2224
2246
5105
3590
1770
2061
4547
3418
4799
1947
3651
3529
3118
5485
3274
3782
3849
4624
3238
3635
2635
3095
2974
2585
3661
5477
1756
3235
4791
2975
3481
2659
2024
2829
2672
3617
1669
2595
3048
3449
3013
3680
2829
2676
3834
2681
2903
3117
3337
2901
3982
3697
1636
3577
3030
3217
2866
3994
2799
3104
4407
3347
3068
2953
3745
4363
2680
3412
2669
4548
3353
3223
3171
2244
3224
2730
12230
3927
3308
3145
2586
4848
3057
4119
4296
3252
3820
1749
3359
2577
3298
4240
3703
3407
3759
789
3146
4190
3349
2962
4019
3636
2950
3398
3326
2870
3312
2537
3025
2145
3978
3688
5794
3053
3116
1881
13322
2483
3594
2508
4099
3124
2211
3251
3054
15001
3405
3860
1604
3481
3004
3265
4171
4744
2452
3350
2531
2965
2982
4591
3798
2464
2012
3506
3107
3216
4310
4430
3137
20950
3063
2418
2888
3121
3823
4630
1808
3082
3068
3020
2030
3750
2816
3442
4316
3369
3888
1067
2832
3219
3096
4787
2587
5131
3571
3215
2771
2813
3021
3098
3831
1827
3390
4622
2734
3318
2954
2955
2594
4442
2969
3440
2893
2572
3741
1309
36224
2476
2646
1740
4841
18100
4611
2189
2707
3570
1391
2412
4878
4360
2454
2905
2280
3024
4623
1364
3515
2880
2144
2672
34050
1336
2932
2163
1481
2978
2324
2182
3669
2709
4438
2846
2403
2719
2357
1968
4304
5528
2400
2674
3423
4198
1924
2351
3105
3675
3908
3625
2272
2692
3073
3584
3116
3271
2561
6094
4181
2760
3207
2940
3967
4642
3192
1905
4003
4107
2782
3896
3904
3319
4314
4810
3375
7212
2938
4339
3978
2227
2821
2847
4381
4381
4244
3383
6947
3364
3259
2726
2660
2797
3013
3391
3012
4590
3409
2706
2980
2551
2698
3054
2834
3122
2706
3390
2753
5028
2903
3287
2450
2779
3192
3137
2557
2863
2778
2903
3639
2004
4284
2687
2777
3234
3684
3402
3316
2977
3798
2914
1942
3670
2379
5807
3382
4874
2402
2213
2470
2748
4303
3172
3078
4113
2847
4333
2503
3438
2897
2655
2831
6232
3016
3128
4228
2921
3738
3670
3718
2314
4244
3313
2881
2567
3815
1958
4454
5262
2639
2812
2178
2120
4663
3466
4553
21288
2297
3042
4584
2801
1796
3047
5418
2296
3465
3933
3050
3868
2474
2490
1996
2263
3511
3793
2587
3567
2852
4783
2682
34959
2834
5363
3757
6996
3314
2956
4010
3185
3471
2594
2849
4959
2494
2735
3130
2463
3168
3313
3240
2773
4618
3886
4026
2764
19068
3296
2511
5222
3641
3403
2247
3456
3811
4324
4075
3012
3694
2793
2837
5741
2827
2674
3584
2584
3954
3477
2409
4577
4098
4047
3851
2821
3139
2711
3985
8031
5536
3156
3693
3019
3200
3408
3103
3326
4265
4500
2006
2478
3553
6116
3541
3182
4044
2597
3701
4609
3026
4661
3353
2770
3648
3001
2853
3255
3142
2244
4403
4972
2910
3009
3835
5239
2635
3992
2941
4003
4231
3361
3068
4108
2672
1308
4639
2473
3498
3688
3198
3452
2264
2344
2652
2815
3291
4153
3370
5045
3072
3456
2790
3046
1628
3436
3254
3134
2911
3173
2594
3840
2467
2732
1646
2546
3687
3384
3060
2681
4248
2619
3082
2980
3346
2540
3216
2276
3667
3081
3572
3208
3142
3293
2120
3238
2882
2646
1696
3394
3084
2941
3197
3537
1665
3058
3099
3767
3400
3714
3346
3887
3056
3041
2388
5325
3468
4440
2715
3179
2403
4616
2589
2211
1557
2992
3154
5292
2463
1496
4528
2101
3189
19952
1960
2927
3435
2684
2646
1129
2854
1747
1546
1783
1485
2337
3292
2722
3777
2484
2696
2018
2864
1644
3178
2809
2690
3632
2322
2929
4418
2602
3421
1652
2979
3699
1950
3273
1886
2941
2884
5041
3392
3244
3190
2036
3482
2632
3131
3214
3406
2656
2469
2375
2968
2852
3067
3107
3009
3450
2930
5158
3623
2454
2825
2493
3973
3199
2219
3970
3001
3151
3557
2874
3222
4621
3808
4446
2164
4326
2817
2630
2252
3671
2688
3600
5463
4287
2291
2920
4057
3513
3141
2082
2289
3941
3859
2878
4462
3755
3550
3323
3493
2375
3341
3263
3078
3016
4017
2754
3676
3856
2477
2508
2965
2583
2321
3060
2836
3972
2641
3707
3386
2399
6239
2846
2710
2682
2851
3270
3475
2750
2849
2470
3282
2813
2580
3467
3311
1601
3127
2590
2432
3602
2414
3250
3203
2651
2740
2718
3176
2773
3447
2568
2247
2641
2784
2898
2619
3388
2247
2234
2679
2852
2225
2416
2144
3788
2237
2633
2824
2925
2886
6383
1849
2940
2962
2977
2858
3118
3186
3163
2838
2088
2252
2418
2079
1918
3185
3561
2783
2874
3511
2837
2194
3046
2695
4919
2993
3730
3341
2709
3092
3207
1765
2876
3399
1866
3050
3064
1937
3238
3686
2283
2044
2544
2998
2323
3781
5520
3184
3069
2691
2513
1219
2689
2929
3235
3023
4128
3429
2698
2978
2784
3456
1091
3048
2736
2235
3299
2391
2861
2811
2915
2692
3014
2758
2273
4426
2786
3186
2620
2568
2541
2498
2460
3349
2194
2372
2854
2381
2766
2007
2745
2832
2294
3313
3067
2415
1746
1477
2795
3261
2866
2979
3111
2745
3046
2408
2858
4261
4158
2682
1284
2294
2998
2508
2602
2239
2783
2541
3633
3498
2070
2183
2517
1605
3054
3468
3415
3263
3873
2440
3118
3121
3568
2829
3156
2150
3727
2570
2776
2454
2362
2307
1799
2772
2389
3727
2540
2537
2728
2999
2948
2955
2516
3048
1372
2030
2558
3237
969
2942
2236
1325
3766
2148
2666
2589
3071
1757
3080
1245
3369
2431
5127
2908
6430
4810
3342
4101
3906
1749
2615
4026
2128
1382
2652
2010
3108
3002
2802
3339
3041
2784
2631
3107
2660
2320
2972
2184
3037
2973
3812
3255
2995
2873
3469
2772
3132
3165
3975
3438
2912
3001
3091
2338
4738
2875
3245
5130
2339
3051
2838
3439
4201
3245
2444
2705
2979
2332
5308
3173
3201
2393
2824
3344
5771
3839
3304
3545
6115
3172
2621
2729
2935
2899
4776
2971
3374
2606
3594
3271
2078
3140
3023
2919
4035
2798
3543
3362
3947
2315
2046
3198
2641
2382
2768
2770
3472
2746
1953
2519
3294
2485
2677
3105
2641
2688
2146
2200
2524
2773
3078
1671
6163
3165
3143
3863
2616
3384
3615
3162
3041
1826
2820
3190
2768
3068
2790
1616
3819
3374
2101
3745
3295
2985
4399
2300
2377
2873
4916
3000
3139
2895
2635
2698
3630
3424
3737
3446
2620
3501
2056
2343
2843
3833
3436
2457
2257
2993
5442
2168
1996
2516
4022
3146
2670
6844
3387
6811
2055
3010
3724
2701
3220
3911
2179
2981
4047
3367
4141
2287
2732
4946
2709
3003
4182
3227
3703
2844
2775
3901
4884
4078
3010
2155
4094
2546
2459
3396
2579
2612
3868
2268
4285
2892
3517
2983
2661
4095
3309
2406
3292
2542
2858
24405
1816
3203
2744
3678
2989
2873
2910
2046
2513
3255
3389
3284
2001
3006
7033
2557
2817
2538
3576
2300
2107
2551
2953
3184
2378
2922
2009
2857
2102
2721
3790
1979
3198
2209
3456
2150
2956
2968
2370
2590
3454
3114
2871
2577
2835
2303
2178
3091
3022
2623
1341
3213
2536
2533
3056
2726
2452
2844
3274
2643
2497
1567
1842
2769
2461
2276
2763
3655
1165
2953
2721
3218
3529
2407
3117
3345
1703
2593
2920
2360
3236
2460
2371
2990
1943
2556
2229
2278
1863
3583
3465
2703
2166
2467
2866
2717
1735
2071
3284
4781
2303
2807
3700
3937
3490
3649
1509
3150
3288
3127
2880
2217
709
2971
2614
2568
2463
2788
1724
2872
2765
2892
1884
2976
3594
2629
2338
2686
2711
3528
5439
3640
4699
6200
3008
2577
2405
2514
4802
5029
3452
3498
2832
2812
3103
3764
4482
4772
4576
3551
4562
5625
2970
3286
2870
3320
3921
2262
2913
4073
2704
3499
2327
4198
4412
2518
3219
2862
2229
2171
3806
3850
6095
3064
3884
2754
3393
2203
2777
3321
4303
3523
2539
3161
2972
2639
2970
2348
2726
2123
4230
2813
2691
16977
4131
3208
3498
1593
2488
3519
5969
2810
3553
3138
3353
3090
3323
2627
3730
1506
2659
2820
2614
3441
3038
2538
2116
3406
3762
2410
5654
2446
3470
2672
2879
3006
4981
3465
2724
5032
2873
3047
1677
3363
4020
2989
2986
4404
2769
3040
2593
1760
2770
3772
3840
3127
3065
3351
3677
2632
5042
2702
2868
2626
3336
2791
3048
2322
2713
3516
4475
2517
1159
2892
2281
4551
3037
3018
2563
3555
4307
4432
6067
2720
1911
3217
2550
3429
2523
3483
3197
3430
3634
2676
4131
1660
5035
2032
1393
4494
4828
4031
3172
3851
4016
2712
6157
5433
2933
3145
3109
4218
3147
3779
3649
4533
2300
3158
3431
3855
6323
2823
3823
2874
4737
2882
3678
4186
5099
3058
2663
2808
2876
2578
3699
2885
3988
3567
2748
2490
3805
4251
3386
3056
2541
3246
2265
3802
2936
3256
3161
1746
2586
1335
3549
2988
4325
4288
3065
3799
5734
4495
3550
2542
4310
1378
2579
3000
4892
3469
1386
5124
2497
3481
2465
3658
1539
2553
2850
2166
3157
2456
2759
2977
2146
2455
1749
2998
2896
2726
1210
1977
2730
3158
2569
3048
3122
5280
4075
2464
3650
2253
3199
3361
2336
18684
2637
31735
3921
1886
3148
1083
3792
3708
3425
4836
3850
4779
3038
2964
3523
5311
3036
3925
4244
3108
4357
3458
2664
3242
2667
2798
3139
2987
3938
2967
2743
4085
3302
3790
3200
3133
2509
2755
3415
1984
2624
3659
2910
3725
4053
1706
3350
2053
2583
1880
2594
2280
2544
3417
2554
2411
3446
3589
3462
1826
2656
3739
3239
1002
4565
2860
1173
4639
3835
3952
3866
2506
3160
3435
3917
2768
2584
2806
3752
5142
2573
1586
2524
2571
4175
2525
3588
2705
3517
4400
3309
2178
2789
3113
2789
2598
3675
2289
1063
4814
7055
2824
4236
3064
2137
3306
3678
3798
3955
2353
1531
5382
2975
2820
3081
3448
2945
3376
3129
2240
3346
2893
6206
1883
1837
3800
3176
3043
3744
1900
3470
1780
3993
3660
2163
2639
5546
4629
3497
2532
2917
4796
4221
3634
3846
3164
2983
3793
3181
5814
2103
2584
3127
3048
3726
4308
2590
2754
4222
19964
3821
3049
2882
3930
2173
3088
2957
3328
2854
2295
5782
2262
3459
3194
3284
5304
2591
3228
3955
2889
5051
2880
3635
3660
1845
2687
3811
2602
3292
3112
3643
3358
2948
2356
2560
3033
2923
2705
3194
5186
3843
2716
3588
18088
2738
2822
2968
2512
1999
2842
4570
3973
2925
4038
3106
5190
2156
4712
3144
4285
3099
2777
4248
4347
1522
2292
3614
3519
2784
3518
4542
2454
3744
5087
2274
3258
3308
2736
2549
3303
2175
2376
3045
3692
3151
3466
3687
3604
3156
2453
3443
5597
2968
2861
2572
2475
2148
3264
3299
3171
4271
2792
3088
4018
3231
3289
4426
2493
4626
1865
3509
5574
3173
3977
2500
3773
5167
3980
2152
4728
4078
5139
5082
2351
2846
5033
4395
2363
4090
4560
3854
1332
3114
4542
3423
3000
3564
3111
2921
2708
3345
2609
5083
3370
1994
2560
3419
2730
2770
3024
2814
2020
3369
5169
2285
2641
1620
3049
3391
3295
2591
2022
3840
3467
2571
3266
2723
2166
2315
2973
2943
2034
2639
2641
3939
3135
3890
3031
2915
2923
2762
2756
2689
2563
3021
2579
3151
3065
2823
2339
2564
3400
3183
2692
2410
2626
2727
2654
3831
2376
2204
2431
4051
5022
4061
3286
35582
3561
3322
3682
2965
1552
2844
3424
1758
2535
2715
2115
3753
2430
2822
2843
1968
3179
2648
5979
2095
3176
1990
2776
3444
2342
3608
2757
3473
3023
2732
3299
1302
2685
1565
2143
4045
1599
3446
3162
5297
3481
2480
3036
3916
2009
3204
4197
4429
2467
3264
3069
2662
4202
3516
4652
3953
5758
3160
2653
3868
4728
2906
3641
3339
4121
3290
3052
5880
4838
3132
2276
2461
3440
3066
4311
4715
5137
3882
2692
3283
3030
4537
2694
2968
3445
3337
3176
5735
3890
5815
3178
2922
2285
3020
3626
4199
3337
2789
2250
3123
3301
3010
3610
2927
3889
6750
4287
3052
3692
2973
2744
2916
4547
4037
2975
3490
6708
2961
3446
2963
2728
1672
1794
3120
2557
3731
2842
4159
2342
2479
4696
3769
2944
1991
3274
3643
2246
2417
2804
4177
4033
3259
2779
3975
5995
5192
2667
3542
3682
5248
2689
4612
3072
4396
6026
3715
3350
3222
4211
2811
4524
3172
2950
3195
3959
4574
3221
3686
5201
2535
165051
3645
2722
2547
3195
2868
4514
5794
3099
3174
4287
3686
4633
2474
2915
3069
3574
3091
3005
2950
3271
4487
2677
3081
3329
3690
4161
3607
2687
2879
3896
3182
2229
3294
2247
3698
3673
2867
3239
3034
3933
2899
2815
2909
53542
2851
4128
2898
2371
2706
3691
3235
4654
3506
3141
2883
2578
2617
2771
3143
3854
2931
3613
1608
3093
3605
2758
2948
1968
3938
3425
2963
3859
2742
2988
2223
4014
2890
2341
3526
3299
2673
2935
3367
3244
2674
3764
3184
2673
3875
3030
3267
3135
3455
3589
3129
3781
3579
3042
2455
2937
3469
3738
2336
3409
3289
2776
4318
5178
3385
3169
3505
3188
2931
3042
7652
4049
3612
4455
2903
4225
3037
3162
2738
2671
3921
3114
3742
4934
2574
3030
3078
3470
2334
5643
3649
2580
2357
2239
2025
4282
3881
2845
2468
4199
3179
3107
3291
2385
3910
3543
2888
3411
2894
2792
3303
3056
2839
2300
2590
3182
3280
2741
3045
2628
3133
3006
1785
2627
1572
3277
3149
2732
3912
4713
3003
1798
2579
2373
2870
2886
3646
13021
2693
2719
2354
2522
3840
2459
3071
3628
2061
3257
3151
2309
3617
2821
3170
2430
2318
2855
2928
3072
3352
3813
3002
2453
36567
4120
3110
1469
3237
3906
2354
3607
4700
2556
3069
2321
3321
3024
3104
2291
1763
3950
2896
3414
1665
7851
3667
3561
2845
2134
2634
6331
3299
2439
3294
2362
2461
2573
3478
3479
3863
2717
3150
74375
3351
3409
3526
3328
4034
4310
2724
4009
3401
2317
2933
3012
3029
3320
2389
3929
4409
3285
2616
2401
3745
5952
2467
2499
2775
2837
3504
4419
2978
3058
4417
5479
2715
2762
2815
4076
19306
3198
2678
3685
4056
3335
2773
1268
3442
2399
2227
3221
1590
2991
4291
2520
2692
6358
2900
3516
2763
2281
4043
2897
3332
3421
3305
3107
3569
5065
3260
3065
2170
3472
4999
2540
4616
2145
4365
3046
2461
2127
3236
2798
2552
3042
2654
2676
2296
2106
2287
3678
3109
3254
2524
3187
3489
2367
4119
3087
2364
4685
3070
3306
3927
2353
3364
2462
3061
3616
3310
2534
1892
3989
3177
3737
2790
3204
3110
2858
3531
2828
4021
1923
2714
2669
2850
3239
2705
3215
2268
2629
3237
2803
3635
2977
2733
2745
2812
3770
2960
3584
5298
2466
3449
4369
3935
2942
2902
2226
2879
4658
3034
2600
2660
3048
3817
2398
3114
2753
2722
3839
3010
2766
3206
3872
2636
3525
3494
2727
2983
4450
3635
2287
2957
4351
2936
2395
2412
1852
5154
2557
3314
3633
2201
3525
3086
3204
3799
3143
7636
3276
3070
4190
3079
3038
5880
4435
1763
2602
2994
3347
2802
3280
3137
4913
2759
2906
4736
2896
3233
2720
2513
3068
2313
3371
2327
3715
3338
2921
6350
5102
4187
2679
3687
8876
3660
1397
5614
4279
2425
5394
3722
3026
2829
3222
2918
4534
2213
3282
2666
2314
3858
4257
3807
2334
5300
2752
2985
4853
3404
3785
3115
2798
4153
3077
2579
2950
4060
2763
3762
2895
3810
4768
4972
3698
4069
3037
3499
2996
3045
2843
3043
3689
4000
3038
15483
2918
2584
1471
5727
2941
3873
3965
2911
3324
2305
2864
3391
3494
2921
2556
5598
3148
3800
4108
3113
3561
3171
3594
3121
6545
2440
16613
23935
3802
2951
7436
3031
2806
3224
3869
2176
2555
2986
3994
2374
2785
2441
6086
4780
3569
3594
3165
3093
2744
5699
2782
3122
2986
2771
2225
3868
2768
3021
3011
2716
1279
2587
2006
3644
3700
3071
2813
4082
3125
2594
2170
3965
2943
3056
3563
3497
3529
3084
1964
2588
2806
4031
1514
4540
3780
3003
3322
3712
2882
2711
2407
3039
29975
5985
2997
5281
3467
4308
2771
1158
2839
2803
2645
5050
2477
2804
3496
2960
2546
3200
3518
2993
2833
3235
2829
2864
4258
3860
3071
2179
2583
1600
2848
2793
2845
5218
2459
3076
2538
2456
2958
2768
3380
3554
2742
3718
2973
2917
2407
3816
7164
4149
4391
2164
3289
2954
2677
4410
2985
3520
2904
3605
2873
2585
3353
2901
2035
2860
2981
3822
3453
2246
3111
3181
3818
3061
4640
23026
5097
3629
3007
2725
2780
3975
3690
4094
2959
2955
2401
1787
3558
2788
3269
2779
3462
3198
3988
2796
3545
2631
4681
2808
2661
3022
2420
3362
2344
3456
2618
2205
2616
4954
3164
2761
3003
2942
3189
3060
1858
2179
2725
4127
3314
3243
1599
3379
2530
3218
3340
3225
3042
2281
5179
2828
2951
3905
2734
3430
2863
2538
4071
2347
2579
2937
3181
3781
2745
4508
2591
2815
3567
2481
3166
4749
4409
2773
3356
2771
1656
3169
3261
3300
2552
3395
3473
4547
3381
3300
1756
3125
2664
3973
2970
3689
2168
2962
3445
2831
3210
3337
3745
3241
3456
1825
3246
2703
3016
2745
2967
3273
3232
5083
2155
3410
2521
2906
3300
3487
3637
3438
2954
3445
2489
3602
3083
2834
2779
3554
2217
3158
772
2131
2612
3274
3454
2268
2643
1907
2715
2045
3224
2556
2793
2699
3048
3614
3525
3958
4275
3217
2884
5785
2928
3453
2808
3113
1818
3236
2572
2750
5055
3860
3146
3533
1907
3211
4846
1864
1998
3292
1748
3809
2158
3242
2977
3909
2969
3126
4011
2272
3368
2398
4064
5616
2725
3917
3203
230072
3150
2485
2312
1822
2746
2235
2400
3169
4368
4846
3731
5038
3838
2491
2845
2604
4910
2701
2463
3555
2608
2475
3721
2699
2630
2469
3494
3046
2759
3583
3957
2653
3614
2753
3552
3235
3691
2341
2401
3477
2491
2984
3521
2974
3458
3079
3640
3054
3900
2940
2296
2792
3581
2971
2893
3232
3201
3005
3142
4190
4785
3018
2406
2607
3799
3591
3721
2527
2915
3827
3702
2628
3107
3094
3244
3409
1838
3284
3039
2703
3921
5892
2937
3007
2994
3116
4584
5745
2606
3932
2238
2368
3124
3599
2496
3134
2682
2400
2913
721
2739
2488
3554
2827
2578
2287
1478
2666
3393
3573
2629
2678
2865
3102
2756
2808
2429
4221
2974
3698
4720
2896
4117
1584
2133
3209
2496
3027
1907
3589
2371
4681
3304
8519
3484
4959
4470
3094
3693
2808
3156
3448
3024
3409
2383
2762
3201
1997
2718
1885
3816
3941
2970
4064
3636
5024
2959
3471
2811
2918
2429
2527
3709
3415
2591
3279
2907
2648
3413
3199
3436
3189
3449
3305
2890
3813
3353
3783
2808
4230
2575
3490
3570
3315
3601
3479
2626
3238
2547
2170
2974
2873
73031
3210
1959
2911
3900
2745
2803
2928
3212
2898
3862
2430
2509
3209
4058
2056
2594
3306
2633
1944
2815
2561
3758
3902
3927
2868
4411
1344
2422
4640
5796
2344
2325
1757
4722
2902
3301
3101
2902
3237
2514
4172
4341
2677
6229
2708
3211
3600
3500
4161
2558
1983
2417
2678
2263
3377
3256
3510
2586
3516
3916
3615
3649
3311
2458
3261
3949
2580
4488
2793
4018
2536
258872
3343
4568
2880
3070
3387
2755
1782
2858
3459
3057
3097
2883
3279
2687
2994
2131
3410
2619
3756
5741
2852
4108
4534
3736
69715
4575
2103
2667
2363
3147
4569
3075
7883
3380
3269
2149
4141
2257
3640
3251
3199
2386
2959
7287
3791
3271
2823
2677
4302
2810
2531
4608
4681
4196
3859
3409
2543
3689
2793
3721
2387
1412
2618
3591
3338
2194
3161
3260
3208
2443
3306
3163
3561
3157
6206
2857
2677
2973
2915
2921
4374
4079
3350
3389
3639
3014
3866
3110
3429
4136
2356
3535
4027
3228
3684
4208
3709
3777
2816
2479
2014
2436
2561
2382
3503
3941
2292
2945
2847
2256
3810
4651
3318
2520
4939
2987
4970
3163
2475
3463
3399
4855
2627
3634
3574
4869
3306
2321
3573
4305
3381
3780
3536
8207
5308
3902
2234
2087
5656
2476
2907
4840
3710
2363
2899
5602
3645
5268
4576
3630
4506
4637
2336
3335
3534
3131
2791
3534
3221
2330
3086
3504
2848
3079
3895
2708
3555
4330
5146
4021
2882
3116
2351
3138
3158
2892
3450
3786
2721
2323
3828
2604
3550
4324
2393
2883
3693
3413
4612
3538
3569
2813
4582
3148
3480
3137
3657
4531
2783
5771
2484
3030
3135
3655
4216
3609
4390
2567
2898
2808
2526
4115
4168
2994
5293
2849
3697
4774
2463
3212
2571
2396
2864
3563
3328
4060
4860
3072
2680
3819
3257
3360
3537
3778
2378
2191
3921
2840
3811
3286
3012
3813
4165
2355
3023
2884
3118
908
6042
3545
1984
3717
3609
3546
3508
2868
4412
3437
3723
2609
2754
4448
3063
2969
3378
4297
5159
3031
3324
3131
3202
1974
4811
37567
3378
2371
3971
2522
3276
2132
3996
2665
1591
2781
4231
4763
2855
3403
4243
3411
3751
3130
2393
3426
2304
3231
4540
1926
2910
3267
2552
2201
4103
3173
3552
4126
3092
3496
3848
2962
2880
7537
5202
2489
2937
3612
3531
2761
2544
18846
3592
4228
3369
3061
3178
3532
4433
2578
3753
4812
3325
3515
2760
3521
4396
3254
6212
4870
2723
3201
3710
4917
2959
3779
2686
2335
4475
2680
2811
2988
4122
2948
2602
2593
4324
3081
3870
2616
2541
2455
2924
1827
2734
9919
2721
2692
3360
3115
2969
2230
2772
2897
3659
2387
2720
3185
2390
2786
3338
2953
2428
2366
3263
3869
3688
2259
2900
2386
2568
2979
3689
2636
3136
3814
3136
2646
2801
2856
2767
3674
4270
2914
4097
3653
1937
2629
4642
5507
2693
3466
4027
7444
2904
3000
4551
3590
3166
2759
4280
3426
2153
2641
4565
2989
2582
2561
3299
3042
3668
4474
3632
2841
3421
2929
2990
3938
3450
3566
3837
3498
4494
2400
2111
3515
3011
2868
2915
3444
4019
3250
4267
2754
2477
2683
4378
2497
2862
4176
4580
5218
4833
3949
4255
2963
5644
2444
3656
2754
1850
2600
2611
4528
3100
2782
19442
5029
3787
3437
2494
19273
3736
3527
2972
2455
2064
3763
2356
3037
3631
2673
4057
3303
5538
2529
2848
4776
3413
3035
2535
2090
2565
3618
4790
3882
3069
2076
2368
2133
5262
1787
2556
2915
2033
2310
2892
2544
2510
4666
1872
3158
3073
2496
3157
3587
4530
2601
6392
4034
2307
3847
2524
2489
6281
3295
3146
3870
3151
3214
2376
3981
3139
4511
3290
3396
2931
4478
26867
3369
1920
5488
4756
6372
3475
4264
2854
42435
5101
3836
2951
2892
4315
3735
3619
2947
2315
3356
2906
2546
4536
3001
2901
4674
3845
3548
3959
3832
2687
2512
2779
3194
1931
2733
3951
3216
3397
3052
2897
4385
4154
2190
3592
3105
2992
3872
3485
2316
2155
2268
3237
3492
2393
2743
3574
4156
4529
2496
2419
2764
3299
2349
2931
2244
2368
3102
2502
2395
2971
3272
2867
2885
3641
3049
3118
2616
2751
3753
5059
3216
3001
4703
2496
9630
4905
2485
3080
3297
3005
2666
5148
2265
2930
2577
2782
4326
5350
2719
2896
2661
3646
3967
3768
1808
4178
3890
3147
2213
5016
4352
1711
3400
4118
2735
2610
3038
3123
2823
4655
3505
5399
3302
2163
2434
4748
3484
2809
2977
4248
3335
2431
2176
2464
3634
2526
1941
3211
4991
3185
2408
3175
6300
2539
2209
3963
3503
3282
5635
3187
2410
4005
4404
2633
3204
2643
3692
2975
4206
4256
2429
3155
1711
3438
5056
6134
3874
4093
3317
4841
3534
5588
2902
3043
2941
4259
1936
3282
3101
3525
4044
2272
2982
3504
3111
5779
5516
2681
3230
2316
3962
3319
4086
2782
4561
2983
2754
2658
3335
3808
3908
2901
2402
2401
4105
2899
3138
2393
3032
3485
2031
3019
3214
3254
2691
3106
4108
3470
4111
3074
3050
3955
1958
3160
4257
2051
3472
1699
2385
2896
2630
2032
2729
2398
3264
2889
3953
2369
3839
4422
2417
2530
26155
5377
4061
3677
40511
2981
1992
3015
3854
4540
3961
3028
3460
2957
5014
2718
2906
2850
2007
2344
4711
2666
4448
4682
3190
4770
3801
3597
3021
2649
1972
3146
2528
3464
3415
3917
3071
3459
2530
4174
2541
2336
2827
3561
4074
2843
4531
3706
3290
2596
3801
2579
3235
5299
3627
3873
3402
3606
4465
2321
2980
2473
3437
2701
5686
2935
2832
4844
3152
2885
3270
2909
4295
2452
4114
3491
2284
2567
4063
4047
2638
2887
2841
3864
3377
4439
3251
3425
3497
3176
6088
3121
3267
4223
20639
3746
3225
2900
3154
2434
3041
3574
3780
4167
2954
3539
3373
2901
3039
3624
2904
2808
3075
1817
4425
6716
4805
2945
4146
3221
3056
4014
2331
4067
3430
3391
4718
3207
4002
3249
2935
2710
2674
3409
2710
3687
2783
2511
5134
2791
2072
4001
3952
2792
3715
14523
6084
2849
3334
2451
3722
3947
3451
2688
3651
4205
3010
2680
3414
2784
5248
1829
6043
3755
2387
3619
2954
5937
3837
3765
3789
2568
3705
2325
5110
3361
2620
3989
2299
4015
6923
2620
3905
2651
3815
3828
5475
1755
3769
3917
4252
4420
5083
3347
2478
4086
3386
2341
2083
3835
8988
2261
4369
2879
3057
7812
3926
5230
2410
3023
2677
3169
3111
2460
3205
2359
3106
3459
3518
35527
3802
4118
3039
3265
5181
2208
3479
3392
4441
3311
3881
4765
2552
3034
4677
3784
4231
2907
2137
3271
3213
2975
5051
3442
4077
4725
4473
2971
2576
2770
3785
4906
4655
2669
3380
2941
4629
3370
3139
3328
3374
5066
6888
3104
2634
3191
2315
2546
3277
4785
2610
2786
3592
3788
3512
4111
3220
3676
5144
3374
4474
4343
2498
3006
2874
2424
5010
9805
5472
2787
4158
2012
2698
2963
2720
4569
3632
3217
2205
1903
3920
3583
3201
2752
2705
3534
3122
2227
4845
2856
3369
36763
2893
2997
3421
3938
3062
2143
3707
4919
3006
2816
3271
2571
3333
3724
2646
2432
3871
2178
3180
3913
2130
3067
4016
2933
3635
3063
4049
2684
2692
3676
3110
3050
3481
2927
4141
3146
2247
3122
4108
3391
3734
2714
3803
3494
3938
2358
2972
2346
4786
2446
5218
3204
3998
3641
2206
2284
3926
5448
3604
4220
1423
3243
3279
3260
2164
3474
4087
2938
3362
2909
3547
4401
5180
6387
3685
5559
3259
2909
1844
4088
3110
3132
3001
3080
3985
2778
2468
2728
4140
3056
3703
4916
3338
3303
3791
3761
6597
3171
4281
3415
2958
2905
4102
2831
2691
3295
4425
4078
3146
3678
4431
3394
4242
2841
3167
3187
3499
2439
3971
3854
3019
3216
3063
3836
5248
3349
3456
2701
2896
3451
5302
3021
3612
3767
2395
4078
4768
3573
2427
2914
4547
3507
3724
3277
3879
3683
5157
3082
3138
2591
4228
3477
2946
2170
4428
2421
3625
4714
2580
3652
2027
2996
3549
3482
3468
3933
2534
4206
2814
3921
2377
3432
3759
3285
3151
3196
3457
4366
3060
4301
3998
3022
4373
2135
2959
2983
2748
3005
2250
2697
3533
6045
3180
3519
2726
4927
3562
3725
3366
3596
3892
5336
3225
4395
3278
3070
2434
4254
3833
2765
1999
2967
3670
2666
3385
3274
2285
2296
4498
2846
3275
4720
4008
2509
2746
2349
2965
3008
2774
2963
3850
3192
2689
3594
4314
5989
4526
2687
4806
3183
3860
3230
4390
3613
2473
6068
2739
3291
2861
3742
4399
4214
3316
3064
3022
2644
2954
4277
4071
3603
14804
3738
4092
3201
3067
1160
2364
2649
2796
1171
3188
3781
4240
3529
3918
4053
3701
4283
2936
4327
3763
3450
3537
3418
3280
3124
3711
2796
2716
2954
2945
3481
3786
3923
3209
3105
3415
3189
4798
3104
3764
3240
3370
4351
3670
2542
4069
2833
2956
2558
2671
3988
4070
2691
1482
2968
1740
2659
2810
3663
2595
3995
3068
4339
3106
3037
2602
1417
3332
3115
3034
4464
3194
2888
3759
5140
3136
2671
3219
2474
2919
2564
3006
3223
2446
3679
1964
2150
3169
57720
3357
7224
3996
2796
3005
3277
3093
2305
3031
2455
2653
14245
3078
3659
3370
4853
3906
2339
1090
3340
2786
2652
3079
1304
3294
3596
3008
2789
2220
2882
4694
5162
3927
2083
2258
3812
2507
5429
3476
3673
3385
4009
2847
4064
2728
5508
2602
3283
5434
2930
3230
2724
1915
2916
2834
4228
3108
3010
2843
3809
2992
2284
3315
3438
3034
3306
3861
2747
3436
3372
1603
2674
3388
3146
1296
2438
2974
2865
3002
2650
3065
2641
2802
2871
1970
2987
2763
1923
3374
4218
2511
3680
2823
2923
3229
3495
2755
1699
3559
1961
3054
2872
3138
4645
3079
6224
4040
3909
3402
2692
3889
2826
1632
2762
3254
4778
3655
1906
3387
2231
3066
4385
2906
2682
3368
2777
2923
2502
2932
2664
3200
2749
2698
1445
3519
3205
5865
2859
2599
2533
3391
2952
3349
2566
3142
2096
2724
3578
3162
2613
9328
3273
2763
942
4103
3723
742
2727
3226
2833
2945
3100
3062
4325
4216
2415
2993
2231
4259
2808
3186
3693
2939
4563
3863
2153
2967
4407
2466
2596
4733
3845
2619
2993
11380
3258
2769
6505
1493
3555
2670
2953
2685
2995
3712
3131
3864
3017
2581
2583
2372
2257
3071
5587
1480
2153
2372
2999
2996
2900
3091
2256
3402
4645
5103
2989
3168
3921
2655
2965
3018
2750
3320
3654
3314
5299
4491
4191
4910
2880
2458
3067
3467
2854
2921
4323
3665
3381
2442
3182
3347
3838
3902
4483
1748
2423
2803
3542
2459
2893
4090
3294
3055
2810
2420
2994
2619
3011
1221
3367
3006
3569
1618
3439
3888
2907
3482
1619
2957
3199
2910
3865
3275
2897
2965
1488
2886
1936
3240
3048
2593
3886
2061
2251
5712
2358
2611
2824
3535
3100
2725
2917
3141
3064
3537
3168
3760
3852
3240
3007
1738
4729
3424
4166
3731
3004
3022
2673
3391
2874
2508
2877
2937
2111
2821
3323
2501
1506
2265
1388
3047
3434
2422
2868
2925
3844
4461
2937
2632
3140
3106
2713
3855
3748
3217
3026
3556
2685
3257
2576
2767
2869
3024
2925
3118
3131
2856
2856
2061
2475
3406
2805
3372
3410
2561
3381
3157
2077
2930
2776
2990
3245
1549
3271
1777
2947
1988
1421
2286
3003
2650
3369
3010
2831
4823
2892
2919
3072
3133
2881
3672
2592
3232
3070
3337
2442
2689
2942
2351
2851
3083
4649
2825
4202
3834
3023
2796
2713
2720
1172
2288
1074
2722
2839
2793
3348
3712
2534
2542
19265
2134
3340
2856
3489
3953
2619
2558
3490
3036
3435
2710
1560
3219
2995
2267
5464
2894
2632
2800
1696
3950
3294
4177
3607
107943
2904
2971
3337
2814
4257
3620
3083
2944
3293
3275
3131
1463
2578
3000
2416
2827
2569
3053
2723
3085
2277
2400
2593
2120
3782
5905
3082
2897
2545
5626
2706
2889
3493
2892
3945
3234
3475
3257
2327
3187
3866
3118
1768
3435
3065
3782
4039
3366
3279
1697
5262
2950
3392
3187
3006
2613
3266
3598
2824
3463
4003
2907
3690
2792
5881
2937
2411
2707
3408
2656
2348
3222
4105
2877
3410
2912
2628
3197
2917
3319
2604
6363
2706
3289
3056
3129
2912
4086
4528
2921
4583
2305
4966
2408
2768
2358
3139
2291
3087
2303
2194
3052
2812
3047
3427
3008
3078
2679
4187
3229
3571
2868
3804
3167
2518
2856
2903
2707
2502
3413
2432
2772
3132
2611
2595
3022
2909
3447
3445
2728
2969
2815
3116
2105
3133
2774
2306
3666
3234
1979
3277
3063
3497
3085
2604
2759
2850
3427
3251
4564
3243
2406
3230
3630
2666
3164
2722
2326
3067
2656
2635
2706
2793
2940
3156
2490
3320
3055
2414
3137
2858
2977
1858
2809
2778
4227
2346
3501
2810
3874
2930
2999
2944
2542
3092
3777
3259
3175
3316
2646
2177
2387
2732
2353
2732
4169
3558
1670
2406
2730
1611
2465
2084
1653
2463
2704
2609
2619
33855
3047
2211
2830
3755
3435
2772
5019
2882
2976
2482
3036
3920
3079
3463
2463
3119
2349
2681
2900
2808
2544
3211
2759
2836
3596
2876
2909
3810
2743
2513
2753
3393
2643
2839
3558
3859
2401
94686
2226
4298
2079
3697
3054
1542
2636
2639
3406
3289
2588
2357
2654
3069
3852
3947
3246
3046
2313
3557
3433
2639
2964
3855
3404
2858
2643
2705
2934
4159
3149
2661
2900
2842
2790
3074
2996
3379
1780
3981
2759
3356
2290
2923
4060
3186
3222
2374
3064
2950
3171
3012
3428
2199
4278
2808
3436
2491
2657
1784
3498
2102
3043
2215
2665
3533
3568
2780
2835
2804
3324
2696
2729
3790
1874
2583
2364
3536
2201
2648
2538
2702
2702
3160
2683
3590
