41587170
41037308
41233853
41970338
79664963
44459237
43017520
44317493
46886334
41613963
40266243
47331715
63381994
53177113
43130665
45259172
56532516
44773569
41130766
41051058
50579224
40451648
51148047
39958385
49635255
42400151
39569112
40226317
41133291
44991467
43109756
50065837
54884864
41887274
43469652
49256787
46750664
44512103
44902442
77982606
41758026
37242702
42129505
39631055
39760468
43234937
49661057
50652419
46366826
56434117
52430614
42038672
45097861
45572645
47052936
45512493
49282256
43518305
53063180
58496571
48399774
44278372
45997154
43353877
41904203
48119080
59606342
53761731
41097948
41328975
36165836
43801950
43014904
43768945
41636198
49390267
51440968
52907024
44692057
43424686
44985043
42115436
58001700
51667529
45217312
48670179
54927188
43507617
46380626
47647235
40799191
44073032
47124880
45902053
56559079
44312093
45441999
46919790
44808808
53851571
50393034
46683261
41496936
45934570
40519086
39904704
37066813
42287067
41897893
41876338
40495886
47635112
45957661
49816332
38757769
54145523
46335171
48039674
41276269
42305977
47721828
41830851
37912348
42789400
46566776
40445808
48315892
42264897
39794280
47151009
42057345
40729604
47910236
46782375
39031566
40951554
45582034
48325068
33088489
39945466
45995830
42035186
46601596
39858880
43989836
42466711
37270283
35957943
39055893
37188974
41225462
37483898
39635438
39339892
34847309
39068749
41516068
37495937
43126722
34807220
40094529
39512807
36762113
39073641
43238767
35228268
43957923
43387918
44836953
42276610
44328719
36277947
38183397
46036434
48172820
48695347
44146772
40542377
44836190
41461111
51316392
46582716
48568779
46485124
41334818
38902368
38972109
48264649
41718773
41953549
37301984
41130437
40586503
40041378
38968111
47212514
44909953
38197687
42281367
44591529
39064888
47475180
46650208
37873439
42157840
50746193
48149381
43678007
41780454
41663215
37674011
42827122
41383933
49904381
52615433
45144846
41772706
40394944
43765526
40341049
55682899
57594031
44931959
45503713
47786044
48812214
49609011
43128109
51417572
48158918
46170123
44836406
64389380
56202427
51331959
55382152
49857324
47983754
42965887
45656841
51762501
67723679
63062725
48679421
55163153
55755957
51073650
54241888
45420496
51803814
57251087
54152131
77291779
62934456
53720114
53482619
43441013
44846305
52757919
50974754
44402743
50061102
57949335
70294037
64383929
52784166
46285462
46525738
43670490
42462502
50486226
51757257
46499207
47427949
42157760
41310331
40880035
39061826
44750561
48206592
52486865
47885573
46916257
43748264
44811047
39990065
41802231
45609764
43510047
62781040
46667483
43898671
49512067
46174697
42363242
50585977
48711139
45106476
46042484
48424222
46671506
42871237
43478983
37627372
41322645
38302756
41923504
41387503
40514158
39550307
43924016
43351834
38870129
44735585
44431333
75544907
43360084
40553850
39659059
46248624
45441458
39726121
40768850
40783352
49216229
41981633
48900406
48661459
44198093
36207057
42509233
37170536
44779122
44913879
61314265
40492602
53604846
41635613
43566601
39752447
43887146
41959248
49839809
40578616
69445181
40919067
53075051
45979459
52640219
67346035
49577347
71944306
44777941
40173753
62326194
52083520
58424292
54273746
76371411
56130194
47115773
61030753
62016944
35832456
40084871
47108445
50570825
53834744
47540383
50968355
68788512
42851148
46752970
55554802
36602462
54043103
37835886
40142771
55007995
63722094
64064941
49128992
44196119
47877170
42379208
40917034
43589999
34973544
43637737
41202929
55217355
45517205
47658677
50445913
52085373
41394174
44380148
44316172
56663975
37730382
41464171
38424488
42414474
42250802
43384673
37417449
42045433
44821057
36764331
35796123
32341874
40689439
54788118
40408199
37361441
39997773
42182874
44599495
32895417
38818600
42435659
50633658
43557319
40983962
38200938
40789621
41328199
39016675
37981691
40303694
36682783
34625649
41956448
33340851
43237933
40539722
38177933
38814638
39843575
32372437
36531713
36883922
38617623
37832345
37030761
38822898
37552073
35533318
