3482034
2601759
2481082
2380889
2576575
2950887
2557074
311932
2068659
2366657
3670545
18214209
3312307
5265678
2560077
5074809
6913697
2768932
2840322
5900880
5280231
4151639
3614603
2730705
3645109
2715509
3814140
2782210
2924613
6093054
2853842
2240747
2990105
3902036
3300604
3142586
6256916
2724396
2513568
2373987
4092786
3085984
3914255
2708304
3257814
3236418
3130894
4827938
2546751
3053391
2472105
3152036
3872351
4150620
3342857
3533198
3610162
5511232
2701099
3854871
2662849
3586700
2090061
7012717
3294564
19827141
2964818
3121698
2841521
3443567
3133386
2753586
3376811
11677605
2959711
3302708
2841799
2587806
12429412
2637419
4485089
1883332
2448536
3157225
3519352
3446772
16489708
5248524
4177991
2708727
3810055
3664656
2740133
2986690
3407948
3821368
2691453
5453178
3934328
3265294
1907008
2351513
6419192
7957611
3811367
2749387
5614020
3105374
3936861
3236064
5752788
2378182
2889367
10645176
6430077
2831775
3718988
3209440
3195082
2786609
2805799
2718852
3039023
3627453
5725660
2309225
4868166
2816479
2951219
2797229
5410647
4731452
2924431
2919809
3840448
3538092
2643674
3250800
2217697
2970360
1309306
2513856
3412391
7599409
2427853
3718212
2753576
2678492
2240201
2727514
3341173
2769754
2657658
3248463
3871191
3120635
3101336
3723120
2718173
8177816
2799774
4785809
2702185
3411434
3659915
6881054
3002346
3088973
4543295
4756454
2597045
4476222
2539177
4459663
3119596
16598276
3002842
2936324
2761760
2155577
3847774
3172862
3370521
2367982
3824427
3603908
2644325
3982423
3279752
3699781
2887660
3076458
8657248
3317124
2693340
3240919
2504276
4617131
3166644
5010667
1958053
2718041
3117147
3523779
4116226
2806195
2380918
3483065
4340065
2914012
2803937
3264790
3360656
2612809
5667963
4474218
2857899
2035014
2304404
2068780
3958388
2842317
2820032
2775938
18733828
3364889
3767368
2442249
2759962
3803456
1798029
4852333
2989121
6097195
2710201
7993049
9107267
3719698
1663913
4571884
4626016
6117332
3480825
3196788
2472031
4965447
2730751
3941796
4889235
2883715
1883408
2098729
5321469
4057868
2914342
4069364
4809125
3901865
2971286
3590028
3257316
2453453
2889867
2902299
3174994
2373770
2694087
3278558
3309108
2227969
2592686
4226891
2900371
3626562
2972507
3426724
3139931
3346066
2602670
3754839
1814102
2812751
3935277
3155688
3613197
2735046
2816995
2856825
3995003
14877304
2600891
1985984
2711137
3419905
2793267
2437830
2597025
2928795
2735935
3585248
3033927
2240265
4168804
2866897
2870182
4675735
5616169
3024857
3674338
3157327
6118779
2799273
3290790
2637289
7176894
4045862
2057443
3354330
3041554
2945373
2746404
2774364
3457740
2563778
2631802
2779356
2110664
3596443
2946411
3722016
2618450
2739488
3059404
4474346
3458418
3181451
2691009
3172240
2971731
2527187
2512176
2476743
4052022
4465820
2191402
4380456
4321722
4410317
3699669
3831946
2795235
3199009
2025653
2754291
3277607
6333011
2669946
2864923
6286884
2683099
4844255
3571916
1699349
3155645
3119078
4351687
2808475
3108231
2658105
4107564
2483962
2666096
5003594
2122849
2995989
7806516
4517960
2888792
2733957
5483765
3056307
2930277
18456407
5600455
3099427
12361400
2849143
3466876
2223389
2596595
2842608
3196728
3485461
3250030
1895762
3434410
4644082
10014802
2887073
3352036
14037864
4247497
3122104
2520045
3615537
1975367
3014255
3424885
2705052
4629055
4240269
3185912
3317776
5225605
2261670
4248574
2799376
2465530
3583168
2874278
35362707
2951838
2857778
2653696
3763330
2984482
3521102
1746554
3181379
5123765
2913081
2569669
3361583
2083539
12315636
2603464
3359804
3766770
5107774
2846992
3432772
4136346
3268152
3086056
2524303
4502583
2659967
3110274
3552836
3734091
3014641
6349727
3872386
4329586
3187008
2780021
2564092
3155339
2678107
14048869
3452402
2947029
3005974
4408702
2910622
2552020
3347121
2698891
3298059
3033494
24647611
2761032
3291740
3296257
2962242
2911201
3211933
3132084
2704136
3806539
2886449
2689836
2482309
2457843
2415530
3938550
2438653
3745198
2852867
3412795
3129615
2979966
2891297
2652230
3131180
3658541
2893458
2880459
2538996
2556376
2051169
3559919
4933686
2658251
2353881
4137302
3466187
4302227
3530277
3361188
2619374
3361002
2646944
3245309
2730731
3610367
3607420
3870857
2952651
2351918
2684399
2782708
2803401
2829637
2871493
2735292
2265101
3118255
2299585
3229266
2824435
2871545
2443871
2120190
3096246
3704767
4757876
2809938
2462841
2925635
2677222
3648260
6333183
2342336
3038307
2183992
2094102
2243733
3557506
3160131
2492147
3076329
2631356
6610822
1877895
4544363
3190519
2909769
2628294
3437354
2954453
3257539
3025269
2477168
2971435
2528752
3143475
3061397
3001371
3375578
2733622
5905809
5255539
2735895
3393069
3776605
3562419
2575986
3572577
3417325
2248620
2199864
2456560
9040912
3340495
3501170
2334732
2937928
2148789
2686761
2729704
3363817
3019628
1911726
3346179
3863872
2535540
4790004
2909828
3134436
3112328
3620158
2613051
1833516
240275
3029991
2610662
2579640
2546237
3862437
2363398
3035741
3423385
2937606
4783506
3473612
3457653
7675174
3663144
4125489
2876041
2802480
2605127
2021559
2550384
3262102
5621533
3194544
3747423
3129549
3424265
4419413
3015762
3832548
2864934
3076287
2211092
2688448
2286025
2929123
3194302
3121905
2862818
4995578
3403868
2935599
2686585
2972108
2073214
2524615
4799238
2926755
3019135
3273326
2655211
7704161
5567989
4827351
3494477
3296260
1975287
2716710
3232599
4417190
11187031
3710882
3423367
4810190
4042784
2962176
3292353
3084284
3687306
3911691
2729687
5850829
2893362
3916669
3461930
8010258
3473120
3425343
3042026
2883906
13841277
3087943
3951902
3127239
2514989
2952787
7199759
3215019
3039638
3959227
2846347
3145735
2575367
3110076
3826675
3161991
3347556
2352027
2822753
3284725
3091372
2418149
7327629
4592620
4488242
2989949
2925620
2987990
3698387
3101909
3966006
3318338
3698034
5078797
3060484
20416580
3407294
3666845
3590329
3659519
2731361
2741047
3887580
4944594
3477814
4037349
3122217
3138704
2930757
3716439
3533172
3246755
3061549
3399548
3357588
3053760
2959096
2522825
3722441
5322981
2900587
2910969
2385890
2175110
2635174
1815427
2739646
3117509
3491108
2662985
3705095
4545472
6327871
2320111
4893228
2766541
3157495
3525778
2608870
2859557
3111519
3705047
2979654
2965008
2560815
3285384
2147569
2711997
3672109
2898811
3175456
2511679
2416460
3447522
2931417
3244755
3307275
2986902
3348816
6743446
2771732
3746967
3471978
19329570
2900782
3216799
3954462
1715439
4354213
2980427
2502753
3417645
2351458
2729000
2435870
2979115
2866472
2725926
2729315
2191360
2587890
2591737
2427892
2029492
8042349
2989926
2979676
3497086
2980167
2391596
3032408
2795667
2947804
2833264
2374873
3321550
3570085
3055321
2506435
2860727
2440839
3456915
3115993
2737781
2713579
2794095
2326946
3242819
2997238
2632527
2289548
2956469
2482522
2806163
4338022
4707898
3051941
3336555
4449027
2510197
3015534
2849982
3153498
2804749
2813366
2966800
2636022
3676079
2334416
2429731
3820336
3168858
2698958
2491159
2701969
2537031
4492383
2700262
2930498
3628881
3278532
2290170
3217765
4143874
3439932
2748887
2624105
2784689
3552920
2391759
3407906
2520529
3101909
3017092
2921853
2351618
2723537
3863894
2628335
3351840
3297007
5288133
3245602
3047634
2618985
3498022
3166314
4311050
3172471
2511381
4399990
2754836
3330538
2821626
4000174
3371606
3070754
3309475
2655135
2731426
3125037
2119221
3507249
2597633
3022997
2586568
3320723
4219030
2361319
2691120
3494642
2031574
3801092
2046720
3467931
3921957
2875775
4734227
2704200
2832971
3413410
2434092
2525814
2334068
2118231
2486217
3255928
2941079
2999483
2958991
1798729
4821859
2709823
2948876
3336142
2793400
2735771
2463702
1705272
3414638
2370902
2808468
2516892
2058004
2348975
3114077
3318573
3006601
2482156
7551506
3877334
7182549
2784423
3562397
2999460
296010
2783729
3577263
3547647
3647235
3454421
2858927
2651387
3529097
3054654
2809922
4115564
2705236
4430789
4611455
10618048
15273036
3616256
2762503
1814846
3294827
4043186
3402047
3593038
3960164
2993396
3041902
3150697
3095941
3590411
3379948
3010235
3894332
2811218
3516030
4922129
3439427
2800240
3461973
4860834
3490441
4429486
3205948
2809090
4757926
4542542
2517257
2957763
3157233
3982968
8431639
2883719
6186159
6283735
5292179
3440123
2653865
4523974
5101069
2888952
3425750
2555013
4214063
2972531
7370925
3784824
3565612
2736387
2917844
2262794
3188435
2622269
1916980
2586999
2637541
3863328
2799598
4243289
3230767
1917919
25515718
16437432
3235478
3511502
3498015
1853716
2822925
2734883
2046779
2986246
3351849
2727313
3616419
3474366
2995236
2777393
4610679
2626518
3156386
3532434
4228560
2769300
3436368
2574709
3198279
3557669
2870747
9432336
3470872
3248357
2613333
3867091
4075692
2888817
4233654
3921046
2469471
3460516
2585331
3660965
2059849
2769231
4149467
3776834
2714707
3239057
2365076
2835257
2086160
2800730
2850298
3471329
5204348
2310333
3820606
4129200
6808655
4518310
2660872
2961509
4339363
15395990
4097271
2624312
2889469
3670720
2662935
2592045
3470229
2067070
9458285
4496467
3591042
3945044
3430856
2970458
3366191
5690451
2218184
3402110
4617470
3373440
3136019
4187143
3064991
2415352
2911862
3663757
3667843
2737791
3323036
3630779
3300520
3061909
3224986
3644524
2984751
3353318
3162791
3002253
2653092
3533091
3488008
2579578
3104744
3620751
3544868
1991439
3211454
3828615
3723689
2585370
6575696
3694914
7092042
2574322
4478656
3549924
5469616
3655170
13531854
4193879
2487472
2854825
1971574
5805415
3805899
3080390
2935144
3631175
5013797
2904576
4021141
3797901
4865564
2375945
2535316
3113490
3761500
3381591
3344540
5587353
3013966
2928309
5496705
2501280
3281543
3914942
16211987
4620260
3191863
4031165
3353012
8083172
4155029
9097730
6027894
4141442
2679827
7978523
3743619
3761219
2964895
4258371
4025643
3950523
3173065
2820901
2447315
2571193
2557127
4420416
3499636
3918839
2926199
3479918
3521158
3134441
3121126
3765818
2715113
3405672
24698810
2954839
2868620
3220238
3990447
3225049
3271639
3190681
2497681
5087693
6518646
2554988
3250669
5976080
2592123
4123429
2802762
2339803
4042805
3372175
6970230
4363297
3677158
4633678
4291261
3651190
2502376
11010885
3633361
2773628
4009911
3663568
2947353
3103723
3905926
4296288
2641376
7331887
3199693
7305331
3804224
6351934
5918209
2897538
4077543
7896130
3249011
4071528
6328085
5049569
3385346
2808403
3053592
3360921
3146058
4505393
4585778
5620079
2411178
2892516
2043460
291011
4353379
3316509
3398229
3079937
2793275
3191314
4251441
4438784
4745243
6255196
4378948
3033845
2735769
2499495
2154270
3509702
4440785
2878615
3880361
3274480
3381730
14209661
2882021
2219285
4626348
3144238
2690734
2592064
2721636
4613263
2717078
2985359
2676914
3099050
5041361
2281612
2367306
3319881
3142398
4510476
2615449
2794375
3698766
3161639
3259362
2625661
2437666
7094071
8210068
2893056
2789781
3278533
8468479
17238893
3470696
2701706
2731411
3895157
3232521
3532856
3303322
3519958
2996554
2451776
4198426
2822676
5510863
2706197
2752598
2963526
3380626
3093799
2788283
2983320
2702223
9028594
2339259
4898024
2987570
3091600
3455191
3248019
2460952
2381645
3796368
2462153
4722283
3667241
2344647
2135936
2977734
2128671
3160376
3129460
25618327
7239260
3562906
3156535
3305716
2344202
3026778
2442183
2821914
2648035
3445399
2214091
2765173
2084260
3690942
2194975
3251720
2735666
2322210
2557869
2852065
2860165
4890711
2391724
2206231
2614035
2832576
2864534
2859340
2228908
2133106
3511404
2398487
2660186
2627324
2982877
2520231
3000188
2753647
2477351
3223228
1975595
5322211
3232080
2708257
4570487
3667161
3684751
2205270
2421536
2981838
2870543
1588380
2335881
3071898
2967277
3049748
2773802
4522733
1971312
2011471
2620363
2117963
2150021
4033504
2832675
2332633
3434990
3134943
289829
2883771
3053358
2490343
3443515
2840763
2152787
3133614
2387481
2827058
2423289
2600982
2069511
2634455
9887394
2551919
2430882
2518969
2829003
2653571
2954291
2401901
3832411
2529383
2757699
3679064
2947785
3060154
2493541
319741
2498986
4448651
2754323
2673033
3139016
2281104
1998829
3074459
6489911
3864344
2969520
3936919
2255965
2360041
2040226
5529316
3228206
2307060
2797447
2963248
2737302
2146092
3088161
3521480
2019156
2545706
3274493
3614559
2350696
2740871
2848896
3296082
2556901
7398795
1812379
2701071
2083090
2582127
2747159
3041291
3814829
1685676
3718869
2064712
3001858
2869378
2669681
2796989
2231226
1680339
3126212
2452219
2562911
3106620
2398866
2685845
3570044
344045
3112320
2569466
2538533
2575298
3292068
2820358
2643230
2547111
4086023
2778858
2498226
3364078
3018030
1984197
2740042
2581796
2434060
2728421
2211275
2776236
2500407
2352920
2702937
5396632
2130965
3145640
3156276
2930984
2299286
2011585
2894001
2510879
2604465
3242978
3365477
3266998
2116325
2784454
2310923
3020899
2870843
2656719
2339241
3377378
2569674
3066931
3097503
3345008
2336327
1995353
3015993
2655236
3037272
2585716
2761318
3194579
2566728
2586217
2696172
2086049
3640351
3094893
2843261
3280135
4672665
1912497
2880561
2863949
2846873
1857204
2892228
2722705
2560497
3009779
2348788
2927494
3028379
2786271
2992861
3016212
2968722
2698954
2964727
2184984
3121921
1779967
3806408
2868291
2686920
2706256
2553070
3198122
3291112
3558726
3835449
3242937
2567845
245793
2970991
2517636
2675879
2232569
6302264
2959214
2935376
3998580
3295590
2376351
2521721
2231692
2882042
2502469
2322672
5097633
2591311
3548234
2405516
4821653
2486332
2739006
1928812
2078558
2775910
2783309
2949393
2631713
3314067
2423123
3038424
2701710
1979099
3689765
3232404
2748060
3068418
1826301
4729876
2397087
2111191
2022884
2521686
2436430
2781820
6718869
3340926
3348893
2663343
3237055
2374258
2956589
2947928
3083114
2100353
4885814
2074415
2472554
7473016
5707728
2583093
1731710
8152001
15440727
2308127
3186456
2432388
5869907
2759804
2386103
2236804
2976694
2058316
2181421
2215806
1615533
2465007
2472803
12000341
2306370
3917013
3133566
2240483
3376230
2635989
3239921
3081718
2549607
3356330
2612989
3951129
2824870
2777250
2820085
1955692
2963823
10325441
3481559
2828611
2751222
2693296
2359586
2375630
2839695
2891263
2567741
2834831
2591807
3123554
2758391
2465183
2739587
2568193
2627430
2188502
2624030
1744906
1981932
16768667
2293643
1886413
3592186
2624478
7395560
1905955
2141613
2036064
4739414
1993188
2614618
11829285
2119367
2513284
2366459
3036077
2031990
3066213
2683982
2387720
3011651
2384043
2801249
2376271
2012031
2307587
3047079
5790594
2849647
2140806
2429919
2569623
2276466
3042452
2934653
3199165
2140148
2314886
2855509
2427185
1768690
2084204
2515131
2647083
1924345
2899123
3191662
1609960
2511024
2652240
2400413
10704866
3012482
2240811
3551883
2911615
1924890
3238162
2441452
2375656
2972917
3352659
2506940
2683083
3479163
3676928
2501781
2946482
2086933
2928183
4099659
2617855
3119654
3096510
2662306
2400414
5289858
2937742
5813573
1941697
2301303
3362966
2776040
2275484
3075001
2458300
3060334
6960916
2360930
2762071
3192051
2524878
2181905
3010263
2492962
2714236
2361256
2906985
2816164
2237945
1979790
2606754
2583064
2387883
2311885
2434967
2045064
2739835
2566345
2506313
2619000
8011421
1447372
2185730
1831069
2838520
1966271
2381779
2126780
2610095
2668670
2308156
4846631
2689802
2209777
7291582
1705325
2213426
1880113
1670497
1941991
2240935
2441059
2158487
1918290
2068048
2055978
2131888
1856625
2442308
2425486
2429280
5193288
2270137
1980497
2747710
1720166
2172908
2626762
2235415
2121237
2616855
2164231
12860362
2133724
2521795
2958937
2590016
2067572
6615612
1803419
2379773
2308739
2791194
2171051
2092878
314648
2901915
1794295
1700578
4043504
1668507
2106141
2705625
2195487
2341325
2509386
1492657
2178925
2553372
1801743
2099116
1945472
2250020
3583359
1408052
10899857
5760554
3180577
2324601
2203704
2349007
2354543
1748315
1701534
3025164
1421463
2568594
2216272
2774070
2725153
2503882
3169550
2220698
2613562
2258082
2085056
1504842
2635947
16224322
3193553
2040847
2342492
2336671
2065578
3155501
2344970
2931663
2672824
4902039
2203262
2373279
1858431
2359373
2498001
1950102
2395144
2628004
2447708
1800315
2229789
1927967
2363947
1928491
1631224
2370089
2334254
2145297
2587105
1945604
2346816
3213746
3083121
2601058
2297650
2595163
1819069
2453576
2414436
4233389
3659228
2435089
2863378
1757669
2525210
1741401
1886759
14662698
2441293
3072858
2387576
4868530
2451816
3051048
2802617
2661467
4945904
16392230
4223732
2850346
2805488
1734856
12939749
2598278
2090121
2539621
2054470
2321396
2764593
2391569
3979904
2117322
2190264
1916807
1909994
3204435
2079107
8931422
3054246
3845338
2219434
2255205
2217378
1993535
3173492
2351268
2151781
2237522
2642762
2400980
2683784
2111224
3464768
1979235
2662166
2501187
2450408
2069560
1989324
1610845
2138204
1834508
2310002
2135279
5310940
2166000
2272086
1843261
2325036
2166609
2625191
2092881
3140107
2452767
2832859
12298496
2484930
3955468
2300555
3556774
2936480
2884933
3090597
2629380
2970682
2567705
2912645
2667433
3197185
3539611
2748067
2491217
3200389
2759936
2040806
2981916
2173823
2483631
3089811
2073856
2467226
2545635
2411862
2392141
3366161
2662691
2035007
2879186
3266760
3121477
1776639
3456273
2459467
1725529
2484605
1490226
2324279
2421655
3108455
3799391
2639816
2357370
2007018
1944287
2295492
2377482
3327726
2679317
1916022
2658481
2777933
2669307
2366212
3034436
4114248
312486
5490668
1940344
2693792
1691994
2525909
4772570
2434152
1801257
2064607
2131344
2397016
13612117
3269111
2303830
2636385
4648114
2876619
13468313
2687948
2860416
3053036
2352903
5471678
4273633
4019203
6412292
2229919
2960970
2692751
2156237
3229624
9032806
2735592
1674267
12440301
2312681
2993842
3056505
3219007
4084358
2186550
2504847
2913014
2573024
3227619
2663165
2163946
2660638
2050272
2777663
2707893
1783800
2761955
2909452
2494394
3039685
2786355
2659603
3261902
2726111
2708418
1804002
2658643
332964
4301362
2521647
3614271
2690933
3076302
2601868
2618780
2712315
3013470
3058328
3540559
2402109
3210806
2782323
2358965
2527413
2923999
2367995
2283519
2811430
2206284
1966392
2928873
2949812
2751412
2153484
2531061
1644236
2742971
4089720
2867763
2824948
3487672
2325855
2411326
3739863
2338863
2528050
2690172
2546866
2662456
2977208
2360229
4603886
4198625
1779467
1772255
3068581
2894388
3679864
3262113
2582625
2558443
3491980
2460006
3062416
2813132
1679570
2568277
6825877
2963890
3003075
2765796
2752889
2629121
2286301
2378361
2227818
2524340
3464379
2208722
1560541
2378723
2101218
1915049
2937315
2935832
2772146
2352491
3590475
2492747
2823692
2559931
1927005
2589412
2107612
2556247
3055288
3178072
4097086
3117217
2054791
1769212
2282130
2152842
2355549
3007547
1813178
2167394
2624743
2254080
2619271
2364727
2250503
2965318
2415289
2560860
2558825
2287110
2807040
2894282
2737438
2142648
2290907
2517944
3466842
2326094
1584139
2725998
2310024
2400415
2738656
1833728
2468673
2160668
3700889
2780838
2173581
1490834
2078712
2249842
3695461
1984458
2278222
2390466
4026885
2337992
3471183
1388604
2035801
2754540
2125800
6651850
2388152
2425472
1582139
2239980
2950095
2019844
3970550
2152137
1865865
2263152
2142804
7291499
2240182
5065483
3062290
2552809
3765527
5644563
2400505
1917295
2187220
1710776
3282454
2697229
3665416
2256211
2680414
2287524
2619158
2833511
2402522
2460631
6043002
1858816
2435857
2923229
2649708
253690
2573564
2393990
2266043
2176929
4016917
2272838
3981890
2200726
2063394
2823557
3050403
3233976
2939450
2135584
2005892
3675835
2662749
2816277
2356497
3475458
1973366
3533697
2201985
2313469
3192989
2653430
1568068
2759229
2323125
3049066
3000494
2548426
2489650
3187895
3083699
2923784
2331068
2898628
3782320
2798919
2647170
2606210
2700214
5446173
2839939
2608623
3348241
3111591
2608479
3135169
3204116
2635063
2919685
2292262
2961216
2466705
2991761
2622383
3051402
2879291
3918465
3837385
3690762
2731480
3979646
2890317
3166488
2933875
2379943
1596889
1692958
3451364
2705220
3068727
2615371
2662674
2457096
3688922
2626661
1782823
2206383
2391178
3487177
2094344
3548840
2263837
2861129
2838343
2435787
2418175
2905046
2909799
2861315
3159548
2315294
2001195
3084768
3286189
2033012
2672674
3363536
3015982
2987518
2779018
2433173
3107485
2952281
3621571
3027591
3598151
4875998
2688958
2590379
7286344
3258919
2863893
3369270
2578495
2843934
274711
2624097
5224791
2402942
2875327
2188128
2891497
3589585
10015524
4226959
3105518
3096211
2867954
2084093
3475654
2617146
2457236
2444795
2364652
3277641
3922732
2330543
3103817
3011847
2913644
3745263
312889
2949252
2994301
2456014
2076950
3024221
3176390
1965740
3513745
3141412
2503739
2819956
2747507
4139007
2643406
1928098
3253917
2727387
2513949
3093749
3410899
3288421
3946042
3057904
2379327
2620081
3143129
3006028
5494217
2594059
2782614
4523588
4809068
2493657
3236352
2521825
2951663
2959678
6828376
2560460
2671907
2870463
3225620
3653680
3455130
3176280
3836561
2205385
2613048
2756713
3017154
4105678
2922518
3332866
3676109
6232013
4027085
2445303
3034465
1768135
3526958
3067973
3115049
3046844
3270277
3781798
2571906
2685344
2970633
3162561
3163868
3413419
1816250
3086900
3040533
2669123
3676092
2658638
2125195
2314248
2964065
2447494
4932894
4360091
3142418
2538953
3057197
2922562
2824808
3492583
2976326
3133118
2987485
3786908
3051125
2935937
2655328
2258872
3055076
2771922
2131971
3116083
6482911
2903401
2360467
3064813
2443309
2700606
6336495
305855
3219020
12929489
3472928
5560393
3892418
2528252
3211870
3419706
3030463
3719461
4506145
2850473
3656697
3584199
3373108
2262865
3903708
2833466
7127233
3571122
3747657
2910299
2807842
2707356
2361528
3743397
2743064
1809391
2485633
3221610
2556075
2832349
3665699
11057743
2278845
3510013
4146450
7700057
2919247
2882546
2670625
2401135
1981163
3513782
2101661
2674027
6085292
2085081
3741591
2149060
4278619
2762701
3681730
5994182
3192257
2942557
6761321
19408380
3364020
4101579
3349385
4143148
4913934
3097023
3384944
2732154
4230957
2599589
3053268
3273897
2740838
5306021
2966873
2885739
2937025
2423647
3612626
4843367
3178931
2879184
1962857
3365169
3657330
14102750
2585926
3220057
3110300
2855458
3007244
4436927
3699426
2994428
296646
3672403
3544945
3114272
2932374
3107622
2164488
2630611
2419102
4062633
2789144
2417388
3352525
2668696
3683698
4306774
3252882
4668700
3077174
3469037
2896925
2708166
6206122
2469970
4982504
2532343
2376349
2912062
2564946
12675720
2744526
4685169
3502179
3533617
3733622
2998112
2853530
3987822
3434454
6608404
3452699
4404732
2499005
3771073
4762260
3448077
2693274
2755689
2638347
3798058
3237302
2798493
3762696
4230425
10558687
3782789
2989383
5304290
2690619
3117587
3418411
3301681
7139257
3925013
15609236
3656651
16091980
2777620
3617444
3190228
3015386
6006478
18414669
3681123
2848963
3112962
4061416
2116510
1804762
2818177
4158916
2646527
3492738
3985624
17325666
4073712
3450120
3131994
2481186
2375515
2907227
3559818
4397968
3360926
3286507
3817895
3767873
3751279
4264156
2609662
2229119
3049732
3218962
3015056
3525738
3729381
2998263
3172357
3044295
2509462
3147319
2117233
3145786
2799722
2579038
4788584
3481148
2872082
2211621
3253415
2458513
3983767
3577554
2531213
3623215
6914284
2587823
2523951
3145051
2888654
1882837
2679804
2562043
3841936
3256130
2574515
2135039
2513669
3176158
7805636
5378909
3082450
5830807
3890379
3496612
12784769
16244235
4568619
2452945
3318144
2860946
2142894
2706753
3268408
3123463
3170294
2960908
2508425
2817710
2703448
2967342
3807897
2691275
4639103
2598943
13637779
2863457
3095969
2604588
2562198
2314640
3296741
4044110
6425704
2609668
3762831
2728656
3394917
2637929
2814740
4267309
3239855
2360653
4419562
3635948
4129728
3708587
2546141
2415225
2524385
248662
3158438
3485572
3603274
3400430
3316587
2193194
2672902
3561829
2789492
3880136
3811421
2805857
2932726
2634078
4513819
3082295
3541921
4001197
2334930
3483005
4494137
3171123
2959072
1988772
3158113
3774189
3846708
3959088
2813213
3997419
17162351
4411788
6594695
4306337
2456812
2436517
2977410
3600544
2924325
2929167
3423181
2903392
3702245
3447069
2907978
2877572
3733752
5541249
2496678
3052806
3997447
3336016
2231094
2966140
3242588
4270940
2706462
4129844
4809286
3513698
3313931
3873328
2891123
3843007
4279174
2355164
2827080
2632101
3927354
4750189
3442454
3505590
2318611
2902075
2847017
3114135
4055431
3170255
2746059
3731384
3047395
10040305
3964548
3513618
3114067
7468156
4798901
3665917
3111113
3093657
3140449
4297714
3530792
3507158
7880491
3931105
2410063
2664010
3547067
3195896
3909198
3266576
2354364
2888689
2701060
3067311
2951366
3090310
4617130
2638037
3029269
2838778
14003247
3194341
3614290
2703516
3044187
4963308
3321172
3052532
2716060
5920454
11490444
3228950
2595333
3557844
2134410
2464766
3378522
3332655
8055711
2460620
3684078
3323014
2877690
2712126
2232184
2620623
3798098
3120479
2943048
4103885
2408192
4449383
2397905
2122377
2772073
3039990
2874847
2895476
2466362
3311116
2451454
2894895
3344295
2698672
2797674
3573037
2804915
2824721
2031552
3066336
3121442
3041072
2460743
3064191
3893726
24017411
6536041
2644425
3470563
16573340
2479114
2594141
2822833
2724027
2037718
11570036
3597625
2495938
5247718
2504886
13343742
1751470
3146378
2884492
2867282
1806266
1688350
3061013
7743087
3279729
6026112
6706768
3340381
2556652
2473097
3469833
2818016
2885634
2616958
2003957
2442680
2802590
12828888
2882787
2468195
3419231
3291283
2558836
2552068
2358870
2610776
2926604
2314305
3758398
2253369
5087084
2839350
3553292
2884529
2802272
3213328
7412523
2638301
1842471
5557468
3063410
2448909
2503345
4632942
3168679
2771373
3681588
2885363
2279887
2949858
3751346
2919775
2957886
16753101
2586727
3070252
2859175
2631994
3145511
5362363
2647597
2856802
2310327
3618850
2893087
1884788
3129299
3432997
2726346
280085
2730735
2451223
18746266
2572074
3050496
2847757
9204760
4882188
20430952
3708433
3625395
3802705
1995566
5112131
3383399
3937989
3090906
2868788
2725194
3647894
2660773
9904047
4616824
3039728
4180463
3104390
8705768
2719725
2967906
3091232
2422077
2775201
2921802
3194329
2144793
3932718
3561182
3456110
5485669
2694487
3643621
2828631
4383556
3145336
2965574
2336036
7049221
2740661
2756598
4093359
2503787
3116081
2433157
3403468
2892296
2785297
2054623
7980962
7558795
7516174
2741494
3243096
2373191
2742198
2391075
19725930
3000682
18682294
3654083
17879416
5649060
2442963
3076162
2517872
3218771
1969401
3035319
2782398
20460602
3121215
8360797
2849105
5083408
2756101
2766035
3715097
3035963
2423162
2747876
3103165
2798621
2778555
2460578
4398731
2947142
3768703
14223104
2536174
3071481
2605668
2520857
2283339
3435005
1940736
5249756
4651160
10067903
20081132
2764552
3728371
3350923
2928522
3458957
3111522
3219852
3132004
7410907
2115801
3229099
2849137
2862427
2342287
3644502
2505734
2529976
2894703
15197513
3065916
4222630
3957651
2457267
7782329
3069702
2660610
2642565
18417012
5897695
2506394
2255424
3165253
2571085
7050581
6101351
2800347
2335188
3562391
10014918
6599605
2589429
2860454
2226045
2867932
2083599
2258064
2679064
3080520
2709328
260078
4265762
2150084
4215699
2871870
4627942
2705894
3656574
2912660
2597283
2669457
2518121
2239660
2690213
3600047
8248222
3215250
3274682
3010717
2391701
2313528
2616974
5456505
2812523
2710667
2685785
3954659
2905580
2473418
2752417
5710417
3214383
2508316
2562847
3227196
1772198
2809969
4962247
9351439
2752278
2690511
2721720
2565329
2022811
6156140
2193870
1875674
2801326
2007371
2543483
2595423
2357370
5011418
3387187
2825428
3597043
3140288
2731516
2593492
2858028
4770821
2661011
2448821
4224142
2746139
2976116
4108396
2621442
35719125
2876963
2295444
2737099
2803075
2506886
2760994
2563782
2156596
11871429
2787588
2390381
2345505
5368466
3631829
3482783
5414510
2528187
9282198
2553244
2781588
3231660
3470874
3138794
18745845
2247596
2321914
2486417
2530438
2938407
14833240
3120613
8048658
2305373
2269433
5690022
2135096
3413418
2844139
2752312
2535177
1814643
2442374
1798703
3580729
17119031
2782129
3180315
2846407
1561843
2555044
2327385
2920967
2373007
1732683
3097408
2578385
1892191
1811248
3310529
3745512
2730351
2410185
3037408
2822252
1691041
2151696
3735673
2682488
2693616
4706951
2804068
3650818
2409371
2141965
2351556
3147991
2402132
2659464
2527181
3019292
3188559
2993874
3601309
2919402
3018182
3195123
3756021
4124877
3121320
2909169
1925740
3403457
2525464
4304698
2341748
4252617
4355530
14170321
2689232
15339333
2148107
2591164
2733830
2704866
2608335
2844359
420220
1944236
8821866
3203591
2203585
19292955
2755125
2496567
4414953
2011658
6514492
2144531
1746018
2886118
2454711
2689050
2393955
4106169
2674451
2750686
2366072
3131517
2249713
2496203
2278232
2335101
2850133
2679113
1935468
10255573
3373831
3512848
2754979
4578472
2908754
2699041
2837979
32117637
2408819
2569504
3617240
4849158
3903579
2770281
3300517
2600282
7645874
2453726
2492333
1878873
3432808
1986508
2319545
2659481
3426277
2682172
2444255
2686715
2632287
4062377
2259150
1913549
2571285
2693613
2863121
2823924
2864726
8725134
3979759
3838762
2576613
2763165
3928337
4128282
2684268
3011932
2876003
2752642
2384883
2416228
2996171
3735619
2454400
2700897
3242620
2420269
2459403
3444014
2383026
1854685
3507639
2215056
6639108
3083687
5044604
2300935
2740805
2779560
2909291
3130394
3198562
1947622
2227141
7203905
3005327
2839245
3275209
2941122
2560345
2817012
2744948
1872329
2991836
2583911
2482307
2890874
3296605
3526758
2072179
2238553
2359797
2653957
2868704
2428674
2784793
1934351
3728279
2825877
1903718
1895249
2440337
3659184
2873735
2472630
2655206
1740239
2250869
2213610
2864973
6023181
2457056
2977790
2257060
2226372
2102705
3009487
5021812
3065056
3694323
39272683
2564385
2943325
2925821
2720783
2578545
2698166
2746446
2665431
3016967
6884615
2983543
2273603
2808768
2449351
2953720
2433946
8926076
2879438
3610068
3014138
2690706
3360103
6021615
2993940
2382500
3370333
3050306
2927711
3046471
2430339
2412133
1727872
5654179
2202250
3840695
2141439
2876031
5633883
2209480
2741637
2104334
2650044
4607063
3178391
4077194
2921800
2599682
2137790
3094415
14885362
3212466
2822488
2515648
2113081
2712693
2187613
2892445
2603693
2055298
2265180
3316674
2969090
5137661
2890110
2908541
1732310
2731581
2537666
2702595
2505698
2604051
3163196
3309966
2438632
2862735
2848478
2808086
2693239
4485452
2678427
2135074
2478192
307094
2617679
3142522
2214916
3182509
28208235
3422473
3508562
1636693
2417135
3067754
2801319
2674262
2801513
2598939
3020062
2577807
3299446
2376316
1730971
2721142
1793663
3555506
2862852
3028481
17950797
2360869
2640636
10945488
3443784
4118134
2768343
5187248
2783197
2598676
2898022
298490
2033163
3331233
2891261
2658690
2850229
2392302
2385243
2457082
4634391
2978945
2448958
3085855
2487474
2206519
2591231
3676466
2224094
2723187
3568440
2336345
3179323
2229531
3306790
3495725
2773661
3419846
2688970
3039861
2349072
3992451
2331836
2810524
2253802
2855426
2285019
2139820
5122603
3988854
4251756
2468218
3168094
2406971
203728
2152109
2550447
2407460
2879619
2402419
3744948
2587024
2650011
2807478
3453780
3395640
4236210
8186576
3342058
3107185
2716814
2039326
2080310
2864917
2220398
2939234
1994036
4689863
3204080
1743164
2171238
2197643
2334884
8505035
2416508
2622189
240206
2153000
3119530
6928686
3246468
3551869
1905401
2817667
2473452
314649
2527162
2517060
2357681
3201035
2463362
2568270
2919648
1764527
6805351
4582289
2620397
4147839
3034229
17273896
2390701
2577794
4465768
2353535
2624594
2266649
6857671
2606972
2384341
2593532
2924309
2725673
2180545
4454377
3514988
1884488
3275468
2467781
2455096
2817210
2703143
6400191
3149510
2471129
2443480
2296150
2396603
3154315
2018719
3267346
2770544
2595755
2291259
2819072
3225998
2029591
5170879
2041087
2406373
2414205
2662598
2371116
4974901
1805720
1434772
2577427
2804127
2733590
3512573
251271
2481563
2463277
2095563
2318713
1692657
2518429
2626255
1929070
8304350
2394555
2717148
4382242
2504016
2773449
2648335
2878613
2507357
2921533
4209152
15247422
2604901
1974805
2694639
3892902
1848991
19047809
2427644
7475767
12637660
4776983
2554429
2557900
3137842
2846196
3609509
3928067
2774015
2125887
2562178
5783561
1855769
2267905
2409577
4568499
3721270
2467630
2309624
2585894
6150525
2615216
11078258
3359105
3619318
3259179
2449939
1736985
7154832
3813632
2413568
3147657
1824574
3806474
2353219
2974533
2859298
3046917
2015781
3086402
8280837
8552439
2824377
3144184
1630727
2899564
3370544
2570242
2476977
2665410
4097764
7020485
2417859
14208104
2157256
2397505
2691860
2190560
2760229
2971265
17959632
2130716
2607250
5795483
2722736
1906181
2832612
2924578
5393320
3426747
2566226
2969790
6506535
3096743
1826725
7486408
4229954
4858540
2432068
4968101
2248889
2665687
2683393
5440453
3423373
17878686
3255985
5471903
3843760
3349058
4599218
7376262
2706282
4180340
2835799
6281545
4425993
5832288
2841288
3814170
2577229
2327112
7081069
3828354
3504935
2689718
3195951
6855383
3454413
3053402
3888671
2831598
22823710
2350783
12661089
3445115
2760484
2936027
2702638
3597255
5155414
3146381
2420676
4024302
2764790
40086913
3219815
2533642
12383256
2688543
1873715
3112599
2470378
1859174
2734988
2409649
2806836
2092452
2514054
2576197
2967294
2293644
2084831
2716757
3730849
3617053
4069861
4125905
3022815
9748002
2306877
2398536
1761900
2421801
3252494
3021034
2561810
6244100
2584953
2691055
2275751
3185077
2607293
2584310
2615361
2780064
2708174
3864909
3122695
2680818
2755381
6825078
2931021
1678320
1661175
3424536
2622473
3081831
3617459
3745610
1592447
199877
2927317
2903744
5209291
2446654
3561767
2850817
12284066
2758812
2456532
2911734
3116764
2513632
8995103
2792050
2441130
2397070
1806946
2576260
2185263
3302319
2857966
2815985
7209585
5620439
3553149
2477665
2444341
2363677
4737731
1988210
6744697
2422095
22158198
2583479
2362434
2247248
2407717
7272172
7167603
22863414
3055913
2752362
3465479
3565980
3027364
2673790
1967676
2307264
2741822
2161550
284822
1914633
2697124
2414938
2318921
2464035
3296756
2916174
2784217
2490637
2702888
3222098
6097785
1995379
1840001
2772897
2095021
3036769
2887768
2782992
2427693
2944381
1840957
2505384
2299478
2551132
2367369
3156548
2152134
2730832
11814760
2103660
2139863
270927
2556657
2611229
3385535
5042822
3544567
5052702
2566755
1685576
3005137
3157143
2571109
2133495
2424612
3809963
3177036
2294065
2994614
2432082
2367962
2689507
2106545
3536588
2441277
14103208
2407784
3090468
2426554
2834414
6077719
1962003
2686933
3189003
2370617
3055236
1670672
4812347
2656719
2417906
2186500
2531967
3236283
1972281
6334175
2301960
2436507
2596952
2470265
3671317
3032368
20329516
3386636
2477559
2863951
2583613
2233014
2931268
2191023
1840340
2334634
2966200
2410645
2902301
1822745
2664772
6508486
2939777
2742016
3195880
2626944
2786137
3563394
2361090
2868549
3607831
1644929
2763552
1798583
2709670
9690479
2819509
2554164
2295176
3932697
3097565
2306117
4432161
2464586
1732246
2774327
2587859
9461645
3468017
2553574
2154190
8001388
195857
2080903
3523746
24498953
2608430
3205293
2021746
23055434
2456202
2948002
10073091
3827187
2898343
2581931
1900245
1900597
3486768
3079872
2863418
3110318
4448052
2161588
2383227
1935497
4703948
1873104
2743795
6157881
2338600
3077452
1842249
5329361
3307425
2493117
1908761
3101052
1939120
2311317
1847018
2561365
3340577
2698334
2562427
3608699
2797726
2584067
2588654
2575089
4328596
2860133
2021771
2767048
2899865
2987943
3598524
2850666
2588905
2775140
2236606
2244424
2667337
3747357
5124155
2243729
2547309
8253077
2174605
2265461
2551450
4240875
2089412
2259658
2246953
10589315
2834836
2416444
4618347
2739665
2529607
4377689
2616841
3071331
3384823
6264068
3191738
3297748
2486292
1909810
2481191
3563171
2841173
2513832
3300439
4410652
4979177
3656732
2348570
3021646
1707796
4344875
3280127
2422476
2506424
3388232
4218180
1912803
2864569
2730099
2797017
4615279
3139736
3484055
2802933
3600066
3299601
2619097
3323117
2617936
2689061
3328749
3293344
2783985
2505865
2366485
2434919
2450973
2438212
3589593
3009012
3323432
2917719
3169970
2875192
8731883
3512877
4944579
2509192
3032591
3463255
2633852
2890743
2802165
2447679
4388275
5594273
2284130
3181432
3351236
3357751
3404322
2566001
2571532
3189719
4310945
1657409
5269567
2716623
3844137
2616453
2421243
13066635
2177295
2916279
2908423
4059209
3082977
1749769
3238167
3041464
3122234
2458684
2578498
6064362
3345411
4111249
2991395
2993104
2657168
2782163
8060796
2284611
3038054
3945567
6025561
2571032
2696818
2590326
4484996
2971358
3708149
3780931
2494560
12391031
3411637
2851597
2298044
3915142
2823077
3038125
2569976
2150310
3126117
3122328
2615578
3323009
3494268
3002530
2272249
2285931
2496178
1930730
4808207
2527610
2809389
3465837
2655046
3221763
2749046
2686217
2733185
2741174
2987103
3019445
3050859
2347481
2173369
2147198
2015708
11616158
2399655
3085333
2482176
2559212
3270737
3242574
2842773
4119477
3660092
3448962
2851299
2799921
2815021
2918170
2388817
2173793
3558177
2750813
2487066
3389645
4325840
3028885
3783943
2758965
3262509
3249428
3500062
2434897
2690112
5073008
4327924
3036842
2299921
2605374
2493209
2946000
2754695
4438995
4962393
2586093
2973010
3806510
2758597
1812644
2297412
15327944
2373774
3009013
2498663
3050398
3562457
3542521
2719196
2111368
2548352
2189317
4444462
3233944
3242199
3391450
2656184
2669533
2318363
2482745
3090718
2530924
3978092
3563059
3553555
2703640
2975399
3739761
2929154
4988491
2691641
2859262
2478735
3631812
3217386
4094269
3033958
6758729
2439541
3155100
3835163
3959762
2471291
8824348
3424630
2834382
2402749
18598217
3285242
2664501
2859896
7425748
2656800
2742454
2877161
3474901
2603108
15676809
4897050
2864788
2413855
2390307
2095351
2539438
2466125
2497360
3996638
2026625
2821676
4899217
2525899
3003466
3389052
2971934
2220714
4010808
3101796
2856075
3246325
336477
1737786
4388864
2404255
3125137
2664831
2928142
2842159
2117453
4295186
3570891
2844002
2904518
2913751
5707783
1917004
1855795
2693006
2600501
3132330
6239012
2646559
1877377
2962294
2520132
3075441
3629291
2479952
2543653
3757805
2477278
2324259
3547298
2706599
2303402
2235832
3173190
3081293
4040733
3047396
8210388
3350771
3200614
5443467
2629505
3695675
2539606
3155577
2392640
2884930
2602094
2622449
2622082
2727492
3418889
2902295
2247702
2725721
8785350
2691443
2614987
3395042
2566332
4941114
2694820
2615413
2336655
4604653
2079156
7721186
2517179
5005814
2300152
2160859
2606982
2532094
1979283
6698088
2136627
4459965
2856245
4477507
2908871
3021681
6577094
3268933
1994941
2615064
2019412
3757357
3790269
2818914
3228493
3370669
2799339
3429807
3393759
1768645
2966685
4128608
3308154
2819883
3329378
2665381
2927509
3005224
3112389
2519614
2581909
2816227
3651950
3534028
3110214
2483533
2609979
2202120
3459138
2832844
5269822
2517602
2514649
2299752
2466723
2509453
3451698
2522711
3799076
2481597
2880811
6517635
2693712
2999107
2714195
2641638
3348061
2328771
5510089
2779037
3258809
2550639
2953712
2580628
2721246
3154702
3890592
2032500
2015021
2644091
4549299
4252292
4034485
3250954
2732344
2466612
2389176
3157712
5452329
3055922
3162130
3396018
3139399
2280436
2357780
2973165
6026778
2316351
2241723
2926340
2681260
2840493
3308678
2621277
6239924
2986718
2395311
3274805
3325059
6725689
2321135
3994056
2525991
4520396
2757388
2918180
2594501
2574918
3358614
2506298
2699572
2903795
3352749
3074074
3320661
3922460
2637953
3913377
3530299
3139428
2879694
2246992
4216061
3645448
3051146
2747308
3148230
2950629
4930292
3412896
2344942
4134028
6070014
2464046
2571395
2258137
2341294
3109381
2658254
3042020
2633005
2770520
2786330
2320089
2546696
3165057
2243661
3114242
6256463
2510390
2471866
3182544
2497563
2342530
2506993
2822299
4019765
2880527
3246111
2731050
3445974
2889240
2111915
2550485
3767919
3144306
2946891
2747357
2538650
3087754
8207784
2869910
3110462
2600639
3152930
3732523
2930784
3551378
2915436
2889672
13103783
2161851
3526068
2676123
1819144
2883926
2249767
2910544
3319165
3028354
2534520
9342336
2679953
2523044
10133495
3295716
2445878
2449297
2869562
2998572
2719700
4432523
3385245
2309526
2667879
3922043
3699942
2728499
6021201
4131980
3088709
3329630
3636302
3326584
5749809
3177606
4248515
2859755
6343867
2567684
6626958
2956992
2793315
2863451
3102719
2938117
2507959
2928561
2815022
2936408
3494493
3404839
4231671
3009392
2910345
3109374
2679401
9586523
4044240
2684909
2201614
3199234
2985130
4163423
3763434
2598956
2907065
2360587
7839144
7290857
5202345
3254955
3367764
2307473
3420526
243317
2859982
2774006
2933457
2754164
3041812
3562227
2495547
2273528
2276064
2858045
3007719
2663694
3505498
2688365
2956028
2693675
2896105
5350911
1952791
2742529
3218751
2451179
3453989
3936244
3652294
3877204
3239010
5713213
4255920
3326583
5654836
3099706
2740720
4336716
1875027
2778229
3534214
3183646
2773703
3259213
3352562
2731270
1935239
2612448
4022219
2641632
2865484
2571478
2054955
2994847
2969778
2844476
3480564
2284699
4123367
3768739
2864558
4536779
4018648
2400941
2584803
3006109
3023268
2676045
3986845
2776451
2541793
2360402
2762160
3859623
2764126
2868370
2315062
2861491
2025299
2532783
2780995
3111657
2548638
2393740
2458499
2591734
3081921
3449844
3237553
2585313
2828269
2907478
2460626
2573765
2369256
3319818
5058824
4037165
2171436
3774092
4152667
7147727
2713966
3165304
3277091
1677008
3353232
2942481
3073888
2504600
3633716
3323165
6849499
3040073
2483820
2507048
3136267
4047806
2391225
2701323
3519886
3283125
2798503
2198519
3417162
2831384
2893151
4899516
2381134
10777384
2943249
2741209
2858821
3581817
3043481
2777424
2406887
2727599
2843714
2806130
6055172
2453076
3789842
272143
3981166
2624847
2630030
3411087
1826086
14248626
2123335
2082542
3189943
3306474
3075486
4056985
1997531
1996957
3649431
1817389
2300186
3512944
1908981
6012710
2168275
4089327
7662931
2826557
4055005
3118607
2723536
3376332
2661530
2838470
2210133
217175
3367615
4562329
3241688
4656566
2570292
2534577
3093141
2844572
4691131
1708969
5318179
2202214
2923091
3775015
2605344
5521007
3414298
3772927
2559627
2221136
1980824
2714856
3477993
2650761
2599196
2532790
2260664
4774702
2959381
2830566
3203905
2565852
3074764
10524243
3681322
2562939
2662323
2815268
3157417
2200202
3317210
2575540
2275739
5318633
3081330
3463318
3594610
2579639
4120860
1813013
3254987
3452172
2784757
2735667
2103353
4291270
2581259
3070963
3513548
2885937
3191591
2099903
3655345
3603913
3182240
3818407
3771828
3095495
2230792
2953167
1899228
2711999
2189675
3189500
3187890
4666669
2262584
2781602
2943780
2335140
2107670
3282579
3174304
1931704
2584924
2673869
2663459
2709507
1949096
2401299
2263698
4674723
3307886
2917775
2561604
3332947
2444526
3285816
3202613
4235661
3369881
3019596
3063682
3115501
2427091
2677980
3659638
2860775
3763499
2859458
2805397
3528982
3221446
2372536
2476284
2373553
2749293
1756733
4436014
3344038
1607478
3426359
2264283
3537392
2613154
369001
2788238
5474421
15102465
2856802
2200797
2976217
2113833
2968373
2418789
3258438
2902604
3160234
2371223
2453946
3086027
1940019
3343864
5361002
3476226
2743935
3390317
2851134
3727129
2544816
3361166
2550601
2695265
3591989
2825583
2923854
2282194
3252111
5683395
2998593
3020336
3883616
2479776
3420739
3394491
3637577
2311121
3485665
3169476
2867565
2706272
3325142
2741759
3219182
3102551
2323384
3387794
2849573
3468069
1695491
2730920
2674058
2445997
6002891
9495253
4816943
2631435
3877340
4431128
3050904
2487035
3139183
19584424
3307588
3952765
2616492
2854330
2754005
3061857
2635290
2699711
3588262
2339439
2022269
5497951
3057788
3034941
1905847
2290950
3319369
4516292
3753835
2695140
2593133
2489549
2296905
3178051
2717289
2414011
3698149
3116992
2863404
2092570
3555754
2350497
3446772
2387874
2736081
2858511
2427084
4590963
2238057
2819253
2477586
5935924
3297914
2484351
3019240
3262057
2911745
2667795
3373059
2153993
3022712
3599272
3184422
2107374
2690366
2812675
2712064
2432231
1846791
3086625
3045820
2619419
2384599
3081839
2640852
5631441
3738012
2764775
3135006
9890670
3038904
5009199
2917352
3038307
2627017
3034978
2778967
3635781
3635595
2719816
2424620
5184563
2700284
2988398
1812622
2813364
3242342
9615500
3127214
3133548
2868121
2702161
2326040
11858760
3272684
1955817
3479557
4926770
2916652
14172112
2585324
2663314
3533457
17686611
3084419
4417333
2689328
3668642
3425256
3376373
3496898
3160037
2212911
2921185
2444625
2674622
2048120
2403109
2881973
2603845
3611792
2693124
3494008
2529551
2505513
3011685
1883460
3497895
2289129
2655556
2867800
3284395
2768595
1827524
7685330
5025718
2224179
6940181
2559581
2693912
2993822
3082236
2815283
1902928
3145539
2455060
2461573
1991416
2516414
2058813
2349770
2889850
2234292
2203905
2621514
2095032
2385464
2241657
3062760
2405677
2730214
3180503
2752992
2661393
2161875
1696279
2338519
10369419
3552032
2681269
1688847
4449734
2496439
1813920
2496856
1706590
2456997
3292622
3203846
2131151
2125785
5163096
2027278
2368780
2636493
2781980
3069181
268287
3417233
2498376
2229155
2312357
3412508
2553452
2905782
2180654
1974984
1916076
2458037
2166068
2482471
2168038
1645560
2546429
8973983
2783208
2519107
3175368
2589934
5365072
2060509
2667154
2891374
2893191
2511690
2889979
2873280
2909849
3907221
2959511
3796284
1518686
2986686
1925553
2296018
3021231
2967246
2002656
2475099
2183079
2769534
2741320
3008346
2394775
2621104
2611566
2987291
2763981
1857955
15422880
2793411
2119506
2825236
1565319
2236258
1782471
19955111
2515368
2033353
2191000
1852900
1631298
1771215
2993674
2183669
5294086
2871240
2199333
3101322
2526802
2192192
2285101
2444217
8235372
4520807
8359160
2262767
2339020
3804212
2369623
2569113
2325446
2272131
3890395
2558375
2116920
2179758
3060528
2787372
21987741
3167564
2317373
2774327
3024580
2503185
2246513
2751090
2859614
2196220
3133133
4525096
2004755
2395555
2918844
3612161
2572490
3290083
3182286
2024252
3776576
2716732
2416721
2018780
3545103
3181785
2376577
2737396
3055361
2965863
2379618
4642518
2140527
2236806
2713310
3429302
3323205
5986955
2968115
3188071
2811442
2784400
2538810
2941169
2400997
2599945
3016667
2283851
4251434
1861484
2618763
2363457
2797006
2749398
3038359
2501512
2763022
5088159
2035002
2662638
2317086
2526981
3046833
2075892
3028815
2865608
2610932
2562694
2656125
2463674
3097152
3655762
2728752
3265038
3881313
2443855
2020448
2875186
5235370
2529373
2868196
2169621
2710056
3414503
1705016
3135532
2824696
11163246
2173459
3595450
2982781
4071905
2910143
2295681
20076342
3292698
2444567
2388040
2932176
2119064
3679527
2176520
4734984
2235595
1748287
4584456
3843577
17765130
2003841
3080199
2520805
7223414
17453262
2731011
3044675
2692270
2574657
2866775
2573512
2278285
4472836
3475597
2955677
1952521
2657927
2227421
3198419
2979703
2741012
1626337
2048083
2610325
2735292
3778296
2832699
2745958
15090389
2628933
4691900
1888247
2415062
2530787
2420270
2375603
3130817
2349889
2697777
7750005
2487476
3336339
2686933
2603599
2916794
3494089
2715245
2795578
3509012
2795971
3098527
2690401
2613011
2926646
2195752
2493215
1875102
6293489
2143140
2371324
2773576
2292294
2383505
9100716
2467367
3456829
3256395
2694227
2379153
2783461
3839419
4084541
2671651
2600290
2680226
2285111
1808445
2415468
1821672
1754407
3201903
2951513
3385027
2095924
2441213
2668015
2526613
2276617
2359826
2563722
3187478
3133632
2329314
2340505
2438516
3279605
2433045
4954086
3002429
1832067
2577741
3085529
4229483
2334099
2322694
3583880
2941755
1507024
4867063
2454637
2634212
2414081
2459692
2360293
2759243
3003909
2257027
11510341
2499625
2810604
3474531
2676836
2615000
3933067
2749520
486589
2715729
2846286
2238996
2574939
2456461
3136956
2636967
3828052
2588672
2641326
2603152
2532203
3288161
2673794
4041977
2824912
2926166
2170301
3117110
2518249
2715826
2315919
3455571
2933430
2730446
1617784
2615559
2555976
2516503
2379135
2706701
3213123
2359561
2628506
2662694
3792859
8118233
3077392
4792898
2632111
2554571
2667746
2260033
2827936
2857772
2419930
2451442
2320209
2259984
1893560
2330670
2703616
2909970
2268486
2309594
2001673
1728249
2454905
1999881
2094587
3415752
2961545
2795887
7939038
3044086
2297150
2350669
2922765
2495428
2260587
2430887
2778831
2892594
2602364
6383914
4384801
3809750
4118928
3072976
3853117
2690993
2489845
2094523
2574893
3057638
2912762
3868315
10978094
3270671
3023619
3453797
2239028
1842893
4112936
3564350
2428609
1951116
2679196
11132969
2483026
2581593
2496932
2376611
1741960
2614926
2506945
2313531
3617439
3124864
2322857
3530610
2414702
2768548
20595823
2256330
3245112
2576754
4139300
2687778
2523419
3171279
2210594
3484423
2485378
1993223
2732035
3214460
2957098
2403732
3393877
2697308
2369460
2461215
2661720
3170848
2193081
2614670
2767348
2704653
1900266
2600243
2364390
2576869
3113125
12346995
9014949
2590116
2405413
2539800
2807987
2627347
2862688
1970935
2992767
3071968
1950529
3077324
3437885
4694083
2748507
2102082
2056370
2425057
4132005
2649952
2752450
3116896
3065662
2546493
2662571
2850131
1948789
2504430
179548
2973570
2127016
2200741
2498244
1785711
2787000
3053119
2873351
2317298
2275869
2689554
2698954
2595378
5565727
2313782
2271911
2609335
2408767
2067421
2261558
12352205
2534770
1950645
2827568
14277628
2921801
2518392
2247072
2349880
2083671
3207465
3207068
4126545
1531412
2128281
1904503
2550901
2396084
2371176
2301444
2551666
4374138
2148830
1954869
4807881
9895073
2663926
3221233
2141882
2476716
2467599
2365692
2130234
4323666
2307955
2620840
2361367
2217375
2689505
2838165
2861018
2501236
2352466
2425052
3915046
2119957
3615334
2586055
2641845
2319358
2048141
2471446
2443803
1885841
3962857
20091937
2658606
2195796
1953070
2745317
2342343
2451425
2107539
3223747
3177262
2109939
2102587
2456229
1885886
2828717
2420778
2345311
2407080
2638067
327371
4124378
2061764
2066951
2214598
2126815
2385485
2507338
2112481
2137827
2134471
2541362
2626256
1831248
2650474
2439296
1963790
1993992
2714093
2867374
2845729
3437696
7631539
2678200
1916370
2761785
2886086
2105517
2237925
2208527
2161285
2257242
2348641
2177758
2461779
2677964
2789330
2220677
2433434
4015962
2585347
2192076
2109517
1917713
12947535
1793201
2841124
2412560
4427384
2504157
2395324
2827505
4487504
2193582
2314402
2499263
2604832
12437475
1671263
2482865
2366491
2136947
2543254
2646769
2073676
2212832
3518750
1825359
2241953
2222754
2327042
2708545
2989197
3401980
2818768
3417861
1867247
2609527
2420438
3377310
2678546
2045111
2389237
2514932
2417893
2117222
4330926
1615893
2501225
2889368
3281766
2335674
1400953
2302443
3009927
2564516
2267868
1963865
2495153
2455673
1782655
2453586
2295471
3477034
3401461
2175749
2888722
2630388
3175514
2910849
2435122
2052114
2494662
2053440
2693856
2036456
1940998
2605110
1345052
2571272
2833863
2208123
2186278
2211503
1310474
2476045
2783539
2215084
2497768
2698233
2052021
2828996
2354976
2440686
2460980
1953707
2660378
2720302
2447856
2427371
2286719
1871961
2635830
2569882
2607021
1979046
1813848
1608762
2295431
2318652
1554111
2281341
2060766
2647635
2214064
2571272
2027873
2257589
2075681
1980730
1935008
7534391
2102497
1998118
2107652
2995130
4323744
3948437
2181523
2712034
2081990
2273431
2552169
2570012
2527069
2965463
3035085
15917176
3161630
2256928
2415720
4599551
2664850
2039487
2225931
2132667
2077959
2223071
2475871
2272094
2723972
3630608
2521762
2602284
2071632
2411227
2577340
2803632
3036710
2392838
2453843
2534862
2372155
2251318
2635137
2715771
2036302
2119338
3005562
2897045
14310104
1638667
2174468
1870428
2444908
2435458
1528893
2054339
3744927
2400345
2293274
5287183
2782527
1960723
2319307
2019553
2614060
2162517
2362304
2915553
2836465
2747438
2543062
3772225
10578936
1762314
2309381
2158605
1512607
1759933
1657000
2346649
2600745
2852935
1613753
2714225
2917558
2834069
1654808
3330923
2672350
2297491
1805450
2002214
3817377
1784280
2202872
2933844
1419335
2205388
2949058
1990681
2080608
6593297
2281197
2251179
3511066
2115690
2560740
1776005
3096975
2456589
1672894
1828293
2168803
1877355
3169069
2701744
2450173
2517312
2914657
4847333
1957536
2110547
2156084
2217952
2507070
1749436
2532503
1865055
2677315
2016039
3295899
2565763
2324259
1772976
3104826
2006830
1729802
1947723
13875932
3124269
2493882
6033919
3132055
2080158
3398871
2051050
2348200
1983229
2207641
2454179
2007111
2788212
1863611
2362487
2713891
2045793
2644600
3433506
1929579
1946657
2346511
2135321
2118462
2487720
1427715
2849523
6333907
1948642
2679653
2316063
1657788
2164510
2204329
2031847
3326578
2795946
2507470
2353540
2036766
2799800
2062705
2582719
2829343
3673867
2536015
2266575
3342702
3439151
2923488
2363338
1605394
2611021
2514558
2720212
2453634
2199382
1953045
2289018
2991763
2355996
3052022
2364913
2434550
1652287
2131244
2164128
2280704
1737292
2536145
3083950
2789548
2313502
2192895
1844435
1640678
1943638
2635240
2134590
1644201
2354923
2387774
3065894
1973296
2750618
1712414
2250206
2058099
2311139
1951207
2138369
1727587
2152399
1607048
1737231
2229882
7824843
2101113
1673015
1912629
1875864
1959858
2389593
3822364
1876340
2145936
2788752
2105831
2000341
2636135
1934681
5023363
1707429
1844667
2414810
1919440
3034078
2418074
3484737
2303789
1965944
1992328
3083485
2362768
2706839
1820152
4343905
1896695
1741713
2137597
2537254
1750943
1756297
1762156
2584895
2320034
2672149
1919939
1739079
1628431
2218884
2708873
2145269
2096216
1975554
2241417
2981247
2229775
2442627
2685912
2735895
2166674
2057645
1792079
2133501
2452398
2166031
2347588
2536077
2865880
2361961
1911268
2131159
2162214
2346325
1802473
2125704
1970999
2265288
1616783
2514109
2572732
1739268
