9647
9705
11760
10088
11405
7754
14198
8857
8557
8968
10798
12759
8159
6761
852255
10923
13489
12732
797137
1093977
1015249
8508
5448
13854
8734
825094
8363
522317
9434
882940
12327
11192
8492
10312
11516
9069
737068
7409
712065
6417
781873
7521
15553
9650
746507
7816
9365
831440
7519
729149
15879
867715
680462
972634
6060
5067
6642
7711
14070
10804
11987
6363
10143
6205
9448
7231
7496
11401
9405
7204
8204
12110
12308
8471
7540
10776
739995
7488
859595
9494
7644
9579
7760
6096
8811
8044
672584
10523
7048
7210
721592
13165
6129
8423
14089
9652
10945
9354
6877
7672
10535
6812
17685
9369
7563
7194
833171
9226
9261
8166
7668
779266
7620
12536
9570
8115
8559
8167
6689
11923
6964
14180
5917
7588
9578
9600
10377
6241
7126
693516
1198997
8214
14167
7529
577647
7304
8836
21530
8316
6890
6832
22101
9399
722533
887162
8090
14668
10736
10725
9219
7812
8644
7907
7844
5821
5887
814806
7968
8011
21325
709935
7832
6768
1090268
7318
786840
11142
762278
6282
6845
23108
5393
784495
11314
8260
9722
6756
8587
767008
6406
7315
10518
8248
7694
5318
7804
8571
959597
8902
10192
8350
7246
594634
9624
560617
782731
880392
730659
6259
736994
548033
997456
675815
9846
824985
1006491
512613
925148
934054
796957
665420
9616
9259
862509
926344
1020525
6441
1140730
1073349
8628
850459
8737
1051934
1081595
1447320
11953
7435
7384
7827
7398
8334
1293524
6438
17536
1194478
6697
8092
8638
1450117
6766
1223943
10257
1426289
8417
7088
8945
8331
8465
1294940
7141
7612
1309577
9045
8465
10939
8702
8693
12276
8344
8941
9552
9908
6916
11640
10525
12194
8435
28201
8722
9561
8022
7237
1397854
880646
954329
1322752
5804
14114
1958521
1471653
24387
10615
1706034
6189
10612
13961
12831
45824
13904
10018
1669174
16806
8433
9052
7917
6812
6169
9617
8119
14955
1881606
8664
1289193
14537
7979
9961
1470516
7029
1292089
1253713
1180671
17843
1427554
7392
1598959
1066198
962549
39233
7317
15783
9408
8355
2491370
9109
1002821
950299
12342
1210667
1029576
16279
9465
8043
6072
1196807
6920
7822
1404072
918966
7278
8805
7188
7787
13834
8321
11587
1144977
13350
8731
1162617
8262
7509
6501
1430399
985294
8773
6797
7776
11770
8213
7174
1135262
8656
1002684
890384
720235
1106924
746996
824967
16085
1031972
8695
887291
941478
813231
849311
12814
7598
8407
55861
925870
1023626
716714
713362
723912
7191
8014
614430
987067
17337
10462
966696
10017
905667
8263
8280
9400
8283
9001
874538
10218
11646
801255
1015528
8948
940413
14793
7584
7846
8761
7508
7341
7555
12167
9188
7183
10814
6751
11830
8141
8668
1150587
8570
7079
971900
1145952
730570
9633
1146185
7789
14202
8273
7602
6793
821854
8716
8465
7287
7175
8019
31197
9703
8407
9054
1511318
9228
17753
12857
7491
1269426
14406
12855
10113
1212439
1143360
12169
1202679
8550
6615
9360
8020
11017
7193
6800
11591
10971
23192
14400
9896
8012
1461073
6841
1221235
17505
23744
13609
7395
29674
12814
11208
7043
8102
7441
9544
9411
8254
11244
8349
10584
7190
6697
7562
7802
12424
8497
8161
12718
6507
9119
17045
12870
9387
1441084
8474
8256
10749
13121
7612
13198
11662
7136
9680
8329
11318
9757
8360
7965
8863
10682
117948
8414
6325
18180
1914388
9689
13865
9070
12267
16751
10252
13628
8104
13853
9952
11451
7381
6275
7492
1270826
5577
694177
1090146
590094
801828
997919
1142466
855241
9988
880633
795196
670162
785692
742563
996491
1059640
5488
1178213
980404
807922
43568
1197744
8866
10288
13238
651659
5892
766320
846250
11474
7873
9694
6778
7944
8829
17132
8048
6417
10514
838595
909161
8049
1001388
959591
8896
1246825
10136
7255
8404
9832
1221797
960185
7588
8533
1012183
9596
7084
731283
8223
5968
6958
8312
21385
11726
1222971
8937
5438
1163943
8758
886668
45620
6552
10467
8455
1321178
6641
12191
6163
1082451
10930
12515
11479
3290
31474
16913
9185
6819
12252
12892
9461
7385
8504
9133
5928
8355
9950
9029
28601
9282
6587
11619
10974
7629
9745
1056994
967755
7552
8579
8960
7481
10505
9681
11719
11374
8690
9873
10589
1338001
6429
16119
14011
7241
8428
13743
10268
8228
8534
9192
10048
8168
7890
11747
14882
9759
73484
9639
7967
8924
9088
11680
8775
8213
9537
8104
7019
11817
7296
6585
11466
12098
7953
8586
9838
9036
8848
15083
11733
7516
16229
8410
7220
8612
7814
10499
9202
7585
10878
12248
8471
11632
11198
8758
8661
9926
23192
6718
8688
1489755
9047
10116
11028
2173808
6722
7300
8279
8946
9219
7060
9437
9056
14731
7686
7615
13730
8719
8284
11481
7513
8608
9424
8111
7939
8747
9435
24585
8372
1491237
7771
11833
16786
7707
8726
11897
8994
8118
6781
7499
11847
6891
8112
13471
8200
8332
8742
8417
7682
8697
8619
12891
6538
7618
12033
11206
10845
11380
9730
8817
15918
23694
9510
11134
9594
28120
6724
7891
9000
9358
8159
21311
10170
8076
8008
8267
9926
10256
7313
9887
8603
9193
19015
9539
5485
11229
11911
9381
9770
7690
11770
16960
6939
10414
9964
8301
7361
12987
8054
8662
8054
9075
11354
8298
10619
11422
11173
10019
9308
9624
8179
9859
7730
6867
7403
7261
6024
10289
8309
7546
12548
6675
6835
9830
1533291
11708
7913
6107
11303
6326
23928
8949
8181
7680
8045
11214
8578
13413
15367
10828
7567
11456
12474
8941
5779
10327
8729
8809
11433
7742
9193
6457
7367
7736
7115
11848
7881
10635
8003
9083
10790
9165
10522
6609
8491
7904
10110
8112
19210
8397
9647
9063
9527
9538
8785
7910
8709
9089
11692
11451
11336
7732
7563
10216
8573
10045
11201
9735
8052
8762
10431
10579
11374
9086
12775
12173
7854
6535
9058
12065
10762
9062
8876
1118700
8277
9350
1124744
13045
8055
11464
8112
9938
1665148
8457
12227
9306
11054
7418
14081
11321
8728
1769487
11195
8725
8586
7100
10516
13538
9265
10216
23441
6355
8245
9306
13874
10608
13727
5416
9796
7644
9564
17100
11658
8112
13018
9139
11678
10896
8475
9781
7825
11132
17908
8487
12089
8112
7184
11183
9391
7506
10686
7620
12972
9233
13651
7588
7166
7571
1395639
7962
6736
8709
8632
9146
11673
9524
8277
9070
7724
9159
9058
10070
8734
8407
8190
7392
6957
7748
10024
8532
14685
8055
10222
1567466
9339
9526
7494
8373
9583
7665
10739
7976
8424
8821
7589
8807
6818
10240
8235
12202
8473
8454
8321
9031
7038
7173
7788
7426
8348
7351
8995
6004
9396
11671
8249
7701
7883
6103
10052
7718
10026
6533
7922
29697
12015
7751
12785
1563616
8008
7410
7913
8070
9744
26623
7015
7112
8091
12572
8025
8606
8848
6791
8473
6851
10005
11266
8460
11292
12068
7212
11791
15217
8099
12970
11685
6348
9785
12986
12273
5979
6161
8705
8004
8458
10280
5262
7279
7963
8628
8834
9001
6110
7356
8481
6456
8139
10066
8804
8466
9603
7971
14332
8321
13989
6471
23648
8253
6492
10873
8197
7976
8032
9445
10698
9274
9621
9561
7882
8819
8627
10346
6273
9440
9119
8155
7394
7756
9175
9348
8613
1557116
9822
8985
8760
7989
8352
14151
7385
10018
1144621
9425
7950
9113
11480
9789
9640
9852
9672
11318
8219
8370
12475
12340
12097
10720
8150
7017
8189
10099
7689
15835
10984
10661
9328
10210
6697
11795
10115
7633
7406
6454
10667
12599
6039
7516
8120
7451
12375
7968
8097
6328
10648
9276
8813
7496
8490
10204
8392
10608
8463
9677
9934
9924
9410
9737
9008
8605
6727
8210
8680
8320
11988
11737
10311
5859
7514
11719
7882
8538
12034
9493
12471
10420
19493
11809
8866
7259
8569
8005
6123
14177
7892
7779
14291
8570
8088
13337
14061
8439
11505
7529
11947
13937
1226917
14026
5587
10817
12158
7254
9198
8538
9166
10005
1160056
9860
7995
12750
8034
6877
7479
7522
8503
8261
10152
7889
6841
12639
8935
8112
10313
8273
9541
1460050
10678
7409
7510
1174568
6476
10915
8251
7068
9552
9149
6027
12071
7236
8439
8358
7195
10581
13601
8228
8505
8250
8998
6674
12789
9403
8261
8334
7324
15648
13793
9535
8411
12904
8187
12523
7459
8105
8307
7954
14054
16113
8556
9865
9234
8139
20336
13512
23384
7035
10747
12463
940002
14108
10108
6287
11168
8340
1728436
10496
6878
11052
9277
7620
7685
8937
6826
7540
6613
7144
7164
8066
7053
10151
10111
6388
6836
7719
6743
7352
9096
6357
8689
10866
11525
5994
7322
7582
7370
19383
8818
7681
9244
8708
11895
7501
7842
9115
9105
9733
7886
7323
7745
10124
10425
8480
9372
7515
9725
7872
6444
9420
6242
8247
5779
7181
8538
8670
6759
6217
7434
6820
14415
6618
6021
8751
6695
6815
7661
7728
11967
6758
15742
7273
11133
8642
8230
10377
9533
10339
16863
9078
9715
10795
7107
9260
10534
7665
12658
8173
8894
11957
8510
8004
8077
10985
9415
2961725
16405
8745
11359
9614
9907
9445
10841
8975
9230
7059
12171
14381
19082
12293
9101
9097
13976
8683
7862
13915
10943
8080
8604
8287
14362
11546
8452
15735
7124
12522
14083
8515
14360
9347
9160
11286
7743
7515
22630
11276
13349
15854
8006
11984
7833
10282
9399
14093
5814
6933
10052
22508
9418
10614
12649
8946
11845
11331
9848
10150
9596
8950
7971
12838
11681
12169
13844
6867
8368
31648
10501
7973
15729
9456
6930
11941
8455
9346
12882
10309
10061
44169
10092
10301
8407
12364
8285
10943
2819019
13273
6168
2733634
8467
7742
12320
2732084
47918
9654
8105
10364
14869
7895
8749
8291
8134
12456
10355
6636
9208
7719
13461
19708
8546
9842
10342
7843
8952
8126
12435
9401
10155
8716
12819
7978
3646
8428
7588
9476
10544
11250
9354
11831
6910
10683
10896
7059
16266
13311
8237
8934
11000
9419
11127
9209
11549
14638
9803
8406
9722
7861
13242
9128
8312
10758
11627
8477
10217
7723
8270
9560
11539
16469
10840
11086
10157
11194
9958
9893
14729
8930
11486
8548
11383
8286
13442
20712
9752
7026
8198
8504
8796
8574
11177
14989
7743
7771
14029
8919
8175
9050
9871
8468
7833
8580
13736
18687
13630
10469
11353
8208
9561
10540
32631
11163
6649
10964
1923775
8557
11197
12892
8232
7156
23240
8638
12561
19535
8306
32791
11644
22441
10789
8882
13988
8789
7780
14439
8864
7764
6065
21189
10212
7147
10238
8092
6274
8433
11656
9055
9439
7612
10631
7687
6335
7476
44880
6630
6958
9120
9448
9270
8762
9126
6915
8332
9946
13152
8652
7898
7923
8065
9319
8296
9074
6251
6228
7612
8565
18491
7283
8376
6843
9549
7305
12688
6898
8283
13262
6382
8296
7102
10506
9075
11384
8195
11427
6659
9781
6328
7673
9522
6792
7536
13578
8635
8093
9402
7288
5899
8343
10419
8875
6422
24111
10639
8112
16838
14498
6321
5319
8061
7377
18537
10878
11555
8847
7708
15655
9137
14025
8410
7538
9412
6723
22169
12430
8707
7079
15188
9147
7833
1191504
8357
23117
6456
10845
7048
6739
6467
6841
8444
12168
7251
21995
8689
8761
9733
12098
9747
7889
8036
8215
9290
13127
7469
7858
7431
8611
6706
10740
6222
7269
7032
7908
1587402
7007
8999
9209
1505662
7177
2551929
13951
7849
8216
7474
7921
20404
8541
10718
6507
7812
9293
13842
25241
11938
11273
2057547
9450
6889
6597
6732
1821504
12913
10722
10618
10100
7773
16966
8430
10239
10742
11828
11352
7840
24937
11579
8573
6742
7958
7666
12157
12449
9824
8177
6659
10219
11016
1828171
7819
9302
8305
11771
24440
9957
10616
9376
2901051
9372
14262
6047
11110
8834
10207
8329
16014
9277
10941
10021
7745
8754
6271
6527
9859
6616
11805
18091
7173
11292
9921
8032
8901
6258
15516
10872
8291
7764
7277
11046
7179
6222
8384
9113
10320
9613
7659
8579
9555
12220
6238
15322
11062
6737
8361
8648
7105
7515
8411
8799
6944
7493
9230
9159
2994654
12602
12891
8874
6964
8873
13054
6426
7728
7540
8018
9240
7219
6972
5662
15767
5417
7541
7318
9782
13837
7529
12289
8805
12240
7218
8285
6018
6875
3281431
2557308
3103705
7660
2708355
2697429
2389394
11869
9344
6685
9514
10908
9696
8806
9038
11971
2421254
14092
9094
14994
7766
8166
10280
6653
7522
8074
10845
7904
11356
8256
8547
9883
12054
7105
7574
11995
10820
8425
7054
8331
8121
10146
10645
11484
8142
10300
10593
9122
12492
5969
8674
10046
7649
8156
11958
8777
10441
9933
7975
8860
7013
9515
8680
14085
9692
6267
9748
11198
6395
8541
8466
9011
6777
23553
9142
12757
10108
7750
10131
6142
8452
9844
8961
11118
10878
6522
6432
7789
6578
9500
9088
6925
8227
7911
8471
10219
8056
66077
10125
7290
7305
6342
9049
8673
7236
8107
7410
9453
9103
8020
9056
7055
9448
8382
9497
7579
8090
8542
9011
6969
7095
7838
14390
13045
8105
7153
9318
8309
10784
10880
8907
7229
8578
8018
12290
8610
9456
11528
7076
9122
6324
6269
9378
6402
11813
8540
8669
7026
8106
24250
6273
9339
9012
11309
10017
16696
6990
9168
8279
8787
8157
9913
9672
7750
12237
15634
7975
14145
7246
10357
6972
10361
8859
7579
7264
8893
19617
9992
7674
6545
10510
7411
6398
8917
8707
8278
10086
9898
8598
10306
8828
6669
8778
8669
7493
15289
6819
7324
10026
9072
9931
8937
14221
8279
12988
12207
8060
17474
7923
12311
18042
10786
8214
6517
7997
9124
7464
9901
7883
9993
7744
6676
9922
14316
8469
8247
16132
10749
12403
10320
8813
8595
9522
8873
12146
8170
12874
15762
14772
7693
8024
9267
11510
7518
23106
8948
16698
9583
10375
7109
12032
10138
7961
11917
7440
11680
9700
9561
11303
10581
7493
7599
12549
13184
10893
13741
14432
8711
5951
12081
7296
6842
11683
9949
6929
9670
11000
12731
6879
4500
7245
9671
9021
11554
11098
8293
10805
9387
6752
11841
7211
10540
22902
17098
8256
9586
17104
17111
10864
12310
9302
11490
15589
10801
11887
14020
14683
10057
9081
7848
9251
17671
18727
8534
9831
7342
8294
11420
12258
9079
7169
8591
10842
19444
13928
47215
10441
8452
10801
6353
14291
11533
9549
9427
10548
12106
10971
17242
11494
15189
12958
11758
6890
8328
2516001
15693
8682
11169
9195
8431
9258
1737217
15349
8657
25827
7428
10334
7919
16617
11243
10169
12573
7955
11073
10376
12047
12192
8136
7783
8243
6216
9930
9874
8600
7612
6056
8437
8261
8229
7255
8892
8207
9061
7425
9770
9953
7377
8054
7510
8448
5919
7921
7500
1464291
10155
14274
8119
794349
1178361
880522
1090318
942517
9668
6121
985646
6887
7330
9419
6470
7498
718206
8551
8798
709579
8547
7712
838468
860957
8136
7771
8832
5583
10933
6288
1227128
6144
5581
6840
688596
7919
5765
7134
11107
8254
5641
6966
6167
5564
7660
7343
5534
1095016
6484
7883
848173
993378
12947
11224
8810
11718
6880
7009
975256
7046
896202
8777
9843
6370
776614
977314
16393
7324
1025432
724950
4938
6838
955357
690298
713289
6533
759908
1179899
709803
6709
1296393
1801267
14455
10325
16316
11562
8015
7983
6469
7371
16577
8264
9624
717637
8204
7911
6433
7564
10483
10310
8007
16500
7393
5615
11078
7129
1265656
13066
40716
9634
8146
5156
10597
10909
6444
1198308
11375
877965
1150438
9616
982228
17247
1299970
1284053
11470
1363171
10028
6478
9644
1265426
15262
11342
12406
12390
11226
12092
6511
8654
19222
7584
10407
8154
18023
11341
13900
7361
7791
7105
755163
7129
11956
1031961
8209
6444
9419
8142
8139
8822
9110
11573
8101
13494
10155
7913
8540
8022
13563
11778
11687
10249
13130
17729
13703
12688
10011
10653
6265
9030
8445
6221
47861
10837
926517
9572
13649
7888
9814
9416
10011
6999
7890
7958
6738
8228
6700
23399
7716
8100
8509
8035
772094
11257
12387
14275
8389
18554
11202
8076
11563
9425
9401
10092
14376
12027
8062
8507
14720
705820
9746
8947
8443
7004
10327
1007277
6078
9770
7321
7920
13613
7815
8060
935500
1143923
7366
8398
1125406
9034
10486
8176
6777
10484
11336
1309130
11220
7996
1138041
5825
7351
7339
7587
8435
7833
10550
9544
10110
9127
13548
5594
6898
7543
9102
7768
14486
12184
9437
7139
6060
7010
10230
8889
11579
8334
8517
6532
7936
7212
8314
9767
12891
9134
12647
6901
15663
8172
9047
10492
6845
7737
6928
8106
9965
9265
6193
6147
5879
6602
13081
7457
8700
10510
8133
10092
1285620
8779
8077
14161
6528
11860
8559
5529
11310
1376211
8688
10282
8973
6489
24608
11823
8167
6482
8966
11953
8037
7217
6436
7690
7779
9522
1035389
6901
8488
908095
6802
716111
9438
1093575
16726
8271
8102
7833
10275
7984
7963
933007
7634
1120442
566771
868059
609428
5105
916667
9767
881856
725777
747581
12924
884729
6502
12995
769293
750377
9869
814086
8847
6029
6832
931571
7095
484686
702583
678334
932660
8138
7113
7548
8162
5976
797425
8127
424009
602465
15194
9370
10142
7670
8969
8101
10243
6237
7419
8844
11184
1205855
12311
8174
5708
7765
7638
8009
10746
7628
8840
8516
6322
8686
7082
11032
7308
9338
9881
9641
8451
11134
8227
7930
9741
11602
7611
8354
7660
6686
7471
38160
7259
7591
10846
7403
46096
904608
12736
7839
11399
19924
8417
10828
9818
8694
7004
8105
7785
13848
11089
7685
7122
8248
6026
8575
9323
11097
7823
10920
8849
11012
9346
8005
6761
10579
9460
6908
6255
915310
8344
5813
7510
10390
6895
6045
9460
10378
8608
7592
6677
8536
9860
8169
7215
6512
6600
12743
10456
7814
8202
7172
8468
10125
7006
7243
8150
943214
7993
10124
9374
9851
9045
8260
8151
11775
6443
10337
19900
6041
9275
5454
8790
8094
9337
8218
7242
7386
8467
7745
9580
8545
12801
10463
9406
7755
11753
8808
13809
24303
8735
17694
7681
9526
7104
7293
9503
11613
11063
14602
8272
17300
13407
8999
17444
9942
8998
10837
14304
10079
22879
13402
10743
7346
7302
8920
9131
1547284
9375
7769
11811
10250
12223
7981
6328
9834
7314
7777
13072
16547
8734
10010
7761
6736
6663
9648
8414
8637
12297
6302
24599
8472
9155
9575
11135
11224
11968
10146
8490
10577
6747
10843
12539
8943
10497
11945
12641
11229
8569
8042
11517
9074
9422
7628
12550
25481
13010
9264
8617
6325
6443
9084
7794
8119
17549
2863
7163
10186
10813
6440
7131
9593
7487
8028
13243
8912
7403
10750
8313
6846
5957
7566
7254
8804
8326
24969
7271
6814
7131
8013
8969
6953
6769
7561
11542
7747
8809
14011
8438
8159
8104
5598
13076
6861
8434
7311
7566
7522
8992
5844
7675
8801
12740
10024
8754
9036
8684
10481
11167
7808
8613
6675
8429
11020
8346
18109
6224
11261
15366
20736
6369
9517
6795
10616
9895
7826
6927
8918
7406
7846
9833
8878
8904
8863
6498
7276
8521
8430
8000
8281
6726
9974
8293
1598355
8137
9583
10499
8728
10521
12104
7918
8104
12721
8311
8858
10651
9474
6019
11340
8148
7665
7515
9414
6910
10565
3196644
7665
12270
8994
8055
11943
5734
12734
6209
2065514
15506
12240
9213
18044
7847
6659
9840
9520
9399
7350
9598
7877
6541
12898
12338
8832
7365
12074
10289
10463
7688
10065
9390
7978
7542
10134
7125
7667
8407
9455
7585
7754
9121
6365
7872
10018
8682
7409
8183
10271
6712
6012
7622
7588
12764
8415
9441
7754
8913
15714
11250
8641
10158
8073
8011
10733
8812
7665
9408
35088
8824
7976
9061
6346
8935
8468
8816
7860
8113
9587
11401
7827
8423
8551
7149
9816
10983
11136
14402
1654004
10583
10260
9778
5675
11727
7972
1974013
12563
7947
10782
8861
10479
25209
11557
8933
7796
11375
19002
8073
5675
7719
10135
10300
7375
9261
12718
9782
10303
13758
11282
9099
6830
9175
12236
9023
11055
6177
6873
7777
8595
9786
11715
7443
10490
7860
8409
7595
25344
8979
8429
8720
7702
8691
11306
15144
4200
9483
4583066
7708
8922
6516
12439
8050
10312
7414
9851
6929
5856
8262
6861
7507
6918
8689
8674
8543
7241
6803
7471
7218
8911
7705
2011739
7923
2867019
14882
12282
11125
3055347
2440751
9097
10934
5856
8225
8548
10479
8695
5688
6972
15895
8403
8365
18026
11396
3072006
7096
9739
14522
7658
10698
8655
14079
11439
10606
16115
3254112
7842
12316
12049
4091428
10804
13488
9642
11869
9348
6809
7720
10259
4145444
8132
15372
6381
9000
9294
3251816
8236
9621
7978
10685
7904
8502
16375
9019
10693
21642
9223
6504
8691
7903
17732
8835
10863
9373213
12837
7646
9498315
11778
13342
7983
8162
12039
4077175
16141
10112
9515
9988
10286
8199
15285
8719
9506
8509
9132
22902
5157219
5435113
7737
22087749
5233918
6815
3438184
6643180
7750
10204
9942
13751816
14360
18635
14211
10630
8004
10225
14477
9524
8953
7926684
14118
6276490
7873973
11823
7273900
7314
7049
12017574
6651
8919267
21883
12397
14081
6268837
9213
11548
11226141
7520271
245203
7360
11555
11123463
10947
10424
10178
10699
8132
5148335
5397479
11893776
10022
8740
9523
16578
9892
6761
9565
7579
5618011
17813
8678
13387
9367786
4871278
6501
9834
14024
16329
12175
9132
10004
11575
8558
7685
6757535
10936096
7513
6701
12936
13479
9683
13882
15970
6771
18739
10721
8292
7578645
7857
6991554
6418
8964
17322
8546
9469
11865
11340
11682
8494
10431
5672051
8056
6436
6540
6228
6612769
21331
11096
10828
16894
12769
12614
11657
11432
6195
13571
11303
10711
13972
21012
23881
17657
8207
18831
7078
9378
8254
14633
15303
11860364
6774326
7856915
7960
10704
9709
13713
14854
8910
8937
8379
4028195
8131
8947
9958
10102
9568
7825
16616
52726
7362
8658
6225992
10095
7767
8796
9862
10195
9128
11598
5290
9021
8482
6930
6469
10195
5769
9301
8657
7286
8476
9223
7234
6287
7102
7471
12985
6519
10222
23861
8631
10156
7489
10450
6599
7933
10332
11362
13733
6659138
6653
29917
8967
11092
13465
13169
9669
9909
7249
9238
10937849
6960
13086
8460
12531
8386
7108
9579
8725916
9669
9097
8341
9635225
9617
5026
12196
5338
10480
11558
8987
24075
7441
7598121
10210
22737
7575
11933
16738
7862
6791
9829
9491
9181986
7762448
23199
7996
24600
6600
9479
7678
11794
8023
7332
6854
7780
7679
8841
8223
9971
5967
7039
6660875
10864
17045
10905
8721
12238
9908
7542
8299
10199
9261
12761179
10156
5414685
7667
6870
7662
8045
11649
7595
7058
7426
8466
6771
6691
9957
5955628
10181
6057
9841
16057
9906
10017
7514
8566
7220
7961
8471
8228
7037
8061
9606
8417
8867
8642
8425
8512
7055
9302
6388555
7992
10632
8877
7350
8617
6836
9277
9656
6425917
11584
7521
7311
10541
7878684
6463
7092
10071
4779140
8587
8864
10305
10434
8851
7852
9181
7662
8747
7159522
7733
8005
9201
12809
7829
8496
41368
11200
7172
20412
8430622
8097
5811
14085
8182
6351
8281
21234
6390
11549
10780
5999
10447
6059
11676
9301
8980
10417
9186
6435044
6605
7622
8854
12418
12421
9984
7791
14104
8827
6645
6885689
5621
6930503
8549
18835
5521754
10073
7239
11654
14304
8245
10416
9149
8552
7473
8692
8681
11564
7672
10711
4564986
7103
4945886
10828
8730
8192
10481
7305
13411
6553
8105
13084
9455
12971
11509
14193
8195
10567
15354
7791
9818
8936
20184
7846
8357
8465
11262
10614
8805
11710
11491
7328
6649
8055
5136
9931
5403
6066
15551
7581
9049
8145
8257
8398
17403083
6978
7618
6628
8333
10300
8151
5484
12751
15507
13815597
12506
11025
12970
8379
9491
21328
7728
10029654
9077
10448
6507
7302
6567
8730
7544
8354
4137221
11036
8308
6620845
8905
7839
12345
10615
6795
8087
7968
8103
8858
6885
7741
6392
8901
7110
10319
5987
8588
14118
10200
8886
4640
6303
9055
10092
9662
9891
5557213
15670
9093
11133
8503
8844
9883
7743
5836
11369
10221
7078
8055
11025
10602
8314
9775
11375
8309
7073
7288321
8475
6456
7879
8625
7930
11568
12964
10409
6536
6517
7940
8212
8318
8042
7395
32654
6990
12635
16945
14287632
10020
24805
6040
12622
17743159
13907
14102
8607
11112
40491
7604
9600
10829
8038
9450
7133
9425
8559
9956
9657
21411
9205
7027
9324
6322
7119
5831
8961
6294
8001227
10861
8324
10579
13897
7535
7770
7216
4884
12684
10679
8582
8827
7800
11045
15680
15785
6748348
7965
5767
10397
10451940
11175
18317
8496
10297
9953
9829
12840
11002
11364
11763
8627
10743
8934
9419
9759
9999
21088
8944
11516
7237
13946
8360
7808224
6163
8737
8353
11750
13159
9570
10998
8512
6235
10528
11660
8530
10707
8249465
6501
7740
9877
10082
9637
9509
11220
12599272
11540
6914
7509
6848
8383
3410
10373
8826
9945
11820
9984
7526303
10975
11646
8078
9605
9145
9174
8237
9474
8409
10407
15318
7148
9225
6994
14588
250342
7604
9401
9197424
9839
7151455
10215
11756
8336
6689
4343803
5905287
6365
7780506
4246528
10747
5296801
9509
9757
7177
9606
23402
8556
8489
8610
20074
8622
12672
8686
9100
9042
10079
8303497
10510
8654
8628
7006
11545
8988
8814
8547
8012
10002
22225
8907
8077
5544
6125736
12349
9817
10359
9401705
8519
8485
8181
11367
24445
6986
10078
8732
8205
7440209
8612
9567
9537
10173
6653435
7011
5762
244420
7327
11827
8745
11900
7315
12852
11911
19641
10122
7452
8647
7131
9937
6958445
10415
9091
16868
9195
9954
7830
10568
9481
45033
8398
9996
8591
8216
8654
4752580
5638999
7369523
8253
7317
10182139
12852
12396
7824
14011
10130
9550
9355
10942
9897
5796932
10865
11504874
13286
12668
8717
8764
24457
13402
9033
7945
8578
8960
9117
11541
9529
11084
14170
13726
7751
9023
13960
11109
8705
9298
7816
7966
13782
9577
7733
8836
8809
6820
8593
11172
9488
8540
10022
8186
8133
8635
13681
6890
11430
14702
5454
18413
12927
8136
9332
7922
8823
8502
10677
7562
7233
16643
7628
8163
10134
7819
9741
11822
9475
7611
7681
7100
10271
12195908
9649
8770
10047
8259
7578
6023
8085
9244
11840
9696
7445
12750
11967702
6870300
7998
8855
13565
16569
4404622
10095
6645
8671
12804
8369
7885
17699
9548
8134
6740
11229254
11998
11759
12488
7135
8617
6494
11069
8529
5156026
9625
8414
10765
13977
7577
10364
10444
5380893
13376
11257430
11126
11576
6192
7776
6727
3372
6401630
7020
6722058
8334
9174
14473
9831
10096
7599
9685
11126
14407
9785
8629
12855
5018290
8674
7843
8965
9268
10748
6980
9894
7105
7039
7035
8408
7819
11436
7694
7700
8303
4878
9395
6800
9771
9064
8591784
6676
8301
8756
7174
11897
11958
10724
15379
6935
6707
8153513
12549
9669
9636
10344
5844045
6721
16522
8782
11825
8381
7382
9229
9491
9077
8975
7795
17822
12383
10100
6049
10493
13499
13698
4462567
8409
5691360
9916
9252
12243
9248
44420
7602587
9205
9090
6464
10043
7051
10703
10022
7365
9544
8074
8619
8025
6912
8143
115158
10898
11917
7419
11895021
7165279
10343
6471
10325
11219
23812
12398
9770
12245
7858
7299
18802
8421
13475
9602
8575
6851
12119
7561
10806
7922
7932
6967
9086
10589
8322
14831
9466
10204
9799
3703
24890
9018
7438
14267
12331
8061
23258
12630
15697
8598
7820
12706
10400
8341
11371
9092483
8555
30385
8855
8835
14237
8942
10370
11193705
11455
7720
8642
9055
8391
8473
5277707
9622
12129
8373
6486
6059
8971
5384619
10795
5312411
8594
5798293
9108
8240
8389
9213
14890
10845
7913
10384
12247
7953
9813
7495
7837
6567
4451857
11843
10588
8588
8019
5819
5265151
10283
5861942
9037
8290
6475
9231
11554
7963
7438
13133
7430
13348
10520
8566
8204
8771
8063
4823
12078
8379
9683
6822
11122
20174
14082
10434
4325570
8827
13746
15479
18812
7895
8213
7856
9608
10836
9908
8486
7542
10899
9045
5896
8382
15883
9218
12808
9290
8951
10442
10072
7340
8381
15162
15089
8890
9479
11749
7258
8860
10811
17994
20965
6427
8289
7990
8321
10909
7802
11605
7914
14209
8539
2241577
12712
9468
15142
10333
10554
7757
7671
8471
16491
13639
11486
10586
9953
8122
9414
13505
8231
5928
15144
7293
13054
10252
9914
32695
17009
10032
9272
43150
11062
6130
10012
23685
12636
12914
9891
9844
7634
8832
10182
12557
9485
6525
17990
8297
10913
11372
12296
2365490
10130
8365
13166
8540
13061
7841
17304
7257
13737
8135
7541
9871
13635
9345
6684
13019
23219
11233
7752
13937
11584
2398017
17040
10121
10835
17532
6293
17375
24688
12896
5970
9440
9389
7463
8978
11012
8188
11383
14007
11422
9246
8422
13430
8924
7926
13673
10536
9803
7386
21035
6139
9773
9626
8871
8332
7261
7483
10850
11322
8486
6274
2627944
8863
10201
7518
8921
7148
26357
15300
6206
9137
9031
12033
12680
9790
14360
13896
8584
8285
15773
2345913
7953
7981
13991
9241
8714
13056
9822
6524
7139
8913
6820
10182
8638
7205
13219
14282
9986
11744
10152
22070
11690
10378
14910
10030
7751249
7573
11581
9520
7044
13781
13034
12782
8575
14264
3792158
9163
10546
10145
9119
13015
25664
9073
8485
8512
12062
7697
10146
10886
12670
8184
7437
8425
7945
7046
13191
9056
8142
7744
9582
10235
7846
12951
7065
9976
8931
12848
8785
7929
11514
9821
6570
10886
9904
6872
8551
10650
13605
10145
14658
10754
8870
12774
12421
7093
8508
13068
13380
8234
7765
7852
7161
9326
8346
12839
6066
7378
10726
9274
8664
7568
17086
14453
12065
17847
7889
6053
20365
22610
7791
6904
8224
41144
8151
12582
7409
7752
10997
9432
9173
7429
9255
11172
2934862
9738
10710
15436
10252
59681
6918
11518
13313
8261
11387
15900
45468
13497
7096
14275
14042
6342
7236
9542
10540
7426
9627
20641
11654
11802
6181
7463
9026
11625
8447
11489
14011
11618
10530
15222
10299
6987
8166
6851
11913
8131
10943
9263
8633
11704
10675
7239
7957
6946
8197
9520
10258
14893
11945
8355
6995
26013
20970
9101
17424
8199
7714
8975
8118
10293
10240
9102
15033
6953
10172
8585
11249
7113
8018
8362
10825
27763
10826
8133
11298
9166
13263
8942
8086
10027
6559
8048
8555
6935
10537
9971
9868
8432
10419
13829
6337
9403
10207
8522
10705
9328
12192
11361
10311
8804
8737
14777
9016
9448
16477
9422
13832
7711
6776
10346
7232
9936
15118
12778
12353
21858
13411
14533
13044
9915
7100
21970
5999
12898
6526
22949
9360
10034
10866
19935
9989
12043
5925
10491
16891
13432
12760
10184
9955
8221
7489
9689
22763
7383
8143
11285
7061
10238
8213
17590
14685
11753
12707
17755
6927
3670135
13316
8979
8265
7606
10568
8049
11299
10452
14218
15631
6996
10039
8098
18397
13926
6449
18473
3099754
6666
6308
9709
11218
19720
6541
17094
7975
7791
9025
9164
8598
6537
1996589
8817
14631
14332
12448
8920
8222
311204
10869
6116
16757
16145
6877
15008
7237
23981
7089
12925
15851
12039
13480
19297
7714
10250
9133
9515
17730
8953
9620
8615
11804
8737
13251
14810
7934
5942
7273
12717
14104
13556
8034
8158
7904
19285
9282
19133
8967
2662004
7613
6959
6110
9940
8549
7946
8100
8183
6923
12679
13230
6904
11640
8771
16515
8639
14739
7995
13587
6419
10491
9403
12157
10465
12213
12055
10171
8333
11218
6525
9202
9979
15814
8219
12719
7204
6296
10726
10522
22123
6725
8101
11443
7949
10839
10171
15174
9465
16063
6817
7960
6574
6771
10148
5647
8373
7465
12583
19989
13910
9642
29752
7969
14036
7631
8453
11082
10693
13375
12636
13344
8094
10463
26322
10331
8858
7370
6966
8114
23593
13873
7921
2255326
2486554
8264
2351634
15666
54293
10455
14466
16428
12415
11487
11554
8591
9760
7725
12925
8186
7674
1516956
12613
9235
7125
8447
7500
8770
8818
19952
17289
6242
9003
8034
6552
9757
11055
23869
7641
7825
5998
6885
8404
7380
9394
16186
8335
15479
7648
8877
1850958
9590
19154
8408
9822
9584
1845654
8758
12864
9353
13590
23919
8324
6841
11340
13800
9144
18449
9148
10072
8155
13530
8797
26427
1794904
6791
10671
18775
9605
10770
14026
7054
15944
9752
16287
12765
7849
6529
9365
13473
10547
8850
8958
8148
12002
2102204
6458
9338
2458871
15012
9598
15438
7545
7145
2135526
2115109
14610
18551
13461
6204
6805
2092122
8687
1731886
6977
10630
7647
10895
10760
24469
7910
6817
8326
9280
10119
1966894
7204
1385943
11111
6990
8387
6666
1823697
8764
7556
10265
8240
11845
6730
7296
8098
6866
7250
8307
6771
8932
10886
15637
12113
8463
6809
8796
12811
2221726
8563
8128
7490
1354974
6907
12080
9015
7137
16094
8235
14136
9234
6920
9873
8646
14508
8003
8421
10327
5725
14897
7985
12159
5664
8044
9039
6136
1963797
13774
1803119
12520
6126
6642
8994
1689566
7762
1675240
10706
1747479
13649
12087
11223
8617
12248
7609
1916019
19635
21034
9028
1755030
13144
14394
2095365
15260
12644
8286
12434
10669
15223
10963
10646
9798
1559636
2082178
6949
10132
9685
12770
24727
11854
8349
11076
9605
11575
9287
16348
9556
285801
1497283
8839
15094
6818
13311
5913
14160
14159
7931
10235
7499
16465
10463
8557
10449
15329
8714
7266
9468
9965
6274
12728
9845
5716
10342
6370
9648
8493
9284
18419
12469
12384
1662656
7128
9726
6437
12595590
7993
12322
10330
15336
8640
8995
1829683
6443
2523197
1843483
8370
6686
12592
13878
14033
7523
5886
8686
22239
8549
9884
6404
12117
4692137
6214
12908
11246
11945
1538461
8063
1570583
10158
13191
2208848
20443
8636
8389
16112
13773
8070
10400
15466
10819
7757
10774
10439
7682
9075
8654
6092
1757591
2201193
8971
1810692
10342
10610
13393
8295
13980
6693
19413
15253
6347
8670
1828438
10009
7303
5964
8532
14640
9366
9717
12743
2095051
5933
8857
11308
19627
9397
1917889
10392
14052
2058079
9284
6739
7909
14601
6853
13263
10426
21632
5709
10220
8247
8489
11976
15383
7788
9009
14589
8794
12559
8012
6517
12548
10147
9004
10188
16633
11680
11369
7903
11255
31151
9469
2192876
8930
6098
25721
12739
9217
13701
9730
12561
10364
9904
9390
1563274
11948
7492
7950
11160
5798
10673
7497
12563
11370
7775
15657
23582
15874
8867
9360
10334
8742
9772
1540359
8050
6812
12033
9157
8997
2237369
7479
8554
2103601
9915
7252
8562
7703
14342
2199093
12088
9861
17217
6987
16026
8817
10962
12811
1650597
7059
13370
12827
10504
6506
2885873
9213
12318
9138
10972
7420
8649
12149
6631
11601
1682448
8673
10194
9631
14929
8131
8869
9660
3217180
2258789
10621
10130
9678
21430
11099
7361
6922
5954
7519
13890
6607
13216
12130
3322844
8709
13535
11481
10965
8224
7690
6298
8075256
8622
10622
14726
2352284
2839595
2353902
6582
8408
9211
10411
9472
18004
1598241
10224
2548886
8132
2326649
9674
9374
10659
1911427
10068
2063211
2589510
2438228
6626
5913
1954788
1865598
6524
7357
3123977
1584915
5811
1580082
1669513
1407326
9331
830201
7423
7535
11877
9041
8985
8300
8419
9526
3267209
9866
8657
1379891
17521
15896
7341
991050
8420
6406
7321
6928
10277
7438
5531
1072088
8571
5862
6683
8213
1075215
8282
7043
7541
1049868
11469
7288
6894
15321
11210
9546
1112101
2047400
1625500
11594
7419
8210
5568
14243
7480
12364
1795135
7206
6451
8895
1999584
1820376
1762872
2426451
7511
2302372
8127
9902
9893
12572
13035
7450
8100
8820
9213
8265
8896
2853376
2180474
10087
8854
10749
9434
2785747
2624398
9659
9135
3052861
9758
2783939
8190
2596224
1771688
2293135
2066011
11010
2214856
2159993
8765
2364134
2267777
11540
7337
2256748
2073842
10034
8299
7031
11425
8590
2379158
16324
13230
13119
12630
12522
2735144
9631
6828
8327
7445
8033
8250
8018
9844
7301
2526333
7522
11270
11897
2731033
13489
7496
7933
5197
9961
10346
8672
10169
13974
13081
11289
13223
8985
10598
10162
32173
1974415
14234
9615
7819
6084
11622
3144661
13358
12430
13946
13592
2990642
13007
7479
3928345
2915322
2383664
8288
14417
9360
11610
10952
7384
3422153
9023
9741
7239
3282257
9760
3302832
17020
2939706
5562004
10005
2712727
6276
12046
8006
2986729
2101815
2558088
19457
7567
8104
2218188
2523361
8189
12992
12633
8504
3032442
3015298
6808
8258987
8500
7601
7892
11101
1726390
11411
6170
7323
5573
10130
2268467
2998350
7625
2878396
2727677
8339
2038686
8445
1324490
1979537
8872
11523
13901
10053
13242
7477
8622
11065
1978622
10924
2160258
2198408
6861
11977
24985
7534
9343
7926
10043
12729
8171
7469
16014
7131
7589
10692
17609
8230
10262
7417
16109
29747
9815
6242
10051
8097
13453
9120
13079
11299
12538
13874
8482
9525
6943
10171
10241
7015
7591
7291
6836
8741
1841057
1904015
1193476
6436
1587037
8074
1807864
17555
6264
15066
19099
6760
8366
1532952
11963
8549
10288
13135
11233
10799
14176
10419
7371
17752
7921
10710
11198
10931
6855
5985
8258
8479
8574
1061280
12182
6028
5079
8056
15524
9246
5711
10350
6757
12208
6801
10451
5711
6634
6734
8479
6387
7778
15067
7537
8591
5377
8458
8125
1674436
8084
5000
7524
9735
9298
11687
11026
5630
8657
8122
21903
10061
8191
10607
7201
7833
6066
7671
7470
7447
7586
8445
5819
9971
13187
10988
6892
8031
7962
8616
9241
7525
10200
8496
7212
7674
1031618
11721
711567
7749
8363
8323
10366
1325134
7939
10557
9752
7525
9007
7127
9210
11338
6006
5279
13757
7317
7921
7506
21205
12625
10409
1208712
7905
7501
8851
8511
7048
7215
7181
7936
6411
1146175
875862
696349
5800
6734
7326
746465
18399
9781
7938
528936
8231
11697
8701
35043
7072
10061
5577
9855
6502
740547
8791
7637
600196
10317
545267
5762
7899
8977
7379
8237
588166
7970
9891
693523
6659
8395
8193
9971
7394
5848
5895
8789
7949
7861
9235
6434
738710
10583
7556
852343
8332
8364
7384
10863
8462
8770
6566
5685
6944
853402
6109
7729
8024
899656
11457
8068
10736
7797
9805
6612
8339
8325
7940
9044
9904
11948
12984
10533
6289
9717
6865
7570
6410
8978
6937
8269
9785
7398
6740
9847
8281
7524
15524
7083
7638
6676
10439
7930
6778
7148
7087
8153
9133
6995
7328
24778
17893
5361
7509
6595
10143
10327
20547
7659
8293
10541
15786
7525
7163
11015
8996
8294
7735
5908
7194
7741
8823
6410
7858
13550
7270
11268
7702
1253719
7050
6990
5563
6273
1060882
5502
7640
928474
7901
8142
7250
6099
21010
7027
5733
796035
6667
7276
6264
7521
46724
9589
767840
11696
14664
7634
925425
815682
8334
10037
8208
6544
8553
907114
5710
6486
10339
8103
7819
8086
959719
8042
8214
7278
7851
8556
10204
5753
8263
7305
7679
821218
7743
4812
8054
9307
11752
7165
899911
1025557
932180
7906
1247037
5523
6736
10023
6082
3047
5404
6207
8081
808343
7898
8352
8418
7897
7603
9257
7742
851846
1183559
6128
902260
8626
7738
7186
24908
8062
8540
5223
1397484
1575495
7242
8576
9184
7629
8558
6944
7578
5236
10139
6842
9412
10049
8345
10667
6380
9707
6062
6681
6115
8561
8317
7304
7588
7824
9687
6897
8143
7736
7520
8561
9383
6327
5989
8907
7055
6103
7648
8287
6621
7820
6492
9210
9079
9980
10776
24476
8754
7846
7273
8389
8660
9994
8522
7402
8087
6626
9283
10143
8109
16371
10521
7938
7794
7554
7989
8186
5745
9136
7883
10113
10026
6173
10272
6300
17125
8045
8016
7785
8409
8505
7814
8882
7880
9504
7887
7932
6330
6601
2035282
5497
1661000
8783
1664461
2040601
1917795
1849874
7143
9070
2407641
1785881
22368
6892
7026
1706859
9458
7107
5830
5053
7412
9171
2768466
11026
8037
9070
7916
10236
7329
6465
7650
5446
1543296
1412945
6929
7096
1626875
2245447
1617375
2079114
1806929
6046
1958109
1825399
1720856
7759
2512507
11876
2711553
7646
5145
1875446
2546465
2558254
3279405
3112813
2437958
3469010
2064193
7556
2498799
8410
2220999
2749706
2716776
9688
2660375
2762341
2752397
2099371
2544414
1995043
7346
2485702
2548030
1828673
2538975
2395082
7990
2325932
5511
2843079
1898628
13174
1967071
1542322
1489074
1790152
7537
8026
9138
2006508
7887
1957410
1247657
2166977
6904
6786
6377
7535
1617939
2334137
3356064
7641
6754
8346
2019792
1632645
11726
6653
1583715
7336
1709722
2271339
1820028
1687475
7366
2187335
1553969
7107
1825956
9015
6936
2271906
1431377
2346331
4379347
1527440
2174254
1845325
2325869
7801
9803
2116485
7896
1896874
8059
7034
1995474
1676340
1514320
2086096
6429
10463
8150
6482
6238
1784687
8077
1835136
1560683
2393384
2124525
1460937
1577191
1435620
6015
2126599
980516
981697
1326122
1901024
1534378
1911030
1753383
1331245
1193965
6072
1492232
1680581
1397640
6015
10416
7291
8351
1378265
9918
7739
7979
9336
5992
6778
10239
22931
7525
7343
7787
7645
8634
8631
7995
7740
7124
7356
7448
9512
7613
8460
6360
6615
19122
9129
8451
7370
7650
8488
8954
8851
1372470
8255
7138
6951
7412
10461
6036
15594
1730954
9347
7622
5999
8638
1531441
8429
1349352
6026
1511411
7650
7294
5823
8328
8389
6784
6971
6520
7663
9211
8241
10456
6776
8329
6955
916821
1030861
7537
8059
7339
7600
7979
8683
6312
6361
8052
9020
7388
14386
10390
8699
8080
6740
6066
6003
11570
9099
7231
8210
10256
9967
10746
6208
8765
15950
11066
8418
7306
8193
6394
6399
6432
7252
7559
9149
1021826
7665
1224323
7965
6100
7787
7392
9818
7418
10763
7826
8633
6026
6360
7771
6626
8584
7283
7775
6009
1000445
6613
7799
6983
5586
8274
7883
8278
6511
7373
7373
8574
6842
6346
6503
7863
8866
7058
9159
6707
7908
8769
7381
7901
7318
7038
7554
6047
5424
7502
6888
8729
6248
8110
5898
6013
7370
9871
10598
7204
6623
8022
9614
7465
7302
9468
9597
7390
8074
10287
11358
9548
5105
9380
9320
9415
40051
