7659
6789
1345
6176
5292
5421
8237
5237
6206
5609
4042
8883
3789
7039
4913
4448
7273
5623
5111
7928
7478
6406
4384
9179
6583
4874
7339
9598
4777
7772
5138
6082
4977
5670
4577
7028
6116
5104
6318
6640
6843
4512
7971
5072
5116
6306
9012
3858
6072
6424
5603
8647
2757
6487
6853
5748
4805
3363
7230
3800
10488
6917
3100
4519
8789
7206
5629
5190
5572
5282
10333
7819
5681
4505
2757
7495
5994
6987
4551
5289
5316
4515
6619
9203
6939
4810
6694
4239
6149
3686
6404
4910
3403
7271
6817
8442
5477
22854
4920
5867
4102
7160
2489
22380
5134
6307
7532
7709
21264
6596
7211
13005
6262
11811
3973
2761
3760
6678
12422
8185
10005
6693
7296
8687
4046
5716
8514
4623
5643
6723
7998
9725
6352
5395
4380
9035
3676
5018
5587
5725
4779
3453
7669
5701
3954
4503
5368
3549
5509
4702
9086
6995
6440
3770
5503
4421
5831
7174
10872
5054
3708
7645
2588
4087
9668
4808
3755
5529
3694
4972
8089
6152
4436
4016
6744
6969
10415
4260
5508
4552
3877
9130
3783
5664
6796
4011
8583
3795
5997
6461
7716
8837
4127
4281
11961
5201
2991
4803
7560
8364
11508
10187
6973
4999
3812
10337
2049
6948
3579
5940
2463
4104
2553
5427
8962
4662
5817
4736
7189
6189
4775
3994
7789
4367
2355
6401
4149
5628
7346
6685
5801
9087
4019
6971
7026
5913
5242
6879
7510
3930
8252
5555
4026
6972
6250
4317
4941
7544
9179
8482
6793
7376
7143
4247
3741
4924
5596
8480
3809
9467
5247
5570
6106
4226
8116
6134
6362
5657
5684
5686
7319
4096
9072
3632
10677
6426
7893
5440
5664
4431
4425
8167
5939
5325
7846
5722
4870
6064
5959
3691
5550
4541
4459
6557
5614
3207
5896
3984
8301
4266
6614
9409
6149
9065
4420
4822
5645
6194
2625
7124
6741
10145
6510
5011
7140
4296
7069
7876
5979
9016
7702
9122
8099
4994
7967
7621
6222
7943
5956
11552
11087
4505
6886
7008
4876
5558
5074
7203
6788
3616
4316
4495
12784
5523
9950
1589
5898
5678
4606
5797
5835
6088
8183
4734
5619
5414
6850
7298
5386
5914
10566
4007
5329
8605
5832
3772
10057
6974
9168
5594
4731
2807
6329
7446
4669
5438
6927
3453
4503
3596
6819
7460
4972
5517
6019
5197
6372
9314
6235
4155
7165
3708
7385
4995
6488
6052
6869
5979
3614
5351
10903
4412
8130
5638
5917
4662
5315
13471
3708
4251
5190
6884
7215
4600
7104
5832
30564
8030
9057
6499
5942
9356
4126
6184
6755
7386
5895
5443
7432
5946
5687
5984
5521
6222
4855
4917
2067
7453
1885
6845
8996
9485
5628
4221
9584
7639
7604
7719
5297
7030
7048
9327
8738
4179
6562
3944
3832
5118
3851
3586
11051
6521
5734
7779
9194
4921
12403
4012
5770
4248
6249
4368
5674
4501
3985
6223
4064
5657
3593
6869
3896
6646
3331
6239
6066
3498
7618
3923
5726
2828
3710
5028
3530
3937
6000
3699
11302
4332
4201
5942
5825
5733
6470
5688
9169
4149
5097
12506
2356
8814
7585
3892
5661
4009
8222
3753
7996
4886
6328
6537
5538
3943
5343
8572
6640
4310
5411
7437
2745
3329
5309
3740
9264
6773
4359
5081
12208
3397
7558
6625
6086
8698
9368
4092
2585
3959
7796
7347
4929
5164
2841
7399
7916
4714
2807
3028
4595
4197
4581
4353
3487
8111
4691
3853
6316
4964
2609
5270
3978
6499
3544
5258
5143
5706
3405
3799
14889
6657
7655
4616
7427
5363
10681
6302
5022
3041
4429
4720
8959
3908
7437
3202
7077
12184
11753
20055
6064
3362
4343
3865
21125
3129
6290
4693
6838
5555
11831
8625
6590
5956
3816
4902
4076
7873
3447
6630
3787
5525
1638
9920
4033
10490
6001
5521
3620
4028
8825
6958
8092
1214
6205
9277
4269
6187
4417
4702
6927
3838
4337
2985
7864
6873
6981
4530
6919
8142
8468
5187
5395
8269
5208
5652
5334
3422
5024
4817
4177
4935
4022
6582
7810
4717
6158
3678
5752
6158
4592
3225
8936
5129
4703
9363
2576
7311
5024
7094
12152
6189
4542
6586
4129
5372
6073
4500
9390
4812
3810
5495
4953
4888
7265
5140
4246
6694
3745
17497
5739
4646
6593
5923
7688
8821
10087
7094
11935
4594
6243
7635
5525
4360
4016
4864
5236
6160
6034
4544
4977
6140
9548
3043
5391
7504
5261
6087
6802
3882
4988
8529
7111
5787
3664
1310
5780
3527
3621
3441
6525
8714
6305
3953
4446
4018
6141
8511
4136
7579
1803
8404
4751
3972
4618
8454
3863
7310
7307
9078
7363
3490
5323
5353
3689
5989
4426
5362
2546
4352
4469
5991
2628
2713
7882
6600
6195
9553
4523
3630
4782
5851
3671
5993
3825
7207
3834
7516
18990
5938
6599
3763
6042
4723
4744
5282
3286
4027
4144
7135
4230
10832
3860
5971
4384
10278
5714
7057
2998
5832
4997
3155
10485
4896
3709
10137
6457
6277
3860
5105
4432
6678
9612
4191
4692
3575
3178
4109
6114
2891
5827
3633
4497
3124
4141
4851
4670
5564
3438
5918
7354
4567
4784
6179
3899
6618
3678
5226
4048
3800
6638
3316
4576
5629
1836
6179
6288
5478
6821
5076
4919
7218
5435
3663
5777
3613
5297
4884
1208
28004
8228
3343
10099
6113
4887
6421
5686
6489
5059
6129
7090
4293
7076
7436
4555
6455
3819
4387
5449
6033
4666
4727
2932
5751
5168
4312
4362
7255
3727
5223
5833
6322
7171
21195
7197
5219
5911
3484
6987
4616
5887
5462
9180
4578
7842
3775
7159
3838
4686
4927
4853
7214
5017
6732
4532
15385
2996
5558
63303
4106
5561
8625
4058
4946
4219
21772
1404
6429
5630
4397
3912
4938
4493
4701
5365
4258
3563
5558
4428
5072
4218
17845
2974
5753
2917
8232
3247
5779
6866
5535
5599
7464
5812
3476
4260
4528
9170
2614
5586
3224
7050
4390
8110
5944
6375
2330
5671
11209
2955
2896
8505
6424
6487
7059
4748
5066
7662
6825
4521
10113
4952
5131
11696
3742
22270
5963
5947
5986
5829
3743
6734
3819
3517
5103
6684
7565
6407
8455
6458
6199
6285
4707
4898
4838
3891
6850
3924
7176
5295
5573
2504
9468
5779
4542
7440
7481
2965
3793
7923
4800
5364
5127
5393
4661
6265
3789
4133
6944
7294
4050
7886
5150
4108
4338
5587
5731
6798
2618
4900
6077
2433
6004
5017
5172
5442
6891
5942
5983
2761
8465
5947
3783
4706
32976
5004
4766
6666
7014
10021
10143
3100
3982
12437
2904
5553
11917
4633
7599
6234
6375
5443
3870
4609
4650
10603
8838
7579
4616
7603
41102
4621
6033
6173
5435
2539
2962
5685
10940
4332
3865
6141
5903
4881
3729
4791
8228
6316
6587
5744
7121
4374
2093
5180
5580
4485
4241
5972
5171
6413
17782
4534
7969
4467
3987
11277
4143
3749
4408
7814
7678
3179
5142
5550
4263
4700
4448
4037
8129
7334
5439
2588
7198
9331
6781
4129
5218
7664
4268
5443
4524
7001
6835
4550
5724
4147
5392
4528
4302
6519
3520
7989
3828
3835
2241
7190
9194
6652
8282
4788
6079
3483
6931
6244
5037
5846
5299
7019
6630
5659
5979
4943
5732
4670
3748
5245
5584
5557
11128
4106
5753
1393
6192
3666
4648
5308
3609
7498
6168
6893
3908
7137
3850
5256
2671
6098
6007
6702
4078
3495
6906
9130
8114
6762
10095
5617
6511
5648
5766
4968
2863
8303
10970
4628
4661
3961
4034
3716
4795
5734
5960
6027
7687
2398
5567
12172
3520
7588
2565
4165
4357
4631
3731
10165
7142
5534
6504
6436
8547
10150
3918
5866
6366
6554
4934
7656
4951
9855
4266
10443
8657
5841
4786
5259
7944
4213
6910
6467
3313
11097
5754
4423
2823
4550
5399
4875
6826
6633
6501
7738
3165
6003
3652
9066
6371
5611
7036
7386
7891
5057
3969
5400
6713
5110
5598
4913
5213
3494
5309
3826
5430
6103
5792
5830
10715
5688
5747
2740
6577
5210
5152
6971
6031
4359
6859
5536
11819
6118
1257
5109
7164
6722
8326
1935
6560
5390
5635
6573
4413
6667
5604
9243
9565
27780
4706
5729
3729
1624
5847
6873
7891
5838
6195
4629
4043
2452
5264
4645
5585
3375
2242
7800
6523
1209
5702
3979
6760
6884
3833
6520
4441
4966
2803
6947
4703
5692
8136
6795
3925
7589
4937
4298
5975
5697
3911
5510
4579
11142
4547
4671
3480
4913
5378
4959
1229
7082
5390
3862
4907
8719
7043
4377
8802
8382
5526
4422
5254
3997
3415
6423
3315
4044
4009
3273
7989
4962
4699
6138
5782
4949
6264
5944
5342
6042
3839
10346
6316
5048
3655
4443
5418
7184
5913
4618
4257
9019
5238
2618
2993
4347
4490
4515
3397
4251
3876
4536
3842
3270
4579
3699
3636
5172
5482
4667
4179
5791
5305
3805
6947
6042
4843
5858
7059
8977
4043
4808
6313
5293
3998
4831
7230
4930
5253
5375
4519
5457
4447
3587
3555
6555
4734
4866
5151
5730
6151
4797
9135
3064
5961
7712
6492
6960
3592
5602
4250
4768
6267
5688
4988
6103
3486
1921
4336
4373
5368
5212
6232
8651
4171
4947
4099
4384
4483
5940
5954
3620
5338
2951
3735
5688
4431
4365
1757
2381
5166
5234
5577
7221
4200
4339
4599
3287
3968
6582
4641
5555
5229
4559
4972
4476
3466
5816
7840
6768
6342
8435
5345
5035
4692
5439
3700
3127
4422
3107
4179
5032
4145
3685
3740
3730
3409
3989
4987
4454
5047
8931
7108
6084
6765
7041
4196
6029
7521
9109
1872
7093
5244
3264
5254
6687
4299
6286
6078
4731
17456
6471
4765
5499
4784
7088
4839
6062
7112
4001
6130
4628
4755
7220
4611
7184
5215
4477
4151
6784
3378
4495
6131
4749
4735
10539
3353
5614
2978
3987
5522
3502
3663
7598
12736
4368
5896
5511
6579
6265
4843
4628
10096
7878
5551
7231
7674
6014
4684
4501
9341
7036
7567
3784
6742
4634
5757
3579
4058
4259
4034
5185
5570
4271
6034
7184
4237
7460
5580
4446
6780
3154
5214
3482
4343
4328
4326
4165
3805
3955
4485
4254
5623
4592
5924
4069
4355
4504
6356
3770
5831
4966
7936
4527
8303
4046
2384
3249
3993
4285
3947
5021
6069
3310
3850
3846
4275
4480
5202
3816
5200
4884
3751
3929
6136
8310
4753
5666
7513
5070
7322
6152
5966
6636
6629
6706
4237
4289
6372
4664
5477
4776
4736
3637
4630
11517
4257
5382
5647
4188
3602
4973
2489
3970
3824
5780
7939
5189
7890
4250
4207
7241
4549
5108
3712
3357
3947
4091
4259
10249
10631
4929
6543
4943
10160
3493
4361
7450
5273
4671
4758
3583
5482
5375
3381
3938
7541
7255
4366
3197
2977
5585
4398
4766
4111
6053
6023
3709
4886
5664
7152
4324
4082
5468
3030
5395
6294
5046
4909
4819
5215
4460
2984
3611
4103
3816
4167
5730
4990
5097
4011
4150
15886
3312
5138
4073
3815
4675
4127
3823
6378
4588
5461
5650
4400
5411
4088
7808
5808
4567
4140
4298
2538
4881
5365
5099
5153
4199
4204
4694
9947
6360
4590
2978
5442
5247
3861
4401
9419
4663
3826
4086
4206
4806
4151
3588
4131
4863
5025
5109
4301
5829
4150
3708
7252
2597
4980
4997
5266
6430
6418
3500
3743
4262
5508
7056
2876
4568
4501
5656
5951
7032
5951
7276
3618
8979
4182
5188
4189
4882
3405
5890
2098
4363
4716
4334
5189
5412
3850
7026
6794
3342
8345
4301
4500
4191
5956
5798
4624
3925
4845
5180
4937
2871
3795
3531
3749
3315
4632
4097
6358
4726
4507
20368
3041
4171
4537
6484
5066
5582
4416
4553
4116
5580
3727
8238
6096
3881
4371
7368
4145
3968
4825
3885
5037
4878
5334
5451
4747
3040
4689
6204
6223
3344
5274
2343
6586
4763
5166
4363
5416
7865
1823
7679
4726
3619
4650
4117
4387
3955
21939
3271
5300
4007
4646
3916
6865
3315
2634
4595
5672
4785
8805
4741
4130
5026
3825
5950
4782
5264
5610
5127
5667
4900
5757
3778
1428
4469
8219
3856
3901
3393
6665
3586
5003
3971
4106
4327
4013
3316
4159
4043
4266
5543
4532
5129
5735
4354
3807
8410
3378
4047
6737
3928
4378
3711
6247
3249
5209
5045
4840
3893
1824
3922
3380
6378
6457
9743
5722
2558
4580
5166
4450
5503
2866
5092
22447
4762
3927
3874
5072
4125
3757
4147
1343
4716
3948
4286
5327
3171
4515
5765
6896
4297
5241
4275
5324
4050
6539
4619
4680
5674
7019
4366
7058
3085
36137
5656
8903
4200
5026
6437
5298
3714
6808
6086
4361
3904
8512
4568
4078
6088
4113
7900
3368
3216
3581
4568
4134
3777
4527
4157
3841
4231
6580
3897
5399
4425
3732
5016
4318
3484
5037
5116
4113
4264
3271
3934
4836
3448
5204
4530
4283
4566
3360
6113
3953
6324
3838
3982
4955
3944
7711
4809
3614
4170
4141
4976
5453
4950
5008
4200
5024
4846
6023
4714
4687
3039
5682
4619
6710
11871
3801
6556
4631
4126
7387
10365
5569
5616
8182
4542
8873
9991
3841
3115
3779
22555
3701
6500
4355
5712
41115
4763
6566
5518
3892
3452
3949
9683
5086
4376
5323
4235
5325
7703
3248
4425
5851
4814
4511
4771
7066
4280
5252
4147
5059
5561
5054
4452
4019
5665
8084
3444
3955
4354
2820
5663
6436
5638
3735
4400
4222
2484
5155
4961
3756
8613
4849
3866
4319
3659
4875
3602
4248
5596
4139
3635
5255
5123
3129
5077
3873
6702
6109
4587
6963
7752
6924
7048
4630
4452
8587
4569
3865
3253
19678
3712
6188
3478
5336
4538
5272
5345
1874
3209
4730
5055
2334
6721
3592
6066
6286
4253
3897
4575
5577
4574
11264
2356
1691
4367
5189
7001
3227
4276
5091
6379
4506
5730
3804
6167
7348
5854
3497
5630
3824
5901
5078
10403
3083
5097
5711
5536
4725
1872
7639
6055
5606
4704
4569
7991
4555
3948
4664
3479
4042
3879
3617
7088
6083
3608
4956
4373
3995
3279
3613
4311
4749
4283
3976
4499
6498
4020
4094
4968
3926
4345
6244
5476
4820
3913
4890
5669
4804
5438
6298
4297
5919
4422
4374
7076
6423
1907
4052
5962
4644
6440
4878
5238
4916
4538
3985
5386
3353
3809
3170
4025
5015
6339
4344
6279
4185
4122
4066
3795
4786
7022
3339
10311
2310
4605
6093
3175
3696
3949
4327
3965
6290
4536
4109
4454
4732
4336
4757
4904
4639
4554
5057
5533
4902
6392
4914
4346
4536
3983
4617
5545
6234
3827
4720
4129
5059
3576
4970
5695
3787
5537
4795
4869
3906
5858
6515
4801
4752
3563
4221
8502
7641
6299
5781
4076
4884
4601
2085
4197
6460
4510
4166
7392
4121
4949
5646
3838
4805
20736
4676
4259
6377
4178
4791
4102
4256
5467
3431
5094
4260
5697
5074
4487
4925
4351
5459
4778
4626
5741
7053
4769
4771
5247
5805
3927
4791
3876
5710
4542
4661
5988
8915
4084
4874
5848
4274
5855
8358
4273
5553
3911
11499
5978
4725
4377
3968
4989
5185
3653
4371
4250
4326
4684
6005
4853
1926
7629
5178
4431
9810
4285
2307
4825
6216
4301
2479
3638
4902
4800
7698
6104
6797
4651
5493
4778
7257
4198
5020
7159
3515
8465
1905
2473
6497
8793
5944
4366
8501
7711
4929
7756
4858
5836
6855
3977
6772
4846
8147
6766
5475
9652
4413
5172
7542
6110
4436
3549
5003
5036
4097
8234
6128
5558
5385
6445
6423
9860
4231
5797
4562
9521
27897
5681
4656
5797
8696
9183
4544
3281
3742
6512
8110
9458
3952
7023
5580
5101
3661
7457
3907
5287
8246
5956
3949
11226
3344
7326
6384
4982
6793
10083
5750
4854
5088
4235
5744
8041
8297
3048
2009
4486
9595
7116
2941
5576
7150
4588
4263
3689
7162
4766
4971
4397
7446
3594
7057
7056
3417
5978
5269
4405
7593
3889
8319
4677
11245
5808
4671
3855
6026
3995
5206
1508
6573
4620
6024
2845
5119
4247
4708
6733
5850
5273
5666
5652
5047
5321
4611
7341
3910
4309
6395
5889
8612
3015
3968
5275
6596
4636
9111
8741
7853
4132
8625
6721
7676
6377
11053
9375
5778
7396
2308
6415
4902
4226
6112
9695
5990
7643
4329
7215
10993
5648
5596
5503
9584
1778
6955
3865
3991
7538
8290
4638
4187
6761
5401
7121
7988
5762
4638
4203
5991
7701
4468
4908
4396
9888
5373
8566
4571
7296
7476
3686
6730
6820
6634
6243
4541
15813
2967
5892
5265
7358
8115
7420
6584
4423
6153
5875
3483
7607
13930
6256
5201
5234
3877
4910
5359
3033
4575
3539
3224
6913
4366
3971
4176
8616
5402
4422
7946
8901
4225
4421
6135
7053
1938
5186
6299
6586
5608
5246
5090
5198
6863
6156
3967
6243
12286
4262
6737
9059
7208
4802
5725
5426
10991
6776
11473
4383
6167
6647
4003
12723
5777
9646
3475
6229
3468
4739
8635
1723
7221
5360
2442
5567
9134
284327
6464
4244
9712
5777
6398
6587
7635
4284
5463
6029
4143
7786
7658
7478
4810
7852
5944
4904
3933
7522
1499
4823
3275
5414
6580
4892
3590
4894
4290
3211
3793
5740
8029
4393
3963
5376
6211
5699
5146
5817
6630
3660
6943
4301
10804
8260
3687
7585
5476
5309
7302
6236
4237
7811
5423
8006
8889
5884
4866
3491
5382
6529
4387
7485
6825
6206
6681
5155
4192
4232
6161
3100
5304
4864
4645
14417
5255
3473
3697
5681
3613
8840
2871
9970
4335
6206
5401
4180
3993
3924
4913
3099
3663
6384
6444
5654
3983
7158
4349
2969
7091
4380
4455
5625
5550
2951
4178
5592
4144
4127
4956
5061
3748
5996
9397
9149
9390
4971
11006
6892
6083
5318
4298
4669
7505
6243
1242
2294
7322
4820
4618
4752
3914
5639
11590
4055
8125
8536
5573
3458
6013
3279
4729
3369
10501
10407
5339
6591
4828
5158
6113
7247
6352
5129
7053
8195
5636
5876
7977
5418
7355
8507
8171
6342
4312
8918
7864
8717
5762
2675
6762
4513
2732
6599
5257
7964
3913
8906
4628
5131
8098
6221
7732
8104
8332
4879
6544
3552
3857
4340
4901
6636
2996
7485
5335
10593
6863
4565
5068
13500
17073
6003
6510
5517
3657
6839
5096
4725
4754
5741
5235
6896
7835
6329
5215
7372
9589
45075
5061
6278
4184
4142
6930
6670
5619
3519
5359
4677
8295
1884
5739
3940
5856
11577
5506
3792
6569
5313
7313
8214
4333
5375
8443
4582
3971
3447
4465
4211
4636
8760
13361
5129
6588
2201
7450
9418
2483
6200
4479
5635
5373
8835
6255
6025
5503
6140
5147
8526
4244
6960
4343
4026
3720
14418
2688
6959
3234
6454
3161
3879
20050
7090
4488
6238
7183
6158
7107
4290
5161
6428
6497
8698
4457
6774
3833
5507
4381
4070
3768
3987
6132
4209
5441
5130
4133
4132
4873
5037
6172
7630
5051
6250
3927
7540
9873
5182
6172
4273
4439
6485
4120
2628
7845
10189
5376
5989
4971
7797
5796
6134
6118
3547
8112
8916
4239
8662
6935
9830
10977
6952
5644
5632
4648
5008
4049
10585
4369
4072
4516
3730
7308
5524
3804
4142
5042
36961
4349
4190
4498
8293
5771
6177
5258
4737
5908
4590
4924
6837
7285
4038
5128
4776
4912
6243
4644
9199
4939
4536
3742
3352
6529
4517
6960
7310
5113
3644
14108
7463
6347
7206
7252
4840
5513
6336
6449
7039
4757
5987
10674
4948
6337
6798
11058
2858
7349
5144
9318
5332
5816
16212
3985
10697
6337
4334
12799
3852
3456
6562
6440
4126
4542
6001
6965
3736
5684
6493
6003
6829
5981
4453
6715
3196
5744
3389
4254
8902
3908
7218
10790
4636
5390
4418
6256
4462
4989
4506
4519
15595
8017
6046
7831
5230
8579
10818
7101
4989
5101
4203
6140
8285
3899
8198
5721
5130
7006
4844
11407
3878
7198
7847
6762
6928
6986
7081
5349
8469
5663
4983
6056
117897
4707
6124
8988
4753
5972
6748
5336
5376
5836
4515
6581
3860
6914
9061
5026
5143
5452
6793
3694
7575
6270
6653
3706
5668
6558
6665
7107
5523
6614
5368
5971
8941
10075
3628
8883
5218
6313
5357
3992
4345
6041
1415
6033
5007
9137
3674
5912
7197
5221
7653
8172
6210
3700
9579
4976
5929
5413
5893
4184
7786
4989
6497
5047
4828
4597
4792
3812
10870
4834
4244
4975
3794
3512
4975
18574
4188
4494
1814
5544
4375
7451
7503
5648
5985
4048
7294
7017
5487
6867
5848
5948
4344
5605
5822
7791
105915
4522
6517
5187
9668
7136
6227
4075
6174
5231
6169
4071
5519
7048
3145
3123
5612
3020
6390
4382
6027
9910
6668
4871
5594
4355
5157
4340
5147
6544
9172
6090
7055
4634
6171
3768
3939
6197
2937
12865
6856
7874
4800
4142
5465
7280
17970
10080
4561
4669
3045
6100
3556
9037
3944
8097
4202
5339
4703
7141
4233
6510
3159
4663
6851
6714
6886
4966
4516
3750
7064
10996
4539
5899
7993
4820
4810
3990
10683
5591
9289
5774
7076
7554
4415
7105
7407
4075
4519
9729
6023
4899
4056
7440
5588
6018
5620
7490
6320
3758
4351
5015
2917
5277
5916
4376
4368
4710
7614
3531
4900
4979
6862
6190
5208
6178
5859
3413
3881
3762
4121
4089
5845
5851
6164
4651
3090
5633
3276
7976
6440
4965
8816
4575
11987
3651
5658
4573
1789
5657
3838
3218
4913
5457
5176
6163
4953
7728
5311
7420
8246
3142
10137
8225
4932
4621
5497
4242
3799
5543
11883
3279
7969
5176
4316
3896
7195
4600
4761
5824
7569
3907
4553
7831
3776
4030
4119
9004
2609
4388
24125
4570
6919
4962
6231
3652
3458
3600
4572
4281
5130
4375
6873
6226
5474
7328
5451
7506
6378
13378
4088
4686
5290
4172
4976
5127
6374
5761
7301
6910
5157
7822
3523
4241
4845
3493
5848
5165
6818
5924
4807
4984
5905
7226
5840
8195
5233
4211
4739
4429
3835
4814
9903
3822
8232
3657
4098
4436
5315
6484
4268
5418
3256
5288
10816
4994
4072
4924
7622
3887
5564
6359
5789
6643
5802
4166
5207
5407
4471
4371
2847
4710
4110
5448
5213
2165
6370
4862
11221
7896
6390
8300
4138
4670
3282
5274
3640
4816
6743
6883
9179
3570
7186
4058
2749
4111
6618
4648
5920
5258
2092
6686
2316
2922
6354
4749
8376
4604
7702
4451
3549
6114
4268
5947
4327
9143
3752
6011
7234
4726
4217
6682
7027
5647
5075
7214
6143
3974
7622
5270
4253
5910
6149
4502
4055
3701
1938
4912
5835
3954
9843
5203
3468
4132
7813
3972
4036
5094
4091
6184
5645
5254
3854
8974
6590
7963
4961
4126
3430
4338
3455
6571
6683
6202
8312
5894
7459
4668
5075
5988
6384
6195
5255
4526
7416
5341
4369
3843
4072
4300
3418
7024
5106
4349
3434
4225
7265
6410
4917
7558
3275
4056
5119
6418
9308
3702
3122
4884
7587
4281
7586
4146
3835
6890
5007
32238
6942
5906
5105
4807
13322
6434
6685
2679
5140
6683
3278
8887
5649
6786
3005
5280
4821
6114
5108
6095
7273
4481
4941
4141
5193
3761
5981
5834
4631
6170
6198
3990
3817
3518
5380
5530
3588
4101
5206
4177
3563
4633
7426
5382
7343
3766
4865
5259
3879
4061
3695
5601
3929
3589
6805
4097
4642
4294
8595
5517
6538
5527
5333
3265
5794
6440
5119
5050
16445
9760
8760
5642
5100
3942
6789
6520
4204
1515
7053
3821
5066
9344
7499
6934
7643
7756
4918
5584
4847
3751
3663
4580
4546
2803
3603
6112
4178
6827
3078
5573
6870
7659
6910
4632
7536
1865
6206
5410
4816
4650
6503
8595
4094
4568
7495
6133
6911
4331
5874
2984
6765
6849
6439
4262
5224
5055
5606
8200
5554
4283
4638
4006
3595
6701
4493
3918
5757
5070
6742
5281
6542
4401
9147
3991
4495
5954
1824
3866
3201
5882
4064
6112
4354
4139
5276
7071
7352
4446
4139
4310
3984
5108
4474
5156
5513
5441
4079
4964
7109
6812
9988
9274
7342
6880
6233
3424
6594
5228
5922
5808
5316
4463
7175
6317
18810
3411
4972
6756
6621
9220
5247
5572
4312
2706
4952
3791
5753
5314
5856
4728
5419
4233
6824
11508
5907
5952
9690
3786
4659
4225
11817
3982
4259
9239
3777
12100
4162
5075
3081
4641
5962
8750
8529
4644
9575
4904
1661
7689
5985
4358
6188
6832
6557
4579
6203
3212
4769
5199
6161
8110
4528
5555
4826
6551
3988
6735
4331
5546
6356
7260
6929
4229
6109
4340
6152
5687
4775
4413
5010
4044
3874
7879
4607
6237
4715
7489
4711
5162
6115
6724
5627
7845
5518
5260
6917
4336
6745
5066
8034
5543
5118
3946
5485
5022
7041
3891
4707
4314
8454
4971
2298
4647
5326
5547
4924
4981
6227
4786
4456
4445
7008
5164
5506
6936
9510
10088
3802
5447
6573
4317
4227
8967
7246
4185
5439
4206
5800
3491
3996
8808
6389
4467
2611
8239
7228
5788
5607
36087
3070
6247
5245
5791
4158
5975
5732
6186
4115
4071
9520
4799
5250
6584
4843
3602
5124
8073
5048
4269
4066
6200
5063
5480
5906
8500
6822
4223
6465
4620
6932
7599
4216
3932
5361
5961
3579
5518
5484
6212
7182
5178
6139
4826
6920
6048
4121
4808
5039
6379
6067
4580
5988
11441
5641
9540
7991
6522
6845
5302
4561
4234
6063
4194
3040
5275
4170
4740
4517
3435
3767
9568
4344
2950
7630
6169
3735
5680
7321
3906
6980
7372
5986
4665
4138
6035
7376
4272
4377
4782
5159
7038
3949
5783
9402
5280
7083
10774
8524
4442
3960
6414
3862
5666
6661
6707
7841
6038
4136
4097
8457
7198
6802
4792
5023
7966
5991
6138
5542
4673
5039
4859
7411
5245
5494
2797
5744
7203
3155
5781
6310
4723
5521
6070
3706
7011
4110
8585
3993
5286
4869
4126
5964
6825
4329
7035
4169
7925
7842
5102
6966
4758
3466
5598
4303
4176
738
4233
5232
3854
3976
9071
5003
4006
6741
6793
3656
4602
4436
4591
3497
4904
4689
4618
3014
4345
4408
6493
4144
6244
8391
6775
4131
18785
10015
4756
5248
5693
4895
4327
4572
5818
5824
4399
7345
5895
4771
5839
1693
3334
6107
4925
4219
5575
5004
5495
4664
5255
9572
7049
5272
6943
4566
7764
4513
148043
5780
5306
6358
6740
2712
4056
5531
5327
8426
3777
3176
5565
7487
6961
9157
6081
5659
9060
6445
5273
13939
6966
9046
5707
4194
4675
7987
5093
5571
6510
7567
5293
5810
12511
5021
5019
5231
6258
5589
3962
4152
4387
6254
9264
7596
3310
6267
6761
7371
6342
5988
5541
4834
5624
12150
5398
3328
4613
1000
5506
8703
7607
4615
6660
8513
5076
3278
5253
5144
4339
5125
3735
7963
4093
4426
6869
6887
4144
4297
5842
5728
4509
7212
7126
4148
4257
9785
4718
12335
27195
8145
6145
3701
6984
5145
5124
5113
6067
2497
5621
6746
5118
5976
4476
3689
5983
7697
6740
3992
3146
5075
5667
3631
4087
4339
5036
4111
4139
6022
5215
6405
4272
6879
7779
3015
5621
7312
4055
5110
9740
5579
7393
7349
4244
3885
5383
3351
5252
4076
7480
3947
3698
2388
2391
2874
6117
3970
6770
5184
3146
4029
3601
11078
4809
4361
8343
4323
4496
5539
8006
1489
4998
7066
3724
6887
4446
4984
5296
5970
4407
4539
6844
5227
5990
6318
10165
5120
4731
5111
5096
4509
3920
11434
4651
2587
6056
3632
5189
5504
3556
6691
4392
5124
5552
3492
4190
3328
7159
5857
4790
6770
5990
2770
5022
6329
5853
3573
4588
4398
4046
1722
6667
5575
4939
7573
4025
4348
4763
3584
1541
3813
3927
7728
5666
2915
4426
4679
3999
7092
4631
3204
6463
4179
5564
5717
7472
9845
5151
3928
4713
5724
3356
6087
5638
4509
1951
3455
4287
10150
3808
4387
5298
5369
6322
6228
2866
4017
6271
9341
4822
3201
35578
9269
4996
8095
4280
2918
2928
3089
6397
4559
4896
4537
6002
5457
3437
4059
6498
3850
6812
9383
4893
3754
5467
4735
4800
3791
4156
3946
4496
5204
7404
4436
6851
11449
4461
3621
4738
5938
5227
4451
5129
4308
5082
9538
4705
6216
5550
7215
3779
4883
4111
5095
3920
4203
5228
9365
2844
4241
6045
5754
3838
7683
3327
6731
4253
4038
7066
5368
5810
4020
5273
3699
4341
5794
5429
1538
3710
1093
7975
4293
3659
5713
5296
3956
4575
3743
4634
6683
5276
7226
5975
3191
4257
8996
3080
2831
5643
4738
4462
4252
4792
7362
3763
3685
3762
3022
4945
1552
4205
4362
7074
5576
8671
4911
3843
5246
11781
4351
4537
4160
2999
6326
7021
7238
3988
4532
4918
4253
4751
4430
8073
4829
5437
6467
3838
3346
4252
2949
4633
6074
6370
3611
4047
3152
3873
8904
4736
4456
7641
7544
4185
2992
4973
4779
2265
4497
5619
4328
8363
7759
7733
4865
4882
7710
5247
3901
3992
4440
10503
2846
7306
19213
4587
3393
5987
6795
3982
3267
4121
3936
5410
3686
4050
3445
3967
2809
4012
5452
3971
5195
19903
3741
7082
3184
4172
8532
3738
5388
6697
4510
10200
4339
5074
3689
5961
2857
5317
4573
3934
5957
2986
3522
5218
4366
3692
6564
4276
6571
4360
3413
6922
4674
6546
3435
8100
5220
5538
6544
3851
5318
5658
3843
4447
3472
3671
4192
5400
9341
4228
6009
4742
3783
3684
4763
8471
7942
7159
4408
3656
6909
4017
4172
8042
4186
5849
5160
3894
9554
8098
35922
9811
7151
5423
4387
5741
3476
4455
3139
4231
6937
3787
6160
4900
6375
3548
5302
4032
5371
4423
5026
7311
6114
2579
4719
3505
3709
4431
6024
8275
5860
3775
5873
6302
5399
4811
4087
9093
6713
10101
3656
7336
4627
6122
5884
6156
3368
4863
5413
38047
6410
6639
4650
5947
5358
3573
7697
6807
5857
4039
5985
4479
5484
4180
5261
3692
8826
3793
4625
8232
4355
3469
10485
6102
5407
5201
4777
6245
5507
6069
3691
6243
6476
9502
6144
4085
6353
4303
5752
3456
4581
3751
3286
4427
6821
3948
3768
4488
3648
8107
3002
7500
3329
6147
4135
3677
2765
4547
3958
4592
6044
6660
4689
5707
9977
5081
4742
6013
7357
6762
4423
5174
6921
5179
8952
6015
8331
3793
3981
6187
3722
7129
7763
8736
14625
2239
1284
7061
3263
5889
6426
10172
4461
7054
2845
5413
3960
3716
5990
3588
4099
6008
3936
1527
4379
4125
3377
7219
2303
6015
4205
4991
10174
6665
3784
6086
4131
7319
3694
4361
4613
5024
5772
3747
3393
4426
4581
5203
4092
7119
2441
3739
3876
5635
6296
3767
6651
4417
3580
4866
3155
4111
4041
4193
5866
2982
3694
3939
4182
7362
3590
7672
3899
6493
4118
5216
6000
6641
8165
7545
5756
6985
3194
4514
3201
4030
4217
4611
8587
4519
4710
6227
4582
930
7438
3705
4742
3413
4843
6776
10511
4187
13123
3347
6996
4279
8391
10607
3514
3652
5434
4563
5522
6342
4396
5071
3708
3523
3290
4526
2637
4988
7239
6291
8719
3940
5724
5085
5365
5165
6578
5137
5905
3655
3902
3774
4930
4328
3943
7644
5007
4665
8132
6840
3532
2960
10340
4005
6892
4320
2858
5096
7121
5276
5775
2051
3800
6218
4469
6332
22370
3143
5510
4171
8444
7276
19517
5827
5376
4745
3758
4544
3761
5279
4336
4093
8080
3913
4496
7532
4683
3992
3539
4776
5477
5397
7285
7184
6194
4774
5002
4550
3826
6743
5762
3384
5049
3843
6477
4457
3855
4066
4698
2753
5897
4117
4226
8933
3910
9309
3132
5519
3486
5543
6236
6804
5796
3968
6276
4201
3773
7043
4491
4585
6064
4828
4427
8542
3767
6656
5300
3475
4427
3697
6470
4813
3878
3108
4937
17251
6617
6677
6912
7224
4522
3945
2867
7302
5041
4805
5429
10977
4909
3652
4301
6756
5494
4355
4261
5033
6080
3775
4567
5680
7232
6354
4867
7307
3493
5278
6527
2842
3444
4595
4445
7228
3922
6019
6300
4034
4940
4386
4299
3356
4030
3309
3277
7586
4711
2813
4509
4139
4863
4987
3569
4156
6339
4293
4409
5006
3180
5155
4173
3729
4804
3190
4600
4061
4838
9325
2427
6697
7370
4197
5667
3807
7282
7965
5176
5920
4216
4551
6641
4833
6539
3126
3685
4687
3975
5480
5139
5617
8482
6509
3769
5505
91847
1548
6576
6210
4256
6015
4508
6655
4743
5782
20147
5121
3663
7638
4697
3801
3206
5299
5265
4538
5358
3729
4346
7899
19348
4512
3328
9082
8552
3868
4572
6049
7474
4678
4612
5695
4225
7869
6428
6161
3970
3045
4433
4334
3896
5037
5196
5596
4784
4837
5423
4900
4443
5377
3022
9883
4531
3527
9325
3750
4749
6064
5547
9642
4947
4856
5142
2716
6127
2524
6984
4955
3797
6416
3260
5196
4605
3811
5944
2579
4432
3866
10479
4086
6771
3128
4571
5005
4227
3144
2881
3629
4868
3382
3618
4021
1288
4563
3573
3990
4198
4084
3672
3192
3850
6495
10907
3702
7854
4466
3416
3992
7622
4330
4362
7932
2831
8846
7988
5119
7123
5299
4322
9223
4638
5873
3888
3967
4594
3581
4977
5933
6639
8803
3862
6104
3981
5356
10425
3357
5525
9489
12177
5056
6801
4686
5118
6137
1965
4611
5896
4171
3925
5967
4264
5182
6468
4571
5492
4096
4436
3413
7920
9051
4056
6349
4117
2919
3600
2958
4626
4438
3814
4848
5902
3891
3580
5012
10340
4905
5756
4605
4057
8651
7518
4432
13977
3814
5796
4971
4107
4503
5564
4813
6454
5191
4836
4358
4234
3985
3709
8062
4177
8256
9196
5985
4105
5714
5506
5156
5372
5013
4191
1697
5133
7826
4800
5095
5294
5918
2411
6164
4763
3868
4328
8072
4373
6508
4959
4068
5294
4212
4763
5536
5380
1626
4590
4787
4376
3845
4828
4328
984
7007
3793
6727
6024
3567
4211
4557
4422
5638
4367
2977
4543
35404
5662
4369
9373
5566
6025
4995
4671
4776
4039
2925
7641
3680
5368
5540
4945
3038
5721
5283
3455
3947
3141
4455
5504
5712
3715
6377
7518
5834
3815
4781
4197
7764
4624
3757
3774
3953
4339
4011
3518
3744
5264
4834
8812
5992
3245
3895
6222
6049
4105
4642
5777
8253
6764
5212
5120
5349
3894
3035
5299
4435
6608
4925
6038
5563
6581
4736
4141
6220
5103
6366
7647
4565
4774
6963
4363
6622
5749
6054
7749
5138
3955
5228
5361
6394
6120
3980
4460
4749
4217
7070
4448
5415
5903
9689
6392
4208
10021
4712
3965
4770
11098
4042
4603
2297
4512
4786
5377
5805
4367
4364
4245
4102
4291
5681
4946
3833
4781
3752
5972
8192
5891
5273
4197
7420
4461
3937
8767
3610
3721
12785
6949
3932
5547
5119
5886
7059
5233
4906
4431
6413
4911
5831
4027
5254
3699
4171
4153
4199
6245
5922
4091
8403
3295
4334
6065
9391
4788
4441
7402
3913
12458
8409
3898
5041
4696
4809
7296
7831
4689
5165
7861
2359
4819
10011
8960
7559
10248
3429
9264
7090
4938
10008
22396
4012
5750
7876
5155
9240
6553
5518
8101
5415
7310
3229
6688
5317
2742
5609
7496
6657
11931
1980
3509
5372
5352
7036
7348
5693
5455
4536
7234
5236
6968
4173
4003
5652
5434
4831
5125
4452
3879
6375
8629
5732
3694
6791
4686
8544
4775
5859
8478
8280
3693
4547
3338
6738
7698
4888
4071
3568
1803
8943
7922
5204
3153
5636
3860
6172
3788
4006
3766
5737
6558
3932
5080
2521
8030
4517
4798
4329
4724
4920
5657
3463
4848
3226
4274
3983
3932
4481
4924
4218
1552
4666
3441
4598
5378
5697
2425
5786
3445
2812
3914
3942
3516
3821
4230
9627
3681
5913
5979
5858
4948
3911
4078
4927
4796
3694
3183
4324
3799
5920
4500
6669
3391
4700
1321
4669
3101
5127
1797
5852
6547
5877
4796
5750
5991
3484
3106
4128
4643
5289
3658
2363
4266
7363
4545
4453
3205
4095
3301
11822
4922
4647
4363
4192
3778
4367
4881
2721
3904
4263
4617
4335
6627
4488
7094
5097
6242
5295
3984
3858
3563
3252
3032
6593
3249
4566
4587
4401
3901
4064
3795
5318
4052
6588
4798
5965
6587
20271
4160
4705
4552
3872
6465
5343
3728
5093
5699
16259
2538
6304
3634
5439
3573
6849
6207
3389
3741
3686
3922
4405
4519
7320
3518
3597
8128
5851
6896
4944
5752
17023
3582
4876
3266
4222
2757
9872
3678
3909
3360
7252
5270
5000
3710
9516
4520
6388
3778
4488
5669
5478
4493
4455
6301
3515
5330
5382
5075
2808
5712
4181
4124
3568
4590
5473
3803
1500
2966
3642
5174
4211
3126
4787
3428
3585
4253
6540
4822
4780
5235
4853
4278
4220
5675
5455
3936
8633
2937
4570
5583
5548
4228
6075
4577
5441
3807
6675
5526
5838
5127
4393
4170
3168
4582
4900
3810
3610
4980
6131
4122
4250
5844
4451
5011
4175
6581
3597
8839
3274
4721
5737
3502
5543
3836
4244
4686
4787
5061
4612
4384
4415
4287
4397
5478
2808
4730
4262
3261
4590
4521
4277
3293
5886
5148
4866
4159
3433
2598
5674
4257
6615
2933
4339
3317
5090
3576
4002
3916
4785
4799
4199
4468
3227
3423
3404
6505
3040
6975
4943
5948
4161
2924
5244
3793
3738
5647
7529
3524
5203
4766
4314
4672
4547
3842
5557
6722
5045
4041
4560
3761
4015
4343
4295
3658
6530
3809
5347
7508
4718
3212
4074
3115
2937
1682
8264
4647
3564
6145
4636
4846
3808
4119
4655
3969
3896
3954
5242
7868
4584
4033
4480
7087
3427
3974
3165
4645
3735
3654
5781
5228
4538
3974
4065
3713
4681
6870
5707
3761
4375
4724
4404
3669
5661
3000
3913
4307
6334
3157
5311
3150
5469
3887
3061
4009
5664
4709
3982
3843
4601
3720
3580
3780
3554
3444
3848
4862
3150
5113
4265
4239
5279
3055
1580
5804
4399
3873
6134
4131
4095
3930
2859
3464
4177
5867
6410
2947
22414
5159
4442
4120
4562
4433
3357
4429
3817
4903
8162
5274
4536
4794
4453
4042
3820
4112
3840
4423
4379
1197
5312
4486
4824
2705
4752
5564
4097
4194
6896
4032
3555
4161
8507
5706
4061
4473
4799
5268
5035
3302
3044
3431
4675
5784
3969
4068
4630
4647
5550
4313
4527
3559
4356
2223
3447
4164
5211
4698
4448
4237
4447
3011
3713
5358
5421
3967
5431
3979
3933
8450
4244
6058
4466
3036
3447
1125
3929
5810
4578
4551
6936
32373
3393
5369
4136
2894
4008
4758
5893
3204
4442
3734
5105
12307
4229
4432
6438
4054
5016
4587
3771
2704
3285
4314
4508
3916
5291
4857
3941
5175
3908
2302
4933
3716
3970
3450
4576
4467
5202
4534
5591
6480
4162
5229
3856
5145
3938
3307
7733
6340
3784
4293
5351
3999
4114
1340
5059
3924
4269
4870
4468
3938
4241
5424
7450
3603
4043
4697
4923
15928
4350
5774
4193
8918
4759
4798
4178
3003
4907
3065
3681
3837
5029
4260
4216
4543
3495
4757
3526
5158
4813
4097
3511
3895
5109
3913
3120
5388
4903
4881
3074
4830
4641
4092
4363
3685
4808
5691
4830
3432
4503
3988
3849
3474
4062
3483
4534
2100
4296
4166
5757
4326
3462
3474
5415
3869
5418
3069
4634
4827
5137
5805
4232
3954
3868
4623
3723
7112
4342
4015
4048
9691
4955
3647
3127
4251
4874
3133
3831
3605
3616
3487
4324
5337
4020
5117
3633
4904
5115
3455
5704
3805
4638
2957
3171
6028
5309
4435
3293
3381
5148
5593
3206
3563
4698
3196
4719
4293
6849
5880
3137
6186
5023
4279
4493
3741
4133
4302
4122
3793
6688
5982
3819
3359
3621
3929
4822
4532
3373
3515
6612
4682
2371
3346
4453
3944
4954
4325
4301
3857
3826
3721
3508
4806
4039
2196
4536
5026
5523
11400
4330
3857
3089
2891
3150
3559
5192
4753
3269
4537
3643
3970
3458
3610
3572
4188
3225
9543
7101
2775
4786
3264
4414
2971
3932
5638
4951
2062
3000
3345
4166
4592
2771
3585
2883
4232
4183
4573
4794
5450
3958
4152
4026
4098
3153
4080
5619
3261
5432
4068
3393
5687
3805
4109
2997
3365
7345
3619
3729
4021
3279
3775
3763
2374
4388
4149
5136
4014
3688
2130
4391
3670
19837
3940
2321
4453
4227
4412
3306
4053
18556
4020
19742
2135
4654
3689
3987
5985
3506
3285
4092
3696
4290
3110
4298
3884
4542
6485
3230
4630
3467
5273
5744
