2883
4168
3178
4062
4027
3022
3411
3303
3003
2638
3166
3173
3120
2761
3885
3103
3246
3052
2700
4591
4326
3199
2800
1826
2850
3943
4376
3557
2891
5280
2205
3889
2072
3732
2912
3292
3181
2453
3924
3578
3201
2179
6944
2830
2575
3358
3837
4238
3231
3058
3620
4215
4284
3725
3994
3147
2481
3949
2030
2893
2364
4356
2682
2512
3108
2114
3396
2634
2411
2786
4497
4047
2437
2351
3130
3190
3560
2884
4587
3119
3531
2960
3205
3969
2843
2727
2714
3332
3603
4206
3093
4379
1830
3030
2982
3308
3385
4345
3210
2501
2641
2418
3635
6305
2569
2389
2937
2991
3409
4939
2851
3192
3821
2841
2721
10052
3773
2514
5068
3134
3895
3285
2281
4516
3024
2814
2687
2610
2727
3534
3961
3251
3884
3504
4250
5288
2742
2114
4296
2693
2151
3470
2658
3179
3592
2531
2812
2959
2605
4603
2400
3005
2730
4242
3504
3463
3360
3174
2279
4766
3806
1804
1952
2787
2351
3077
3352
2566
3326
2647
3190
3675
4472
2836
2232
4254
2587
2810
4652
2406
3040
5069
2699
2497
3465
3226
2980
2803
3362
3598
3244
3018
3558
2791
19130
2576
2527
7832
3126
2414
2377
2542
3175
4889
2433
7017
4076
1779
2888
3089
2934
2341
5994
2759
4001
3372
3117
4649
2686
2926
2484
2638
3369
3923
5768
3440
2922
3077
4676
3489
2714
4019
3665
2509
3162
2628
5085
2438
2991
3246
2439
2899
2777
3017
2514
2692
1960
2245
2907
2628
2684
3229
2703
3070
2875
2956
2994
3592
3550
4072
2993
6416
3241
3533
3218
3041
2914
2533
2294
3378
3269
2815
3354
3135
4672
2103
2463
3497
2607
8531
3439
3254
2841
3855
2622
2464
3294
2858
2475
3103
3911
2408
3476
4416
3347
4373
3206
3784
3903
2694
2427
2728
4011
2287
3188
3659
2714
1528
2718
2483
2854
2383
2315
4008
3379
2065
3645
2249
2496
4260
2913
2652
2439
3078
3022
2971
3651
2661
5578
2596
3410
4456
2504
3107
3270
2790
4471
2988
4019
2615
2647
3214
2841
5607
2942
2309
3856
3271
2819
2694
4105
2746
3290
2898
5225
2147
4353
2885
4259
2226
3502
5702
3628
2595
3916
2772
3020
3326
2191
3268
4098
3072
2909
2718
3726
2988
3322
8107
3179
3841
2855
2356
3552
3181
4132
3332
3946
2434
3631
3055
2887
3484
4061
2993
3009
2822
2564
2222
2968
3426
2174
2916
4101
3694
2706
3062
2590
2854
2490
3337
3116
2649
3144
2931
3230
2693
3809
2535
2097
2935
2951
3414
2176
3241
2772
2579
3443
3571
2111
2640
2599
3036
2584
2872
3448
2659
3270
2576
3418
3021
3684
3408
2774
3236
2364
2460
2809
3969
3839
2938
4729
3940
2667
2809
2369
3310
2068
2902
4598
2386
2551
2824
3390
2428
2316
2974
3067
4173
3456
3584
2338
2885
2679
3584
2965
2699
2779
4364
2999
3628
2868
2762
2508
2838
3444
3460
2522
2596
4228
1961
3398
3184
2257
3111
4027
3220
31804
3409
1329
1573
2145
2907
2723
2700
2565
3002
2497
2702
1944
1408
14697
3859
4838
3429
2346
3421
2769
2611
2653
5643
4325
2242
5123
2970
1991
5310
2446
3254
3121
3252
2878
5102
3611
4167
3730
3105
4015
2615
1731
4902
11864
2415
2543
3752
3696
3703
2308
3601
2498
3938
3913
2891
2726
3958
3931
2719
2250
2311
2441
3158
2072
2676
2882
2617
2462
2616
4510
2955
3571
4926
3618
2400
3144
2724
4779
2497
3171
3930
12750
3259
3054
3184
3523
3041
3771
2644
3710
5590
2200
2481
3651
3438
2870
3208
2941
4985
2712
4058
4131
3310
5965
3998
2582
3470
2937
2750
4026
4094
3151
3098
2952
3645
3723
1401
2318
2367
5124
3590
2845
3550
3215
4726
3685
2252
3817
2917
2517
2848
3736
2486
2028
4132
2285
3216
3505
3663
3503
2089
3916
3957
4771
2716
2955
3619
2537
4842
6001
3561
3071
2540
2889
2502
3118
2567
4000
2788
7764
5021
2810
2874
2373
5134
4547
2748
4809
3358
3666
2529
2634
3547
3273
3648
2191
2374
4172
3189
3452
2615
3222
2477
2882
2982
2632
3637
2255
2420
3498
2815
3457
4753
3474
2940
2521
3170
3868
2538
2701
4331
3848
3026
3155
3962
2832
3891
3105
2571
3519
2659
3868
3408
4095
3689
3707
2125
2007
2624
3567
2865
2894
3638
2448
3076
3308
2160
3117
2967
3004
2902
3480
4140
3449
3267
3212
3259
3306
5396
2250
3482
4244
2863
2736
5204
2731
2955
2786
2925
3433
4664
3401
3664
3475
2805
3146
3180
4273
2545
2069
1889
3695
3407
3426
2306
2553
3058
4232
3525
5160
3533
3919
3240
3069
2653
3788
3899
3665
3494
4611
2490
2986
3525
2352
2830
3178
3279
3327
3406
4132
4091
4257
2893
3671
2967
4050
4520
2655
2508
4246
2636
3242
3391
3991
2336
3289
5388
3367
2592
2997
3598
3509
2245
2572
3960
2754
3309
2965
2167
3311
2627
2470
3469
3976
3092
5866
3364
3250
3851
2740
2809
2815
4371
2649
3256
4736
3265
2577
2738
3244
3610
4774
2466
3263
3930
4703
4651
2465
2779
2612
3396
3542
2901
3527
2943
3592
2409
2266
4035
4144
3664
1846
1692
2653
3095
2840
3149
2158
1752
3173
2731
2836
3288
3412
3751
3361
2120
2598
2416
2913
5501
2869
5748
4235
4239
2663
4283
2836
2417
3793
2438
3777
3961
3263
3440
3391
6111
2132
3543
3331
3469
2043
3033
1806
3393
3604
3253
2264
3909
2111
3841
3737
3701
3641
1997
1249
2479
2240
5255
2875
2408
3863
2976
2515
2749
2877
4014
3333
2468
3614
4235
3041
3251
1630
4073
1880
3156
3908
4228
2982
3985
2552
3872
3435
2022
3118
2264
2898
2799
5870
2638
3622
4112
2706
3101
4476
5144
2647
3883
4400
2777
2640
5149
5107
2276
3700
3328
3859
3940
2811
2661
3680
4042
3902
2459
1995
3356
4932
2855
3472
5503
2284
2816
4570
3813
2198
2671
2988
3843
2691
2828
3221
4641
3442
1990
2696
2488
4250
2505
2521
2755
2566
2340
3142
2224
2947
3977
3075
3152
2777
19169
2785
2609
3408
3119
3599
3006
2849
3281
3850
3229
4245
2613
2635
3477
2628
2020
2994
2528
3687
2881
3420
2497
3292
3394
2938
2836
2979
3530
3086
4737
2853
3330
2462
2764
2651
3512
2865
3291
3040
2922
4426
4875
4886
2583
3589
2310
2545
3078
3001
2660
6143
3604
2446
3915
3621
3861
3345
2181
2709
2833
4871
2672
3231
2344
2759
3097
3193
2864
3653
3093
8072
4529
3531
2505
3941
3147
3702
2801
2847
3182
2497
3179
2888
2321
7218
1769
3668
3107
3553
3335
3730
4269
3950
2290
2735
3377
3599
2351
2822
3793
2772
5444
4924
2875
3246
4716
3593
3562
2834
3052
2846
4439
4140
2764
3919
2712
2399
2649
3152
4304
4160
3369
2906
3172
2517
4631
4504
5564
2895
2879
5081
3489
3034
4076
2401
3288
2166
2734
2849
4142
3058
3157
3018
3993
2347
2978
4497
4858
3285
4290
2856
1131
2273
2295
3236
2221
2745
3365
2570
2942
5785
3569
2911
2227
2791
2170
3224
2457
5509
3273
3489
3398
2190
2751
2717
2684
3210
2185
2774
3994
5385
3722
3171
3287
5886
2437
3554
2592
3220
2885
2642
2652
3014
3378
2476
2297
2280
3104
2634
3510
2830
2570
3126
2407
5180
2470
2614
3614
3599
3502
3232
3676
2903
3786
3876
5644
2132
2577
3469
4921
3740
2284
2114
2722
2362
3097
1862
2884
2886
2161
2579
2670
2515
2785
2170
2618
2693
2700
2916
2980
3000
2344
3514
3196
2276
3586
2208
2583
2865
2786
5300
3084
3536
4250
5789
2800
2894
2481
1992
2863
3025
3410
3419
4474
2583
2733
4156
3942
35473
2998
3041
2345
2726
5154
3690
2787
3037
4143
2330
2355
2716
2885
3284
2358
2371
2448
2324
2353
3697
2420
3128
4919
2461
3069
6655
2840
2745
3658
4504
3619
4064
3088
3662
3251
2492
4396
4622
2786
2648
3055
3217
3079
2403
3359
2851
3916
2470
3650
4590
2973
3641
2991
3391
3289
3485
4236
2861
3729
3113
3419
5262
3271
2720
2586
2985
3391
4149
3093
3714
3399
3278
4431
2822
3322
4126
3001
2314
2928
3713
3742
3900
5523
3931
3333
3436
2536
4055
2624
4969
3851
1951
3956
4383
3232
3817
3558
3378
3777
4389
2903
3126
3735
4192
2964
2962
3861
4490
6743
3146
3507
4899
6685
3935
4739
3009
3208
3020
3744
2213
2978
2746
3252
3922
3224
4115
2878
3460
3777
3265
3946
7182
2698
3097
4568
2499
2396
3347
2589
3016
3517
3914
4194
3541
3052
3761
3674
4198
3347
14200
2717
4195
2227
3929
2323
3359
2994
3693
3508
3344
2815
2689
5320
3771
3424
3808
2493
2925
4449
2817
4170
3665
2835
2772
3689
3150
3162
3360
3453
3587
3310
2032
2878
2152
2788
3429
4157
3901
2536
2672
4446
3262
3372
3428
2780
3376
4547
2098
3752
2816
3073
3374
3494
5452
5418
3828
3427
4483
4277
2602
3243
3049
3641
2495
3569
2884
3506
3469
3366
2523
3796
5047
5445
2428
3745
2771
3843
3983
3312
2810
4221
2154
2931
3266
3344
2814
4277
2379
3288
4427
5014
3803
3898
5327
3281
3675
3052
2484
2290
4634
2986
2309
2479
3432
3822
3256
4378
4098
3460
3593
4454
3708
2532
3408
3946
5386
3763
3750
3232
3238
3068
2515
3541
3027
2748
2456
3609
4544
3575
3073
2933
3148
2773
2655
3018
4966
2851
3087
3546
3190
2966
6783
3076
5349
3689
3718
3597
2939
4625
2042
3670
3942
3215
3735
4369
2933
3210
3892
3311
2752
3636
3146
3448
3495
2850
2809
2381
2941
2400
3480
4085
3748
12346
4224
3658
2601
3299
4818
5325
2884
3536
4331
2579
2824
2822
3023
3204
5300
2899
3204
3851
4778
3413
2957
3355
2869
4231
4142
3343
3901
3959
3695
3517
4625
3461
3490
2409
3087
3244
3231
3361
4196
6794
3596
3098
3120
3454
3470
3688
2984
4740
3653
3239
3531
3759
3669
2538
4863
2743
3182
3241
4020
6500
3801
5830
3084
3225
3555
2712
2462
2905
2955
3618
4352
16847
2882
3939
5105
3358
5119
4413
4210
3008
3591
3023
5067
4135
2975
3974
3856
4278
3353
4205
4635
2937
2860
3973
4846
3555
12582
2974
3170
4589
3684
3139
3126
4399
3025
2590
3117
2422
2848
3003
2774
3495
3359
3254
3392
4112
2539
2589
3240
3735
3055
5065
6050
2806
3346
3092
3694
3064
2975
3774
3662
2287
3368
6467
3948
3526
2900
3460
4370
3747
4288
4438
2450
3294
3499
4354
5015
3150
2893
3692
3227
3178
2986
3301
3568
2555
3411
3560
2093
7739
13180
2846
3424
3331
4830
2827
3473
2852
3433
5426
3689
3323
4917
4415
3445
3485
3367
4812
2837
3028
4075
3391
3827
3630
3683
3231
3294
4480
3685
4464
3893
3001
3408
13931
3893
3854
3288
2706
2383
4431
4842
3676
4093
3315
6429
5262
2939
2289
2309
3407
2915
4268
5493
3098
4367
2956
3471
3753
3466
3510
4211
3290
2497
3586
2712
3475
4498
3327
4093
4283
2754
3056
6523
4872
4338
2942
5695
4030
2471
3193
2976
3451
3637
2625
2874
3780
3890
2571
3452
3876
3825
3487
4625
3632
3026
2573
4018
4015
4299
4160
3924
3100
2927
4973
2817
3020
3594
3431
3521
2897
2513
4455
3618
3286
4055
3091
4500
2888
4669
3605
5096
3379
4261
2405
3451
3724
3326
3335
2046
2817
3066
2979
4696
3982
3480
3331
2896
3464
4275
4771
4188
3611
4017
3528
4094
3161
3057
2832
3817
3323
3426
3637
3316
2633
3345
2417
5153
7110
5536
2695
3903
4013
2600
5826
3080
2984
3651
2210
4406
2957
3610
2539
2792
3835
4156
3963
2442
2958
3703
2810
3871
2732
3046
4205
3782
4434
2801
4505
6896
3316
4362
2692
2765
4714
3431
3321
2610
3508
3548
3985
3416
5865
3461
3659
4057
3172
17716
2829
2612
6183
3105
4425
4204
3231
3475
3372
4217
3606
2757
4173
4030
2242
2956
5110
2495
2850
2941
4094
3692
4563
2842
4008
2927
4527
5504
3306
2759
2967
2784
3040
4286
2427
4617
3793
3641
2867
3961
2786
3181
4557
3163
9826
2722
5781
1985
4192
4267
3087
3739
3341
3438
4130
2947
3373
3355
2308
3706
3010
4522
3646
3945
3296
3802
4072
4118
3732
3388
2918
5077
5636
3990
3087
4950
3769
3879
2065
3967
3782
4027
3839
2853
4275
3507
2597
3251
5022
2751
4197
2995
2927
3576
4006
3274
4109
3532
3549
4404
3890
4384
3563
4141
3813
2781
2789
5508
3664
3219
3612
2835
4297
3628
3159
2963
13452
3114
3078
2812
4276
4382
4399
3660
2663
6039
4405
3488
4024
3862
3906
3765
2651
3892
3212
4625
2807
4233
2924
3457
3932
15608
4102
2577
3760
3010
3378
2569
4833
3645
5081
4034
4852
2877
3902
5378
4904
2005
2901
6496
4309
3913
2176
5327
3928
2901
3238
2783
4461
3538
3613
5280
2802
3622
3767
3825
5361
2519
3380
3745
3562
3391
2650
3707
3854
3571
3097
2425
4147
9445
3088
3983
4324
3081
2939
3500
3579
3996
4171
3552
3305
4207
2872
3137
3469
3774
3384
4214
4400
3800
3780
5316
3252
2988
4125
3990
3352
3582
3347
4440
2971
3068
5013
2553
3009
3306
2770
3043
3476
3377
3489
2946
2928
4029
4940
5452
4074
3524
5267
3893
2311
3470
4068
2933
2817
3572
2438
3509
4778
3438
3890
4536
3446
2962
3979
3366
5179
4923
3784
2817
4578
4366
3925
3626
3077
4829
4745
2653
4108
4237
3912
5513
4528
4637
4352
3099
3481
5687
4055
4886
3256
3292
4966
3316
4237
2163
2978
2503
2773
3089
3471
4203
4544
2710
2784
5463
3054
4357
2905
3399
2515
2859
2716
3993
3830
24572
3948
4764
4029
3128
3234
5204
2738
2714
4192
3427
3343
5362
6785
4783
3590
4653
4164
4640
3789
3296
3857
3303
3587
3182
5240
6253
4315
4650
3112
4313
2936
3624
2589
3484
2928
3759
2736
3069
3733
3069
2943
3669
3714
6259
3536
5203
4509
4620
5335
3071
3847
4021
4073
3241
2975
3597
3678
3092
2863
4108
4297
3192
2646
4893
4568
3358
4456
4194
3972
2654
7657
3534
3438
3074
4485
3106
3488
3597
4135
3003
4593
3870
3968
4673
2882
2345
4550
5168
2668
4093
3539
3352
3847
3098
2947
3949
4526
9846
4655
5013
4180
6004
4231
3595
3283
3412
2998
4234
2527
3880
3716
2868
3135
4763
3850
4362
3403
2998
3948
4158
3738
3651
3765
3733
4167
3149
3863
3525
4982
4142
3883
2514
4474
3252
4246
4199
2818
4457
2855
4826
3750
4193
3002
3345
4647
3624
4303
4063
4581
2940
3955
3546
3553
2952
3061
3133
2708
2584
2955
3150
16574
2750
2502
2687
3021
3627
4604
2771
4265
4592
4390
3521
4276
3909
3756
4316
3858
3485
3362
6289
4182
4968
4832
2732
5352
3400
4006
2843
2854
4583
3587
3016
5384
3319
2402
3099
3410
3070
3549
4105
3243
6645
3926
3611
6952
3682
1826
5643
2185
4107
2857
3289
4142
3604
6216
3415
4606
1563
4255
3240
3727
4344
3678
3830
2915
3597
3431
3912
2938
4259
6021
3199
2352
3562
3223
3103
2917
2670
6790
2652
3653
2866
3874
2899
7354
2383
3701
4151
4734
4799
3885
3823
3065
4368
4313
3154
4861
3045
3376
4627
3592
4037
2940
3731
3209
4088
3741
3078
2772
4416
3246
3068
4358
3141
8048
2835
3018
4781
3018
4024
2754
3655
3353
2811
2987
4192
6278
4463
3820
2880
2982
3022
3487
4606
3709
2917
2978
2549
3316
1879
5072
3785
3685
3503
4636
2163
3099
4777
2668
2970
3457
33280
3923
2160
2733
2897
4363
4166
3446
3995
5050
2321
2606
2345
2781
2856
2026
3126
3842
3196
3047
5172
3274
2853
2465
4358
3032
4413
3445
3035
3190
2411
3828
3996
4470
3358
2878
2572
4054
4921
3272
2516
3936
3432
2918
3548
3269
2807
6218
2379
4902
3625
3390
3080
3175
3596
4727
4008
3567
3647
3527
2178
3203
4254
3935
3829
3507
4492
3318
2786
3262
3569
5065
3520
3545
4221
3561
7906
3924
4412
2932
3046
4298
4353
3846
4383
5074
4632
3608
4442
3530
3375
3390
3325
2639
4348
3971
3231
5286
3561
3296
4043
3214
3754
4118
3288
4056
4791
4443
1907
3258
3432
3524
4877
2058
5323
4005
2851
2885
2888
3898
3069
5580
3321
3180
3672
4500
3994
3648
3946
2673
3492
3932
3551
3423
3314
2500
3902
3058
3355
2903
3028
3855
5222
2710
2587
3022
2634
4033
2787
3783
4631
2851
4450
3178
4773
4780
4746
2765
3161
3949
3403
9164
2875
2817
2888
4012
3881
3148
3108
5591
3157
4006
3472
3033
2898
3363
4678
3042
4674
2793
2684
4592
3259
3193
2380
3502
3234
3967
3107
2598
4402
3067
3453
4064
3627
3362
3145
3420
2792
2918
2334
3504
2962
3594
3954
5669
3804
15613
2541
2987
4683
3293
3302
3552
3464
3554
3322
4505
4837
4218
4315
3431
4839
4199
1946
3459
3072
4029
3335
5810
4086
3541
4723
3386
7706
6893
4832
2442
5126
6989
9775
4273
3069
2771
4272
4060
3718
3735
3622
3937
2840
2642
4878
3239
2811
3189
3854
2493
2367
2562
2570
3778
3208
4064
2823
2851
3612
4431
3067
3903
3624
3304
9207
3737
4586
3850
4264
2945
3533
3991
2808
5172
2918
4157
3423
4978
3353
15408
2784
3419
5869
4991
3864
3694
3401
3645
4509
4760
2886
3244
2859
3527
2625
4053
5175
2647
2940
3031
2821
2758
3441
2362
2929
3407
3689
4688
4514
2976
2862
3929
2347
3518
3503
5387
3070
3669
3461
4171
15740
3827
2691
3975
3657
3631
4205
3550
2101
4083
3032
4037
3895
3373
2777
3502
3209
4512
4316
4015
4216
3452
3412
3499
5379
3378
4621
2212
2835
3853
3810
4448
5947
4189
3653
2633
3280
2285
3219
3507
3879
3238
4622
2931
2637
4262
2113
8837
3322
5337
5176
2881
3279
2924
3985
3504
3636
3680
3191
1548
5406
3656
2598
8735
4141
5930
3463
3168
3372
4439
2504
3496
3911
3087
4081
2906
2832
4053
3556
3235
2142
3438
4123
2530
2387
3361
3542
3707
3973
3169
3103
2727
2769
4229
2973
3199
4568
2972
2989
3460
4342
3126
3456
4370
3735
3069
3213
4342
3259
3012
3156
3421
2741
4046
4239
3813
4203
3725
4123
4413
4006
4068
2541
3024
2801
6804
2298
2638
4728
3564
3407
4680
4049
2806
3628
2756
3691
3104
2921
3051
3022
3385
3272
3605
3086
4386
2061
2729
3429
3602
2445
3459
3395
2577
3566
3881
3005
3295
3948
3374
4482
3685
2899
3466
2863
4587
3238
3475
2724
2750
3193
3233
5430
3919
4056
4068
5541
3773
4436
3094
2898
3062
5417
3145
3336
3097
4263
3316
3210
2682
3183
2711
3561
3077
5395
3579
4188
3299
5185
3754
2726
3238
3095
2603
5249
3796
3892
2699
3529
4445
3689
3345
4049
2602
3873
3539
3160
4301
3684
3027
2772
4566
4898
2951
3604
3911
3606
4469
3042
5173
3164
3410
3386
3185
3825
3461
2627
3039
2714
2812
4071
2773
2822
2742
3446
3396
3708
3171
5040
3314
2957
4467
3162
2542
2410
2808
4900
5439
4678
2804
4504
4313
3252
2892
2878
3796
3877
3045
2435
5825
3510
3457
3573
3237
4030
3142
2934
4234
3159
4215
3313
3632
4813
1680
3416
3840
3004
3124
3210
4894
3913
3135
3300
2834
4029
5217
4138
2672
2179
3054
3921
2512
4466
2396
2174
4359
4147
3054
3093
3440
2910
5264
5083
2962
3020
3491
5300
4450
3406
3538
3951
3835
13505
4368
3794
5014
4649
4094
2759
5341
3341
3075
3225
2930
3314
3563
3120
4878
5677
4510
2415
3939
2630
3470
3410
5261
2908
3568
5067
5248
4093
4451
5759
2263
2261
3439
7046
3427
4730
3413
4425
3969
2202
2937
5294
4552
3176
2849
3494
3368
5217
3012
4541
49674
3182
4357
3501
3135
6496
4062
4532
2717
2903
3676
3231
3459
3207
2460
6262
3421
2708
19665
3575
3115
2741
3358
3840
5060
2950
5379
4817
6085
3436
3502
4233
2367
4151
4160
3874
3505
3562
2378
3056
2419
3093
3468
2999
3701
3007
3696
3999
2949
3690
3118
6305
3592
4189
3004
3593
2690
4808
4253
2579
4488
3480
3835
5121
4589
3157
2510
3992
5050
2881
3649
3300
5650
3309
4083
5530
2477
2401
5311
3217
2995
4213
3015
4475
3396
3804
4293
4939
3825
3075
1800
3203
3305
3143
3850
2739
4289
5031
3268
2596
3979
4487
3758
2680
4520
5024
4303
3161
4696
4291
2928
3444
3485
3041
3263
4178
4552
5106
4307
2821
3398
3353
4983
3529
2790
3187
2553
3953
3061
2112
3500
2767
5294
5031
2896
2639
3809
3506
2732
2856
2551
3080
4095
3414
2580
3123
3114
3287
4151
4100
4016
3444
4096
5396
3304
3521
5136
3591
4167
3815
3147
4215
4210
2683
3120
2978
3191
4481
3463
3419
3069
4602
4790
3024
2967
4016
3103
5273
4227
2915
2831
2845
3812
3418
3873
2388
2702
3707
3154
2494
2850
4175
4687
3822
4446
3859
2913
3226
4177
4726
3791
2725
2823
3408
4905
4798
2776
3850
3424
2924
3340
2728
4816
3897
3034
4324
3335
3367
2552
3503
3469
2535
2782
3903
3989
2370
2799
3108
3387
5349
4049
1905
6435
4243
4587
3296
3330
6217
2044
3577
2729
2955
2819
2468
4207
4061
2097
3672
4156
3439
2697
2823
3930
3487
4763
1788
2588
3115
3415
3031
3099
2390
2292
3597
2840
1678
3647
3107
3625
3179
3673
2994
3492
3035
4485
3763
3918
2574
4724
20531
3912
2953
4230
3003
3608
3085
3201
3899
3010
3424
3284
2657
4168
3092
4952
3241
4151
2181
2479
3484
3905
2768
4094
3100
3101
3730
2749
3696
2303
3282
3216
6431
3431
4620
5392
5378
2835
3756
2757
3173
4115
3018
2820
3555
5593
2788
16110
3895
3408
2637
4327
3133
2800
3867
3613
2988
2482
3592
3669
3335
3317
3064
2496
7083
4506
5072
3105
16784
3548
3730
3499
2842
3052
2305
4498
3585
3533
2300
4070
3384
3986
4909
4398
3293
4281
3559
3362
2599
3424
2594
4532
3911
19039
2965
3363
2877
3166
3504
4057
5228
2724
4177
5301
2728
2971
2279
3771
3653
2090
2028
3623
3534
3839
3386
4275
2836
3066
2729
4227
6165
3427
2967
2954
4412
5674
2697
4743
3646
4975
3086
4314
3317
3198
4029
4220
3543
3557
4274
3007
4485
5314
2841
3436
2631
2983
5842
3238
1813
4376
2468
4399
3611
4543
2750
2537
3990
2902
3994
3101
2701
4842
3496
5012
3943
2609
2839
2939
3343
3092
4340
2131
4393
2917
3953
3565
2961
2467
4718
5247
3366
3055
3584
2899
3827
4227
3721
3308
3229
3208
2698
2177
3022
2614
3832
3503
4197
3080
2775
2982
3051
3039
2529
2570
4103
3676
3836
2483
3545
2792
4194
3543
3870
4336
3278
3418
3728
4701
4226
3342
3099
3235
3461
4290
3443
3140
1722
4296
3889
2657
3634
2724
2995
3175
3740
3520
5215
2888
7187
3622
3289
4126
2607
2475
2295
2283
5504
3164
3293
3995
3183
5185
3364
4878
2643
3391
4134
4487
4859
2971
4318
2809
4184
3148
3276
13580
4506
4158
4606
2431
3429
2801
3383
5041
3279
4004
5695
2687
4872
4830
3865
4624
2247
3244
3704
3724
5732
3914
3357
3960
3319
3065
3917
3393
5001
3417
5452
4260
3096
3519
3387
3313
3777
2586
2528
3570
4424
3672
3876
4452
2596
3522
3093
4074
5802
2528
2768
3148
4594
2601
2374
5067
3311
3467
6788
3248
2766
2899
2634
4359
2168
2520
6271
3232
2804
3362
2734
3000
3249
3547
3640
2555
3397
2816
3987
6109
3085
4641
2758
4224
3459
3144
5624
4087
3901
3290
4787
3107
2670
2783
4368
4117
4211
2667
4757
2986
2854
3454
3558
3967
3561
2595
3098
3162
2818
2901
2808
3245
4199
3455
2832
4024
3878
3582
4704
2688
3366
3234
3033
3198
4683
2960
8777
3503
4478
3282
3543
3799
2870
5442
3052
3517
3700
3127
2253
3350
2682
3529
3098
3428
4773
3477
3265
3273
4320
3395
2809
2669
3833
4463
2872
3224
4119
3731
3138
3808
4530
3035
3101
3647
6324
3155
3406
3340
3816
4566
3355
3616
2560
3749
4884
1258
3420
3312
5257
3144
3400
3728
3030
5145
3808
3346
4605
4652
2042
3722
3298
3799
3356
4035
3449
4005
2629
3300
3300
2875
3569
4462
4352
3513
3530
3523
3091
3058
3658
3952
3100
2708
23619
3715
3141
2912
4088
3277
3093
3328
4021
4881
2552
3018
2936
4980
3591
2772
3689
4181
3637
5791
3054
3332
2704
4234
4322
3367
2981
3400
4488
3790
2895
3138
3251
2479
4138
5367
3005
3034
2313
4184
3734
3313
3157
5003
2664
3319
2813
3349
3275
4062
3428
2832
3803
2993
2497
2894
4323
3363
3602
2989
2559
3270
4122
3829
3216
2993
2692
2919
3430
3986
5130
2702
2880
4361
3426
3707
3936
3179
4434
3177
2836
2509
3944
3755
2117
5144
2644
2873
3827
3186
3663
3150
4147
3381
3151
2760
3454
2972
3384
2751
3063
2843
4858
3395
2873
4224
3352
4419
2394
2699
3523
3236
3758
3828
2952
3027
14015
2595
28999
2983
6013
3533
3429
3057
4845
2457
2650
2717
3427
2981
2809
3124
3384
2453
4784
3567
3501
3883
3546
2986
2812
17536
2745
2795
2841
4159
2838
2349
3384
2653
3229
4367
4559
1993
3540
20811
3225
3615
3499
4048
3645
17613
2289
3011
3113
2679
3113
3812
2588
3455
3239
3160
2558
2748
3070
13880
2351
3915
3035
2818
2597
3256
2773
2900
3229
3880
2553
2806
3165
2490
3524
2887
3122
3210
2721
2931
3471
2758
3246
2841
2672
3006
3552
2638
4009
2688
2877
2654
3452
3445
5146
2917
3795
1638
4265
4451
3305
3632
2680
3186
2424
3562
3324
3113
3578
3172
3768
3135
2246
3621
3312
2313
3005
2982
2855
3806
2241
2918
2363
6564
3579
3304
3263
5556
2743
4797
3830
3082
3005
4083
3300
3645
3093
4341
2542
3618
2285
3946
3700
3307
4431
5848
4695
2390
2905
2558
3369
4212
3570
2786
3121
3069
2849
2744
2475
2992
3420
2929
2659
4401
3618
3934
5401
2917
3250
2386
2195
3269
3484
4767
2532
3450
2703
3836
4154
1897
2783
3030
3151
2787
3079
3482
2270
2728
3905
3089
1929
3314
2875
3628
3599
2937
2695
3241
3208
2870
2801
2933
3333
3456
2750
5519
2389
3851
3847
4113
2919
2841
3421
3215
3838
2351
4741
4612
3677
3652
3208
2953
2940
2642
3593
3108
4293
3022
3577
5039
3823
2875
3022
3432
2710
2711
2926
3881
2583
3573
3175
3140
5200
3042
4211
3066
2966
3130
6938
2810
3323
1925
3844
2448
103870
2070
3091
2817
3112
2527
4215
3710
18546
2357
2564
3661
3176
2430
4264
3482
2678
3205
3981
3472
2810
2529
1150
2964
2204
4712
3328
3656
2884
2596
3051
8047
2817
2916
3348
3046
3533
2653
2550
3059
3521
4596
1823
4195
5249
4948
4024
2539
3835
3940
2436
3907
4677
3956
2572
2964
3270
2498
4977
5117
2938
4730
4064
3451
2520
3322
4373
3834
3732
3948
3113
4724
3823
1961
4644
2859
3050
4139
3119
2705
2923
2579
4011
3416
4784
5057
3626
2708
6080
3505
2545
2703
4366
2869
2666
2645
4130
3177
5235
2873
2719
4080
3250
2137
4480
3698
5464
2828
2449
3264
2017
1778
2141
3340
3734
5397
3766
3421
3928
4346
4162
2185
12724
3781
2826
3553
4075
4773
4454
3414
3700
2942
3187
3146
4505
6456
2787
3773
3468
2802
4004
4740
6344
2343
4575
4116
3761
2575
5306
3922
4302
2396
2953
3157
3378
3375
2457
3446
2788
2608
2658
3052
2702
3204
2009
4507
3003
3704
4731
2918
3455
3076
4921
3242
4710
4077
3611
2948
4746
2770
2906
3856
2672
2571
4534
2892
3543
3190
2952
4346
2871
2944
3855
4829
3500
5825
3610
3499
3811
3245
5145
3180
3434
2906
3622
3075
2670
3528
2855
4452
2769
2774
3426
3386
4481
3953
3311
4385
3028
2843
4832
2800
3277
2806
2936
4206
3601
4696
2410
3820
3730
3335
2161
2891
3814
3904
3880
3623
4496
3047
3331
4126
2454
2169
4055
4327
3236
11224
5048
3966
2976
2009
4006
3547
1738
4408
2845
3815
4571
2470
4436
2669
2811
6647
3475
4864
2500
3481
3216
5184
3986
3382
8508
3881
4978
3905
3184
3094
2113
3399
3824
4952
2612
4607
5246
2836
2645
1877
4462
4255
2966
2639
3484
2300
4661
2283
14238
3725
2651
3212
5052
3259
2795
3776
3421
3418
3250
1786
4413
3754
3131
2244
3658
2714
3506
3399
3175
2814
4007
2667
2812
2697
3125
2773
3142
1758
3129
2218
3303
2637
4334
3458
3493
2836
3346
2301
3227
3422
5358
4785
3531
3864
4505
2413
2387
1829
5022
2994
4717
4808
2300
3260
4129
2268
5394
3324
4181
2496
3993
3615
3065
5193
2880
3094
3954
3604
3405
2605
3233
4128
8017
4293
3847
4399
4211
3712
2542
3652
4218
2449
2303
3688
4300
2857
2291
2310
2494
1839
3165
3235
2686
2830
2963
2764
2548
5793
5427
6297
4211
2249
2887
2583
1856
4250
3999
3423
3832
2961
15618
2504
3049
2168
4343
2246
2834
2170
2222
2790
3382
3178
3181
2317
4280
3557
2381
5584
4075
2918
3093
2117
2762
2443
4595
3916
4076
5062
4207
3433
2166
3668
3484
2744
4853
2975
3912
4680
1949
3044
3227
3136
4322
2712
3225
3882
3328
3241
2472
3175
2735
3863
3361
3699
3067
4205
3031
3009
3017
2852
2920
3423
2645
3931
3564
3507
3979
3768
5019
3084
2460
2200
2987
2893
2452
3541
4797
6328
4017
1676
3334
3577
2717
2606
3178
3072
2872
3388
3096
3133
3466
3289
3579
3940
3946
3479
2930
3914
3494
4490
5112
2881
2660
3996
3054
2702
2502
3674
3971
2707
3086
4680
4161
3114
4399
2784
1853
3390
2475
3135
2885
2314
3046
2226
3012
3511
3462
1480
2788
3291
4386
3870
2340
3159
3314
3671
4240
4101
2947
4598
4278
2483
3838
2504
3830
3308
2852
2573
2715
4647
4062
2434
2733
2419
2036
2255
2757
4318
4380
4833
3561
3155
3770
2379
3090
4853
4089
5615
4214
4561
3600
4462
19479
1695
3723
4114
2910
4334
123634
3625
3063
3001
2450
6650
2832
3243
3340
2588
2532
4710
4493
3577
2537
3436
3393
3385
3051
3868
3553
2584
3368
3984
2955
2831
2541
3567
3960
2038
3255
2722
4214
3593
3632
3945
2880
2501
2622
2390
18611
2608
3817
1916
4135
4460
2426
4163
2673
4064
2476
4305
3170
4255
3794
2235
2586
2199
2497
4956
3153
3478
5121
2828
4765
4614
2893
4477
3265
4951
5445
2413
2803
2866
2675
3406
2016
3575
3152
2566
4390
3619
3547
4202
2669
2728
4295
4096
4774
3012
3957
3556
3914
4164
3213
3422
3158
3008
2079
4161
3435
6022
2955
3804
2978
3052
1912
3776
19637
3159
3245
2614
3760
3251
3226
19783
3021
2591
1792
3880
2401
3458
2375
3011
3950
3045
6798
2011
3888
4530
2444
3599
3091
2413
5627
3098
2223
4551
3612
3168
2884
3202
1662
3124
2385
2375
5631
2253
3347
4517
3501
2489
3135
3093
2274
3391
2867
2465
3500
3695
4127
4469
2537
2674
2697
3849
2919
3198
2059
4414
2394
3364
2338
3291
2480
3135
3195
2517
4087
4201
4032
4140
2596
5447
1742
3792
5174
2925
6706
2699
2613
3194
2697
1861
3451
2244
2891
4130
3897
4352
4157
3745
3475
4223
3277
2862
3079
3015
4940
5551
2594
2927
2858
2780
3412
2809
2411
2447
3044
4207
2820
2974
3728
5586
3009
2378
2976
3441
3023
4556
3643
4149
2540
3071
3136
2687
3624
3176
3160
2708
5049
4799
3681
2684
2117
3029
2537
2203
4076
3052
3051
5653
4692
2455
2647
4186
3736
3673
3108
4103
3508
2703
3677
2819
4149
3134
3318
3035
3220
4191
2776
2948
3852
3477
2806
4604
2342
2979
2608
3072
3997
3640
2808
3091
3424
2473
3321
3158
3023
3424
3252
2296
3489
3013
2720
2253
4695
2519
4695
2641
3388
2268
22380
3859
2955
2562
2513
2705
2740
4835
1554
4084
4209
3825
2692
5474
4515
1859
4609
5081
3082
3161
12955
3276
3424
3221
3014
2868
4602
3523
3253
3782
3351
6811
4137
3606
2826
2854
1907
4764
2611
3323
3161
3028
2698
1883
3984
3059
2258
3792
2129
4178
3382
2636
3684
3312
4966
4459
4499
4636
1400
4597
3979
4480
2847
2688
5025
2797
2683
3160
3239
2993
2716
2886
2280
2625
3060
2785
2430
2780
2207
2490
3082
4212
17923
3573
3261
5691
4809
5532
4025
2659
3082
3168
2517
2537
2841
1943
2226
3063
1799
3984
2326
3442
2850
2399
2275
3792
2952
3128
4623
3940
1896
3775
4399
3383
2603
3436
2063
3348
3111
2258
3103
2111
2035
3074
2964
3118
4153
3878
2839
2865
3703
3906
3720
2249
1712
2613
3404
3321
3216
3705
3017
2691
2925
2241
3698
2695
3609
3781
3397
2115
3216
2526
2307
2569
3590
2656
3080
3241
2800
2188
3812
2442
3175
3657
4123
2329
3907
4219
4213
3767
3329
3975
3508
3292
3318
3566
2443
3060
2707
3753
3232
4231
1905
3627
2411
3142
2434
2213
3458
2967
2957
3392
3034
11843
2662
4532
6888
5197
5244
2917
2704
3281
4250
5139
4749
2232
2497
6501
2220
3576
4710
3710
2621
2614
2440
2567
2826
3233
4407
2772
3635
2469
2581
4235
2881
2636
3808
5713
3333
2613
2971
2256
4113
2853
2850
2436
3641
4567
2175
3731
4855
4088
1873
2666
3115
2261
2274
3007
3415
3649
5497
2433
4946
3950
2269
2102
2270
2576
2035
4483
2273
3866
3214
1979
4027
2641
2804
2538
2780
2835
2608
2377
4121
3440
3068
2599
4034
2642
2051
3209
2569
2960
2800
19688
2502
2471
6189
3792
3724
3234
2703
3006
3241
2292
2692
2863
5026
3242
2581
3679
3845
4125
3376
2454
4003
4255
4295
2552
4921
2886
3626
3236
3574
3474
3815
2947
3169
4692
2262
3239
2621
2840
2776
3016
3386
3321
3036
3454
3389
4206
2543
2916
4346
2391
2985
3376
1992
2858
4466
2633
2279
3143
3338
3063
2836
2786
3157
3423
2162
19589
4481
1950
2358
2956
3331
3212
2709
2517
2471
1927
2430
2499
3400
5187
2606
4007
2853
1254
2668
2591
2896
2348
3377
2997
2970
2553
3909
3020
2377
2595
3018
2785
3419
2870
4362
2769
2053
3607
2267
4536
2809
2787
4815
4097
2639
2482
2493
6010
4022
4083
3176
1808
3686
3698
4421
2729
3195
3249
2445
4680
2442
2900
2392
2764
1639
2477
3364
2781
3180
2832
2688
3398
3073
2223
2834
3528
4000
2552
3083
3316
3042
2918
2797
2712
3174
2144
2520
2795
2979
2304
3692
2960
3181
2709
2346
3670
2722
2731
2430
4362
2349
3924
4134
2381
3199
2486
2155
4169
3546
2704
3169
2506
2882
4239
2558
3380
2632
2533
4621
4949
3848
3218
3434
33318
2456
4420
3568
2273
2555
2694
4904
4249
3238
3028
3242
3288
2903
2342
3063
4826
2910
3357
2730
2052
3900
2336
3419
2685
4062
3202
11369
3747
3354
3337
1946
3237
4031
3761
3062
5185
3919
2867
1723
2608
2322
2231
4182
2041
4864
2839
2538
4214
3044
2672
2277
3110
5368
4048
2711
2669
3866
3747
2605
2228
3868
2895
2540
3321
2539
2623
2456
1517
4244
3631
4346
2434
2569
4067
2259
3408
3233
3512
2148
3647
3237
3381
2709
4286
5494
3191
3004
3670
1652
3884
2597
2335
2659
2698
4243
4714
4103
3781
3335
20911
2694
1964
3289
3534
2246
6732
5039
2306
2622
1948
2709
2610
3266
2376
4087
4160
4654
3553
4394
14035
5382
2716
3171
2877
4137
3455
2551
2253
2697
2720
3690
3540
3535
2950
20226
2034
2721
4166
3337
3224
4689
2459
4876
3291
2607
2805
3730
2670
4517
2352
2877
2260
5272
3357
2935
3435
3217
3340
2094
2792
4521
2702
1826
2600
2995
2980
1784
3689
2354
1861
1897
4083
3463
3358
3600
2954
2806
2752
4207
2815
1985
2293
2561
3762
2706
3344
6209
3886
4928
19724
4402
4031
3290
5066
2297
2530
3617
4389
1835
1985
2903
2756
3460
2219
2213
4511
2420
3538
2743
6623
3487
2930
3422
2749
2714
2858
2191
2515
3643
2695
2664
4379
3675
2884
4724
3657
3031
3349
2826
3161
19093
3222
2833
2689
3095
4171
2647
2798
3060
2027
2896
3098
3127
2932
2141
2390
3194
2680
3927
4234
3057
2978
4222
3227
2407
3699
2564
3063
3392
3019
2134
5436
2291
6395
1968
2922
4369
3484
2404
5540
2916
3192
3084
3565
2661
3500
3526
3017
2504
2574
5712
3262
3318
1945
2442
2705
3173
3179
3148
3441
4001
7671
3088
3118
1677
4654
3486
4041
2639
2439
3101
2398
2688
3421
4051
3003
1991
3554
4596
3599
4371
2300
2611
3084
2926
2627
2905
2678
3976
2376
3286
3293
2438
1762
4278
2891
17349
2169
2909
3391
3084
2782
2701
3049
3458
2511
3452
4096
4526
2392
17461
3124
3205
3793
3019
3065
3281
3828
2710
3428
3478
2432
2672
18752
2947
4000
2577
2761
2568
2662
3058
2712
2471
3343
3158
2698
4363
2087
3554
1948
2616
4555
3518
3041
3723
5120
3499
4985
1986
5550
2213
3678
4642
3640
1519
3811
5422
4692
3623
2886
1805
2232
2626
2021
3259
4299
3371
2370
2179
4174
3426
2797
2420
2793
4382
2774
2187
3434
1508
4060
17520
3050
3999
3297
4061
2532
3585
3560
3068
4221
2273
3869
4618
3222
2605
2162
2367
3262
4951
2817
2801
2965
2892
2875
2891
2557
3839
3236
3285
4384
2834
2763
3400
2912
1904
3409
2635
3348
2756
2697
1904
1862
2211
3228
4024
3754
3441
4223
3546
4597
3868
2356
2251
3267
3639
2977
2963
2085
3599
2487
3991
3269
2714
4836
2369
5238
2760
2948
1952
2020
2899
2830
3144
4580
3093
2826
3053
3172
2694
3545
3555
2575
3404
2956
4166
2657
2438
3828
2973
4346
2723
3290
3221
3554
3358
2698
2401
3045
3026
2257
3228
2418
3265
4757
3586
3046
4639
3764
3988
2837
3416
4391
2812
3159
2681
5355
4401
4041
2954
2776
3513
2506
2949
2689
2552
2059
3163
4435
2963
2651
2615
4297
4544
2372
2136
2902
3137
1721
3093
4175
3172
2006
2389
3982
2987
2961
4094
2399
2252
3172
2607
2648
5464
3852
2484
3816
3784
2750
2692
1975
3303
2621
2669
2713
3975
2439
1990
2584
2408
3923
2547
1969
5519
3578
3285
4298
2621
3130
3275
2710
2262
3542
2625
2890
3516
2638
2314
3662
3096
3050
2533
3341
4138
6026
2768
4471
5461
2608
4876
1947
4319
2716
1764
3499
3442
3815
2831
3101
3583
3538
3943
3360
3012
2754
3694
2924
4680
5872
3978
2280
3862
4147
3432
4089
5633
3725
2961
5829
2972
3428
4176
3127
2764
3839
2950
17558
4840
3703
2657
5473
2603
4492
3055
4700
2406
4093
3776
3948
4195
3376
3885
2545
3355
4571
3490
4755
2893
3282
2901
3563
1905
3886
3612
3756
2123
2213
3256
3669
2843
2799
4302
1873
4452
3184
2162
2913
2500
2383
2698
2531
3279
2833
4783
2748
3009
3406
2740
3416
2818
3028
3018
3369
3577
2576
2429
4215
3009
4177
3334
2224
2895
2871
2656
2754
3897
1932
2116
3702
3412
2661
3660
2743
3413
3224
16624
2017
4673
3638
3423
2983
3885
7969
3890
4488
2645
3001
2641
3070
3663
4264
2596
2788
1903
3029
4026
2155
4392
6033
5834
3859
3208
3148
4678
3026
2791
3303
2092
2239
3440
2474
3770
4087
4560
3550
3139
2702
2388
2327
2755
2467
2277
2406
3052
2083
3444
2091
2956
4700
2975
3055
4617
3722
5438
2668
2579
2834
3029
4348
3178
2890
2287
2905
3479
4032
4063
3487
3013
3584
4532
3403
3881
2735
3513
3268
5499
2965
3760
4840
