675140
10367
574781
602718
644293
8139
8126
542032
27229
11212
21096
599772
10250
717577
11434
7849
8104
62779
695165
473146
370249
684653
506778
8381
9904
597617
8710
6858
7557
7687
11875
601872
8731
9460
8249
8238
16412
8043
14712
8101
9020
9498
6595
8860
6123
7413
590266
7217
7884
6735
9909
590264
9894
649754
10516
7871
8623
6558
7775
8270
7246
7762
512543
7089
510875
7373
484408
8172
13119
9311
6187
629279
6806
9471
6525
7176
7799
552296
7583
9668
8123
8016
7655
7357
9401
7290
9233
7890
7617
12297
9427
8919
8101
7686
9023
10586
11374
8065
10191
621062
7299
8110
7733
7626
568761
586928
9295
13621
7067
774416
12240
8889
7358
11753
636519
9044
10407
7412
7450
7088
7682
9194
9215
639936
6578
11622
7292
7609
7293
10033
7355
8262
8310
8541
14225
418407
11991
9180
694131
8301
594769
533283
7360
6512
6909
7672
8845
681863
7456
65843
417777
2910
8878
6713
8634
9054
9006
11898
7428
8452
10412
7598
7322
7563
9445
13841
634366
2361233
421099
11054
6714
562510
496831
8141
7937
11702
8239
11429
11017
8460
9373
7681
7532
7673
8062
7554
29025
483957
9097
9552
7597
9354
8771
9035
8118
7641
8793
6930
375659
9533
8262
13227
9535
6685
500555
8718
7687
12077
8526
8081
10154
7460
9772
7676
10220
8912
707867
8331
6990
12142
8848
42777
7237
7172
9474
13597
10923
6315
11844
9439
12161
718991
6086
7967
9393
9278
929084
10056
737868
6132
9987
7758
6985
10154
839339
8003
8272
929644
8193
6895
8346
13604
10887
7539
9663
7802
12664
752808
11232
8667
9399
12065
7652
8924
543749
6811
9494
6790
9488
8225
9422
6638
8839
10922
9560
8693
9429
7414
6939
6320
7900
8523
7025
8157
17636
7465
6999
7397
10545
10605
7931
16609
12522
9990
8709
9383
7443
550208
22888
12508
6955
6319
7281
7032
9736
8055
10842
683689
7347
7118
16632
11931
914484
7730
8105
6497
10214
9543
559872
9557
8603
7128
7280
15850
6340
9803
7470
629723
660165
7740
798849
8582
6274
8964
7319
7880
7589
8673
9210
8896
10910
703426
11068
7440
8979
10827
8096
8509
732729
7791
6644
692916
859928
7822
8030
7247
731216
615857
12572
569129
696918
7445
417007
7281
8523
7674
10731
9434
516881
7077
8275
6885
11727
8654
726418
7225
8241
537267
17639
6864
13611
7976
7364
10503
15397
977800
8690
8634
491465
585303
7102
558521
1785387
6592
33250
7379
12577
8358
12820
7926
543905
8897
9704
8898
9041
7503
8358
7523
8204
6261
6936
8812
10034
7080
8585
7576
8386
9316
8274
10405
9705
702979
5719
6350
10510
7713
7656
620980
7963
6419
8216
7905
8726
8053
7658
7708
7574
9470
743815
7159
9000
6933
7696
7844
14162
9239
26468
7701
7660
11186
9861
10384
31274
8137
7872
703828
8362
7868
10521
716246
8088
7653
7461
7656
882343
9834
9234
7999
36287
9152
7638
546265
8499
7560
8849
10497
12746
7346
11782
11951
9895
12864
9240
701984
672420
8311
7322
7063
11711
13230
24956
802449
587823
10306
7443
6583
9635
7550
7437
7906
6959
9572
10890
6496
8292
8819
1278316
7258
7251
1156183
11346
12067
21626
7790
21257
15903
6633
7342
8254
7361
8176
8668
6840
7641
7312
10442
8279
8690
8483
8192
8991
17040
6991
612139
10051
14039
8056
6604
633394
668835
537728
9322
6367
11456
8121
9147
9166
8558
528622
7169
8404
7330
6335
10350
7999
7286
7538
7798
7854
6988
7640
11420
7049
7945
6807
6144
6994
8129
477954
9175
7713
8434
7531
10544
8258
12329
9213
9230
11171
15370
17579
6554
7491
8806
548285
542465
7962
6588
8551
6840
8806
14542
9291
8746
8845
7814
8351
7128
11313
8424
5888
30921
451040
7229
521376
14794
15104
10207
6165
8054
631421
6094
6952
11180
1015719
526289
7861
698730
8959
11148
6740
7531
474063
666811
598182
7592
7222
2048461
638019
9834
8181
9910
7165
17181
735142
9534
506508
9986
8696
723169
7080
8941
979704
7721
522361
6875
14746
10972
682146
15142
11400
639629
10136
8843
7142
7876
8762
558300
8521
9941
722592
10587
8018
8584
11769
7501
13222
8741
7585
10948
9883
39823
12660
11056
8931
10907
8979
829014
706387
790063
6482
11725
6750
8068
11531
9409
8324
8239
7624
576745
7399
10768
14624
7829
9047
7081
8373
11186
679466
530998
11691
10869
725118
7352
8318
598654
14526
9480
7070
624840
12182
10216
8473
9053
7284
8838
8025
7084
16450
11467
740063
10450
7760
8151
7051
8885
7837
11681
9917
7206
8226
16693
7298
11236
24018
22345
8180
8559
10002
8197
12527
9215
7355
6310
7776
11088
8332
8398
6626
9800
8603
6760
9360
7178
6977
1901289
8032
7738
9550
7221
6376
8769
10594
5305
7335
695326
1083416
8153
9314
7663
16605
8024
971917
20747
11874
7559
8069
688336
9460
9119
14154
7825
7902
8081
6619
7804
971999
9490
11983
8672
8798
7918
10476
12502
902651
7282
16771
6841
7639
825050
11218
9320
8066
9105
10257
7281
7783
7400
9952
8962
5696
8415
7204
8760
780935
23397
11558
9739
7322
8088
8071
7943
600904
6804
7718
7573
9776
7993
759348
829283
18536
7719
6157
7083
8080
9781
7969
9847
7587
7433
12849
6715
7217
10153
853134
8137
7743
847543
18085
6535
10641
10713
24449
6753
751711
8689
8447
8155
11159
736696
7371
8717
7038
5838
7683
6891
7459
8078
9063
8047
12200
10289
12148
8851
7503
6442
10352
24091
8347
8006
6683
9308
8442
7461
9163
9316
9836
896350
6885
8296
10320
15827
9182
10027
16741
10345
7216
7239
8404
8707
9544
8314
8165
6766
8691
804403
15739
8163
8352
7832
6961
15548
8457
11039
6213
8072
8243
13306
12296
8238
6743
7672
6735
12633
9811
8346
10229
7974
9264
8427
15490
9780
8043
9536
9535
787546
15580
6234
9261
7893
8608
6700
7745
7821
8102
13861
11790
7438
7031
8809
6660
999362
8800
8974
8020
6358
7440
677482
5748
7067
8996
7626
6274
9604
19854
7351
9055
6946
120892
880454
7654
12779
8063
9123
8689
6521
15580
9198
11654
10596
11023
8654
7367
7703
7804
13876
569893
738814
11083
1082374
11452
13420
8585
11317
593666
11446
8163
5672
8972
13359
795951
8247
9616
10131
12495
1455950
7279
12413
865022
11152
796499
7320
8455
11580
11951
7818
8264
10970
7502
9605
6563
9165
11792
1190759
7841
8786
8126
14998
9491
7037
7559
6899
10823
9008
16592
8495
9011
7233
7093
1064248
8510
7920
7741
9677
11242
18302
6090
9372
7140
6388
7813
15423
10138
19452
6948
9112
9419
832688
885578
919275
8479
8528
10348
1007654
13211
7541
8760
11650
16427
7726
13677
11840
12180
7968
8123
9173
10248
8805
10924
7609
8019
792918
8438
11580
801333
791336
9551
949748
12293
7552
8984
11632
9624
12630
10330
10572
11201
8145
951162
11616
8711
12058
7467
924563
7396
9836
8177
872889
10975
1046175
11121
8673
8289
11131
9823
7090
10092
7646
13929
9575
8462
9906
11397
7684
7646
11854
10209
759174
6622
9520
7636
10833
10932
7378
7464
13591
10811
15706
7958
598473
7758
24193
11774
11157
14570
9551
10340
980675
8330
825896
18583
8165
715329
8175
10217
761754
6054
8842
8438
977736
10686
1093686
7401
8669
16121
6985
7112
8313
8031
6834
7856
11478
9631
8976
11610
741590
6517
838288
10556
7661
11216
8495
10735
7694
15445
9308
9812
739858
8105
7285
8095
1059391
8311
8106
849072
11275
8210
9286
906110
9876
7446
8345
16142
8587
8338
8215
15781
13224
13414
7422
595280
9854
9202
8245
9005
6766
8591
13312
13255
8302
10505
11766
8039
10451
896201
8921
7919
10512
7221
15051
11709
12519
10207
772794
1049132
7496
8512
9090
16216
8955
612989
6984
9156
9462
10764
8230
8584
8315
9130
9847
9316
9042
8323
15661
11626
7577
921776
17216
932960
15907
7785
8641
9749
10967
10930
903227
6883
8694
11242
749306
842452
12835
7228
10511
8776
10771
8142
927427
7073
20588
868766
8909
9983
974416
13393
7826
840553
9033
11434
765785
9055
10745
619559
869398
10885
7738
10571
1035320
7643
815996
638107
10704
722327
6379
11479
8501
22075
8370
11685
23023
8229
8047
8775
10225
7635
13506
1040331
6649
11262
8281
9327
15491
8738
11484
7141
10406
1222683
8158
7611
7139
7503
8842
7226
7266
8948
9691
1690488
9372
7581
10990
8747
9402
8518
8571
11757
9247
8113
8635
8687
1770818
7922
7992
8759
6922
13078
1381059
13015
9225
7866
7223
6520
7176
8524
12795
7691
10086
7672
1500978
7760
2584640
9285
9442
6927
8909
9839
7593
8567
9081
10565
17047
12133
7491
8038
6181
58245
7963
10259
11220
8260
6926
15610
7644
7258
9513
8138
7040
6879
7328
10059
7110
7458
6961
8630
10478
8212
16455
8192
9086
2181173
11327
8405
13295
7682
7039
8176
7012
7418
7455
15173
7936
9634
13819
6704
8288
8059
8290
7765
7006
8660
10688
10122
7161
6983
7970
7944
11107
6297
8014
7846
14393
6126
6963
7390
7109
7289
8545
7405
7643
8348
9712
6982
10886
10431
12473
5428
13619
1921367
7561
7512
7229
7319
6242
9705
39613
8727
7713
7916
7401
10364
7286
9357
10016
9391
9467
10205
7161
19984
8123
7768
8104
7223
6910
7877
6119
65944
1907391
11000
9142
7790
7893
8299
11220
11956
7855
7832
5781
7772
7839
8202
7533
6380
7571
8155
7022
9576
9800
10727
7627
17515
10135
11867
10087
10309
9346
7111
7148
7056
7113
23063
1711355
8531
9757
12523
8276
8887
7470
10220
24427
7439
13381
8773
7982
2160647
8419
9437
6987
9613
7964
7840
7264
2419232
6314
9058
2230521
6476
7551
7889
9717
6755
7225
8557
8409
9459
7465
7591
7639
8847
7453
10008
6805
8287
12338
7362
8358
11215
7597
14073
8141
10053
9245
8182
10024
13803
7033
10180
7939
10846
9221
7674
9355
10525
16622
5793
6542
9200
44998
7315
6808
9162
10913
12620
11754
9428
12958
8077
19171
9120
10566
10270
9722
7166
8203
7979
11390
7916
8003
6597
8921
9516
9118
8677
10013
6220
7144
7018
8443
8370
5793
8028
7905
11400
7632
8777
8312
7360
9583
10265
10828
8575
8350
8748
9248
10775
11546
10665
9481
7081
12875
8625
38755
9308
1625719
7249
7576
9472
7127
7079
7171
1525222
9343
11616
8528
7453
7402
9008
11822
6473
6390
7207
6722
7314
7856
9332
8784
7089
7659
14875
6375
10146
7400
7678
8155
10081
7995
7229
2123640
7814
8000
11422
14543
9816
11371
7201
8619
7943
7271
8421
6733
7441
12727
7715
8030
8316
7235
9483
8927
6662
7386
8532
7774
10029
11414
7814
7110
7018
18840
8329
7619
6757
7735
5779
8901
7954
13340
7695
6654
8477
6126
8352
9076
7123
7437
5776
7266
7370
7364
9564
7941
7261
10791
7868
9077
8670
11053
8797
9472
9538
7268
6350
10317
8470
10003
8477
6926
7367
10473
15313
7424
7443
8845
1343614
9280
6384
7567
12419
9601
8537
8707
8287
8083
7521
8880
6739
11582
6933
6893
9054
10764
8570
13710
8093
15217
9188
7814
10115
7281
8152
10710
7742
7204
8158
7463
8369
8093
9869
7239
7799
9177
9837
5717
6438
8240
7261
7611
5912
7491
18074
7540
9071
6494
6785
7120
7827
1449537
7959
8303
7576
14946
12351
9516
6240
12801
10304
8088
7320
11448
7891
9363
8923
9400
6832
6769
8849
7539
7700
7117
8880
22258
22564
9528
7234
9794
7233
6539
15215
7539
7338
8601
7085
11414
9058
7357
6770
10051
8038
6384
7265
5898
7190
9678
7000
8381
7220
8189
9613
7350
11180
7877
9358
8036
8384
7555
8915
7188
5919
13453
11945
6463
6974
8459
8060
9237
8647
8088
7350
7319
8600
7631
8393
6737
24212
12195
7224
6379
7022
8510
6693
6930
11142
7485
7037
8547
6566
10436
11048
7281
7420
7882
7334
8269
7298
7948
10230
8012
7368
6251
7724
6962
6998
8907
7545
8935
8030
7385
7312
7979
6879
8590
7355
8084
7061
7779
8225
7619
6725
7367
91583
2302734
7309
11480
8728
8369
7444
7166
7945
9686
7865
7303
6789
7610
5558
7527
7938
11714
7050
8624
6520
9807
6809
8564
8189
7267
8224
6375
6638
8410
9543
8470
6228
7690
7565
9118
7305
8190
8701
7522
11437
7077
6703
7079
7304
8769
9035
7014
6791
7833
10403
7618
7412
7987
7469
9768
10516
8353
9847
7877
7553
11128
6542
6474
8350
8562
7331
8586
7094
6715
10665
7275
7837
6007
6761
7998
8528
7460
7502
7661
9143
8514
13119
11817
23278
237939
7304
7344
8210
8080
8869
9017
6129
7220
6448
7725
6725
9803
8441
7610
11685
15164
7759
6134
7329
11033
6690
7917
6935
7822
10119
8095
7353
8052
8627
8195
1723290
7002
6627
7197
7904
7777
11553
14187
8053
9801
6925
7866
8101
7981
10821
8242
7048
7660
7792
7724
7560
7449
8168
8456
10606
7736
9448
12340
8193
9971
2055839
7416
7580
11391
9688
8186
7767
7958
7153
6398
10752
7532
7045
10363
8150
8201
26356
7714
6261
8047
7892
9426
10167
1299051
18199
7330
7584
10851
7365
6054
8534
8449
24462
7158
8201
6802
7823
6674
10834
8801
6565
6847
7318
8983
11860
8819
7904
6793
9652
7593
7684
8464
13973
8500
8696
9296
18768
9012
7287
6806
7236
9048
6805
15369
8465
6771
8640
5921
7530
8190
6418
8141
7606
10187
1839024
7034
21554
8094
17882
9021
6973
8153
30405
6988
8677
8067
8724
7326
6199
7581
7241
6950
8874
15191
7011
10602
16907
13505
7766
9247
8949
8047
7485
8201
7254
7666
8761
6858
6817
5758
7731
7351
7748
7005
10595
7194
8919
9996
7913
5758
6337
8431
7271
6586
6471
8412
8269
8333
9977
7406
7483
7720
15168
9634
8411
7765
14407
5999
2605485
8704
6969
7054
8297
7020
8558
10112
7811
7177
11091
7165
9310
7927
11781
7277
7398
8837
7177
7635
9749
9277
7632
6410
6687
7678
10083
9232
11371
8303
21321
7444
8398
8040
7301
9130
15447
7950
11762
9659
7083
8105
8461
8874
12365
7714
9145
6558
7493
11280
8086
12370
6810
8913
9559
7686
7310
6923
7969
13544
6370
8024
14712
7097
7934
10147
7651
10396
6842
20855
8282
9412
7492
8507
1053772
7226
8782
8651
8272
7340
11224
7357
6362
6968
7507
7703
1545884
7280
7444
7170
10877
7559
7693
9732
7894
7697
8542
7890
7482
7602
7894
8559
7852
8278
11341
8174
8121
11458
8029
19188
7258
7885
7650
6893
1326019
7609
741146
7380
7898
8843
6944
7479
7968
7585
7572
6214
8303
7788
7967
7204
8042
10851
7966
542363
10676
7031
8072
6273
7204
9475
7505
8158
23617
460527
7795
7111
7329
8184
9358
9435
8410
10516
9303
10231
8379
6642
8719
1033555
6610
7283
690863
10804
9451
10716
972573
7677
8971
5854
7051
7683
7870
904495
7821
9047
6442
7726
9563
8971
6434
7570
13240
1215957
10151
6927
642504
10496
7024
5716
10185
7682
7917
8435
7193
10345
7531
6812
8785
1638643
9146
12243
7294
8086
9119
8824
7797
7678
8412
12482
7284
8867
8314
7508
10117
7490
6987
7100
9126
7206
7900
7425
7200
10151
9478
6947
7328
15334
8013
7594
7971
9105
7204
8149
6526
8772
7373
9464
7449
9295
9960
7073
8920
8393
7436
7863
7231
14158
11559
1136178
8050
8915
972294
7093
7017
7689
8002
8232
11754
7348
10503
1158933
7286
11009
6653
7543
7992
9759
11146
11298
10729
1153256
1008005
10269
8874
6997
8210
6746
6739
15401
17178
8279
12789
9357
10806
8185
8011
8338
7113
8607
7968
7162
8481
8435
10078
8425
6670
6998
7421
8334
1286054
7037
9880
1950592
6785
6538
890405
8422
7999
6257
7746
6081
9061
9519
19225
6669
9338
7267
9331
14282
10538
8083
13310
5916
7392
7657
10043
10610
13644
885755
7877
10674
7542
862428
7295
7479
7451
8010
12145
12160
9533
7901
10109
10917
8911
6831
7371
6902
8468
10334
14805
8355
7576
6325
5472
8168
7956
7707
7659
9673
7431
7064
8186
8955
8227
8880
8196
953578
7534
8641
568371
858292
8543
9194
7288
8607
8223
8206
8058
7886
7994
6769
6307
8974
8442
841745
7194
731603
7072
6840
999529
9271
10686
906737
7107
12193
715167
8543
8073
7691
7880
943892
10914
9989
5808
7723
7280
5643
8116
8700
9822
8374
9565
910865
7995
8247
10118
5935
9748
973931
9931
1533395
6932
11538
7894
6707
6189
9167
1116191
1256971
7878
7650
7760
11836
7687
27140
8542
12277
786538
5528
9628
6913
8319
8778
8449
8643
7168
9870
8099
14001
7720
8508
7803
8382
8052
7315
9476
10096
7833
495954
8932
776484
7421
9759
22407
8498
8081
758149
957816
7747
7489
6678
8640
7172
8169
7586
6844
8575
795037
9319
12721
7721
5896
8286
661502
935023
7531
700240
15476
840407
10200
7025
25762
720998
7941
8320
7810
8210
779364
936317
9102
11201
9643
818084
7730
8951
8474
11091
8043
9257
8081
1006113
9778
7860
7276
7976
6955
10735
8983
10710
26820
7483
7891
8798
11573
18698
11357
8054
649337
8169
57028
839244
7466
8787
7671
8332
571061
7628
10159
6923
8404
8855
836893
8737
7289
7879
7424
8777
7441
698152
820047
8110
8289
9893
835670
8043
9842
6707
7090
7237
8792
7066
8213
8150
7502
6710
11179
9484
10097
751235
7991
11301
9918
7894
760202
8225
9528
8508
7314
7498
7803
7634
6683
585521
7991
9042
6470
9140
809131
7322
6844
5702
6965
8536
9472
9970
9955
8348
7116
8931
8535
37197
861010
8145
7519
10193
7078
8745
8936
9756
10055
9092
7927
8413
7548
7797
8531
6799
7498
879574
8907
6910
10512
8066
7933
8115
7947
9349
10635
7901
9424
9399
9387
7094
11495
9873
12488
10846
6598
7630
9537
875289
8503
11939
9305
11189
10928
7651
8315
6993
9474
21751
8903
13614
8576
7358
8925
10757
8410
11519
11269
8974
8008
7389
9564
7584
8256
7306
9686
7039
9319
1436492
8605
11456
9909
10158
20280
20732
18890
7921
11857
7369
8872
7880
7346
10977
7849
1157449
9347
8042
9713
12723
8521
14385
10024
7183
7934
6901
8386
7128
13714
12650
10645
7725
9035
8617
6781
6092
8293
7403
7443
7446
12521
12692
9375
1635781
6928
8700
8299
7886
9357
2169624
8991
7605
13672
7629
10823
10474
8720
1313619
972039
12947
7682
9332
8686
8850
7370
10051
8966
12062
7308
6494
7435
9627
7955
11698
8133
7692
10219
8315
1484830
6835
8399
7062
12667
9548
9150
8937
6533
8505
9416
10020
6651
8555
8272
10544
7269
7575
8966
13286
7157
8471
7289
9218
7541
7059
9399
1171746
1528623
13855
12974
6702
9705
11496
15462
6791
8095
7756
8012
9842
7926
7862
7496
27294
11020
8652
8915
9041
10138
7898
7439
7250
7348
11208
15244
8671
6567
26664
7280
8781
8315
9417
8390
8134
2105270
8465
11059
11730
11514
7706
11419
10164
7315
8195
9315
9029
7650
9059
7579
7802
8357
2571315
8695
7566
6070
7907
6992
7084
8561
8269
10603
7156
6206
10155
7695
6235
8669
9397
7948
7860
7656
11243
8662
10619
44065
8296
8015
7246
18023
10677
7527
3815110
9493
6823
8424
7560
2729565
6846
11718
11249
7486
9540
24057
8608
6530
12572
8394
7370
8495
6852
2849674
11185
6908
8356
8837
3756115
9338
8612
6281
9369
8849
10893
11592
8323
7432
7392
7144
6782
7989
7570
7419
8535
7304
7747
7420
7548
7971
1758638
8879
9732
24496
8431
1435739
9067
9224
8734
7876
7764
14485
14593
8890
7991
7613
9003
7288
12387
11170
10233
8749
8140
9419
16357
13801
8495
8117
6282
8058
1622582
9150
9749
10810
9343
10866
14620
8772
9599
8232
8814
10013
11725
7468
7617
10350
10914
7078
16082
9144
8527
9126
7854
1778626
22326
8297
28198
8626
5681
8416
10075
10643
7735
25794
8727
2012149
10041
9462
11752
8518
10668
1653057
7104
8498
11267
9896
11691
8649
7363
8416
818920
8751
7064
11047
1623381
8062
7159
8148
8742
9267
7701
13203
9161
8729
12981
7004
11418
7122
8940
1634235
7244
9973
1853991
9502
8227
2210655
8825
9838
7369
7227
8892
7656
11779
10121
7344
8566
10704
9350
8699
7978
8347
10443
12882
7110
8040
9876
2018256
2326453
8532
28908
7858
7710
6585
11608
7716
2191931
11611
8817
7854
8076
11893
20537
9973
2235677
12213
2690405
16604
8635
7907
8759
9848
25700
9493
7280
12268
7230
9927
9877
12040
7272
13580
7915
8879
11887
2403523
7716
2468153
9718
9519
8092
11897
7976
11552
8370
5707
7208
8289
2666475
15863
9651
9221
8497
11865
7673
10457
6635
10429
6748
10147
2205055
8452
7662
8745
8707
6659
17810
1628531
8728
11906
6024
7710
7241
8473
8269
1830844
9048
6939
7191
8094
7922
14085
7906
10970
7812
7383
2342948
9625
7589
6951
8203
8237
9751
9431
8425
1732999
8353
10537
7718
6333
2109760
7869
7554
11020
8260
10547
6053
1851902
1738279
17144
9487
2247640
2706228
8275
6480
9195
8247
7532
20974
10572
13945
7478
10879
8677
10219
6595
8959
8010
6568
6850
7378
6294
7102
9581
8052
11411
10085
14691
9739
10080
7755
9304
7536
9144
8828
8142
16651
7908
7107
8494
7464
2318758
2623470
10219
7355
13245
7495
8608
6336
11767
8318
11348
7745
7454
7418
9217
10077
16987
2194138
9136
9412
6367
8392
9676
7285
7599
18779
7976
7219
9119
7704
6648
7580
9432
6089
10534
8382
7177
9298
9811
7034
9410
2275078
8232
8676
6763
6789
8563
6012
6355
7829
7940
1856907
8237
7276
8198
7734
10592
9458
8307
7316
7940
8794
6157
6653
7340
8961
6843
2488497
5364
9581
7985
8967
8770
8922
7247
7524
7783
7113
1470536
10485
9307
6259
7694
7916
9394
7884
11695
16125
10206
2504648
6575
8531
23779
7250
12155
10010
8245
7712
11243
8666
14365
10528
15070
8344
7339
7815
2975084
9581
7403
9486
10350
7081
6852
8027
7583
7375
8061
12398
10192
15521
8819
13718
7797
8063
2754618
8270
16998
9357
9432
6234
6468
7034
8324
6500
10149
19070
9123
10735
10148
8715
8328
12875
10469
10479
7253
7798
1908107
6654
7701
7890
5801
11107
13814
8545
9104
7811
8388
2363456
14299
12624
10240
2711082
14125
2655201
7871
9099
18328
28804
9230
8366
8662
8246
8981
9382
8163
8290
9370
9934
7937
8034
9250
7209
8104
6887
13571
14956
12075
10900
8086
11002
8069
8982
11018
8661
7758
7857
10324
8186
9536
7907
17883
10384
9174
9775
23083
11955
10497
7506
1978659
20707
10444
11145
10139
9314
8331
2036427
10868
11042
12138
21477
2958088
16875
7431
9642
10618
7006
7820
9454
9322
2031373
5434
1683646
8039
6986
7085
10795
7974
6883
9460
13493
13054
12511
8155
11471
9143
13999
11322
9074
11069
7674
13275
7785
8816
10917
9819
10030
11746
8109
7868
8513
11112
10420
12420
7816
11298
9223
8045
8599
10742
8011
6671
8206
8409
7979
11668
8979
12404
2479674
2660330
7510
8605
8178
9453
8824
8744
25661
7432
8537
9015
8190
7960
8232
2611605
8180
8894
18649
13388
7502
5434
1624005
7573
7837
8238
7833
29327
14506
8154
9519
3087452
9533
7403
9512
7432
7970
7603
9708
8101
12293
8267
12163
8130
8042
7679
8107
10824
10254
8229
9586
8395
11102
12550
9596
8015
8302
6348
8384
15624
11706
32574
10879
9403
8791
10049
7765
7368
12297
10431
12042
10716
7854
2691828
10693
36047
11598
7747
5437
1474728
8918
10108
7742
7250
11094
7946
8083
14819
7728
15180
8378
18251
10676
8273
2230973
8334
9692
7237
8146
10138
8913
6687
10135
10637
8538
6156
2316692
7475
7119
7852
6751
10015
6787
8349
9270
2882532
7169
10081
8343
6592
8288
8603
6285
7618
7315
8324
7791
10597
2264757
11338
12079
8512
10841
7533
12094
7230
7912
13736
7695
6977
12974
10527
16436
7321
10152
13661
7981
16393
6858
22496
9712
15024
11471
7044
21452
6802
8655
6784
2100366
11198
8397
7947
10301
8939
7273
7974
9991
6604
10014
8989
8412
7007
11134
8179
8855
11502
7129
10176
7607
10544
7556
8186
6779
22479
8732
11504
7817
13521
7611
123689
2750391
8060
9725
9934
11889
9836
6881179
7873
128037
2549898
14465
7770
8277
10462
8914
7271
8975
8552
7628
8249
8007
12162
8688
10072
8441
7684
8889
8760
9149
9515
7243
8541
6899
7995
9585
11411
7423
7307
15540
8563
7486
8119
9974
12965
8938
8529
12264
11250
7980
10362
8671
9027
10657
8821
9959
14275
7475
10725
7125
8540
7042
10561
9938
6487
10548
8638
11763
7078
19973
9823
7401
9870
7776
2273423
9148
8110
14547
7119
8615
12181
7670
7947
13836
9115
7884
7157
9866
8342
7361
11377
6954
2321066
6352
9379
6045
7322
9913
2544788
6709
7996
15488
18521
1550452
6295
8463
7302
11662
9240
9113
10152
10212
11661
17395
5704
11498
2564693
13528
9554
7086
6267
8837
8004
7380
7033
8456
2761523
8588
6847
7433
8377
7971
7481
16939
13828
10684
8877
7573
8793
7892
7729
3997196
10084
2441161
10526
9091
11375
8580
10388
8036
3267841
9252
8973
7820
9708
8553
11284
15538
10601
7355
6953
2389476
7584
8590
23209
21986
7532
12627
6940
9451
7476
7829
9736
8156
2875880
7270
8498
7313
8961
2620445
7920
7052
11392
9935
10284
2341950
12107
6396
9172
7617
11075
8125
26862
11006
10177
7383
2673941
17463
8164
9477
8093
5803
8941
11257
9049
9091
7349
2487744
9401
11562
7025
47177
9152
8135
6679
1525037
7929
1893976
13193
11094
8444
8187
7911
2245850
7692
12334
8175
7876
7933
8959
8358
3363469
7439
6819
7380
11089
7179
7785
1755942
8633
8070
12520
7620
8669
7804
8003
7471
9929
7717
6305
7920
7965
9768
7673
7357
8443
13648
7541
9861
8194
12945
8987
8288
7720
2394566
13062
12087
16187
7960
11537
8489
10555
9402
11709
7758
8863
10142
10287
7595
7187
1993417
7328
11278
76184
1836045
8886
8076
9888
7090
6664
9472
6206
8552
20746
10760
1372406
11703
6619
8779
8449
12416
10189
7166
2408981
9066
7892
8584
8585
8061
7280
7339
9560
7424
12175
12620
7742
11384
10831
9784
9372
11372
7567
9355
2597493
7635
9458
8413
2598168
7852
8943
13911
8968
8172
7769
8072
2582202
3656
9820
7900
9413
2454951
13936
2432604
7315
9020
7889
7941
10012
6976
8742
10591
10627
6212
18179
7451
9036
15894
22694
9761
14232
10482
9860
7082
25957
9528
8259
8724
8628
2857700
5351
9583
10563
9148
2574371
6950
7754
6695
7916
6767
8203
8968
7791
10129
6388
8898
8521
8885
12145
9347
8503
8086
9463
10533
12727
11798
11657
7060
8403
7146
7856
9798
6803
8342
2362025
7464
12684
8768
8495
11700
12413
8686
7092
2265776
8309
8485
14278
9613
7776
9287
8864
3762422
7300
10414
10766
7050
10356
7930
8453
10896
7323
2491370
21965
6795
13941
8338
12092
8066
8197
10341
3020023
6558
10988
6953
8942
8061
7959
9038
15030
8928
14374
9858
6671
8587
8534
8201
9134
2683740
7257
11610
8674
7430
7734
9130
8029
3426979
8164
10903
10680
7756
8027
13128
6410
12785
8441
8945
10229
8219
9393
7610
8654
7772
7405
7883
9600
8266
7895
7075
8779
7729
6845
9198
10349
7956
10391
10464
10061
9262
9678
7722
8938
9495
7887
9139
8826
17932
13751
8911
12507
9485
9038
10218
8321
9931
7572
15034
15813
6709
7398
1991687
9738
14763
6681
8125
6480
7201
9726
12284
7882
7241
10108
7543
10311
9632
14284
8851
19845
9021
8180
8916
6880
8687
6695
7108
12640
8951
10503
7289
11127
10444
8549
8675
10963
8836
8091
8147
8747
7779
7741
7619
6646
8560
10086
10650
8032
9275
11136
7422
9414
20480
8765
12010
11210
7389
12867
8214
15326
8288
8461
7475
9467
7419
7458
7422
12107
8643
10174
22992
8895
10336
8281
12874
6710
8336
11910
15382
8060
9557
6077
7667
8477
10361
7588
7311
9514
9555
6218
1644963
6159
15065
11333
10353
8380
7841
7441
1397852
8722
1650933
8455
9263
8994
8549
5723
10332
7539
6948
5924
8322
10723
6623
7720
12218
9570
5747
7005
8141
6054
9763
2073676
9841
9789
7481
8385
8023
12188
7999
7462
5676
14735
7142
7390
7926
7249
11844
1829607
8717
10752
8064
11377
13066
11582
12386
10433
1431677
13857
9756
16059
1447706
1879814
11365
8279
6529
8400
7598
7221
7704
10530
8306
6842
1274772
11826
8124
20145
12134
9228
10094
2808181
9559
9931
12740
6604
7809
7786
6904
16324
6928
7276
11244
7236
11948
2046095
5517361
7171
8005
7590
7659
10238
9498
8573
7005
8277
7509
9867
1829202
12888
6695
9872
9186
8014
9369
10536
6973
6790
10893
8589
7873
7318
2043659
6599
12712
9217
12940
7140
7305
8240
7032
14445
2053420
9339
7784
7953
7077
11706
7891
7446
7162
6959
7852
9658
10222
7699
8881
7485
10006
7073
7724
6531
7742
11393
10194
9828
8933
7840
12303
7299
9532
10308
7687
10406
8960
15715
9572
11633
5771
12376
10061
7601
12664
11572
7523
8280
8036
10760
10292
9531
9888
10506
10469
8807
8334
9492
6182
8451
8650
7909
7773
17018
8375
13769
13564
8315
8150
9826
10433
10430
9046
9219
8727
8665
7445
7171
9057
7571
9873
8139
7689
80444
1868769
7417
10423
6720
15089
7839
10997
9713
6836
10434
6540
8250
7334
7629
8922
8939
9638
7566
8651
9949
14593
7503
9325
8939
6964
6363
7509
7497
8698
8791
17810
7402
8286
11492
10145
7316
16086
7484
9618
12290
8236
6545
7954
9110
6869
7594
6558
8382
11109
7236
8237
8963
7463
8917
13749
7264
14160
6157
10101
7465
8936
9534
7418
11605
9562
8040
7165
8941
8670
8134
8843
6713
7469
10180
8315
9137
7869
11071
7045
8245
8353
8181
9434
7122
8895
8877
12159
7540
8087
8159
7512
7483
2003908
6930
8140
8475
7013
10411
9037
7516
9683
7591
23255
6547
10828
8353
7356
8896
12831
8314
6244
8273
7087
7454
8840
7308
1816211
9706
11286
1451316
1442045
7592
11528
8241
14231
8934
7679
11243
7379
16100
9312
8292
7393
6161
7695
10880
11852
9454
7695
13000
7419
9379
10297
15959
9925
37205
5974
8091
7564
7240
12340
12640
9692
20859
8734
1215858
7237
6680
23537
7785
10079
1865754
7440
9220
11288
6758
8407
8364
6835
9162
8553
7462
7090
9926
7819
6457
1655546
5996
6210
8686
9889
7279
9578
8698
7511
7224
9995
11340
11640
13709
27640
10412
7850
8306
8861
8113
6943
10182
7643
8209
7896
8716
1519907
7349
8469
9928
8041
6846
10179
34210
9244
8786
7502
24822
8567
7750
8302
10566
2234613
1615177
15898
6448
11304
7350
17507
7447
6363
9493
12317
7182
8570
6749
8466
9150
10175
9650
15948
8888
7618
9052
1764477
7108
2148037
7617
13407
9092
8669
7146
7269
8317
7674
8417
14784
12758
9721
9750
7192
7758
8331
25020
7297
8712
8071
1516004
7617
7564
7460
8108
8479
17656
9734
10653
10107
10069
10085
15383
6696
9528
8950
11003
9965
12774
10300
11447
10705
10165
10416
7473
38305
10077
7963
10571
8006
8678
8210
17987
9572
12996
11920
9996
6864
12747
8375
15247
15305
9460
9114
10378
8314
10316
7948
14892
6274
12090
10205
9637
7894
7269
9498
6901
8749
7322
6316
7418
12905
11777
8669
16477
10285
12431
9347
9516
8596
1360603
9740
7943
8377
7949
7489
8570
11126
6522
7718
8078
7595
7858
8834
7691
6837
8180
7487
5501
7525
6578
15255
9932
19335
8895
8326
7194
13191
8564
37649
6925
7446
9244
1431416
7885
7350
7989
8745
7465
9081
1529087
8443
6863
7546
8465
8772
8062
12514
7389
7942
12062
8535
6457
1553898
7906
6953
7837
8576
1082687
8321
7453
8971
9333
6373
6616
7380
1030096
6144
7498
7645
7455
15645
6433
6585
7693
7488
8177
6935
6985
6901
5644
15349
13718
9358
6905
8513
7609
9728
10034
9024
12321
7932
7054
6525
8532
9022
7574
8497
10033
9965
6171
7606
7562
13332
8638
11564
7935
8293
1418885
8382
13685
8611
11170
7315
7381
11928
7429
8652
6410
1251397
6362
9101
10859
8551
33667
8099
3433616
6332
11210
1526218
9209
7134
6916
10887
11477
6550
7959
37771
1376341
9084
1550330
8975
9511
8085
12627
8858
8938
9629
7287
8335
8162
10096
1296115
12471
14715
8076
12572
18950
8073
7507
7926
8138
10276
9467
8552
7566
7948
1420915
12484
1490896
7484
7745
1460018
9623
9557
1482221
7111
6471
7998
8027
8366
12622
18844
6042
8319
9873
7952
8014
8140
6711
9958
8174
10846
1409162
15713
7258
15994
27847
9044
11869
12176
12945
12025
9962
7373
6505
7703
8170
10412
13362
11275
8350
1627276
13118
7943
9727
8267
1261553
1198577
36523
13766
8831
10339
8928
7047
9326
8938
11399
8331
11233
6763
8401
7822
8183
8156
1347814
7495
6260
6676
7572
11450
12229
7796
1604002
6188
8648
1088881
1396298
6940
7399
6582
9360
8761
6033
7041
7122
10021
11958
8474
10962
7726
15179
7365
7702
11523
7946
6951
923554
10637
9159
7797
1438967
12873
12486
8179
8233
8057
6090
7878
21768
7152
10808
6692
6519
12600
7738
7980
7954
9858
15479
17367
17185
9009
14233
8981
9668
7562
105107
1830196
6699
8037
1792744
10492
12405
12471
8963
7564
7874
46175
8207
7668
7623
8925
10588
16547
9997
6663
10387
7450
7956
15676
8823
2391819
6976
8269
6525
8592
7131
7681
7785
9900
7287
12417
7364
9279
8673
8352
12749
7298
13024
7716
9750
11030
7417
7343
13869
8287
10637
9433
8588
10552
8849
26705
7334
7888
12497
10392
7808
15021
8792
11256
23781
6865
16108
7800
7323
6676
8647
7684
8745
8216
7455
7932
6848
5902
11836
8539
6806
7570
7767
6470
9518
7482
7058
8954
6227
6011
24397
7107
12147
7885
7960
7942
7465
9084
9795
6767
7178
8803
9781
7479
8452
9126
8516
10375
16889
9103
5631
6191
13543
6805
8239
7078
7032
8629
6881
8506
6638
1471888
25392
13048
7773
11182
7405
7761
12841
8475
12459
11902
10345
25175
12459
13630
1454805
10154
9383
9551
11618
7174
9860
12255
13722
8209
20171
13107
9629
13289
7114
8723
8847
11268
7953
7995
9577
11388
28212
761507
7331
11304
6747
10840
23767
49309
8423
10444
7015
11015
7814
15218
7250
6052
8518
9254
1996010
10864
7073
5719
1297952
11965
8207
7224
10697
14555
9290
7567
1466947
9658
8200
10063
7332
7039
8979
10154
7010
6690
9224
8424
7285
12865
1261587
8897
9141
7573
9958
8408
10251
9752
5914
12975
7543
7421
15919
8617
1737403
7525
10256
11526
7438
8282
1338842
7739
9015
6861
1459424
9538
6356
8374
1698736
6828
11794
11448
962891
13282
6841
8719
7569
1383762
7972
6930
7770
10352
8608
5545
15089
6996
6861
7220
9436
7742
7279
7479
7247
13100
982999
7620
1393772
7635
7426
8321
6765
8606
10513
7523
9814
6057
7558
25188
7120
6922
6321
818339
6589
7855
7653
7156
661801
6919
7859
7742
780761
16754
10562
7744
8090
9664
6314
839122
6141
8929
10802
8901
6705
7760
7040
7818
8087
8605
7826
7083
1238658
8115
15365
7958
8171
7447
8996
7496
11549
5019
7572
10514
12828
7618
8769
8632
7667
15718
7890
5860
7569
13499
11173
7793
11427
12455
8180
7966
10453
9365
8416
10773
9424
12466
10138
17607
8014
7492
8156
10064
7571
13363
9584
7774
10899
7768
8997
10346
7785
6857
8618
13203
10391
15237
10468
7411
6032
7334
7643
7773
7558
7261
11547
10725
10515
7798
7123
8774
7003
7674
1554394
14296
5992
7862
7489
14097
9113
13253
10352
7257
8186
11903
14091
8145
7096
8481
7681
7287
7111
1759204
6290
7583
10887
8198
1602431
10646
9349
9049
7633
6591
10711
9189
12255
10439
10288
7951
8403
10322
1962713
6749
13549
1923294
3528084
7053
2631628
13836
7668
1865650
10836
9509
8797
11232
8435
8045
8878
7122
11440
12050
7495
13398
10794
7067
9076
9054
10482
10600
10975
15795
7575
8680
7977
7731
8589
6085
8382
7227
6806
10549
11417
10492
2761747
9131
9950
6067
8908
8898
11010
10536
7967
8594
11600
9713
10134
20222
10654
7859
7387
11194
8314
8258
7683
9967
8278
8198
11092
7029
8284
7590
7259
10410
11533
1652710
16167
8726
10802
9626
12160
18988
11767
9160
12021
9458
11360
8369
7176
8468
7284
8800
7857
8116
8112
9776
8848
8413
7486
8750
7686
7103
6854
6735
7916
7772
8027
7456
18890
6255
12492
6164
6571
7189
7542
10872
8523
8325
7170
7670
7505
6220
9163
8566
12681
9779
7843
9946
8073
6709
7102
14306
9431
7091
7497
9106
7916
7641
7224
23911
7833
7890
7995
8504
8953
6372
9962
7758
10038
8478
8398
9925
7329
9357
10270
7711
9967
11668
10877
9609
8042
16989
7233
8040
14497
8112
10520
7651
8319
6868
9927
6992
7665
1324526
978823
6142
8585
8990
8404
6681
8717
9837
7787
9682
6762
6761
7419
7224
7412
8532
7355
936467
11792
8994
6724
934606
9311
8469
8682
9563
15916
8029
25646
7417
9877
935109
7395
6458
7418
9577
6326
7149
8035
7769
7561
7347
8503
7898
7316
7717
8939
7944
9128
6414
6781
7360
7803
767077
7364
876060
8962
8717
934164
7669
7442
8322
779114
10394
8256
7064
7536
7860
11334
9222
9478
11780
7698
7369
10819
16192
11026
7878
9246
7074
7230
7802
7843
9220
15234
5783
8650
7614
8220
7201
5753
6475
6559
6447
7171
8227
7221
6078
11529
8407
8595
7189
510973
7158
545866
9904
7744
7990
8002
8721
8669
6793
12459
7805
8182
6392
6756
8764
697035
6850
8964
9198
752728
9455
8478
7964
7111
9619
7857
7957
7900
11039
12548
8194
7664
8370
7353
11633
7401
7317
7811
8740
7688
7629
6808
8228
8028
7270
7461
7549
11480
7399
6265
6444
8581
8465
7068
7026
7287
24532
8252
8749
675110
8376
7956
7432
7916
11907
8335
10038
7396
7993
8977
445685
18408
7345
7727
9374
7525
8685
7810
7822
8665
7938
6334
8146
6651
7511
8100
8050
7443
23121
8018
6958
7839
26214
7079
8109
8742
6527
7006
8208
7892
666832
6222
9841
8211
7848
8262
8282
6424
11214
8536
7843
7576
7225
10772
8522
7408
7700
7396
7329
9485
43249
9900
6843
7456
7494
8197
7698
6539
9567
6427
7919
7933
7367
6876
10927
8699
8271
6990
7587
7929
6157
1147792
9752
6869
7816
11340
7416
7621
7300
10238
742636
8439
8304
8808
8645
7631
7453
11141
9668
8388
723757
8047
8289
8307
7182
914326
12314
7841
8062
8733
7619
8833
12690
7700
9794
7038
10726
5685
7572
8246
9550
9107
7650
8365
9113
12440
7593
10457
7199
8164
8555
749345
7040
7884
6782
8076
8232
7290
7321
7816
9247
8804
7093
947530
9096
7551
7558
11203
7943
7393
7994
7475
7313
8414
7893
9304
7148
6426
10191
12068
6427
709645
8433
8714
8650
10878
7843
7568
8593
7764
9396
7184
9141
6532
8491
7853
659264
8596
8740
7716
9518
1009435
7606
7399
8204
7913
6575
7060
6229
7830
1265833
6958
621994
7734
9465
1023057
6046
7784
8311
7993
8631
8296
10611
11772
1061203
7337
7720
7161
7428
7954
7676
7883
7881
7832
6474
7040
7327
7282
5994
9722
6921
12588
8052
6646
1145692
12078
7029
24332
8907
7354
8791
9333
7495
6821
6499
7610
7622
7759
6958
7748
828782
7210
6842
6840
720562
9512
2073904
6782
8339
1056891
8215
7843
24337
8166
9072
8594
6708
9608
7645
7744
7978
10227
668960
11667
8674
7939
7809
6825
11387
8356
10868
6655
8228
7669
910482
8158
848845
7434
8586
28156
7877
10062
7939
7437
7959
7803
7793
7204
9409
8148
8154
11563
9022
7563
8238
7426
8136
14926
7257
7733
1925521
8151
10714
17597
8210
9273
9102
8291
10456
7105
8049
7383
7275
6811
8933
7435
8015
6645
11470
11852
9838
697778
8097
10184
9207
7731
7956
10328
6214
6462
907685
7354
10014
7795
8589
8803
21983
8603
915479
7011
7123
8108
7197
10637
8553
9587
7921
7756
7351
8570
9113
7176
8462
10012
7150
9785
7654
6648
9070
7574
8193
8000
7196
8018
9343
7347
6710
7429
6231
7300
9038
31232
7881
5813
8584
6889
830835
7425
7506
6844
8936
5994
7682
7183
8513
7447
24203
6992
8082
7647
7705
6725
23528
8002
13308
8680
6525
8297
8631
6939
18334
7543
8107
8879
8004
7901
6785
7226
6552
7910
7216
8008
7131
6919
6909
7025
9414
13052
31202
26843
7974
7936
7854
11952
9953
7455
6487
10988
9115
10715
8233
10246
8104
9291
7024
7939
11529
7191
7505
8204
7793
7439
6004
8475
6554
7529
7051
7837
9575
7378
8471
8421
7573
11713
8077
7185
6970
6744
9013
8698
11633
14528
9293
8610
10656
11706
7773
14347
8046
7961
6707
9157
8450
8615
8928
9327
6326
13039
10222
7902
6921
7578
8628
10491
7041
8865
9240
6348
9294
7279
854152
7814
9981
7603
7169
8035
7528
7398
10066
7554
5940
6960
11753
9107
10258
9203
8990
8503
6104
6657
7542
6649
6730
16541
7830
691073
9661
7307
15229
7315
13094
7206
7344
7975
10897
9192
8194
7664
11603
11689
13170
8279
6210
6898
7844
24275
7512
7055
8783
7114
7412
10517
6030
9224
7454
9136
7905
9524
6169
7395
505533
9143
10289
9607
9227
6950
6470
6944
7449
7364
9230
10941
7692
7556
7734
7851
9004
8334
9293
10097
9720
7669
7285
7825
7702
7120
7799
