945
944
856
2459
663
2419
610
737
837
2917
67967
792
583
815
942
656
1838
640
3381
3710
3991
3333
5244
3519
3920
3490
1042
389
2570
3261
2806
970
3010
1249
900
4749
1736
3657
644
4446
766
740
3751
683
667
3063
3026
3006
5677
3354
3751
2369
2202
3167
3872
2693
3604
3333
2608
4448
2665
3483
983
844
372
626
4825
1950
1977
3466
5050
3261
1990
4811
3062
4837
2834
3016
3726
521
2671
3207
2918
6178
1074
4340
4891
1837
5868
5122
3276
3156
2819
4020
2813
2738
5199
3730
2303
874
7876
3839
2820
3026
3244
3366
4902
3780
1176
707
793
2183
656
3567
4862
1527
832
5029
1211
3937
2299
3871
761
842
5562
1406
2100
1209
3808
4182
4006
386
664
5312
1564
606
1063
2027153
2229
5052
1245
3116
1661
756
825
493
3435
4488
878
1197
2784
6186
747
1148
2705
817
2608
3359
1792
3026
2727
2546
3157
5453
2163
3179
3799
3648
3253
780
4433
1988
815
2918
1504
2668
3944
1234
916
4006
5399
4277
3632
5710
3406
6051
1134
6640
1134
764
1554
2403
2843
4343
1250
4410
1325
3481
3281
2884
4582
2541
3972
1160
1357
2105
6264
910
931
2951
1737
5656
2771
1816
3441
854
582
3864
4555
4229
1888
3439
852
2941
3433
2116
853
1675
892
506
2092
477
691
3073
4214
3880
4056
4210
1170
971
3202
3543
3856
1129
4022
2143
1020
745
4093
1586
1004
4146
2216
4198
1612
2660
4020
724
5616
3734
3426
3436
387
3174
2698
1337
1783
3424
3562
1029
744
1883
948
765
736
1488
3683
604
3254
697
3664
984
3733
1963
917
3898
4153
3151
1801
724
3706
584
637
4673
1004
3718
3948
1227
775
610
2867
2734
2929
3929
994
1434
1500
509
1045
608
4332
3740
5036
3710
768
841
3005
6971
3492
3561
4032
2026
721
1574
2020
5112
714
1233
983
1476
4179
3959
978
745
630
17809
3365
704
3162
3542
3800
3375
3624
4010
2765
3565
3313
631
1351
1525
600
3571
1013
685
3148
587
1011
737
357044
3401
1030
1893
5243
2756
1872
1000
3884
3222
3270
2778
3618
3621
2616
2563
1286
2433
1070
740
2612
827
931
3388
634
2187
696
2803
3509
2559
1542
667
2594
3400
3169
4062
4393
2997
3358
445
3678
616
4117
2364
4301
2567
1029
3188
970
3605
2550
1312
2881
3807
915
822
3211
3764
3631
2630
3528
2879
1180
3531
2748
827
3973
4231
3610
2320
2546
666
3132
787
2766
717
3304
659
4226
685
3740
696
2020
653
692
2755
4477
922
3981
1827
850
715
4211
5478
4985
621
1643
4276
601
3116
653
1394
6342
1124
3653
5339
1446
4211
7784
861
3407
4731
4624
2057
576
1932
1258
402
1592
1693
1468
1204
1689
2008
1567
1104
1215
2141
784
1189
818
3779
1838
2276
1894
2055
1407
448
1652
1103
474
1212
720
1261
1643
655
3004
803
660
611
1144
1919
1939
1117
1992
631
912
3115
1210
2122
562
1270
2652
478
2121
1141
2313
2006
758
1558
1480
1404
522
885
1989
1762
1716
11677
910
1678
775
1083
1427
1954
2223
1792
1364
1675
2127
2740
382
669
1062
2072
596
1983
705
754
1191
3592
751
1702
1189
1608
1458
2714
863
1159
416
1826
883
2010
1826
1501
608
730
1687
2477
412
2059
1136
2792
1157
2151
1979
735
1904
2410
653
2064
699
770
2849
5992
818
1159
1437
1922
1031
6109
1892
1676
1035
1051
1890
671
5569
4092
2781
2231
3287
3658
3785
4099
3198
2905
4281
2330
2408
5212
3474
4607
4501
4903
6385
3106
578
5504
3142
951
3772
3464
3056
2528
2336
3868
4556
2617
3428
3272
3306
3029
3857
4189
3294
6060100
2797
4655
3509
2777
1069
795
3350
2029
4338
3146
3735
3100
1028
723
3744
4203
3652
2418
1178
2895
4298
3243
588
1108
997
4196
2954
2053
1356
664
6480
3888
823
3333
4999
996
4237
5219
2914
3140
538
3524
3447
4015
5403
2182
3952
3015
3025
3836
1075
3925
3551
3339
5000
2502
1695
4289
2165
4675
1954
1995
4422
3340
4129
2165
5086
2761
4212
5946
3969
2543
4611
3971
3642
4375
456
1929
2301
2047
1872
668
971
2108
657
742
1931
2106
489
578
1370
1657
2064
2868
1019
1464
1984
2341
708
2232
4234
1912
1922
1796
933
1923
1277
961
706
1774
1466
674
481
1808
1684
705
2034
758
1431
1134
1721
645
1763
1541
977
1827
1259
2139
3469
1665
1386
630
1315
1959
1049
1568
1445
1401
2136
2530
4375
1499
2421
3355
1595
2106
1711
1754
1757
1357
1492
584
798
1276
1781
1002
1206
1894
479
2784
3538
1554
2050
3162
2346
1415
1215
1066
2065
1221
2492
617
403
483
1775
1780
2100
1511
2070
453
961
1568
1009
584
1109
641
855
1772
1626
1199
1580
1134
803
2029
886
933
3132
2026
3276
1819
1004
816
2125
698
3061
1431
4429
1663
1953
1797
2179
1166
1738
1555
851
2014
1906
839
3045
865
1446
2324
3030
1456
1396
1722
2156
1172
2126
1936
2725
1460
2388
912
2028
1608
1298
1894
588
1288
2062
794
1710
905
1067
2191
1930
1562
2296
1230
651
1542
528
2648
681
1665
2724
1774
1152
2006
1966
757
1247
1053
1440
1641
1247
2183
3307
695
837
1689
1902
714
1509
670
967
2120
2440
630
1764
3308
2063
1453
3137
723
2075
1991
1619
819
2036
1713
1702
3178
2075
2674
2167
884
2260
1247
1691
685
1022
1634
1487
1641
1754
636
660
1018
1836
1953
5382
1912
2648
4541
2883
3611
3573
573
3045
3841
1034
2838
5819
3824
3006
4760
2927
2350
2866
3356
4636
4539
3844
5568
3330
3709
3080
3286
2840
1227
4898
4123
5120
4705
2308
3351
1770
3467
3755
2581
2112
1347
2161
3787
3151
5680
3755
2538
1084
806
4151
5143
4026
3366
3805
5381
3489
855
4648
761
3148
2695
5658
4425
4366
2999
2994
3353
2817
3060
3832
3819
3371
3007
834
4093
3991
513
3654
5738
2069
540
3095
4789
3934
3359
3388
3144
2163
2471
4564
3486
4222
3901
3303
4932
5106
4224
3664
2663
4121
4291
2213
3088
4015
2294
2249
4229
2048
4677
4555
4672
15801
2774
3486
3226
2944
3631
4649
4132
3726
22428
921
1102
3951
3216
2732
2435
3311
4221
2476
4965
4647
4316
3950
2518
583
715
2793
3989
5013
5015
5175
9528
2253
3779
3674
5884
5917
4781
3830
2373
3547
2934
4440
3896
2319
1983
4221
4167
970
4000
4877
3431
6181
3056
3098
3164
2693
3613
3967
4209
2272
4871
3841
2450
2198
1293
5272
3308
3452
3457
5354
3025
3605
5416
5689
3406
6515
5248
3837
3490
4612
4308
3750
3107
3621
977
3024
3629
3437
2863
3874
6092
4080
5250
4583
2665
3851
2522
2984
3450
2407
2514
723
2053
2591
3241
2125
3346
11957
4375
5415
1869
4723
2823
2641
695
3635
4484
3339
2572
4710
1922
4096
6069
2180
3708
3348
3478
2852
2570
3366
2495
4482
4881
4602
5577
995
6727
5275
4689
4066
8400
1912
3353
2410
2552
4404
4769
3186
3205
3884
3812
2843
1813
1983
5260
3429
2390
4798
4584
4900
2306
4052
3265
2329
3116
3774
4416
4442
3693
5232
3188
6079
3337
4257
5826
556
5916
4380
2342
2391
4295
7080
4093
3627
4915
547
2983
8442
2824
901
5399
4182
3087
6827
4077
767
3494
2787
3495
3397
5086
4046
5431
1892
1645
1130
1062
948
788
3565
6258
3946
2894
2296
4175
6859
4520
7814
2830
3119
3460
3922
2424
3705
6052
2563
3545
1702
610
3433
2854
2237
2459
3831
3918
2692
3503
3555
3990
3627
4047
4802
4083
6058
5089
3066
3049
3570
3628
1317
3797
3854
1229
3906
4873
4197
4085
1845
4426
1962
1864
3980
1739
1615
3655
2505
3270
2974
3128
3358
2877
2876
2451
500
2030
4008
3593
3038
5644
2460
4200
3096
4624
4089
4757
3040
3734
3223
2484
5490
5116
2769
1083
2406
1711
4865
3351
3176
2415
3102
2469
3154
1514
3120
3017
1874
3115
2186
4556
1601
778
1976
2133
1933
1651
1932
654
939
1401
1071
941
2328
1517
1083
2068
890
1826
828
2674
736
1009
1789
961
1340
1691
1236
2164
2457
750
1044
1529
1686
752
1186
405
965
2202
2531
671
816
1112
2461
461
644
1925
653
681
1339
1284
1434
644
577
2472
1732
1107
1560
2352
748
1448
2139
721
744
3033
5027
1070
1083
1003
1649
1006
1888
2071
1739
1954
358
1100
2279
2479
892
4319
769
1294
828
632
1423
1856
1568
2588
1601
1448
3398
2927
1992
1836
1547
1634
1919
2994
1280
1001
1270
2323
900
1664
2135
599
1015
3572
1540
1262
1776
1614
1766
503
1436
1832
2036
675
1018
1133
1776
2977
1976
1921
1835
2213
1742
666
1120
4172
2998
1505
1396
1913
1023
1953
1861
1880
1969
899
693
1952
2384
952
744
1289
1050
1664
703
3421
1235
812
731
1738
733
2051
1434
1212
601
1604
827
5273
1111
982
2049
655
676
1047
362
3758
975
1954
1172
436
1570
2684
1016
631
1724
2015
1716
1884
2966
749
1735
1222
2033
1048
3414
1061
2162
1950
1567
1355
2360
1132
734
1121
752
1639
697
1979
1477
2136
2489
1147
532
914
1519
2307
710
1915
1882
716
2892
725
916
18831
1487
1558
1527
1507
846
2606
1317
458
2627
606
4095
1641
1938
2074
2080
2981
1633
1180
2972
771
2408
987
1913
2131
995
998
1369
2602
2020
1543
425
1400
1938
970
719
2195
664
816
3188
2328
2304
2925
3126
638
2995
1598
1702
2295
695
1140
1762
3531
1440
3785
882
1346
1556
1892
2783
1795
790
992
1444
2584
2809
1114
833
1646
3398
2256
2265
1253
1681
877
1334
1221
1790
4126
1433
731
1080
1854
1900
1850
956
681
3489
1021
1805
3067
5328
2049
2827
3606
1241
2226
2245
2168
2479
1521
4525
1712
1127
3348
2342
946
1590
2146
1654
1433
1574
1941
3605
1066
667
3873
1678
1155
6494
2003
713
2273
1335
1698
6109
1558
1451
2500
2783
1622
766
2007
1112
1717
4511
3437
2270
1842
2889
1851
2178
1239
637
2381
958
1214
411
1888
1935
961
3528
1862
1439
1398
750
1633
1026
1854
2819
2297
1363
4752
1515
2320
3684
2653
1873
1594
1442
472
2713
1864
899
1541
2086
2905
1281
1246
1762
3096
4950
1626
2107
1486
674
894
630
851
4975
3213
2762
1566
759
1939
1091
748
2303
1019
1915
1440
666
1842
4338
2308
799
2933
1618
1727
35554
396
1616
1058
1312
1951
2830
735
2039
759
1711
1218
1902
805
2042
1661
3641
615
1647
821
1245
1009
2498
1281
1184
1809
788
2718
2037
1030
1790
1171
810
1078
1447
1524
2213
2256
1930
757
702
1061
618
4008
1847
931
2326
1937
2039
3379
5490
2670
694
846
1398
1310
1226
748
439
2189
616
3241
2601
1723
857
2142
790
762
2806
3256
1848
1449
1445
1043
3163
1263
2757
2573
2291
4008
2448
3080
2551
1515
2491
2804
2711
1900
3185
627
3380
1285
873
1054
1298
1606
1050
1674
645
1993
1344
1109
2122
1668
2884
1202
1419
730
1846
2146
918
2964
493
1814
1238
1940
1099
2785
1383
583
2470
519
1137
1936
1678
2468
1166
1842
662
557
2527
2071
2742
3072
443
3393
1578
1181
3492
1579
2192
725
4157
2201
3491
1364
2273
2514
722
3340
1780
3294
2195
1733
1223
1799
1638
2348
2821
3882
1738
1073
447
2093
3039
2619
1981
4273
2004
1093
2009
1250
1935
2275
1685
2762
1026
2869
4035
2014
2734
3053
4145
4202
419
1905
1666
2428
1271
2504
2227
1929
3507
1323
2179
2863
2893
1780
923
1260
815
3470
2347
3393
1366
2034
833
1342
1739
2771
1219
2123
1859
3711
1286
1978
4840
1791
1957
1551
2899
596
1895
1764
2361
1417
1906
1129
761
1902
1745
767
3447
1142
899
1866
1756
1245
2414
1614
4564
713
1009
1439
1777
3105
776
1772
836
3340
1857
2315
1178
1085
3311
1505
2212
618
1439
1766
667
1621
2003
19480
3052
1503
749
1341
629
1822
1589
1555
670
1201
1553
2380
2561
1967
1843
1328
1856
2258
2982
1559
3713
1813
3307
3122
920
3063
2285
2039
4401
1089
1773
1474
4260
1323
2373
1736
2749
1750
2401
2266
1886
1253
1205
688
1480
671
2101
2675
1212
2531
1492
1482
2401
1673
1927
1340
2039
2089
884
1997
914
2652
635
1586
2701
1454
2892
1883
2834
2959
3055
3576
3018
3914
1649
2816
427
2997
1310
1472
1581
1141
1977
1025
817
2507
2653
2946
1897
2235
1971
1407
1806
960
1890
2669
1326
3463
766
864
1403
1318
1720
1107
721
989
2683
2326
4344
704
2986
2793
4523
1986
746
1919
1061
2738
817
2282
2604
4442
2867
2207
3653
3658
1734
3581
2451
3607
1247
2698
1606
1881
1780
1340
1240
1352
1576
2319
1389
1727
2087
846
801
1346
3016
2620
1553
2254
823
2233
2208
872
1271
685
719
2600
2309
812
1517
2321
3004
1462
758
1548
630
1305
391
1677
2535
1672
2196
1742
942
3333
3097
3424
876
2349
2094
1673
2250
4155
2226
4440
2822
1510
696
1054
1658
727
4165
2151
1044
958
1833
2754
5836
2131
603
2296
2150
1861
1293
444
364
705
2201
830
1856
4599
1819
2042
842
2676
1739
1770
689
2179
2170
2209
3289
809
676
3084
1905
2407
2477
2544
3352
2796
744
1987
1511
5716
3041
1055
3164
1519
1053
4145
2105
791
2602
764
2861
3282
1596
2771
3391
2149
6226
1158
1856
1350
867
1881
2004
868
1962
787
1698
600
2808
2018
3404
4181
2709
4552
1895
1107
684
1448
775
1701
828
1840
1146
1086
1923
2241
3278
1800
2194
2220
1933
893
1960
2250
1442
2890
2052
588
2285
3061
2523
735
2992
3123
813
1793
1387
2980
1746
2411
3673
1800
1884
1841
4438
4116
3036
5997
3033
1379
1203
1692
1735
615
742
838
2248
3026
1180
2123
916
1530
1179
1573
2802
2055
2271
1705
773
1074
622
1491
1331
1468
2998
358
984
1551
797
2314
1614
435
1183
1084
2378
4467
2265
764
2441
1146
717
1869
727
4156
654
1706
781
1599
804
3270
1678
2605
2012
780
1669
788
694
523
407
2581
1027
669
3771
779
1300
1753
3128
710
382
3161
3405
2109
1915
605
1666
3556
1730
463
685
2380
1565
1081
768
1593
1893
1910
1759
721
750
663
1669
2102
977
1771
958
1561
1352
1593
1628
541
768
870
619
3170
3894
3898
3319
3530
3529
4151
4214
4583
4283
3316
1066
4011
1052
2318
843
2198
653
1617
1464
1823
1596
1976
2219
1750
1128
3513
3241
3661
3868
3565
4931
1689
2524
2966
3993
3235
5593
2385
5238
1812
4798
3683
3781
3561
4038
2263
2902
3425
3690
4197
4672
5791
3443
3965
1524
3758
4411
4639
3208
872
4102
1948
2892
4171
3810
3795
5579
5240
1756
1335
4848
3419
4431
2196
3616
4593
2646
4739
785
2717
738
5199
4743
2826
4507
2007
2535
1144
1658
887
1327
2493
2422
1913
1473
2682
21891
1581
528
2822
577
1836
481
1832
2163
3220
895
454
1859
1590
1717
1667
2856
2326
1243
2153
2098
1853
2635
1544
3381
1880
1361
418
681
1194
1009
1777
995
1440
2841
2223
803
4511
3284
3182
4138
2793
6109
3515
4354
6950
3511
5956
36364
4448
4029
4049
1693
4448
3507
3755
4045
2714
823
1225
3102
1459
4301
5378
671
4581
5184
4516
2651
3834
2977
2585
4445
3134
2353
5116
2610
2034
4208
1821
4627
2959
3258
4638
1036
4762
3718
3437
2918
3018
3089
3675
732
2079
5301
6085
3374
4365
5360
5809
4683
8753
3111
3741
4228
640
496
892
722
1471
1967
1650
767
1287
1202
2302
1729
1519
2204
1805
736
2507
1282
1434
3001
1030
607
2853
1479
4111
3473
5042
7389
3598
8388
3361
4472
1754
5115
4710
4950
6480
5259
3281
4189
3286
3904
3564
4240
3688
4299
3423
6216
2779
9705
4583
3059
4391
4161
3336
2747
5350
2056
5581
3784
3145
4215
3324
2974
15906
3305
5384
3841
4722
1026
4825
864
1601
2936
2593
1234
4118
1640
5700
6588
4891
3873
4193
3259
3223
4263
4265
3682
1711
6201
3695
6311
2925
3044
3439
2387
2765
2669
4108
2839
3684
3302
5900
3257
2831
3637
3778
3523
1476
631
4225
5210
3928
1609
5535
1777
4301
1754
4529
5452
1257
2112
989
677
1249
2690
2736
1848
1527
1110
1072
1513
2088
2575
1496
2590
2168
2527
1248
1576
401
611
628
1704
2957
618
1719
798
1498
1458
5380
2767
1617
661
2313
796
1308
2475
2115
1239
2033
1607
2520
926
1917
2908
601
1093
862
3467
2206
1465
2415
1802
364
611
2620
1413
3138
1078
659
1137
1955
1916
1488
1727
2331
1654
1729
754
1097
2259
1979
1050
2111
3248
717
669
724
2359
1031
2187
1838
2921
1458
1625
1251
1904
4306
1864
1832
1985
2122
2231
3930
3623
4200
3814
3942
991
2349
309138
3977
779
1778
1092
4640
6204
7930
4701
1004
7690
4257
2932
3725
1110
4418
2696
19978
4650
3548
3122
648
4482
3440
5957
3406
1807
4655
4724
2622
4649
3154
406050
4120
3778
4223
4144
6521
3961
691
2873
7986
475
5524
436
7889
1437
4986
1091
4285
4077
4300
5256
6256
6711
3638
3626
6291
109028
2227
4868
3583
4093
4503
5025
3497
3930
5740
1239
4802
5081
4677
3985
3258
3504
3653
5726
4214
1331
984
2957
8157
2428
4394
5684
2906
3452
4990
3895
4142
4389
3128
2806
810
3388
3112
5025
3344
4415
751
3737
774
892
1920
3995
5115
5439
2760
4046
1990
3030
3293
3165
2052
1401
5289
660
3484
1396
2781
3506
4218
4172
9872
5044
1784
3090
3010
4570
2359
3832
6871
3267
2440
4001
3656
5613
2386
2544
2258
2770
4314
3355
4631
1879
4042
1899
3571
3281
2958
3107
4571
2465
5082
3633
2596
609
4782
636
883
5075
3113
659
1266
811
5339
636
4465
3543
836
4641
592
3478
1212
5783
6701
3541
4893
3435
1426
925
921
1116
2875
3549
528
2119
993
597
4804
1232
1850
788
663
2209
3115
2323
838
2110
1094
3484
584
1007
650
531
775
1937
2480
2884
1841
725
2291
629
702
990
657
779
661
1098
2057
630
549
758
1283
1155
625
891
3041
772
909
776
2001
558
2195
3274
1734
827
856
730
725
807
1546
2385
3285
787
823
519
1308
705
3067
5120
3307
3183
4393
3398
937
5866
666
1632
4228
1883
5842
764
1441
1000
625
554
2922
2988
7209
3400
3777
529
3389
5955
3365
4139
802
1081
2200
4296
645
740
3094
2675
2378
804
1203
3587
3724
3050
876
3953
2472
628
912
633
2631
1059
2976
567
1116
741
2778
3455
3735
811
2827
596
1720
4132
3942
706
1716
4585
561
5880
1123
663
1000
1431
865
662
666
654
614
714
3868
744
558
503
687
1154
5046
2616
562
761
1099
1601
853
592
398
602
3450
1871
1002
3122
4519
1938
6142
3326
6037
478
678
2621
5207
4732
1099
1021
681
663
1727
3192
3872
1164
3912
924
5775
844
1756
1377
1147
435
1419
855
3326
782
938
3268
1958
1255
724
560
3132
3088
735
578
3193
1168
3318
766
3094
648
4555
1570
1048
697
550
788
721
902
989
480
908
2907
857
5034
3894
742
3558
1145
706
671
5423
667
660
657
797
678
3618
703
5485
614
617
669
3472
1028
751
1917
2327
1763
877
1863
1608
4852
1117
3418
2906
1196
3581
3561
1249
1036
1844
1794
3991
4286
1517
1321
719
590
3232
1279
893
4133
1847
5616
1511
779
2516
2530
1396
4590
635
852
4587
1684
4713
2398
3294
715
3698
5327
3335
1999
1455
1382
738
2960
5450
850
4690
1390
579
889
409
639
2018
6002
2616
3276
2959
1049
408
487
1871
1524
3502
596
812
1264
564
1107
3882
683
1094
2146
3061
2181
763
1651
554
3630
2226
4008
2469
1432
760
1518
3005
393
2059
743
645
1621
1518
1772
4072
4465
682
2590
615
1490
3247
1373
875
2585
1107
663
423
642
1757
1442
2368
626
1600
1594
3008
748
974
1378
715
924
1383
3990
1389
810
2104
1050
663
3319
733
577
1256
1042
1276
4103
652
780
974
349
1979
1121
775
475
1842
602
3177
701
437
582
645
1142
4851
895
3043
2487
894
1475
912
699
881
1563
408
695
680
2274
640
1961
662
653
1171
780
1668
1734
1199
3075
2926
771
773
1358
642
1043
841
1071
1991
1047
573
1354
3106
709
720
574
1364
972
1347
960
749
926
392
1721
1667
598
1843
1427
2736
943
1489
950
741
720
675
766
672
2606
891
1887
610
1151
2402
1645
618
687
3371
1740
901
3081
431
795
644
1512
1121
713
1942
739
603
1254
608
1169
2374
1112
1518
1727
1266
1396
511
1185
1371
1346
5202
798
359
588
634
799
782
1122
2771
960
753
997
599
807
924
507
2917
3399
1535
1708
420
705
1599
614
2640
697
2106
1539
654
923
356
2165
471
651
690
2203
1873
1211
587
592
919
1681
771
627
2743
636
897
2362
799
3004
884
2275
741
739
1254
826
779
2918
1125
938
2120
1166
801
672
659
829
1772
1830
1026
1685
2820
2458
1035
1191
569
2705
830
771
2091
2275
852
1371
867
719
1673
1907
809
2723
1169
1419
745
672
759
1785
968
1722
765
3476
1072
1919
2347
808
1144
1245
1627
1111
687
2010
1548
677
1907
625
617
802
735
1393
1252
1270
624
1758
626
719
633
2128
1038
836
5199
1410
667
1737
608
1769
679
1717
1702
1093
1021
831
1292
749
2085
1830
1203
2428
1539
2164
1168
2187
404
1684
906
642
592
2268
2385
781
1292
2851
1122
678
788
875
707
5196
1492
1956
2395
1248
2051
997
656
863
499
2811
2489
74965
1769
989
1608
2384
867
1399
1656
431
1122
2422
1661
1135
739
971
2428
1813
1432
910
3591
4509
1282
666
550
755
696
2785
1155
1334
1529
3665
3046
81073
884
3618
643
942
926
3500
787
6211
962
626
1711
904
885
1078
839
1378
1429
442
413
900
919
1545
1745
756
2257
951
5037
1469
725
2351
1597
739
1006
1970
857
829
2414
561
1033
4817
782
534
581
949
717
770
621
4918
696
1209
1840
671
577
363
1387
3355
1319
630
973
2545
999
1612
760
855
455
1100
955
766
712
612
2291
718
667
956
2720
1360
1339
2962
1000
506
1673
835
731
928
683
734
1111
2134
1028
986
476
601
671
783
732
3446
643
888
958
4351
752
4094
3983
590
4507
709
1414
725
684
1190
2248
1811
709
777
1653
406
536
9169
699
743
763
783
2419
899
730
2096
651
2482
649
4642
630
791
764
4179
450
845
555
1291
2944
635
908
3515
710
5750
789
3755
467
718
1451
678
964
6475
750
660
780
752
1163
347
371
401
4354916
2495
823
563
775
541
2826
670
5030
1115
3595
714
3173
500
2733
602
528
720
1203
750
1627
2739
635
735
5871
807
3099
437
3398
1363
928
394
2857
610
654
2039
809
3340
671
5191
1220
2022
769
3263
806
3502
542
5253
661
758
1522
1112
3140
946
2382
4154
2423
738
1061
2513
1677
2707
1003
635
612
3968
687
981
606
1281
715
441
699
2067
392
4529
1439
6307
620
2472
473
4670
615
3158
781
603
358
593
372
5212
786
672
573
4422
9154
866
1409
3479
5697
632
1262
742
824
615
589
1077
2512
2422
1637
1810
2170
430
675
595
2304
489
1478
1049
1923
3183
2021
1517
456
922
2032
1875
1372
2793
689
1907
668
926
1877
4523
859
760
711
734
598
576
792
653
1253
991
2649
689
571
2979
711
1096
3188
565
765
866
636
702
3291
1108
2399
547
1067
737
5408
1054
3177
976
1044
733
2313
515
4950
930
1041
854
4576
769
2991
1707
652
849
1124
736
1870
577
940
1051
576
641
553
2097
2352
750
2504
677
532
345
944
716
657
1614
464
2894
800
1902
1179
571
2491
1505
929
1546
3035
1872
2248
2341
1261
759
3899
836
1429
784
3878
969
4239
788
1734
2117
545
1760
1349
3153
620
611
706
624
888
824
441
1946
2998
1651
1388
1244
641
1146
3130
721
1747
725
1036
614
292690
2053
3078
901
1322
804
722
583
708
3607
1023
434
889
1085
530
1057
1753
1917
808
791
503
735
628
583
370
2499
1039
710
3534
3724
1723
812
766
894
2763
1430
1856
604
494
1475
787
565
1827
2701
2215
794
1485
1460
360
1160
740
640
871
2360
1623
1540
787
987
817
758
2250
2427
759
636
643
2811
755
655
4278
783
655
786
1702
4150
835
816
857
1888
2596
547
2922
689
796
642
670
820
1031
482
2151
443
561
1042
3493
703
1158
1190
1475
769
2297
3753
643
3078
891
568
514
1430
1288
2709
683
704
1519
2445
1175
1252
4442
831
6350
2493
466
1380
909
852
1927
2316
893
2170
2468
1079
661
804
2067
446
1074
1628
1056
2023
1682
1403
2945
815
1635
399
1909
730
838
1259
589
611
691
605
1643
2337
1334
878
738
2069
962
1831
1742
770
2686
2125
4027
2122
2460
424
3682
2193
918
419
539
1534
788
2489
1310
1900
3340
1425
1383
2673
1643
2201
2139
577
1992
1159
1293
922
2420
1589
965
2193
5625
2866
3179
2492
1394
2513
724
1885
2103
1578
706
675
857
698
1600
989
1980
1702
3816
445
1067
1311
917
451
2094
1035
842
575
1041
834
3175
1214
1917
1932
3234
1277
1627
2911
1575
1278
2816
2822
2195
3365
801
855
1651
2639
445
1024
1381
1213
1535
453
1599
385
634
703
1432
1981
1556
1066
727
414
1441
1905
4038
1944
1576
1498
1653
1843
878
2107
2560
430
704
1858
1099
447
2204
780
1428
736
706
1691
1981
687
680
2037
4039
1445
1655
795
1013
2275
1877
3118
2128
1909
2564
1117
1841
1098
1376
1457
2267
1118
627
1026
1269
1659
2993
1517
2857
1011
1562
719
1237
2603
1623
3284
2617
1928
2683
2085
2382
1354
1576
2491
1384
1280
1382
2496
1284
1028
724
2888
2317
569
1728
1639
824
770
500
1990
617
1367
3178
2104
2548
665
1728
1988
828
1362
724
1191
3729
454
1592
704
1862
5549
744
1826
760
4835
4762
471
1707
949
997
3599
1844
2435
1277
2766
2562
1560
1229
1605
2091
2058
1522
1705
422
1003
1259
576
1650
3535
1294
907
2428
1718
1567
868
1041
1847
953
737
471
1656
4110
1769
677
1597
1623
440
1493
2792
1785
883
1075
459
361
614
811
1774
747
1311
1152
1079
1928
1499
1719
1640
3278
1228
934
1635
540
1269
787
1710
2329
866
2275
2112
2097
898
1511
1378
1204
814
1684
1244
447
2555
666
1476
2596
1993
3521
933
1544
1916
1444
2504
2506
2925
2155
1571
1083
1626
653
3078
2268
538
2566
1949
1558
2531
1332
2300
509
1006
1964
742
1396
1105
2735
631
2136
2062
2188
1839
1353
2111
389
451
2637
819
1479
1509
2794
1234
2647
1608
2297
2171
1638
1023
815
2870
1782
2839
629
1135
2542
913
1307
2228
638
833
1303
1245
1526
1520
2738
1551
1466
850
2136
1026
2397
1667
2415
2018
1930
1674
1726
841
3159
1952
2996
1920
698
2276
609
652
442
2358
1125
2048
667
1791
1791
18520
2173
969
1802
2901
4424
382
1887
1776
1955
1142
1304
1746
4532
2642
1225
893
2369
982
1650
1870
1472
2372
1199
786
1841
2045
803
733
563
832
2353
1558
1777
1902
1660
1579
540
1062
1284
3170
2736
693
1761
2050
2286
1052
1263
1933
1681
1179
3368
1537
3983
2334
1313
1938
2050
3629
1611
2360
1319
1219
1825
1818
775
2478
2065
1135
743
891
1985
817
1954
1434
443
4620
2005
1986
2014
1778
1468
839
1465
836
630
490
2291
1579
1519
2139
791
1506
2151
1104
790
493
2448
854
4132
656
1907
2309
515
1322
2624
1215
1875
1923
797
1000
1060
746
2205
773
2082
1722
1301
3925
1806
2985
724
990
1034
1695
2967
2141
1580
1324
590
1407
1652
684
5712
1380
657
718
5103
1516
819
1244
1119
804
1718
2347
1094
1128
2049
662
1969
575
1171
779
895
519
2179
1913
3428
1273
677
775
2266
1231
1925
2008
2314
587
632
802
1224
1090
822
1776
1851
1616
1419
678
2478
1503
771
1603
1417
680
5025
1373
1157
954
1604
1229
6268
984
628
1201
3745
1666
825
3035
1834
2548
1135
935
2068
1678
2122
2761
1281
762
469
2597
2128
3427
1483
659
889
2274
2336
1900
4483
1628
1759
2802
708
1428
1295
1962
1760
1163
2081
1067
1239
2081
888
3478
952
741
1516
2170
1665
1272
1628
1315
1929
1161
421
1388
1440
1734
1920
1358
7046
1047
971
2189
848
1107
6386
902
535
1678
889
1698
3080
3729
1880
965
1353
1468
1278
1930
814
2163
692
2548
542
1790
758
975
372
3247
1324
1558
991
2074
2127
1264
1577
2226
954
2222
884
387
1298
798
1374
1000
464
1350
1742
1495
4444
1503
3579
3206
1491
952
785
1517
884
1302
1369
1261
1524
1988
881
1884
1467
859
798
2265
1981
2360
2732
1305
1205
3385
1491
874
1936
879
793
2927
1099
2959
1047
768
1206
2021
1363
1411
4068
2000
3561
2218
2277
3197
4128
4779
3213
2232
3332
2259
4042
766
3700
3459
2232
2861
3311
1985
2823
2552
1856
3207
874
1691
3403
1792
5831
3441
3600
1910
4040
1426
5128
3594
3713
2239
781
2865
1032
623
2282
718
1235
2677
708
2761
753
1590
2832
2224
2162
2419
766
2591
1474
1842
760
2655
680
1933
1506
1821
790
1233
1555
1351
887
2851
2827
2221
1156
844
1398
2133
1427
730
1462
1332
633
1835
1006
1267
3353
1498
757
4464
1033
754
705
566
1113
2038
675
6683
451
19064
1546
1827
623
615
643
774
506
1286
2046
2156
1748
2127
1074
1073
1211
858
1517
737
1371
1794
2693
2369
1652
902
1436
1963
2040
1142
1696
2325
1019
1010
2590
698
1004
3896
2192
2833
1936
464
7756
1776
737
2599
2668
1371
4834
1775
2388
660
980
1584
2634
452
2115
1665
1113
1236
855
3803
554
1739
686
696
762
1073
1817
915
2037
867
747
1740
2255
2874
730
474
1186
824
781
816
1931
2800
1793
1616
744
1253
2112
5380
2535
4971
446
930
664
1418
1277
2009
2419
1184
1229
2204
448
720
1482
811
1452
1071
1548
1035
1503
623
2294
2508
1485
1306
716
757
700
1824
2829
795
1467
784
1033
580
1645
1630
1492
2102
1587
1096
767
659
671
1849
6714
1201
1107
1110
1358
1827
5633
1994
1758
1717
863
1535
559
2632
2611
813
2932
1913
1207
2924
2613
460
1878
715
1058
1986
1501
2563
723
589
2227
1180
1751
2423
1419
1261
944
710
1069
5611
762
1587
4319
2770
1154
836
869
1597
2077
1961
728
794
2968
2212
975
1359
1479
684
2267
1695
2375
1368
714
776
1490
456
1139
1765
553
2563
818
563
2877
1321
2518
603
1970
1708
769
764
738
757
1571
1678
744
1910
768
4104
1350
1820
2307
1824
2756
1031
1972
1618
883
1702
1054
1282
990
918
1601
2298
709
2566
1290
778
1728
788
1418
2145
1209
2135
700
2089
755
2763
1512
2337
570
660
1494
1244
1244
2659
1772
668
631
661
1810
2356
639
2681
670
677
1940
1417
642
999
903
841
641
506
2078
2809
384
2503
881
1919
851
1588
3204
1784
416
2166
729
650
606
1799
780
1539
1350
2235
1674
838
4881
884
2561
1886
1146
3550
1879
586
842
1386
1452
646
1629
2361
2082
2901
818
3766
1958
2140
1867
799
914
1667
770
1695
2050
4501
2242
1884
1209
1926
2204
2527
1140
484
1692
2204
1517
2165
1119
1109
1140
382
1542
2900
781
1887
1812
943
881
2020
489
350
739
2118
1708
2059
1602
927
977
2007
741
850
594
2025
2538
752
1634
836
781
3423
568
3305
2613
1214
1734
721
3056
526
670
1880
977
792
2967
751
761
709
710
645
1142
758
754
589
1095
1891
1577
2273
1285
1522
747
1367
688
775
764
577
427
375
951
355
1257
1394
423
718
4343
1541
1474
3447
811
894
837
3428
1698
3273
803
931
1478
799
2337
1130
457
1138
1256
1769
1197
1271
1191
1292
1278
1482
1764
928
1080
746
1087
2440
623
437
2862
817
1286
316
1350
2649
1525
2351
1027
2168
1581
1486
1419
1534
2728
701
1397
3263
1848
1175
777
3844
642
2725
3045
618
1535
2720
358
721
1975
513
5808
755
2203
713
645
1075
851
1381
1115
595
1477
795
3883
867
4597
1935
1825
599
2237
1098
2810
870
1762
944
940
854
765
1016
538
1452
1086
436
846
2500
2339
911
1621
1766
1664
918
749
737
2448
612
2664
781
457
842
534
2206
2858
2872
396
1420
820
1728
1054
492
985
684
868
694
2227
763
1324
719
1703
2067
2192
3458
2073
1531
820
1779
1555
2142
1695
1586
1458
656
1326
1593
570
805
1339
775
1123
3095
1916
2423
1323
1762
660
1041
1428
644
2282
2052
1325
1325
1492
1437
2697
2136
957
1721
2042
115560
839
1222
1469
2166
2322
758
1049
2551
593
2706
1364
470
2028
7047
1670
441
367
2236
1946
2436
3310
1765
3494
2069
1555
604
697
1909
1598
2190
2091
2752
968
940
2533
1564
1236
1829
2390
1849
1088
892
649
1669
2229
849
2484
1459
2677
3132
1077
2264
1497
3099
3116
2425
1275
2978
1423
2298
1582
714
1233
1958
2238
1320
2781
2833
1433
2177
722
1768
1715
2104
1483
1937
2455
798
1337
2707
1326
618
1521
1415
1986
529
2155
570
2166
540
1208
1296
1183
2515
747
1589
1893
840
943
638
938
2107
385
1972
2507
2413
1284
1917
2369
990
1039
1879
1378
1784
1821
855
1422
1513
1931
3348
3944
2102
3459
456
1513
1515
1787
601
1075
612
1474
2369
677
1295
759
3089
396
1947
3116
1970
1336
885
1390
3291
622
3201
946
1142
2839
1484
1372
1347
1581
1846
956
1034
2294
1882
695
2328
2130
1287
1642
1953
783
402
2168
3708
1145
2261
1419
782
2210
3883
1568
479
1538
778
3602
1254
1171
3017
2250
1283
1928
853
2645
1988
1477
1687
1729
652
2102
1465
2061
1633
1024
1075
3175
1800
1850
4604
731
647
1986
3575
1319
1641
1586
15058
1657
1478
867
2569
1561
2074
2665
3222
1336
1691
868
1364
1638
3127
1330
2061
1889
765
2442
1285
744
543
1106
2204
2456
3551
901
2290
1311
1016
2736
659
1070
709
640
485
1996
448
1720
1467
2567
1331
1211
859
1380
1500
1317
2244
1935
1586
1185
2669
2004
2472
1813
678
2526
3096
1851
1344
2347
2266
471
1891
1563
2243
3068
1269
2091
4035
2132
1730
1204
2691
2416
448
3115
1352
1534
2764
1435
1314
1770
432
3475
2122
2179
2423
2724
4022
1321
1925
2619
3738
1786
600
2187
2804
3238
4181
2331
3325
1915
1679
659
644
1747
1970
771
1503
2028
538
1230
2902
1419
1905
1016
2430
1132
2226
1012
1681
1716
3125
1097
380
1261
3060
822
1989
1439
2062
2628
547
1104
385
2257
2394
1630
1124
1492
3440
2030
2469
1546
1209
1022
1014
1379
2155
2166
1692
2162
2282
2141
512
973
1594
1818
2634
875
2338
1305
1672
689
698
1972
1297
2414
985
1448
2081
1460
674
1659
2167
1836
1776
4003
438
1709
4101
470
800
1357
916
2099
1560
16098
1910
1347
2121
4721
1833
899
926
1864
1892
1893
3038
1497
1513
2438
753
1729
665
3637
779
1997
2838
1600
869
1959
2058
2092
1269
434
928
2111
2608
2840
681
745
610
2367
875
1876
2313
2130
1646
1646
1858
458
673
417
2023
1321
1546
1097
735
1259
1880
3138
1711
684
1179
1554
18857
1682
2130
1741
2844
1238
2031
675
1947
1633
1823
1138
3840
1911
1011
1332
998
1155
2733
1328
1246
3456
1859
1702
1848
1609
1580
1763
1084
2008
1704
1044
1586
2659
1248
904
704
1851
1552
833
1702
1146
859
737
1021
501
1838
997
1599
2291
1582
1236
1170
760
2011
636
1256
2595
2707
1502
1784
2552
2090
2808
4368
1007
1290
2837
1978
1032
753
2976
2915
2164
2514
1933
1644
1689
2512
1206
1814
704
10411
1765
794
928
2780
1281
1505
2338
2485
1401
1690
2441
1907
866
1684
2651
1400
461
1413
1457
2633
2460
2456
1743
1571
801
1650
2861
1307
3686
4028
641
1635
2205
1997
876
1584
669
3085
2201
2339
1592
1686
1427
2719
1611
1557
1098
504
1851
1173
818
1187
1054
2909
2910
1560
415
1516
789
2314
1632
1430
2348
1289
1394
1094
1834
2038
2337
1811
2428
2778
1691
2137
1598
821
1250
1263
3560
1652
2608
3273
1489
2175
1783
3131
1749
1718
1583
2266
2344
1654
4846
1311
2190
1454
1123
1952
764
2876
2655
1336
1335
1101
794
2596
1056
4555
1992
1428
813
1846
2283
1093
1877
675
1616
2137
1842
2516
1362
1050
1760
1019
1223
654
2053
1229
1647
1196
1035
1531
1664
1101
3488
1573
2326
1723
1168
2143
1109
1494
2373
1802
1477
1524
2699
837
1252
2588
3178
1859
1976
1348
1650
1811
1124
1416
2497
1339
2106
1489
1095
1938
1952
1724
1395
1574
1241
2817
1133
1177
1261
1581
1006
3093
931
2327
2428
2142
1234
1771
1013
1258
1245
1849
1146
1330
1652
1297
1504
1253
1247
759
2640
882
2286
3010
1102
1710
1294
3280
2144
2181
18051
1434
415
2072
2174
2542
1846
638
1283
1100
2077
1815
951
2143
474
1616
1297
1807
2188
1468
1406
790
1468
1055
1811
1585
943
1306
1554
1084
2227
690
1144
1795
3491
2379
1390
1963
719
1421
2725
1344
