5535
4247
5484
13988
8276
5045
6084
5561
5403
8515
4433
4205
3429
5590
4587
6513
5669
4313
3031
3412
4266
5428
5526
5205
4581
4545
6829
4594
4421
7089
3447
5331
6803
6386
4318
3273
5009
7787
4758
5756
7326
4634
21289
4953
11880
6047
4088
6242
4685
6287
2474
4226
7458
4333
5287
7946
10303
5253
4395
12849
5060
10362
5058
3892
7880
2855
17497
4307
4215
4650
5884
5064
3957
3831
5702
4615
3076
4498
4274
1396
4073
6038
6839
5102
2933
4425
7089
7342
4902
5095
5441
3915
7261
5266
1456
2721
5932
6074
4457
6189
8135
10551
4279
6243
5042
2917
6357
4907
9892
4596
4717
5231
7838
3651
4774
4188
4119
8262
4346
4544
6031
6285
4575
3199
4538
3947
3306
6495
4736
2134
4295
4845
11058
9685
5334
7512
5074
6473
4777
5889
5242
5854
1895
10528
6712
5022
7135
4294
10441
2664
2353
6393
4894
6978
3179
4820
5781
7069
7630
4170
4576
4932
4054
5150
3604
5321
4144
5011
7934
10155
7851
4049
4383
5259
5659
5555
3609
5360
4214
4926
4672
23320
5620
8334
7923
6558
6622
5362
6106
3105
5829
5054
7744
6587
4131
3339
5846
4422
4693
5621
3974
5091
4754
4715
6925
4838
4546
3978
6364
4930
4062
4859
6823
7169
7190
6242
3806
6205
5049
1790
5531
5386
4754
4495
6750
4516
5082
22338
6267
4390
6118
6030
4977
6788
7625
2921
4787
6151
4354
3783
3900
3769
4650
4906
4827
6246
6135
2858
5119
6409
5425
3750
5197
4603
3141
3831
4932
4016
5260
2513
3696
5194
5023
2245
1935
7867
5412
4923
4980
5529
5800
7918
23160
4982
6604
8016
7114
4458
3290
5214
6055
4389
5571
5278
3418
5206
4910
5336
4334
5103
6685
5413
5212
8568
3136
4376
3717
4119
4152
4730
5325
5459
5148
4659
2309
4535
6262
8100
4714
5683
6603
2098
4070
21132
6914
5842
5565
6230
4188
7026
18949
2473
4016
5068
6316
3929
5358
3799
3014
3539
5329
7333
5275
2427
5680
5011
4341
9104
3651
6586
4160
3748
5113
5443
5033
5302
5871
4154
5668
3254
6496
3651
10064
5782
8501
6108
3356
6017
3010
3974
4728
9611
4429
7271
5557
4090
7070
5458
75637
4820
5682
2123
6258
4434
7785
2914
1860
6104
4616
4001
6432
5583
5626
4688
10102
5171
5289
2572
6460
6004
3912
5649
6182
4641
5425
6064
5096
5474
4425
6044
6734
7570
1691
5353
6393
7572
4536
7456
5299
3996
4462
6340
9058
3122
5201
4894
4553
4769
14921
5216
4941
5910
5013
6361
6916
6295
4817
5322
4760
5601
1470
4308
4670
5571
4743
6871
5429
4773
3434
5267
6708
4270
6545
5600
2434
3264
1854
1654
4617
4786
2976
1157
6407
4212
5660
5673
4323
6499
7943
5808
5551
3517
3939
4248
3965
3827
4225
7987
5235
12076
3744
5774
7816
5336
3892
4460
4145
4105
2728
3573
6388
3484
5275
5691
6080
4613
5722
4027
5374
8866
2010
4173
5420
2858
6645
5672
3272
8760
4952
7972
6200
5719
3091
7434
2670
9360
5527
4051
4651
4197
5137
7019
22952
6300
7016
4079
6112
4348
4606
2361
3462
8180
4943
20518
4886
6453
5526
5780
3411
2868
21364
6586
5268
5894
4995
8403
5785
4533
2340
7580
5015
5247
6303
5007
1057
3596
3912
6124
4856
3378
7687
3637
3382
3045
6020
4457
3366
1467
6102
3980
4943
5078
7427
8340
4589
8366
5709
3489
4806
4656
4986
5098
6711
5809
6036
908
2737
2660
4561
4275
5168
5401
5101
4890
7326
4467
8035
5761
25503
7441
5151
5017
6381
11054
3799
6129
4187
4888
5998
4196
5406
4708
4206
4669
4055
5861
4334
4165
4836
6154
3638
4640
3160
4100
4048
6458
4023
4755
1920
4401
5694
7270
9892
4803
4642
6124
2163
5011
5962
2667
5096
7276
7834
9144
5666
7311
4433
3961
3664
152246
4930
5059
4130
4689
4827
4752
6507
2555
3554
21644
4011
2098
7083
2257
3718
3317
6053
7243
4576
4240
3788
20531
4711
3772
3831
3765
5253
5583
4730
4331
4913
3064
5105
5190
5113
6063
3959
11253
5295
5024
4840
3469
4563
4811
3858
5816
3941
6174
4820
4324
6386
5617
8070
5745
5050
3821
5030
3261
4445
4571
3324
5099
5413
5107
5189
2905
4141
2726
4762
3786
3661
4699
4316
5006
4183
5520
11052
4937
4321
7886
5147
3355
4697
8972
4726
5496
4409
5164
4469
2970
4554
4566
2915
4824
4834
4246
2741
5566
4018
6109
5989
9485
4197
11545
4155
7174
5211
5363
3231
5217
6124
5031
5507
6588
2977
8204
6892
3881
4700
22058
9225
1904
5359
5208
6348
3817
3391
4190
4585
5128
3680
5414
5819
4995
7339
4139
7967
5055
642
4375
3934
8064
2366
3919
4508
3790
4566
3946
4078
3221
7798
3916
5505
3436
4081
3652
4713
3485
5192
6865
6362
3947
5730
3512
6666
6192
4202
4187
7023
2680
4787
2645
4822
5937
3883
5256
3619
4117
4471
3331
5666
4232
1888
4937
4720
3861
3864
3531
5219
3273
4339
3857
5257
4140
4672
3030
5884
3157
4433
3522
21319
4784
4518
4827
6717
5818
4197
3343
3884
4757
4671
8670
4060
4291
4416
7789
3364
9319
5843
5180
4297
4979
2949
3996
4509
2902
5562
8980
3029
4426
4554
3770
4573
3491
5069
4481
40192
4775
928
4427
4332
4524
5141
5141
5653
3760
7176
3260
4044
6696
1593
4231
4150
5302
1519
3974
4508
1585
4044
8148
2854
2759
4767
6146
4489
10786
4011
29124
6084
4752
4038
4393
3984
4517
4618
4527
4258
4593
2914
5188
4389
4496
4195
4468
5012
3951
1796
4004
5781
3074
5428
2779
4665
5041
6066
4502
4285
6577
4623
5594
5225
5423
3535
8544
4884
4297
7887
21170
3652
4590
6966
2537
5155
5227
1569
4548
5840
4487
4147
11996
3843
4364
3989
5108
4025
3643
3255
5256
8357
4021
6216
4629
4746
3853
5288
4269
4874
4227
5729
2679
4871
4246
4653
5282
5270
5032
21120
5116
6202
3524
5305
3498
4152
3744
5428
4370
4950
4663
5212
4866
5272
4501
3933
4737
9717
6515
2972
3631
4308
5764
6233
5154
1483
5529
5046
3994
4669
4735
4604
3392
4664
2816
5894
3558
7057
4622
4459
5634
5712
4728
5312
6112
5721
5122
18220
5067
5615
3948
4398
3625
6544
4465
5960
3256
4676
3595
4195
5798
5451
5517
4432
5149
4249
5155
5108
4433
4132
3749
4232
4723
6503
2699
5184
4799
4937
5701
5155
4718
4980
4859
3714
1136
7109
7652
4989
5225
4305
3616
5473
6260
2939
3814
5173
5058
4545
4884
4729
3806
6350
6219
4508
2863
4359
6600
4185
4299
4349
9327
4354
3000
4391
4891
2785
4669
3896
4747
3555
4625
4135
3967
3655
3764
5059
2652
6206
4314
4089
5215
3701
3621
4930
3658
3828
3252
4500
2471
3952
2211
5338
5111
4593
5768
2737
2223
4328
3397
5901
3767
4705
4577
5160
1984
5334
6753
4643
4417
5598
4408
4068
4610
4826
3918
2666
3158
3628
2066
4698
6428
6932
4384
6264
6872
4258
3764
3913
3734
3130
4194
4797
4832
6025
3850
5716
7773
4860
4947
5429
2745
4106
6159
5402
1888
4940
6130
5597
4611
5206
3631
3942
4617
6177
4436
3699
1545
3466
2652
5084
10601
5869
1362
4144
40496
2993
4901
8518
4634
5583
6273
1691
5349
5632
5330
4398
4807
3471
4183
4631
4381
3184
2598
3860
6589
3995
4002
4644
3997
4022
4215
3077
6182
3116
3673
3699
5723
8434
3058
2025
6500
5013
3188
5380
2661
4682
2910
5879
4216
5069
4411
4978
3890
7371
5248
4279
1759
4763
2662
5286
2348
6195
4273
7319
7576
4827
5621
5322
4531
3449
7085
3479
4708
4742
5225
3978
5461
6160
2221
1948
5850
5218
4065
4632
5591
7262
6586
5006
4285
4988
3530
4552
4229
4618
1276
4573
4865
3960
3326
3578
5425
4427
4480
3715
3147
5932
3592
3958
6400
4715
4931
4212
5075
5084
7632
4131
4697
3880
3809
4521
4796
5584
4451
4078
5520
4811
5303
6520
3572
2634
5461
4146
9136
3565
6212
7906
4999
2449
5112
4097
4756
1646
3919
9964
3557
5515
4468
4343
2388
3642
6507
1473
5560
5383
8914
6593
3850
5443
3196
5061
3250
5397
5092
2563
2133
3594
3884
4318
8107
6549
4302
4458
5110
4491
4358
5445
5889
4206
6375
3334
4185
4037
4056
4980
4076
4147
4078
3030
5503
4605
4412
5222
4719
3862
5290
5710
6020
4580
4233
4618
5139
4493
2618
6451
4133
9596
5162
3901
5009
4937
5919
4624
1047
5155
4452
4292
2820
3579
3311
502
5741
6575
4954
5003
6515
5989
5281
5149
10225
5056
4829
3877
6001
4799
4234
8283
4231
4452
3342
4082
3523
5433
3742
4192
9130
4062
5493
2910
7204
4790
7844
5110
3512
3471
4626
4657
6252
3782
2785
4153
4105
1989
3569
7297
10904
3043
4782
3863
4381
5179
5192
6374
14554
4881
8838
4601
1662
4040
6054
6872
1896
4914
2445
1224
4574
5238
4983
5410
3868
4753
4218
4497
6100
5107
2415
4846
5007
4525
4367
4660
6037
4627
4974
6250
5898
6858
3678
3472
6221
6155
5323
5071
6160
5578
3701
3905
5138
5332
6399
4290
4642
3894
5413
5083
3130
4073
4609
5016
4447
4771
4100
6133
6051
6639
3147
5708
5240
3712
4519
2545
4246
8619
3520
4366
4515
3275
6314
8108
3912
3498
4084
5238
5005
5089
5053
5605
2917
4259
2179
4168
4939
3993
4551
3838
10193
6185
4503
7295
2255
3147
12256
4686
5192
4766
2817
4637
5058
8136
4480
6011
4760
4828
5348
5636
1539
3744
3795
3902
3746
4411
4631
4173
2168
3753
7168
5100
5241
5009
4343
3350
4508
4429
4085
5693
6748
6029
5843
5109
4511
6571
5431
5198
3945
6218
5850
36436
5475
4805
5893
4904
1967
4434
3992
3905
5709
4356
7283
5840
4887
3464
5038
6675
5610
5427
3839
4816
9105
6564
3612
3468
3982
2427
4847
4021
4130
5321
5104
5293
18987
5403
2378
3052
3448
5215
7139
5564
5621
4795
3728
5437
4884
2789
107642
4318
5405
5067
5921
5659
3334
3824
4437
4011
2934
4527
5173
4433
1725
2859
4722
2008
3065
4466
4790
4569
3846
5171
3921
5514
8447
3835
3812
661
2209
4561
3481
4815
3927
4643
3235
4115
5541
3890
4266
4426
4439
4198
5616
3746
4284
4417
3698
3803
3705
5413
6967
7393
4359
7922
5284
1391
5305
3459
3173
4291
3727
1516
4580
3836
3810
4450
4486
16375
6926
4965
4186
2277
3215
4185
3792
4279
3356
3950
1568
3798
4059
4827
3694
5176
6527
4423
2207
3476
4818
2971
3108
1424
4435
3578
4275
6366
3296
6209
2758
5720
4204
4667
4499
5298
4554
1933
4677
3655
4694
4157
2651
4242
1659
5747
1974
5132
2269
4008
4466
6054
5253
5044
4306
5325
4641
4475
5442
5046
4142
5636
3895
6352
3660
4888
4932
4143
4370
3928
4113
5107
4943
7066
7076
4020
1976
5802
2111
4231
5546
4302
3147
4891
5156
4410
4604
2901
3987
5891
5239
5396
4291
1890
4901
7919
1844
4855
4576
5193
4286
5964
5100
5252
4270
4590
6504
4574
2598
3356
4282
2936
4050
4141
839
6591
7123
5983
4699
5127
4412
4558
3836
4069
5272
3964
4933
4386
4125
4155
4743
2853
6249
4773
5205
3346
2828
3816
2840
3281
4110
4555
4675
1701
4020
20507
4494
4952
3952
4095
42051
4317
3942
4462
5266
4406
4780
4651
1918
5602
2073
7235
5228
4367
5543
3158
3798
3185
3888
2436
4962
4861
4656
3933
2507
4771
6246
5248
3946
3145
4141
2689
5183
3328
5035
1524
5765
4460
5983
6286
2611
5052
3615
4878
4305
4643
5722
6923
5040
5091
6362
2879
3427
4680
3726
2516
5134
4121
4796
4479
2693
17821
3564
10532
5289
6658
4845
5760
4105
8228
5572
3175
4641
4969
4866
2662
4083
3129
4826
4010
5240
7535
4903
6311
4253
4734
5011
4872
4412
4116
4427
3946
4864
3699
4272
4446
2972
4304
5954
3195
4814
4322
5340
1952
2760
5392
5433
5829
4403
4515
5575
8861
4344
4532
4134
2465
2201
3815
2854
4298
4273
1124
4815
6655
3828
3532
5175
2240
3825
5031
4796
4516
3241
5545
3308
6306
4444
2743
3421
3599
4340
4773
2703
6843
2820
4360
7599
3055
4169
4811
6889
1031
7036
4323
6668
6162
2933
4887
1957
5449
3590
3438
3405
4419
2333
4993
3967
2573
4619
1976
4246
4180
3491
50887
4616
4386
1707
4265
5423
3964
4421
5637
3559
4940
3993
4409
4671
2509
2903
4634
4184
2231
1900
4390
4507
6011
2152
4917
4474
4123
5680
4679
4557
4424
5805
4693
5584
4204
9727
5389
5064
4801
7493
5058
6011
5194
4962
5596
3630
3353
8502
5164
4503
5174
4602
4085
4201
4460
6043
5198
6776
5525
2990
4162
7988
4502
3576
5601
4203
5656
7950
5857
7190
3813
5464
5829
9180
1639
5387
4922
5375
6875
5682
5505
5053
4312
4843
3860
4082
3613
3615
4561
3767
4344
4799
5405
5087
5789
7243
4041
4247
5003
4835
4050
3677
4433
4396
5329
3409
3629
4774
4507
2082
1940
4144
188084
5642
2035
3882
1981
4231
6623
5217
4662
3085
6194
4028
5781
3153
3823
4153
4466
3949
2676
4045
4183
5029
4136
3714
5069
14269
5267
9623
5046
5801
5609
2547
2262
5159
4562
6866
4008
4438
6764
5891
2918
4878
4625
1834
4835
4652
3980
8324
4234
4751
4672
4081
5840
3790
6059
1359
7376
7794
4815
1064
1331
5938
2528
4699
1708
5410
4102
9335
2282
4865
6440
4753
5403
5442
4971
1950
6596
7236
4923
6020
4467
3739
5605
2361
3937
1009
5221
5739
6837
4648
4681
4190
1935
4137
1080
4697
5751
5596
3336
6740
5596
4418
5482
5290
2225
4698
5262
3102
4345
5298
4882
4142
5473
5123
4720
4860
5224
2517
4925
6332
4729
3192
2400
8733
928
7453
10079
4037
6875
3826
5103
4393
4686
8391
4973
2753
3576
3702
2344
3792
4570
5988
5684
2980
2872
4705
4056
6481
5328
4852
5356
5923
3170
3733
5495
5005
5242
4355
4374
4931
4001
4245
4136
3893
4769
4879
2797
3805
5225
4738
4690
4602
4452
4490
3922
4085
3945
3993
4436
2573
5293
4897
3439
3087
5716
1960
7261
3478
4838
4778
4736
3588
4398
4181
6608
2506
4156
6360
4609
3701
3707
4001
4251
4485
4955
2654
5423
3850
5112
5418
5988
4462
3277
5309
4020
4136
2480
4001
6820
1440
3524
4838
5034
5788
4735
6527
2805
1684
1771
5718
8560
3707
5756
3423
2393
7017
5108
3943
4456
5004
5815
3311
5366
4267
5070
3772
4797
5246
4473
1599
6128
2765
4422
1407
3809
5533
813
4777
7803
6189
6061
8266
6889
5136
5485
4710
10538
8027
4706
4270
5809
4245
5262
4721
8303
5838
5565
5200
3763
4655
1465
4917
5314
4763
4479
4416
3617
5562
6239
6658
5296
5778
6256
5651
4115
4063
6744
5985
5718
4554
4396
5272
4037
5114
4051
5461
4320
4511
1644
5355
5013
3334
11286
5585
6923
4531
4129
629
4656
7109
6597
6290
3985
4558
6477
15644
5578
3809
2194
4539
5474
3929
3939
7288
7679
5961
5013
5436
3354
5443
6820
3168
5283
3263
4760
4007
3879
4440
4931
4189
6404
4645
4471
3930
1955
3227
6491
1634
7541
4641
4926
5528
4146
4761
5473
6194
3667
5052
4497
4480
3963
6435
4375
4867
4361
4764
7129
5677
4824
5347
4062
5273
5461
4508
2912
3908
6885
5455
3360
2724
4747
3722
5489
4400
4322
4413
5297
6803
5479
6327
6173
3735
2521
4991
5956
3896
5639
4922
3693
16615
5309
5869
4835
5515
4855
25712
5073
7963
5077
8006
5199
528
3459
7130
4771
5155
4764
4644
4634
9301
5544
6710
13594
21957
6976
4459
5633
2507
5323
5377
4609
4732
4652
5564
5416
2276
6675
5433
5262
5336
5409
5771
5505
4481
4339
5894
20051
4460
6299
6198
6404
3674
5674
5778
3668
4612
4186
6313
3119
6631
5166
6132
4699
5145
4634
7685
4036
4606
4677
8156
5027
5877
5422
3673
5178
4529
4461
4784
3787
2725
5635
7227
4838
19286
3814
6256
5067
4611
2238
4180
5561
1739
3092
4758
1305
2491
4711
4728
5743
5560
5113
11099
3660
6192
4271
7272
6665
5419
4570
5096
6471
2149
2954
7066
7074
3801
4547
6518
4514
10162
4962
7361
6459
4784
4773
3744
5738
6467
6672
5686
3690
3766
9669
4786
7711
3828
4622
4488
6698
7738
6345
3774
5344
3685
4896
6587
6239
6382
4929
2426
2518
3965
4365
5006
5673
3923
5030
2767
5197
5024
4490
5231
5942
3181
5039
5781
4452
4886
4927
5130
7437
6679
5910
5037
5369
3911
6189
5930
4667
5685
5253
5201
23122
2025
20797
4718
6917
5428
3999
2817
5114
5288
6862
2013
5180
8126
5655
1681
5364
4104
5691
5444
12472
4918
4617
2687
4935
1142
5876
1577
4618
6917
3532
4478
4571
5372
5591
5429
2581
5348
6314
4327
1839
6353
5176
4652
5043
6025
4610
6012
6903
3973
6669
3645
4671
3592
5136
5432
5245
5439
4514
4992
5325
5090
5682
6290
5384
2098
6040
7679
9726
8511
4084
6242
7531
4731
6413
4204
5536
5211
7909
4862
7833
5682
4886
6486
5923
19588
5328
5476
5609
6362
9578
4416
5498
7020
7689
4103
5254
7534
5503
4389
5554
4489
5382
5678
5788
4023
4983
2241
5160
6615
10922
4607
5194
3519
5212
6338
5751
4598
1145
2270
4268
4385
6519
8366
3297
6550
7488
3765
6748
4321
2448
6386
3243
4682
8230
3992
4428
4812
5701
6084
2456
4599
2777
4707
6308
3559
3064
6927
3664
3220
3267
6651
5159
4951
2899
4276
5963
5016
5015
3555
2415
4475
3689
9551
7264
4488
3394
2215
4779
4822
4902
5393
5868
4918
4401
3699
5645
7333
2253
5134
4167
2439
5812
1656
5810
6051
6411
1601
4909
5964
4334
5634
6936
4187
4462
4521
6299
6841
7683
1915
4209
7949
2790
4869
4332
68702
5021
5256
5520
4573
4595
5038
3046
4388
4839
6774
4088
6222
2816
5317
1759
8123
7102
6372
5700
7660
6026
5208
4470
4024
8198
6934
5394
5131
3273
1490
5431
3039
4053
6025
6454
5818
3678
3520
6553
5581
4573
4331
4050
6224
7051
4650
5008
4630
5435
4265
4981
5699
7399
7871
6045
3148
5074
5244
6145
4188
4448
5720
3548
5342
5447
2946
4647
3701
4366
2343
1240
2476
5606
5475
4256
4225
4705
4159
6480
9884
4922
5669
5415
2673
2548
6373
5620
4091
8269
2294
4250
3790
5113
4828
6368
6155
4075
3692
4572
6322
2503
4282
3282
7585
6608
2837
5961
5370
5410
5299
5211
7862
4024
6197
4230
3660
6166
5811
6670
5184
7034
5725
2557
2992
4014
4925
2354
5013
32004
28370
6942
4707
6329
4390
6271
5546
4954
5671
4815
6524
5110
6968
9698
5609
5357
6671
6292
5784
7097
8151
5081
4317
4737
10898
2750
4491
13788
4593
6597
5859
7275
7991
6840
5485
5302
5653
3962
4927
4826
3241
4939
2528
5850
6382
6731
4514
3646
5693
2699
4404
2951
5142
6972
9785
4089
5040
4377
7033
3037
4388
4959
6513
4137
5690
4969
4518
5822
1605
3795
7277
6066
8127
5972
5962
5374
3776
4410
7749
6230
20396
33029
4559
6416
5376
4560
7367
3758
3660
5318
4078
7963
4232
2973
5445
1082
5069
5224
5093
3445
6123
2642
5475
3762
7789
7236
4461
5908
17841
2929
6750
2536
3372
5288
9995
3477
6804
5504
9154
10338
6212
4148
5661
4386
2531
4820
6901
4802
5434
6715
6757
5952
5698
13163
5341
7190
4619
5419
6483
4067
5937
5352
4775
4395
5295
7671
5523
5454
4541
5990
1003
5484
4815
7650
9391
36928
3897
3764
9250
4240
4541
5630
4448
6804
5479
4663
4505
4233
7086
5973
17230
6116
7823
6652
6677
4039
6570
5359
4192
5475
3886
4659
5548
6326
6236
9280
4553
6116
5580
1196
4314
4870
5706
5444
5336
5396
4238
20313
6267
6252
6992
6355
6396
6232
15678
4613
5374
2020
2882
4174
6920
5420
5280
4685
4029
4384
5358
5010
6008
6459
5891
3705
5706
5727
5042
2496
4305
5195
4306
1900
7800
5270
7423
4882
5559
5270
19855
9690
6338
1508
3412
4840
3500
5034
5450
4421
4895
4330
4564
3977
5082
4122
801
4972
5838
4773
4882
7296
3866
2616
2718
4620
5099
4627
4959
7239
5387
5008
9467
3732
4472
8343
4151
7289
4830
4528
5645
4042
5839
932
3284
5436
4560
4977
1715
6741
11728
6182
4862
8920
3935
8218
2781
4508
3845
4450
4690
5217
5392
4538
7302
3793
2708
1419
3870
4626
4788
5421
6379
50610
3960
5100
6410
3913
5511
5408
6484
2252
2937
6336
4292
5085
3986
6261
4366
15536
6227
39944
4947
6431
6467
2309
4709
6513
4224
3816
2673
3405
3038
11978
5234
4048
4202
5282
5593
2305
3631
4252
5112
6080
4983
6579
4056
5652
4724
5418
5579
5084
5354
4735
4202
4256
4867
5550
4527
2565
8550
5590
4285
4369
3220
5299
4812
4492
5807
3272
9906
5371
5672
5629
3292
3431
4944
4666
14363
4808
4663
3918
5579
7132
5328
7593
3285
4251
2812
10515
6514
2911
5843
3306
4696
4592
3927
8102
4944
18421
4894
3456
4780
5528
2904
3777
3393
2883
8125
6312
1226
3959
3925
4641
5025
5658
3651
4827
4962
4196
3301
5515
5131
3831
3904
7586
4676
9274
5918
4392
5069
4568
6168
2293
5636
8197
1146
4708
4442
4918
5519
4800
4466
2310
4817
4892
3724
8323
4575
3395
8801
2521
4498
4987
5723
8545
5039
4928
5482
4423
2393
5414
5976
4375
5756
3834
6796
4205
3865
3417
7923
4640
5576
5765
3506
3287
5026
7842
7111
4123
2017
3789
5013
5030
3410
8397
4749
4281
6346
3839
3937
4959
6375
1451
4693
4602
5922
4984
4816
27753
7003
4055
8374
6479
5198
4747
4723
5454
7313
4667
3488
5606
4932
7462
7555
5240
5981
5102
3314
4056
4405
4119
4878
5370
5225
5662
8031
4332
7242
13033
5087
4573
5540
5111
3952
4047
6759
5393
4368
5049
6218
7885
6027
8412
4975
3543
4578
5281
6192
5129
6056
5569
4988
4133
4591
5299
4362
4617
2862
10073
3851
9000
8152
63437
6243
5211
6000
5289
4873
2456
2971
5365
3702
5186
6806
1606
5453
5059
10278
17847
1676
3121
4778
4534
7933
7489
8759
4993
4988
3038
5346
3974
6035
5065
4712
3321
2781
6388
5753
5114
2313
3135
7163
6577
6747
4835
6455
5910
9280
5481
4550
8157
5556
938
7165
3946
5347
2361
9199
4493
5404
5540
5469
6494
7011
4813
5247
7906
6751
2440
4813
4756
3895
4849
4395
5680
6576
7759
5947
4718
3899
4693
12298
3740
4341
4743
3459
5075
5332
5283
4681
4749
5510
19934
2712
4252
4022
20436
6035
4670
7116
6477
3476
7707
7783
4890
4296
3857
5492
5963
6660
8092
1759
3825
5538
4685
4094
7446
13016
2726
1152
5758
3982
2427
9484
5727
4530
6146
6819
5635
4613
4893
30750
5679
4974
4507
4301
2314
6799
4018
7860
4562
5743
5359
3726
3918
3457
4160
12720
2801
6411
5113
2690
9285
5097
23798
1828
6546
10459
4955
3581
5233
6461
4877
4376
5307
5386
3559
4238
5779
2419
3389
3236
7233
4603
3101
2570
4875
1154
2243
7543
5228
4166
3829
2249
4418
2893
5062
5483
20810
6331
3493
5169
3722
5885
7244
3618
6288
2397
6670
5719
5726
8236
8543
5668
4918
6207
5664
4447
3756
5134
5540
5883
3104
4735
4915
6505
4465
4688
11927
8500
3782
6039
12385
4113
9137
131711
2923
3933
5247
2969
5685
4630
4165
3497
5312
11148
4750
5513
3971
6960
4306
3600
4874
5236
6712
5060
4604
4703
3539
4571
4875
5382
3781
36254
5317
2977
5264
6665
5204
5799
11049
3543
6636
5545
5019
5093
5802
5615
4459
3648
5072
5377
4443
6358
5416
5215
3977
8731
6060
5284
4050
5516
4225
4910
1401
2750
2762
6565
4622
3923
6905
4339
3412
6348
4628
5242
5372
6539
4666
1300
9698
4332
7315
4241
2477
4913
5018
3631
5168
6477
5844
5250
4427
4473
4495
5284
6386
2785
5301
4409
5449
3318
4495
5757
4661
4015
4242
3526
7224
2263
1536
5162
5293
6642
4993
7579
3122
5626
4156
5778
2917
5110
5555
6731
4725
5510
4383
6955
6341
1675
3960
7518
3978
4592
4253
4298
5384
5472
5174
2650
3728
6557
2225
6422
3139
7273
6735
4784
4443
4515
3964
6046
101103
8237
5872
5135
1317
5061
8196
4062
5339
6046
5796
6543
5322
3008
4313
3568
4697
5205
4802
4324
5224
5741
8308
4896
3524
6411
5448
5233
4854
4381
3224
5347
5238
5157
4660
3639
3531
5659
3616
4348
5825
4295
5143
7348
5023
4881
6855
8484
6822
4977
11942
4971
6192
4406
3223
6341
5949
14929
4044
5023
5520
7062
4454
7955
8683
5905
5096
7355
4750
6378
4432
8920
6235
7081
4817
5094
4576
587249
2062
4084
4149
6784
5607
8609
7026
2621
5492
5243
6285
4507
4100
4505
5710
3355
6238
4403
5993
6323
2655
5766
4329
7112
5441
5363
4903
6313
5106
5462
2204
4439
7407
4308
5157
4697
3038
2890
6487
5343
6416
4156
5102
4816
6474
6693
5081
4142
6216
4403
4653
4695
6179
6271
3139
4751
4710
3687
5012
2604
5682
4340
3504
5393
4335
6608
6027
5391
18412
3867
6261
6584
10297
3975
6373
6513
4803
5749
5633
7820
5748
4802
5383
4412
6833
5630
6181
4169
4098
5062
3488
2830
4357
6016
4757
4318
5245
25195
4166
5310
7810
5150
6239
4070
1660
3541
6376
2253
7355
3908
6563
6218
3449
7403
3655
4190
4692
6239
5556
9696
4641
3511
5432
4811
7116
4785
3453
4713
4486
4270
4652
3862
5773
7851
4874
4019
6721
2556
898
3429
4583
4745
1441
5397
4413
3535
11452
6406
5022
4729
2513
4307
5970
7211
4488
8304
6192
4662
6335
7521
6777
8676
4985
10714
5319
7228
3984
4690
18709
4666
4935
7188
6090
5153
4030
3562
5179
18286
4705
5720
5810
2999
2791
6151
4434
6113
3733
2616
1502
5585
3800
5227
3312
3886
5548
2107
3267
1264
1957
6564
6634
53118
5512
2251
5541
3753
6583
6996
5750
5581
5633
9124
844
3010
6035
1139
7142
5923
4241
4360
1064
4283
6087
5792
4576
4493
6509
4407
6152
3658
5172
7260
4100
4226
6248
4877
4457
8733
6757
3274
4451
6051
4983
4456
2857
7184
6210
6338
4983
4921
1930
4218
4803
5761
6360
5891
5529
4979
4849
4920
4944
4875
5677
4977
4349
4837
7478
4803
4857
5036
39852
4947
2575
8886
5441
5216
5870
5002
7050
17605
6341
5624
6532
50712
4009
7892
5890
13072
7518
4407
4486
21439
4767
5370
5234
6132
1519
3337
6108
4542
5067
6349
5647
23896
9946
4127
7657
3443
4228
4589
3609
4983
4386
6561
4676
5362
5348
3164
3466
4345
3061
5408
5240
1121
6395
3548
2311
8312
5291
15474
3761
5510
5516
4927
6246
4744
6251
3419
6314
4901
5772
6443
4611
3684
11316
4721
1352
6189
3196
4506
2430
5113
5033
4475
7276
5307
2659
4765
5932
3713
5513
6321
5580
4579
4016
6318
4990
4005
5836
6218
7603
4985
1543
4227
4183
5020
3446
4948
4049
5991
823
6425
5129
5769
4881
2649
5030
5817
2927
3884
2232
9477
3834
5588
4287
4936
3568
821
4413
3735
4519
3901
5120
4246
5530
4942
4448
4190
4466
6689
3532
5074
4612
5170
214024
4240
7627
4192
5949
4318
4781
3374
4131
6298
4157
5613
1077
6189
4609
10270
5282
5831
5624
4480
4517
2512
7033
9167
4590
5826
3929
8205
1898
7508
4802
5111
5529
5151
5212
2877
3979
6011
3876
3903
4764
4410
2509
4800
4918
72844
3429
4984
4584
672
3667
4270
4545
2225
4775
3467
1935
5387
4130
4383
3801
5517
7550
6824
4583
6976
7705
5032
6660
3363
6267
6275
2392
6471
4777
3920
7747
2596
7782
3539
3908
5261
590
5360
23729
8492
9772
7642
2302
3581
7379
8049
3881
5613
4115
1368
6056
4074
4489
3710
7901
4177
5616
3824
5756
5094
4290
7142
5205
4439
3546
6120
3147
6666
2422
5663
5101
23954
4111
11679
5336
4897
3920
3594
6931
3437
3857
9254
5171
5279
4523
6111
4247
5023
4972
3320
5239
4833
4978
4364
5342
4727
3164
5607
1533
5526
3364
6074
6952
7020
5095
765
4765
5951
7782
4024
1708
6026
4510
4380
8515
4445
2228
1903
3324
4189
1261
2543
3894
4745
6007
7896
5477
8243
4995
4681
4145
4890
3136
7610
5134
5581
3854
6205
5430
5430
6118
4708
3541
5118
5615
7673
5632
4329
3773
5238
20752
3898
877
5153
4524
2924
3788
6171
4602
5229
4983
3952
7752
7414
5856
4770
11308
16355
4651
5650
5458
6122
6014
5222
4942
5176
3652
9983
3517
3878
2644
4197
7501
4803
4426
5994
5224
3517
7971
4474
2180
1147
4628
3951
5245
5247
4197
1705
2613
6047
4206
5200
4795
4607
5053
5083
5297
4796
3967
8131
3642
9294
6773
4010
5809
4768
2054
5128
7094
6696
4931
3804
3465
2859
6018
4780
5698
3660
4300
2258
21144
2436
5717
2353
5765
5291
5715
4622
4489
5412
4813
4871
4641
5434
5656
6407
6103
5916
3061
5001
5657
6732
6029
2504
2010
3700
2884
4795
4614
4739
893
4972
4969
3024
3782
5559
7168
7478
4637
4788
2989
10012
1874
1760
5558
5175
4705
4441
4579
4265
4703
6651
5412
4142
4799
6405
4808
4203
6154
19622
5313
2663
2525
3602
5984
925
5374
4581
4482
4071
5150
1244
1144
3981
2268
3680
6503
6193
3949
4399
3866
2841
8608
3190
5187
9966
5881
5653
5235
2780
9203
4190
7887
5614
5687
3311
6074
2073
3779
5253
6655
8823
11561
4571
5974
4680
9593
5170
14032
6913
5775
7202
6484
4327
5115
4094
6767
5891
10752
8071
4815
5383
1078
7765
7614
3860
4913
1895
46841
2258
5791
5003
5708
3241
955
5466
6598
7180
4647
3750
6188
6146
1394
8896
6029
5079
4820
8401
3490
6637
5470
4232
6458
5331
4972
11200
7343
6741
5056
4416
1564
4676
4062
8559
5052
4703
4802
8503
3767
5490
3769
4488
5081
4460
3877
6014
3568
6970
3546
4293
2378
5642
3700
4842
4678
9159
4526
2506
5145
6707
2884
4037
7254
5512
8220
2549
4522
12100
6677
5698
4238
3363
5099
6370
5930
3996
5588
5096
4793
10407
3889
2971
6482
5493
4782
3788
5453
9016
5050
4308
5110
3000
5094
7110
2499
5049
3889
5563
5144
3726
3727
2437
5642
6765
3547
3896
5844
5050
2650
3538
4172
5387
5119
4233
4872
4767
3747
5892
6113
12040
4569
3737
6651
5506
2638
2415
3675
5671
3537
5315
21751
5881
6596
2876
5250
5329
4207
4242
4648
5175
4371
6376
9024
4546
4569
6370
6207
2603
5221
6915
4507
5583
4397
4149
4796
6050
10371
6747
3733
4734
6582
72447
2560
9532
4529
4912
6669
3888
9561
5008
1776
3352
3925
4918
3186
5684
3745
5671
4846
4321
2155
3889
5079
5167
4100
4414
5873
3352
5448
5836
4245
4507
8953
6973
4934
2357
3761
4860
4329
4129
3688
3299
4308
2006
4150
3292
2460
6777
5339
4563
9888
3978
7577
3716
6145
7628
5156
2462
5581
2985
5530
4995
5564
5201
5934
4990
5033
4385
5551
2290
2311
5175
7347
5061
4383
956
6298
3625
3448
1950
15075
6025
1768
5100
5667
8277
4569
6522
5656
4535
5616
4842
4148
5228
5841
4971
6373
4596
4369
5484
5674
1491
6177
2785
4254
5581
4271
9161
4930
3433
4524
9197
5359
4878
4166
3268
4571
3180
5225
4133
3305
2736
5100
7497
4230
2399
4096
3641
3328
3187
3747
5023
9144
4519
3888
9031
5097
9120
4519
4314
5204
2701
8448
4379
181789
4644
5863
5192
5436
5359
2227
3945
1529
3792
4904
5494
1244
8782
3963
6711
5399
6398
4756
6032
13282
4073
7633
5032
1808
3006
4662
4523
4870
6965
3892
5294
5568
6529
5667
6204
2571
2404
4872
6280
5449
6790
8199
7171
4896
4665
4707
4433
11543
8022
7079
3739
5628
4025
7150
5655
6387
4043
5921
4164
4030
5977
2921
4463
6378
4803
6003
4828
4022
5642
4464
4025
5017
6508
5709
4395
4556
5280
2809
2000
3607
3805
22647
4562
5139
4993
1271
9859
4028
6991
3833
4963
7015
5922
6178
4437
4645
4748
7380
4596
3705
5391
3335
4804
4434
5545
7225
5199
9448
4403
2999
4242
8812
7146
2556
2585
6482
5257
3413
7044
5056
5531
6558
11875
3424
5969
7736
4656
5223
5588
3944
4562
3858
6752
4885
4540
8169
3021
3860
4122
1590
6286
3783
5503
2008
4789
4431
5577
4430
6477
5058
3318
5029
7013
3917
4143
8441
5025
6379
5349
5578
8447
2486
6687
8840
6194
3485
5324
5604
5966
5622
4858
5121
3269
4820
4925
3198
5265
3237
5155
5804
3507
4645
5448
3930
7097
5265
6214
5129
3014
4388
3549
5828
7851
7794
7298
7415
5388
7409
4369
2154
5558
4003
7815
4875
3646
3749
4407
6607
4864
5927
7406
5514
6562
10494
11971
4313
6159
3174
3755
4514
5220
4925
5344
4789
4800
4842
4858
4872
5657
4465
4111
5342
9231
5974
4809
7315
6194
4703
5163
4641
3428
5022
3624
5384
6021
4685
6106
5703
4242
5533
5009
4150
3923
4147
5138
2462
4658
5602
2857
5066
786
4816
3937
4177
4816
4202
4503
7919
4408
5305
4157
3931
5216
3336
3803
5301
5684
4586
4778
1532
3931
5512
4459
4258
4088
6320
5285
4659
4234
4355
5802
1250
5963
3505
2930
3571
5886
5282
2669
2660
2450
5145
4182
3172
7703
4793
6234
3706
4008
4811
3016
6444
5822
4877
6795
6550
1889
2502
4230
3657
5599
3877
8899
5306
4627
2880
5515
7272
6337
1535
6459
3811
5361
5900
4237
5195
5235
4655
5497
5920
3673
5300
6490
3738
5140
3905
4781
3050
3693
6553
6579
5512
2724
5625
6154
3541
5320
4452
10806
15551
5416
5543
5290
956
8488
4339
1903
6428
7063
3175
6701
8366
7060
4379
5756
5287
8169
19538
4246
3924
3290
6535
2471
3620
3604
6646
106098
4203
3503
5458
5301
7184
29614
4590
6657
4895
5266
5612
4192
5151
18395
5212
7692
3973
4992
2901
4510
5104
4137
5112
6345
7903
4933
8517
5922
4545
4194
5206
7006
6091
2614
41771
7575
5372
6076
5160
3725
4081
5408
5067
5369
4787
8191
7085
4857
4474
5310
2559
7231
5516
7452
7806
5716
4580
2493
6041
5395
5285
5081
4827
5145
6737
743
3582
4948
4155
4135
4517
3814
2605
9014
5711
5391
4791
3906
2349
4118
4001
3828
4598
7675
4811
5424
4276
3804
6570
3425
5752
1844
5046
5842
4942
9387
7935
4528
3175
6450
5892
4570
4441
5264
3690
3103
5373
3511
5055
5024
6081
4056
4737
3701
5445
4174
6359
6479
5304
5866
9356
5247
3325
3903
4342
46619
4687
5428
11958
8066
9099
4529
2380
5643
5977
4766
5436
4322
5520
3349
5364
5918
4228
8434
5014
4849
4395
4804
6111
3721
4261
5802
4182
6076
4545
4413
5388
8579
2458
5684
4008
4297
4211
5109
4827
4792
10634
4222
2560
6392
4992
4688
4134
5485
3123
9572
19744
4527
3584
4443
5966
4932
3610
3858
1078
3535
5355
2734
4203
4548
7834
4584
4103
3114
4605
2226
4353
2921
4372
5142
4662
6752
4611
3895
4336
4848
3111
4868
5270
1847
1815
6516
2385
4836
5890
3336
2994
3890
5699
6076
7645
3721
4363
8191
4234
6370
4049
4748
3409
4883
5547
4023
4355
4316
4099
4240
4633
2129
3384
3490
5214
6682
3845
6954
6294
2369
4213
4413
4313
4614
4245
4202
4799
2658
4127
4130
9611
3978
4624
4890
4706
1868
5654
4577
3963
5038
4102
5137
7427
4133
5148
2591
24132
4092
2130
3664
4567
4458
2377
4606
4321
4568
4708
2282
2014
6303
1209
2749
5819
3409
7989
3922
4458
4548
5904
3366
4399
1458
19352
3497
14928
4904
1359
2444
9950
5244
4459
3467
3465
3791
9018
6601
4422
5497
5486
3241
4430
4405
3799
5920
2137
3688
5392
4391
5549
8206
2466
19410
5331
4947
3175
5287
3574
4683
6488
4372
4438
5411
4121
4993
2135
2639
5640
5533
4375
4309
2973
4178
3535
5550
5330
3462
4606
4182
3576
4383
5936
20134
3997
5887
2620
6477
4980
2889
4812
6411
5364
3915
3818
5076
4645
4896
5263
5184
5734
4348
6714
4818
4890
5456
4653
4667
5245
2568
4455
3653
2232
1531
4970
3860
4987
7461
5748
2267
4226
2404
5850
3808
3831
3315
4685
6461
4867
2789
6425
4823
4731
3297
2912
5915
4814
3861
10839
6622
5158
4854
3031
2415
4776
5853
4332
3652
8587
5145
5834
5109
3695
4620
2189
4796
5450
4813
10952
4715
3064
5472
4864
3177
4778
3126
3796
5171
4895
5042
5245
4104
4870
3899
2895
4899
2551
3750
3034
2296
5536
2162
3522
6268
3701
4006
3661
5257
5263
5084
6025
3529
2212
4548
4999
5432
5106
4099
4591
6999
4234
4162
6297
4092
2176
3169
4371
6264
3500
4323
6087
5298
3910
7390
4177
4018
4720
18431
3960
4931
6553
3026
2479
3506
4053
4806
5003
4304
5090
4156
4783
1596
4855
3497
4274
6017
5430
3579
1459
5838
4520
5679
5899
4202
9739
4105
5873
4310
3248
5948
4732
2246
4362
5059
5826
4632
4479
4590
4628
2584
2104
4458
4550
4353
3372
5285
2907
5470
5475
4377
6682
4134
19890
2706
8463
4400
4588
3535
3131
4434
3972
4918
4008
5050
5063
5409
4531
1999
6768
4768
3155
5455
4364
4979
4010
5065
5218
1113
5067
3899
3495
7417
6663
3946
4340
4652
6201
5186
4570
7062
6224
5269
7333
1883
6182
3547
3285
21296
3266
3957
4470
2304
5074
4341
4556
22377
4704
4527
4410
4820
3971
2986
5027
3851
5063
5249
2205
3497
7384
4263
3722
4135
2102
2545
4987
5376
4065
4333
7923
4407
4914
5401
5244
6176
5601
4479
4084
5516
4354
6148
3717
4312
4553
5398
5812
1908
5511
4975
5053
4457
5922
3771
5160
6281
3434
2541
3483
2788
4721
3950
5585
2151
1741
3642
20847
4971
15621
4573
6545
4801
5747
4083
4993
4686
4378
5169
4396
4828
4211
4209
3196
4812
5844
3608
2004
6170
5049
6577
4615
3546
4067
5083
7225
4264
4551
4574
4155
5833
3666
2875
4097
4606
13981
5664
4518
6504
7044
4416
3798
4335
4562
4351
1788
4655
2892
3573
3756
5049
4812
4253
3062
3956
6859
5168
9684
3978
5230
3968
4957
5861
3700
2626
6091
4747
3331
5439
6088
5995
2902
4416
2536
4581
5355
4484
3940
3259
19434
6351
5064
8557
2888
3119
6164
5321
2249
3969
4375
5405
3645
6019
4445
5871
4477
3169
5337
3784
6120
23802
1739
2125
4022
4350
3135
4001
6393
5169
4092
4340
4289
5383
4924
4639
4938
5353
4746
4181
6591
3327
4493
4409
1955
5286
3491
3752
2720
4538
5465
3555
4148
4275
5331
4843
4628
4710
3491
3398
3634
4070
4830
4604
21310
2763
4983
3680
4224
5499
3363
2358
4625
4522
2769
4475
3820
5180
5192
4102
5002
3896
4622
5056
5821
6752
4826
4425
2665
5206
5043
4330
5576
4378
21615
3251
2376
4586
3414
6353
5209
3643
3868
5549
4569
4445
4218
4763
4199
2802
5724
4766
1303
4627
2785
4878
4785
5970
6124
5951
7241
3548
4715
5643
4633
5680
7934
4209
4742
5164
839
4540
6251
4355
3715
8014
6692
2364
3766
4869
2760
3886
3887
2477
5229
4712
4252
4538
4270
4431
3228
4455
6201
6434
1883
6202
4983
4585
5087
4793
21812
4598
1899
4763
5491
2069
4886
3677
4791
3072
4675
4658
10467
4611
4058
4825
3880
5234
4512
4300
5459
6077
2487
6153
3180
4150
6430
6492
5293
3756
4529
4403
4728
4378
4836
4768
3971
3649
4139
3935
4777
4388
2533
5676
3697
3621
5456
4357
4223
5008
4282
72266
4380
4180
1752
5823
