2886
6467
3577
3948
2980
3384
5924
3820
3647
3407
4212
4642
2989
3367
4516
3712
3015
4442
4840
14389
3177
2616
2538
2419
3367
3164
3117
3692
3487
2639
3714
4933
3138
3630
2358
2422
3290
3606
4167
3854
2848
5462
6336
5047
3338
2779
3132
2802
2127
2709
3447
3405
2750
4724
2692
3551
2771
3001
3109
3082
3390
3489
2441
3768
3306
2762
3261
2883
3242
4124
2633
3740
5679
2815
2882
3577
2162
2564
3787
2886
3111
3037
3334
3037
3265
2811
2489
3395
2980
3182
2511
2972
4026
3237
5557
3467
1907
2699
2642
3620
3213
3093
2692
3078
2678
2527
2546
4443
2555
3047
3738
2228
2393
3103
2869
2686
2981
3373
2977
3653
4833
3442
2883
3959
2890
3169
4198
4448
2773
4852
3994
3441
3069
2895
3409
3027
3853
2402
3704
2736
2823
3174
5661
3306
4059
2410
4469
3525
5472
3449
3426
1610
3133
3499
4090
2505
3049
19112
2535
4105
2486
3514
2213
2823
3554
3240
2999
4306
3393
3584
2000
2783
3053
2862
2759
2603
3641
3561
5229
3042
3251
2945
2506
3718
3438
3327
2627
2971
3006
3369
3326
5576
3704
3830
3399
2922
3428
18985
3354
2572
3362
2721
2963
3465
1107
4171
3101
2576
4018
2558
3503
1354
2290
3936
3134
2780
3720
2541
3466
2540
2899
2602
4020
2545
2754
2994
3151
3623
4055
2844
4195
2907
3057
2467
4227
3050
2922
2844
4051
4691
2527
2714
2970
3055
3529
2643
2687
2328
2938
3188
2529
3370
2844
2491
3631
2963
2890
3155
4403
3077
3286
2456
3100
2439
3760
3201
3587
3091
2602
3070
2994
3201
3159
3447
3084
2722
3489
3384
4595
2583
3158
3731
4435
3759
4247
2491
2425
4262
2410
3248
2868
3259
3248
4335
4168
3054
3429
2881
4398
2205
2859
3506
3179
3046
3043
3371
2703
2038
3181
2577
2821
4253
3353
5369
2273
2625
3516
1782
3694
4604
4668
3329
2543
3672
2526
3178
2852
2474
4455
2619
2862
2022
3493
2617
3499
2423
3407
2682
2988
2796
2745
3205
3813
2816
2924
2860
3560
2872
4476
18770
3420
3649
5061
3030
2887
2867
3654
2418
3094
2625
2903
3244
3215
3770
2497
3678
3333
3057
3002
2116
4498
2807
3762
3521
3306
3576
2541
4460
5979
1678
2926
3675
2123
2943
3592
3141
3454
3225
2260
2533
3487
2784
2586
3397
2963
4438
2393
3816
3814
3806
2627
3750
4263
3460
3936
16673
3040
5612
2250
2021
2791
4381
3205
3790
2865
2368
3577
3525
3792
2563
3826
3203
3565
3329
2510
2245
3749
3785
2663
3486
3371
3639
3158
2951
2489
2928
4720
2735
5120
2895
4002
3603
2713
2555
2889
2347
3757
3087
2888
2632
3466
2875
2918
2556
3153
2689
4572
3397
2948
3087
3160
3517
2859
2842
2346
2644
2501
3557
2587
2137
3454
2876
2532
2152
2845
3190
2844
3926
3935
3052
3168
2509
4867
6724
2638
2516
3572
2812
2443
3515
3449
3064
3947
3197
2350
3083
3542
4498
2868
7913
3713
2610
2919
2549
2177
3299
3475
2817
2626
2365
3093
3666
3227
4912
3245
2618
3113
20455
3524
2879
2832
4289
2960
2957
2534
2948
2376
4494
3806
3364
3026
2812
3438
2716
2707
2901
4502
2915
2986
2692
3281
2661
3247
2741
3766
3736
2942
3391
3638
2865
2202
2605
7348
2549
3340
3232
2940
3314
5145
3439
1764
3097
2305
2459
2663
3519
3260
5062
2835
3777
2751
2810
2812
2515
2850
2890
2711
3296
2850
2344
2519
2590
3955
2970
2716
3771
3861
2882
3377
3641
3583
4449
5380
3104
2882
2904
2924
2575
3085
3984
2884
2683
3376
2800
3088
2561
3609
3220
2754
3161
2189
2226
3470
2445
5328
4443
3221
4613
3492
3638
4179
2564
3811
3573
3709
2893
2920
2859
3143
3428
1394
2702
3249
3616
2946
3037
3163
4124
5295
4605
4269
3893
3718
3643
2815
3988
3743
5133
2921
2720
2989
3396
2661
1863
3235
3304
2683
3571
2931
3647
3473
2832
3452
3891
2374
3005
3308
1785
2938
2325
3032
3183
3149
3377
3020
2941
3782
2792
3460
4645
2969
3342
4072
3154
3275
2770
2842
3102
1714
2874
3263
2460
3169
3091
3618
3256
4787
2838
2516
3464
3822
3070
2506
2349
2502
2189
4680
5021
2565
3647
2728
2216
3510
2788
3832
4091
2935
3466
3020
3948
3017
2863
3786
2686
4076
3025
3936
18631
4341
5289
3077
2594
2712
4195
2861
4050
3948
4099
2172
2408
3858
2647
3755
3837
3017
2733
2626
2957
3954
2965
3110
2948
3215
3218
3864
2921
2842
3605
2501
2825
3863
2829
3136
2908
3503
2855
2996
3005
2776
3198
5159
13111
2554
5183
3075
2728
2740
3272
3160
2793
3179
2578
3047
2136
2855
5488
2689
4342
2814
3403
2614
3223
2553
3564
4047
3136
2803
5520
2718
3764
2937
3284
3760
2651
3741
3120
2958
3163
3212
2910
2035
4020
4656
2658
2717
3845
2732
2609
3618
4790
3580
2702
3743
2030
3081
2934
4263
3507
3891
2629
3291
2852
3005
2532
2761
3965
3002
3019
2943
3427
3468
2566
3036
2991
3475
2712
5444
3251
2434
3502
2653
2289
4024
4014
3329
3098
3438
2776
2711
3293
4071
3666
4694
2151
3108
2831
1364
3291
3145
2584
3897
2980
2369
3030
2509
2762
2952
3029
3334
2435
3049
3201
3020
2545
3217
3146
4475
2817
3394
3994
3270
3043
2551
2363
2748
4094
3006
3860
3337
3777
2008
5683
3692
2806
2380
2540
2663
3804
3487
2648
2709
3183
3706
2104
2946
4456
3149
3920
2928
2903
1741
3811
4494
3483
3506
2453
3445
5016
4898
3532
2862
3326
2978
2077
2323
4258
2876
2783
3081
3732
4219
3230
6028
3987
3122
2926
3441
3416
2492
2747
2785
2806
3064
3986
4041
4075
2903
3268
2791
2882
3740
3220
3162
2789
3582
3887
3455
3542
3328
4558
3441
2199
3033
3659
3257
3131
4072
3769
2776
3179
3188
3174
4332
3873
4160
3601
4425
3102
5881
2535
3387
4878
2940
4529
3062
3879
1890
2508
4010
3165
2429
3000
5831
3191
4752
3587
5065
2850
2605
3425
3928
3293
3437
2334
4328
2829
2209
3257
5839
3266
2686
3380
4307
4014
3684
2247
4308
3181
3674
3910
2820
3172
3667
3118
3107
2958
2363
2848
3272
3303
3272
3122
3209
3497
3840
3077
2546
3312
2672
3764
4153
4227
3361
3246
3206
4855
4957
2959
2759
2533
3651
3140
3417
2727
3053
3952
2667
3747
5470
3028
4405
3407
5102
3584
3574
3576
2623
2928
4457
1980
3858
2644
2101
4013
3160
4376
2562
3449
2963
2999
1774
2843
2569
2796
2765
3541
3693
3769
2400
3522
3583
3062
3484
4440
3230
3299
4202
4143
4757
2965
2970
3382
4323
3064
5304
3508
4472
3994
4337
2815
3297
2896
2984
3126
4707
3100
2972
4881
2615
4014
3210
3101
2727
3790
4558
2872
2816
3255
2427
3523
2828
3433
2938
3459
4272
4153
3574
3822
4224
3454
3137
5342
3822
3951
3969
3932
4242
3130
2919
3233
2794
3779
2792
3024
3788
3097
2852
3450
4038
4560
2369
3053
2918
2829
3195
3082
2800
3414
3288
3453
3688
3353
3505
2569
2696
3128
2204
3049
3174
3341
3034
2987
2885
3521
3036
3615
3517
2876
2567
4425
2414
3206
3250
3325
3471
4164
3004
4608
3136
3394
2729
2440
4225
3033
2819
4038
2845
3403
2357
2951
3219
2941
3329
5028
2143
4077
3269
4228
3097
4344
2557
4603
4240
5044
2309
3995
4557
3825
4369
3229
3305
3261
3334
3105
3635
3246
2913
2969
3734
2555
2572
3680
2093
3117
3196
4024
2866
3000
2911
3608
2830
2916
2805
2931
3981
2552
3335
3096
2432
2932
3034
2556
3176
3740
3708
3696
5058
2799
3322
4700
3205
3067
4086
2656
3666
2563
2795
5057
5566
2810
5896
2728
2874
2513
4356
3012
3849
1835
3030
2704
5119
2872
2221
4184
4202
3892
3626
4287
3456
4211
3272
3381
2660
3452
2695
4584
3120
5028
4237
4030
4482
3796
2680
3222
3742
3046
2683
2849
4571
4455
2152
3206
2856
3656
3864
3896
3697
2907
4301
3149
5501
3019
2533
3962
3124
4379
4887
4016
2418
2319
2857
4933
2439
3389
3277
4499
2859
2883
2974
3327
3199
2371
2281
3840
3221
3128
2817
2104
1269
3196
3973
2795
2979
3360
2948
1895
2239
2462
1771
3245
2709
1666
2945
4389
2665
2391
2653
3764
4851
3454
3279
2818
2772
4160
3305
3165
3021
2485
3463
3128
2972
3241
2761
2582
3727
2914
2974
2277
3800
2955
2162
2365
2506
3866
3215
2508
2609
3838
3231
3030
2708
2706
2230
3341
3152
2937
3069
5170
2299
2838
2857
3350
2980
2318
3474
4203
3812
2862
2877
2477
4193
3187
3802
4164
3040
2434
2553
2841
2547
3720
3259
3378
2971
3595
3393
3094
2776
2891
2662
3269
2940
2957
4282
2650
19391
2550
3433
3460
3519
1914
5851
4305
2471
2733
2648
1362
3842
3444
2845
3293
2420
2834
2657
2953
3170
2700
2573
2255
2210
2931
3225
2615
3661
3773
3196
3080
3312
3728
2668
2913
3991
3600
3255
2304
3149
3286
2640
3997
4308
3093
2864
3627
2572
3086
4107
3990
2885
3317
2943
2583
4255
2639
3367
2699
2176
13810
3105
4711
2308
2841
3454
3823
3528
3053
3395
2983
2946
3062
3107
2992
3036
2263
3172
3560
2924
2546
6215
3198
2903
3359
3135
2375
3790
3283
2294
3852
4051
3056
3017
2778
2615
3506
3006
2951
1996
5466
3413
4953
3137
2520
2511
2830
14875
3397
2435
3141
3797
2587
3059
2324
2951
3271
2682
2959
4281
2427
3555
3839
2663
2350
3987
3073
3541
2908
5448
3081
3337
3375
2313
2474
4204
2483
2926
2956
2841
3137
2689
3224
2648
4621
3175
3240
2857
4360
2994
2730
14479
3028
2743
3186
2841
3195
2785
2745
3420
3250
3554
3304
3223
4001
2835
2777
2699
3766
2942
3168
2724
3052
2801
2984
3032
2980
2749
3986
2968
2582
2918
2153
3744
3035
3710
3290
2428
3124
3103
2608
2475
2793
2580
3238
2856
2847
3685
3025
3326
2842
2140
3230
3094
3224
2241
2918
2830
3459
3403
2824
3230
2714
1980
2919
1711
2730
2966
2949
2956
2487
2191
2762
2708
2736
3063
2834
3856
2688
2297
4716
3773
2650
3353
3313
3442
3015
3506
2617
2623
2594
3638
3017
2659
3585
3078
2187
2313
2978
2836
2529
3421
2593
2883
3602
3227
2779
3102
2908
3813
3009
4733
3915
2917
3441
2894
3203
3391
2961
2875
2624
3873
3764
5515
2514
3581
5994
3349
2719
2984
4497
3676
4701
2345
2545
2233
3105
3080
3440
2173
2402
2510
3341
2769
2861
3109
3584
3769
3248
4882
3577
3044
2781
2069
3097
3293
2482
2201
2782
2949
1715
2704
3913
2621
3558
2757
2688
3889
2905
2717
2268
3377
3699
2487
3651
3650
2892
2886
3185
2718
4325
3252
3472
5023
3491
5048
3482
3776
6520
3619
2857
2801
4316
4337
2756
3391
3084
3136
3088
2936
2773
2806
3744
2896
2734
2296
3133
4991
3466
3440
18428
3121
3004
2698
3557
2758
3291
3819
4498
3947
3518
2595
3599
2655
2537
3469
3014
3029
3964
2857
3029
3872
2823
3565
3210
2517
4677
4799
2829
3401
2871
4158
2216
3232
2813
3588
3016
3293
3899
2963
2309
3636
3021
4972
2607
3713
2500
3378
2509
3763
3035
3829
3284
2987
3727
2846
2747
2510
3353
2976
4465
2867
3120
2892
3191
2961
4193
3303
3014
3308
2787
3444
3014
3143
3742
2438
2801
3857
3832
3075
2842
4991
4298
3045
3192
3193
2667
3859
5842
4923
2996
2929
3860
4015
2681
2678
3101
2842
3642
1931
2716
2695
2662
4855
2427
3711
3040
2562
5628
5574
3608
3455
2623
2989
2925
2921
2837
3317
3843
1925
2968
4037
3600
7283
2739
3251
2471
2830
5747
3952
4108
3021
2759
2453
3446
2844
3578
4145
2900
2885
3108
6041
5135
2951
4355
2541
3351
3440
3684
3061
2696
3670
3409
3448
3453
2901
3230
5078
2778
3249
2249
3364
3082
3461
4180
3439
2407
3257
2616
2823
5423
2568
4089
2091
3509
2591
5539
2370
3633
3783
4892
2859
3956
4024
3793
15094
2146
3836
2582
2243
3679
3176
3436
3387
2353
4427
2992
2423
3054
3179
2851
4200
2912
4328
4496
3910
2584
2994
3355
4035
3441
2622
3062
6915
2736
2732
3141
2999
3321
2388
4511
3239
3723
2326
4236
3218
3612
2820
2891
2581
3353
4225
3526
2850
3789
2337
3181
2719
3248
2707
3290
2572
3676
2948
2767
3396
4252
2265
7031
3346
3173
2660
4400
4304
7827
3605
4316
3281
2707
2801
2664
3706
4263
3246
4156
4044
3364
2528
2614
3205
2806
3271
4304
2738
3238
4309
3262
3162
4683
2588
2395
2673
3180
2589
3523
2939
2316
3451
3595
2320
4924
2992
2919
3828
2755
3855
3750
3528
2747
2165
2448
2695
2817
3951
3260
4659
4164
2627
2947
3290
3005
2901
3170
3241
5409
3913
2336
2830
2979
2927
3434
2909
3763
3461
2598
5718
3482
3793
3757
2636
2653
3192
2716
3952
14757
3091
3033
2471
3962
2412
3030
3487
3318
3255
13973
3072
2704
2586
2981
3352
3807
3273
3683
2899
3922
2611
3100
2829
2306
2602
3372
3250
2609
3374
3203
2433
2145
1939
3523
2442
2537
3215
2533
2648
2907
3081
3621
2983
2930
3280
3015
2461
2903
3938
3679
2613
2699
4772
3465
3576
3678
3369
2726
3186
3138
3365
2635
3354
3343
2786
2398
2270
3777
2721
3810
3698
4711
3464
3210
3756
4045
4123
3168
5489
2616
3345
3508
2914
2859
2860
4125
2559
3097
2654
6714
2015
2511
3207
3030
3023
2728
3206
2335
3769
2844
3107
2713
2244
2691
3600
3284
2365
3268
2627
2517
4320
4225
3826
3131
2729
2747
2904
4972
2478
2474
2675
2872
4888
3450
2989
3624
3026
3814
3103
2537
4536
6273
3095
2844
2734
2254
3990
4104
3100
3159
3514
2885
4253
3968
2459
3460
3186
3243
3617
3357
2866
2241
2670
3589
3492
2911
3453
2462
4351
2945
3041
2950
3281
5239
3710
2252
4727
3339
4835
3256
4076
2991
2807
2744
4043
2970
4448
3529
3791
2717
3685
3137
3169
2243
3244
2251
3943
4393
3695
4774
2257
3362
3311
3748
2675
3487
3205
2933
4398
2982
2719
2860
3697
2439
4627
3297
4615
2658
2470
2602
2423
4618
4423
2763
2855
3745
19133
3952
2936
3361
2897
2436
2717
4322
6766
4875
5026
3898
3461
4493
3168
3699
3012
2521
3116
3692
4073
4874
2491
3116
2226
2762
2999
4724
2715
3423
2808
3033
3233
2969
3182
3178
2311
2626
4384
4188
3270
3327
4209
4469
3008
3476
2919
2793
2701
2365
2910
3794
2836
2892
3982
3066
3498
4602
3607
2504
1774
3690
3965
2571
2969
3608
3113
3649
3510
18368
3497
3004
4312
3270
4345
3274
2674
3889
3291
3058
4613
3162
2958
2032
2323
3574
2972
3630
3670
4149
3731
2433
2666
3503
2367
2181
2792
2785
3326
3378
2336
3287
3597
3700
1778
3532
4115
2889
3780
1952
3485
2758
2487
2534
3069
3085
1582
3745
2780
3122
4217
3429
2974
2881
3796
2904
2229
2645
3553
4521
2814
2806
3103
3649
3025
3144
2967
3348
3473
3027
2169
2891
3933
3482
2868
6212
2896
5257
5312
3187
2777
3558
4094
2843
3627
3462
5500
3175
3061
3688
3771
5015
3842
3629
3528
2710
2508
2761
3357
2389
3001
3261
2810
4159
2452
2978
2303
2364
2541
4710
2648
3198
3787
3988
3242
4886
3803
3808
3466
2877
3303
3296
3022
3294
2687
2308
2527
6284
2442
2982
4246
3314
3728
3570
4109
3177
2381
3695
3611
3367
2752
2866
3029
3958
3122
4100
2955
3303
2794
2914
3201
2796
3857
3176
2707
3109
4410
2607
2398
3201
2911
4065
2949
2783
3036
2558
2652
2871
2241
2849
3123
3864
3547
3881
3218
2658
3517
3627
4150
3436
2622
2040
5071
23529
3408
8729
5930
3515
2361
3377
3410
1855
3204
6500
2696
3176
4226
2423
3141
2466
3821
3433
3208
3576
2835
3402
3763
3153
3412
2969
2992
2791
2759
3216
3342
3713
4255
2593
2800
3602
4576
3755
3227
2673
2487
4240
3241
4034
3347
2852
2718
3989
4002
3657
3395
3361
3403
2933
3224
3279
2407
4093
3425
4681
3458
4082
3927
3183
3027
2703
7639
3016
3055
3148
3161
2480
2829
2817
2838
3041
3662
3883
3697
2549
3407
2907
4415
2676
3401
3141
2989
3338
3769
2497
2612
2553
3872
3001
3378
3721
3405
2843
5560
3083
3220
3702
4207
3049
3050
3004
3855
3771
3056
2705
3431
93248
4950
3121
3889
3902
5288
4153
3486
3914
2722
4131
4776
4203
2804
3250
2773
2746
3671
6846
3313
3260
3064
3058
2896
3137
3124
3999
3156
3399
4066
2260
2620
2487
2668
2833
2940
2886
3139
5957
2724
3012
2797
2660
3022
3190
4522
2625
3414
2826
2598
5105
3007
2658
4730
2964
3475
4882
6132
3151
2963
2917
2782
3402
3126
3176
3315
3689
3229
3639
4394
3818
4340
5894
4300
5135
4190
2438
4285
3195
2652
4354
4212
4968
2769
2633
3504
3398
3099
3213
2922
3091
4177
3310
2716
3393
3584
3200
2718
2589
4201
4074
3275
2658
4653
2200
2876
3349
2971
2926
3329
2729
3244
3921
3990
2731
2968
3860
3739
3724
3865
3460
3699
3599
3369
2122
3742
3322
3688
3532
3650
3556
4420
2521
4650
2991
3212
2943
3295
2869
2768
2851
2677
2750
2999
2809
2250
2979
2579
3646
5304
2912
2725
2985
3038
3577
3349
3496
2317
4252
2946
2793
3396
2844
2749
2945
3454
2971
4174
3336
2613
3504
2706
2644
2757
4085
3872
4615
2757
3255
3290
4372
3204
2746
2884
34671
4697
4947
2237
2745
4795
3494
2624
3728
2737
2788
3229
4409
3107
3885
2578
3252
4327
3143
3376
4685
3413
2880
2720
3117
2704
4933
3832
3082
3932
3558
4184
2591
1941
3419
2875
3620
4395
2400
3874
4291
2661
2917
3203
3744
4362
3195
4528
2980
3596
3098
3413
2891
28162
3744
2384
3627
2945
5667
4301
2592
4407
3458
17462
3245
1361
4324
2955
1927
2805
2644
3463
3040
2812
2659
4689
2905
3516
3763
3585
4182
3317
3850
3894
3234
4070
4301
4121
2812
3038
2520
3128
2928
3976
3193
2998
3613
3109
2203
3079
3002
2420
2590
3580
2743
2934
2516
2919
3089
19747
3934
2472
3881
3077
2362
2849
3010
4842
3815
2798
3708
2427
2218
2673
3158
3466
4128
4271
4240
2884
3166
2850
3311
3851
3039
2379
4548
3474
3862
3332
2494
4022
3508
2667
3154
1587
2681
2608
3585
2759
3023
3658
2950
3680
3191
3158
2562
3387
3283
4868
3056
2442
1797
3075
3887
2873
3193
1920
3109
2776
4540
3005
3215
5039
4583
3271
2750
2776
3267
4526
3331
3069
4139
3890
2461
1889
3703
2861
2787
2853
3474
2813
4262
3582
2947
2229
3702
3156
2673
3732
4667
2901
2673
3184
2857
3889
3434
3913
4516
3180
4397
2701
3441
3345
3232
4008
3706
4095
3279
3265
3317
4559
3687
3243
2831
3849
3657
2189
3397
3335
3063
4604
2606
2062
2536
2704
5180
2797
4303
2593
3878
3046
2743
4080
3413
4562
2686
3409
3452
2799
3195
3028
3081
3115
4067
2254
4128
4157
2003
6156
5695
3682
3494
3934
3512
3250
2747
3975
5672
17289
10009
4008
4512
3201
2413
3340
2955
2698
3343
3958
3483
2475
3474
3363
3302
3514
3204
3061
4693
4305
5566
3052
3408
6300
3428
5166
3369
833053
3996
2423
3114
2952
7205
4623
4995
3100
2718
3106
3784
2493
4531
3467
3566
3530
3663
3373
2337
3182
3180
2582
2703
3728
5538
3290
3097
3186
3551
3519
3642
2608
2818
4528
2746
3136
2855
3096
2665
3519
2947
3144
3003
3229
3492
2588
4531
2987
2962
2937
3424
4224
2689
4113
3137
3455
8632
4040
4053
3061
4408
2953
4467
4675
3896
2694
5881
3151
3203
2609
4601
4211
4294
2542
3763
3196
3504
3562
2588
2904
3101
2902
3400
3185
3827
3929
3594
3122
2493
2732
4116
2749
4040
3282
2974
4660
5039
4123
5222
3299
5806
2558
2964
5261
2991
3346
4080
3679
2513
3298
3573
3031
3146
3106
3371
3860
3476
3605
2801
4211
3823
3106
3207
3357
3709
3919
3982
3837
3129
2780
2776
3884
5684
2758
2684
2691
3127
3230
4283
3212
3682
2413
3332
4238
2838
3484
3476
2527
2475
4646
3037
3495
3355
3096
5131
3107
2924
2783
2644
2941
2852
3743
3279
2907
5571
3105
3951
3418
4385
3596
3685
3195
2814
3434
3916
4594
3902
4659
3888
3648
3462
3330
3526
4028
2663
2798
3116
2904
2826
3283
3566
2640
4127
4461
2360
3140
3124
2528
3070
3232
4858
3214
4144
5045
4349
3624
3219
3600
3252
3330
3014
3591
3297
3997
2686
4487
3684
2925
2914
4170
4140
1408
2849
3000
4886
2623
2690
2951
2674
2797
7403
5144
4717
4743
3571
3374
3653
3301
3290
3201
2217
2384
3078
2693
3883
3729
3510
3508
2234
3654
3166
3031
3120
2884
5163
3234
3507
2607
3686
3515
4401
2858
5896
3147
3136
2787
2694
4064
4221
2647
2739
3516
2811
3884
3428
3429
3109
3162
2077
3903
3750
3507
3912
2781
3609
2637
2859
4317
3099
2636
3832
2821
2944
5249
4289
1459
4330
5211
5171
3683
3886
3523
3094
4085
3309
3395
3223
2853
3419
4518
2629
4323
3698
4334
3261
4610
3283
2748
3475
5332
2508
3649
3352
2763
3039
3601
2395
2493
4575
5377
3914
2271
3937
3771
4042
2926
4078
2468
3163
2495
3630
2821
3607
3439
4692
3465
2695
3293
3030
3459
3223
5290
3040
2453
3923
3178
3608
3888
2326
2281
2560
3157
3199
2624
2784
3780
2690
3896
3565
2532
2537
3255
3363
3027
3235
3253
2831
3649
4376
4372
3660
4359
2996
3055
2764
2426
3982
3048
3240
5055
3699
3462
4068
2743
3578
2544
2395
3081
3459
2639
4797
3732
3153
3479
3054
4549
3124
2413
4112
3718
3695
4854
4863
4177
3849
4148
2005
3337
3892
4295
3113
2876
3355
5847
3824
3302
3591
4207
4057
2149
3322
3608
3095
4021
4570
5328
3016
5265
2585
2488
3482
3782
2975
3678
3142
3618
3155
15541
2913
3908
4968
2424
3065
3662
2785
3278
4277
4556
2561
4007
13170
3676
2098
3598
2823
2912
3054
4794
3320
4676
3033
3293
3222
3031
3289
4532
3017
2938
4972
3531
2837
4231
3878
5071
2653
4218
2741
3924
2839
3377
2945
3667
4495
5211
3596
3573
5659
2993
2769
2588
3946
3213
2074
4497
4507
5557
3152
5071
5568
3363
3367
3653
3579
4037
3764
3014
2082
3720
4517
3075
3628
4454
3300
2897
4328
3554
4031
3507
2919
2514
5118
4579
3215
3267
4145
4222
2848
2738
3670
4101
4189
3412
4667
3204
3892
3204
3115
4605
7692
3253
3555
4383
3367
4257
3384
3775
3413
3608
4611
2877
2571
4311
3173
3920
3933
3322
4207
4237
3582
2372
2541
3332
3291
3122
3161
2933
3414
3941
2718
3957
3284
3116
2992
3816
3301
2989
2477
3510
2544
4360
3190
2730
3249
2906
3067
3338
3217
3885
3220
3488
4965
2435
2922
5156
4276
2901
7417
4443
4150
3233
3377
3590
2636
3355
3502
3227
4415
2960
1801
3121
2976
3492
3419
2729
3189
2880
3173
2950
3510
4836
3064
3084
3326
3056
6105
3047
3589
3646
4129
3214
3062
2883
5676
2964
3910
3644
4745
2786
4308
3062
3900
4994
4248
3092
2974
3487
3886
4236
3041
2636
3413
4067
4535
3115
3029
3057
4070
3153
3589
3160
3905
3656
7191
3108
3244
3102
3722
4345
3689
2703
3306
3434
1699
3083
2748
3523
4039
4273
2718
3453
3535
2796
3326
3727
2869
3529
3921
3073
2849
3697
2980
4063
2730
2722
2820
3026
6018
2807
6023
3704
4412
3186
3196
2524
2765
2708
3823
3384
2885
2462
3359
2885
2764
3207
3309
8082
3521
3037
3499
3795
3848
4316
2359
3249
3276
4779
3492
4300
2283
4150
2959
3067
3495
3531
3465
3955
3787
3196
4217
3543
3117
3199
3103
4108
3915
6173
3700
4903
2932
3413
3086
2619
3497
4659
4387
2869
3851
3675
3009
2977
2288
2974
3738
2932
5009
3090
3734
2860
3112
3653
3380
2774
2634
2792
4538
4112
2745
3236
3554
2772
2875
3622
3205
2796
3483
3291
3872
2499
3272
3473
2843
3294
2938
3510
2453
115476
3326
2939
3270
3353
4745
3111
3133
3781
3589
3353
2881
815
4026
3340
4266
3003
2947
2746
2830
5114
3594
3594
6493
3074
4301
3314
2689
3362
3345
4160
4623
3092
2616
5722
3580
3967
4460
2336
2592
3898
4027
1929
3995
2828
3463
3063
4193
3094
2513
3209
3911
4836
2965
3733
3673
3299
4543
3319
2814
2822
3152
2678
3668
3148
3051
3117
2737
2553
1847
2569
3602
6638
2753
4030
3122
2985
2921
2997
2619
3702
2614
2792
3773
2861
3639
2421
3680
4299
3120
3579
3040
3004
3305
2468
3948
2661
4873
3398
4077
3064
3123
5191
2941
2802
3136
4173
3145
2881
3470
3616
3211
3010
3628
2662
3969
3002
2889
3536
3389
4063
2956
2924
2603
2627
3752
4458
3586
3204
3023
3301
3014
1754
3915
4537
5501
3904
4951
3689
4008
3937
5725
2422
2841
2747
4471
3381
4849
3438
5878
10272
3741
3640
5082
4121
3582
2761
4883
3300
3149
3974
2716
2844
2878
3805
2751
3247
3430
4021
2410
4722
4251
3786
3838
4104
3483
4075
3053
3892
3315
5156
4187
3159
2883
2954
2734
6491
3718
3180
4063
3488
4495
3732
3035
3916
3173
3533
4137
3717
3364
3021
3196
4880
3100
2774
3125
4403
4033
4432
3372
6491
3898
3798
4916
3701
4538
2966
3245
3109
2692
3061
2987
3587
4308
3671
3242
5844
3584
3435
3643
3885
2727
3278
3402
3046
2872
2448
3083
3115
3932
3913
2810
3182
2622
3530
4037
3722
4779
5143
3045
2716
2793
2903
3454
3131
2824
1880
3567
2902
3016
2133
2672
3078
3288
2675
2679
3211
2650
2561
3721
5426
2808
3463
2997
3642
3694
2087
2729
3199
3169
4093
3147
3499
3858
3039
3953
3126
3044
4608
3806
3499
3609
2915
4619
5346
4753
4010
2654
4870
3763
4330
4279
3671
4052
2988
3592
3088
3652
2401
2179
3212
2906
3399
3641
4480
2931
4526
3425
3938
4114
2594
3874
2789
3522
2935
3511
4573
2570
2957
1933
2992
3355
2890
2953
3220
3405
1995
3223
3676
5244
2529
5074
3244
2985
3111
3312
3888
2622
2624
6469
3128
3371
2889
2973
3102
5735
3974
2907
3325
3191
4661
3487
2825
3775
3612
3166
4057
4437
2794
3765
3311
3117
3286
2606
3725
2916
2527
2688
2456
3503
3371
2843
3385
4306
2544
3678
2693
3502
3090
2924
2382
2790
3329
3621
2996
4063
3749
3083
3494
3219
5714
2984
2767
3203
3513
3674
2815
3083
3051
3916
3829
2708
3219
3606
3153
2220
5764
3796
4003
4299
3264
4788
4049
4641
2560
3504
3609
3911
3649
3431
3046
3656
2889
3662
3879
2760
2674
2798
3125
3953
3037
4056
3304
4179
5351
2631
3377
2377
3369
3681
3846
4356
3034
2827
3336
2605
3694
3272
3928
3342
3315
3033
3854
3429
3312
4709
3481
2693
3567
3675
1441
3041
3122
6051
3575
2645
3231
3717
3268
4483
3974
4294
3545
4102
3693
3642
3725
3734
3540
2990
3677
3052
3002
3439
2871
2924
3376
2838
4085
2916
3958
3693
2580
4413
3409
3541
4213
2868
3628
3519
3482
4523
3383
3767
3336
2730
3492
4301
3780
3818
2979
4194
4066
3608
3165
3856
2760
4333
5840
3177
7653
2859
2204
2689
2888
3058
2840
3300
3131
2992
2733
3634
3392
2507
3704
3449
4394
3028
4739
3652
18279
2901
3951
4063
3158
3710
3574
3477
2211
2876
5164
2289
2715
3046
3223
3858
3137
2910
3153
3268
4418
2607
5197
3096
3991
2617
3421
3011
2554
3622
4004
3032
3426
3302
2932
4540
3818
5630
4204
2660
3479
2812
3094
3656
4256
3092
3114
2991
3087
2821
3875
3704
3722
2887
2515
2957
2343
3988
2827
3202
2800
3877
2451
2703
4627
3930
2896
3138
2700
3630
4805
3207
2180
2912
2752
3947
3555
2999
13907
3916
3834
2754
3087
3377
2926
3571
2507
3432
2877
3526
2524
4469
3715
2862
3679
3224
3464
3880
3344
3184
15972
2521
3785
4176
3974
3040
2867
4622
3743
3922
2746
2822
3051
3695
2683
2851
2684
3137
2852
4185
2781
3627
2771
4121
6782
3252
5581
2607
4238
3873
5281
4989
2956
2578
2917
2947
3409
3263
2765
3011
2512
3122
3152
3620
3738
2287
3670
2570
2596
3935
3120
3035
2803
3048
4098
2998
3176
2536
4184
4669
2362
3027
3304
2718
2492
3194
4574
2519
4721
3505
3061
4147
2704
2719
3070
4557
2782
3045
3433
3191
4552
3576
2828
3262
3570
1784
3179
2941
3374
3722
3718
3145
3103
3285
3593
5055
3418
3263
3004
2686
2452
4346
4143
3725
3328
4706
3666
2285
2910
2835
3037
3565
3465
3623
2677
4454
3269
2235
4240
3628
5263
2733
19023
3586
3680
3019
2856
1836
2531
3132
2661
3050
2768
3216
2633
3045
3140
19151
3122
3266
3113
4246
2946
3276
4762
4396
3078
4490
2936
2950
2925
2739
2719
3031
3066
2929
2583
3317
2804
3346
3841
3045
3241
2797
2991
3377
2860
2701
3161
3257
2847
3361
2991
4231
4970
3043
3798
4558
2921
2682
3932
3061
2750
4536
2860
2666
2717
2923
3618
3261
3318
2875
2672
3619
3764
2727
3886
2872
2975
3641
2642
2578
4221
2339
3647
3373
2949
4482
2967
3218
2947
3087
3186
4539
3601
2721
4063
2792
3664
4979
2167
3632
2531
2037
3225
3193
3438
2735
2383
3228
3216
3685
3137
2145
3422
3214
4273
2669
3046
3793
2947
3340
3470
3163
2748
3447
3170
5230
3488
3067
6959
2751
2461
2891
3608
5202
3079
3247
3751
4059
3752
2811
2620
2561
3451
3575
3375
2285
3449
3290
2788
4376
2795
2715
4529
3369
3003
3666
4859
4253
2813
3702
2822
3265
2777
3541
3012
3455
3124
3143
4660
3924
2769
2540
2766
2172
2053
3532
2393
4817
3707
2998
3328
2673
2296
3137
2945
3491
2397
4364
3528
3565
3003
4282
2054
4266
3782
3163
3378
3039
2329
4413
2860
6998
3187
3487
3524
2720
4326
3517
3926
4100
4192
3115
3288
3886
4694
2490
3522
5813
3671
2644
3881
3383
3388
3246
3669
3266
2825
3291
2920
3580
3780
3577
2373
3367
1988
3841
2416
3244
3682
5254
2827
3013
2969
3009
2961
4076
3428
18579
9007
5126
2706
3967
2521
4143
2508
2171
3111
3640
3210
3661
3089
3877
2923
3730
3371
3036
2786
3784
4315
3105
2987
3303
5699
2186
2730
3884
2745
3431
4844
3006
3544
2763
3369
2971
3096
2662
17750
2703
3319
6017
3800
2778
3365
2542
2817
3961
3465
4272
4164
3586
3990
2965
2917
4508
7521
3453
2896
3744
3716
2605
2870
3585
3565
3981
3072
1997
3050
2649
2781
3298
4440
3195
3454
3152
5047
3360
3458
3025
3772
3632
2903
5760
3770
2446
2816
2786
3132
4755
5603
3567
3584
3638
4971
2990
3019
4254
2519
3013
3242
3004
4929
4518
2724
4586
7893
2505
3186
4175
8385
2588
2935
2750
3450
2743
2930
2660
2754
3568
4111
2891
3529
3084
3625
4170
2727
2746
2909
3791
3443
4842
3320
3088
3170
3119
2867
3904
3564
3462
2858
2320
3074
2764
3078
3239
3381
4340
2898
5800
2769
7174
2798
4968
3406
5690
3354
2974
4018
3773
3324
2392
3757
2836
2793
2880
2805
2984
4051
4904
2880
4666
3318
3073
3768
4590
4911
3368
3116
3399
4561
3501
3830
2662
4052
3250
2733
3404
3313
3159
3869
3397
4666
2926
3091
3058
3210
3620
3684
3458
3685
3163
3387
4160
3516
3801
5006
2862
2824
2548
2995
2662
3777
3193
4801
3344
2271
1959
3346
4633
3351
3771
2690
3112
3664
2315
3174
2558
3519
3726
2840
5674
3654
3309
3895
2837
2336
2615
2798
4861
2733
4570
4872
2741
3592
6033
3217
2251
3037
4176
2851
20273
3891
3165
3392
3530
3048
2993
3369
3342
2939
2710
4359
3522
3531
3072
3540
4372
2322
3715
4588
3142
3091
4257
3205
3962
3071
7760
2869
3234
3204
2636
3356
3057
3486
4472
2353
3376
3688
4132
3433
2818
3334
3184
2759
2635
3269
2542
3045
2258
3983
3424
3676
3181
5154
2541
3194
2590
3137
2902
3794
3156
2725
3027
3391
3741
4025
2663
3080
3925
3834
3410
2940
3141
3499
3703
3565
4735
4335
3026
2388
2295
2728
2861
2857
3729
4393
2953
3303
4211
2521
3567
3385
6815
2134
4225
2867
2999
3477
4208
3507
4012
3453
3558
1977
3752
3205
2504
3285
4531
3492
8283
3751
2665
4076
3913
3276
3393
2997
3349
3529
3161
2441
3631
3429
4590
4064
3808
3961
3125
2328
3289
3942
3289
3387
2435
8954
3987
2896
3650
4549
2739
3354
2762
2579
2516
3267
3118
3146
4677
3858
1922
1630
2470
2347
3393
3527
2999
3574
2497
3028
2646
4251
2765
2936
3721
3159
3044
3435
3640
5067
2786
2034
3190
3229
2820
3335
3221
4046
4072
2570
4983
3263
2803
4269
2794
3835
2428
5285
2247
4265
3403
3154
4408
2603
3723
2065
3314
3170
2841
2835
3570
2532
3106
2156
4104
2558
2816
6509
3215
2739
3750
3037
3211
2803
2185
2793
3716
3060
3169
3307
1792
2963
2890
5203
4303
2890
3127
2884
2115
2373
3006
3089
2854
4422
3436
2983
4147
3149
3912
2702
3307
3466
2666
2822
2145
3048
6591
3687
4327
2533
3572
2064
2750
4804
4920
3495
2036
2607
1851
3207
2899
2453
2567
2922
3993
2710
3146
3724
3524
4183
3509
2441
2961
3039
2633
5049
2716
3698
3576
4619
3433
3331
2806
5681
4186
2640
3349
3373
2253
3325
3781
2973
3668
3166
2619
2810
3253
2872
4194
4002
3284
2916
5050
4290
2187
2515
2785
2718
3063
3216
3085
3102
3040
3666
3037
17388
5046
2723
4599
2776
2695
3359
3074
3043
4170
3534
3494
3002
2939
2827
2735
3695
3629
3207
4094
2927
2719
2848
3441
3372
3780
2519
3761
3690
2875
3088
3884
1949
2380
2819
4208
3434
3051
3598
2891
2608
2564
2041
3745
2936
3470
3123
2778
3373
2826
2372
2441
2573
2478
4618
3773
4005
4399
2581
2888
2492
2729
3067
4197
2801
2990
2674
3594
3177
3128
4751
3843
3510
2787
2454
2369
2703
3952
3872
2701
3358
3152
3204
2795
3124
4495
2109
4262
3250
2129
2857
2213
2607
3515
1724
3788
2792
3563
2362
2972
4296
17719
2959
5831
3154
3215
3465
4246
3615
3588
4166
2772
3116
2422
2498
2336
2683
4286
3130
3000
2527
2642
1761
3290
3947
3278
3050
2603
2370
3906
2882
3392
4849
4811
3077
3116
2988
2793
2291
2891
2391
2712
4450
3978
3898
2943
1895
3826
3173
3037
2461
2783
4318
2931
2794
3248
2151
2981
2734
2748
2978
1996
2190
2401
2417
2617
1599
1868
4081
2587
2988
1923
2631
3249
3433
2259
4076
2446
2231
2504
3389
4344
2644
2748
3208
2861
2697
3253
2799
2577
1904
3647
3740
2502
3243
2999
3369
3171
3679
2738
2644
2543
13991
2490
4053
2231
3566
2879
3129
3187
2875
2471
2271
2554
4403
3876
2647
1811
1937
2580
3908
3974
3390
2094
2304
2601
3242
1702
3302
2008
2990
2647
3723
1988
3589
1683
2908
9725
3127
2288
3703
3519
3264
3281
2783
3796
2620
2596
2088
2625
3151
3634
3604
3759
2935
2460
2912
3531
2999
4584
3641
2381
2728
3456
2513
2665
3318
4336
2660
3013
2675
2453
3314
2820
2214
1954
3107
3607
2198
1932
1930
2352
3317
2257
3050
3678
7318
2682
2279
3204
3042
5041
2977
2643
2568
2187
1901
1967
2344
2642
3296
2815
2083
3923
2140
2165
2503
3352
3061
2071
2897
2617
3022
1434
2825
2882
2973
4204
2426
2239
2289
2957
3122
2196
3365
2847
3007
2554
1806
3042
3741
4237
1648
3137
1792
3683
2773
4107
2307
4355
3168
3633
2338
3187
3979
4486
2483
5816
5828
2330
2054
4229
3123
2091
17494
2586
2499
4104
2381
2904
2406
2984
2674
3503
2777
3728
3417
2800
2554
3075
3684
5090
2201
5788
3170
2839
2688
4234
2570
3580
3531
1450
2621
3182
3285
5018
4327
2938
4700
4744
4448
3142
2548
3964
2140
2642
2809
3125
2891
2383
2857
2427
4464
3543
1794
3161
5447
2129
2099
2641
5669
2721
6697
2281
2426
1649
2328
2604
3557
4639
2729
3513
2620
4873
1955
2449
5285
2248
2834
3691
2341
3880
2973
3107
2678
3228
2061
1820
2316
3329
2724
2232
2201
2493
1028
1897
1607
3996
3059
3289
17317
2373
3600
3639
3094
2800
2473
3410
2578
5132
1916
3477
2620
2563
2199
3214
2848
4238
2414
3693
3373
2820
2842
2280
2640
3859
2536
3180
2036
3843
2859
2324
2697
3202
1979
2304
2687
3331
2797
6576
2613
3637
2328
1953
3150
2925
2841
2329
6065
3102
2988
2863
2923
3374
2585
2568
2847
2157
2562
2640
7613
4581
3423
2578
2148
2148
2376
1974
6099
2780
3448
3470
3593
2429
3237
2412
4492
3171
2478
3287
3868
2451
2560
3426
3362
2638
5736
2446
3401
3043
2926
3363
2148
3513
2442
2531
5423
3456
2585
2728
5112
1810
3313
3017
2505
2957
3957
3754
2625
2925
2682
2049
3304
3880
3336
3361
3766
5438
2367
2749
3021
4113
4751
2569
2710
3010
2461
3549
2380
6420
3188
2033
3498
2706
4886
3955
2819
2582
3168
3455
3637
2774
18507
2264
2989
2615
2841
6085
3412
17820
1465
6330
5031
3432
2015
2442
3854
4676
3634
3501
3750
5001
2894
3033
2434
2748
6303
2950
4286
2449
2547
2962
2509
1459
2785
3248
2163
3477
2815
2155
3290
2703
3669
2779
2795
3847
3008
2835
3031
2577
2387
1819
4869
2701
3436
2079
1652
2563
2613
1399
6013
2254
1736
2514
2801
2724
2470
2623
3585
2662
2027
2587
3060
2790
4255
3249
4809
2840
2754
18416
2638
1869
3082
3445
3495
3794
2336
3229
2963
4587
2950
4021
2724
2372
2355
2516
3928
3050
1645
3875
5592
2269
2446
2563
2474
3709
2905
4326
2556
2845
2183
3187
3763
1884
2942
3320
2136
1607
2344
3450
2305
2383
4103
3877
2460
2338
3016
2348
2218
3228
2461
1792
4323
2379
6022
1347
3641
4631
3904
2354
2725
2424
3210
2756
3062
2627
3091
2751
3276
2042
2733
1922
3128
3382
2708
2118
2884
2396
3531
2803
3971
2904
2160
3120
3332
2243
2409
2631
2929
2479
2552
1755
2723
1713
2687
2827
1822
21639
2461
3734
2653
2430
3252
2348
14143
2990
1958
3351
2046
2633
2343
2766
2787
3178
2247
3025
2163
2987
1582
2835
2192
3445
2061
3489
2759
4477
17507
2051
2249
2684
2386
2508
4016
3575
2450
3613
3059
2415
4462
6310
4560
2806
1998
2539
2278
2516
4314
2666
4374
2453
2670
4132
3313
4239
1868
2917
2556
2520
2645
2688
3744
3245
2468
1916
3001
2763
1800
2011
3839
18601
2456
2286
2250
2246
3243
1832
3570
2008
4138
2682
2959
1691
2064
2968
3122
2817
2326
2642
3012
2618
2107
2751
2965
2836
1485
2675
3244
1818
5553
2293
2568
1946
2303
2576
4376
2459
2782
2742
3896
2121
3275
2482
2869
3334
2316
2505
2191
4235
1918
2113
2458
3427
2550
2864
2345
2497
2861
2350
3360
2641
5491
2261
2879
3991
2182
2578
2005
2855
3134
2559
2648
2181
2503
2236
2134
2632
3465
1846
2253
2388
2504
1683
2490
4063
2592
2767
2041
5459
3036
3473
2182
2588
2937
4483
2568
1965
2522
2687
2882
2029
2274
2166
1871
1911
1864
2388
1637
2835
2292
2202
2758
1694
2421
2967
2024
2265
2329
2960
5427
2627
2483
2664
2298
2072
2539
1884
2423
2663
2732
