20056164
27682269
38865453
24932408
16070141
31455923
16983485
487572
26232450
25628846
13870696
13098063
25937485
44129354
24988042
24476149
10407273
16428265
24104094
17873426
14817231
13277118
20262494
33296390
11789002
19233955
20061359
18911589
15518801
22161611
18813387
26751395
15465645
16191127
42086942
17639352
16516221
24407218
25374213
11930332
20376979
24876209
15779999
29163248
14420804
12218122
18374362
19568956
10436247
11744925
11673829
9701100
18936115
17514135
15840335
11241345
11424755
14154605
15409194
24425623
17056304
15255176
10871214
22564102
21845974
18133976
14832880
14264760
10873410
14877763
11182343
12780637
16191777
12985468
9680295
16365369
12580400
18949460
28119801
21925326
15239623
9454174
16726846
15828638
9068401
11703661
16061126
15320958
28839471
14486668
9935298
23184283
11085471
15174671
14747159
12986466
14980574
18098048
11938755
11833403
10256817
16050899
14656498
14529651
13400016
31100139
13839666
17004514
14814342
15678814
19312575
12095312
10273778
17437807
20036639
17858134
15159999
30963851
14710321
49108406
19147269
24604511
12375734
26991559
21113924
20022400
10054269
15173370
11152870
10576860
20551232
14546171
10806904
19201517
17304438
26339794
10543385
16326650
15682209
15511146
864397
16647583
12549857
12050438
14392305
23122382
28280308
13992128
25733394
25392598
13125891
12825863
13722718
33447154
15225343
12998913
18927602
18588665
10943123
16075511
13553841
14416782
20020094
10763114
15013383
13612187
13444589
27276590
8266657
14334065
18600615
26410238
16062902
19516301
31846217
26886056
13484313
10910500
15025033
18146700
15437758
13760227
16105949
13523466
16245455
17201867
27571030
18640294
14586593
19611564
13625877
15059103
18792818
12072331
23779408
41915647
14896384
19307909
15489925
25410291
12072916
18506856
41380587
15344643
15262183
21155722
11146440
17626007
32016879
14244861
17023467
17907878
10595491
14937035
24206660
16589273
15678930
39517065
11604457
41273764
19248702
13289739
13563918
17106245
18611159
17740993
33868304
12573143
31120518
18632798
18032158
16918966
33266203
16704872
16222381
18378075
38459329
20713959
20776584
33826738
16115702
16730516
10429305
15456175
15022150
12955461
15781901
18728371
29262614
22410423
14866411
19139972
18498282
14629656
15531943
10692669
30005091
18724135
13965729
12322243
13997384
11504023
19180576
11644535
17507331
15209403
14499765
18329968
16753156
16847793
42973486
16921352
16298836
15026696
38013217
40670468
17985365
11323594
17035653
55763466
45258950
23888853
14380522
18529307
18532688
18051420
13901115
20771510
11943674
38834283
22828235
13913835
8464260
18185987
17686121
39503877
40845900
18749112
17415188
45983172
13070251
13135662
18569561
17947004
16524392
22312639
13825815
15012570
16095213
20938968
17717440
11970500
19690593
12199973
22206211
19302754
45493917
16753741
18280801
12549283
13308618
12509896
11271797
12955465
13030742
11492488
15663869
16811904
14725170
13887406
11125902
12823672
18306066
13184684
20468992
39398545
17664987
14248218
21589267
19032078
14734227
14072474
12324157
15541899
17662016
16457733
15512003
17426626
17020694
17774491
25243612
24746484
19083038
16643775
37178949
19637987
12427226
24618019
25124762
19978966
27380118
17940193
21907397
15603125
10574916
21267681
16092647
16860299
22887901
17227493
12202760
19573073
14698038
40108238
23684213
14105780
15131112
14249288
29811627
34442680
23634791
13968917
37395867
16961116
29856000
26322394
20187332
16828238
15855645
17445162
28666686
16101694
12917005
16047902
44070539
20458382
12137090
19611113
36876184
36313029
16058839
18289402
11674116
15564960
12945306
16196574
17284507
16000280
32745315
15094535
16484710
12614659
13609430
17906740
15098810
19450835
16596159
16184905
18981701
13221842
14987831
12710950
11287099
11147070
12072817
14597580
15173882
10580418
21856744
28895792
18491868
27819718
15265127
15253092
20387784
21721064
14362485
54900695
18285245
13610774
22463923
16944694
29533820
18918741
23467219
16273769
25524144
36596783
19512344
16021236
14387329
20675398
15606012
16875383
14424452
15483673
22736751
15050413
17699504
24055987
17577941
17950618
14869355
15536722
18673705
16755087
13784133
15156157
12578932
14560065
18904001
13304227
14808391
15935308
11129674
12301281
13679561
16880667
11367469
13881718
14561887
12527204
11496007
10671535
11095320
15857360
14636480
14195715
12990942
13530078
15986916
12558988
10417204
12826412
15872441
12958129
9529313
12566249
10928457
10647898
11950202
15537297
10915073
12561519
9556857
10866038
10898236
13304047
8920075
14966276
14047321
10903243
12371461
13349707
9952061
11964856
17600813
12062653
14294969
12026704
13252567
18174674
12982158
11581789
9575613
14001834
16684172
10800273
10889956
11955730
10894563
12769651
23563687
10203062
12240079
12084179
14575904
10530772
14082162
10603745
11907744
12491945
10439889
12505378
10478115
10965418
11961167
10003837
14066111
11715943
12233691
12422209
13289645
18022433
10271399
12586678
9814085
12858974
9801511
12790839
11496291
13131830
10886246
9222263
16696136
9859328
9510998
13584910
9659742
13347131
16038099
15331127
12894622
10238422
11236444
11602017
17974351
10529763
10009661
13447656
12346263
12261636
11406618
12094827
10674412
12946513
12565655
12308278
9464549
11030925
12065514
12036740
14706967
12621835
11488954
10517715
12225107
19156514
14014456
14680063
9645220
11192846
17990137
10598837
391385
19074783
19100218
12336870
16600040
34568325
12464772
31216134
12705554
18780801
13980401
23748594
16041826
15232981
15635596
11867297
13985478
15448547
22458317
20631999
14383851
21045784
23860567
14180028
14681831
21525441
14835034
11572454
11654723
13340091
18448442
12445658
11267258
14912792
27259027
15848142
14747125
13908052
14467066
14318335
13529566
33020207
17310489
9183041
12181774
10639486
15162237
15493196
10013215
12205932
21779997
13405525
16473104
15105682
26108861
13734935
16351780
14940463
13714504
15837642
12073763
15436229
11258773
15313488
22706651
12900944
18391333
12234422
14681274
16634133
27462549
28210885
13112190
12001046
18352521
14345280
26999755
25377902
14868639
12330167
13113410
15564142
13947462
15254885
21119834
12969920
32577134
11474173
22741587
12234056
21670522
18222866
14616090
20428377
15610844
15480531
14087152
14527501
38467461
14420239
12189826
33805842
13102104
14816305
19801187
30999144
15008495
14528157
12284047
13167151
14458150
10256478
15149230
14612614
12855400
15843140
15579595
21174001
12310732
23031088
14176635
10122629
11565174
12842322
15805287
10806016
11098642
11897230
13319733
9321151
12118699
9150494
9915395
13205568
11850767
11849030
9369433
26553722
10563513
12553181
11984069
12532244
9742356
14587038
11767825
10966750
11119580
10244582
10086477
10839514
15600527
11825621
11680099
9937601
14112360
14428852
13374406
9783904
11172347
12065374
9780960
11968558
10265561
11370541
10676729
10350329
9024872
10083769
11276906
9429131
9447727
9530471
9634681
14076528
9396555
15968745
11780640
12093555
10489803
10838937
11746482
12669435
12795483
13952681
10344205
11308440
13478467
10589841
11135895
17297560
19061159
10797529
10028438
10872285
14059936
9239292
11733759
10773412
10150182
12023846
11069621
10694977
12364142
15596491
13517119
11240637
11854340
12223885
9935619
9642840
11947640
15595885
15132296
11265309
10738344
9742169
10669590
11188074
12206496
9725636
10153218
10222142
11517446
11083370
9906308
12589081
12537123
13992502
10590842
9790470
14834951
11583862
14710331
12129973
12405581
11446407
9874281
12440625
10375047
10753083
9849799
9537832
10595269
11104864
11101021
14245172
11575310
11345434
11097053
12740136
10473072
12514163
11667705
12159448
9589826
12635860
10127610
20943606
12923702
10083320
10211846
11546125
8769632
14564021
9359360
10797163
11759099
13128472
10252809
9581008
9519305
12031684
9986939
11112185
12065736
25848005
10510098
10716328
11342826
14206641
9871478
11916910
11616133
10717119
11568062
9141057
10583421
12763034
11536332
8820615
10611619
8099474
14759474
13965845
11853848
11173886
13086394
10229613
11488611
8130681
8474097
14558523
10141668
9848080
13976468
11169627
13403367
10137555
9604147
12002007
10746850
11063807
16220127
8624912
13128769
12953330
12004778
25431651
11700364
15901643
10246135
12250565
8799756
13201197
12687287
12062995
13690426
9498681
9877902
10007707
17158720
12375691
12772534
16571503
10375139
12786899
9572198
12273450
8476271
12043280
11722057
10568256
10080178
9490687
13032494
11664751
10226620
10427095
9986247
12017666
11297960
11275178
14502282
10975383
9201998
478727
13495068
16102400
15278840
14259533
11536690
12734932
26691445
16480181
15259124
14797110
22653156
40163441
12800868
14689431
12985562
15445772
16395244
13205113
12262176
14653385
13810775
15829603
17909741
16577187
16892370
13096026
10391479
15161667
13630144
14991410
14354156
13998438
11593635
19014685
17796406
13044107
19101530
13519546
20680388
30269333
27434999
25230159
14987825
14439168
14127077
13164617
14105845
13728065
26624267
18699175
23843950
17873976
16793001
15208914
15002787
14837857
15656239
24368437
15896923
24407600
15638311
15822148
27628042
13503427
16135356
12858252
14153326
20235908
16910533
17161582
13886388
16811976
46414718
13918919
16699920
13046149
19858019
22051472
14528070
25451839
16220484
13737773
14425319
15521293
10034419
14393702
16611713
11426987
14205887
14040474
13263391
19025617
51264001
13746880
12035656
24911210
12068099
13013874
17463505
19171715
15819969
14303484
23380526
17069835
12446759
13624743
15541084
13559514
16052798
14996617
15655860
12788615
18008286
23892680
11999467
13245893
28648203
21762317
14944977
13331930
15350147
27549551
14247386
15203616
13303912
10585174
18684292
16579827
15940246
14562088
16359903
15724284
14865741
30036766
17524962
12773022
14854302
21980581
15298565
14809083
11520312
15677334
15965857
14202192
13268513
13466635
16708319
14612618
12531956
14006942
15857468
15225622
16955832
16747898
14952508
16644375
13669688
14552144
13727413
14753486
25325533
17647670
15097385
12749653
12212668
15607698
15147138
17997738
11234363
17042760
16994618
14293549
15697934
14628082
13892972
15031496
16933517
14229662
11617090
20139711
16626651
17266773
15012795
13179869
27320291
13106707
15028200
12053162
22126295
11561377
17004016
14405475
19416360
18238184
10922488
12103384
22470450
16939277
18759772
14770067
18415783
25852600
34371930
12615728
18507541
13326710
13082056
16249588
15723001
18318832
17294755
13395009
15210616
18755455
13179440
17704840
15975557
15383405
17178099
15678926
14906067
11268787
13047453
15626489
12079774
12658088
14494375
13986237
17063882
14184605
19579157
13715836
15730782
18263371
15935422
17676378
12238068
27960068
18765338
12217463
16040854
10653688
15204652
15010261
15219004
11667372
12794409
32494022
15771841
11719683
20622976
13463289
27754813
12732409
17774538
11753351
29713962
15203982
11626742
11704901
13969292
13054996
16827536
14670025
17300536
12613598
16117588
17955957
11202537
10460963
22023543
24988062
14420743
12624158
13854594
14698419
26698290
28439244
12798904
15622492
22258995
21393981
29812424
12372035
13556495
14219041
15003558
17631091
16652617
14453847
15341585
16696424
15241209
15986882
13418209
16363986
15199061
16536127
33395367
10812544
22108088
17362447
21205545
23530958
13100696
12749654
13597401
13973136
17117900
17845312
21366128
14395401
10934535
12403329
10460383
14118104
14495389
42831247
11434076
12566591
14163455
9481987
289976
13390705
13132217
13777393
10909896
21064924
14524203
19640196
17290908
14583329
15582501
13913374
10357321
20898433
11665610
28258997
14879392
17056491
14500435
12370288
14151617
15377507
21311027
13812645
12125762
18977294
18461214
18404739
9348742
12721041
23209013
15394776
18952323
24111654
18329680
21984596
17478049
19977279
14172971
14771233
17507020
22343794
15627593
21317748
14257445
17317942
11310428
14920947
15414337
15175265
15732583
17692107
13471609
13214441
18760824
15461969
20678796
20329159
13525580
15357197
17958539
14502364
25807031
15932183
16466778
19365525
33671438
15426214
21037777
12400838
32303032
13542196
17821091
12191949
13826054
14447186
22072200
15852400
14911296
18444845
13438449
15163001
17451293
17327966
15321203
14463854
11321722
15943624
16362205
17448431
21648696
16917849
12887087
19425284
20864499
21486170
13304268
24323367
17637227
18542426
15464456
15381098
13382830
9692474
11661281
12697650
9665729
10732164
9818696
12296003
12701843
12758527
11532636
11045042
9632615
14333323
11132095
12344568
12657473
13306138
11139873
12140689
14070958
11844587
11327226
10337385
11205940
12625915
10796394
14007802
11305685
14235798
13465487
10930743
10151145
12018402
10586312
12459115
13820057
12112829
13132034
10807227
11396087
10675001
12927994
11320925
12962391
11256959
15670785
11540558
13662641
10967242
28875692
13098282
12421387
9485388
11846858
11455876
10697032
11761026
11538599
11583107
17338942
10810456
492773
11478307
23482353
12286461
19393969
15977375
12116685
12190483
10216524
14268243
12835906
13742777
11574522
14625733
12469681
11388004
14055785
12232223
12023879
11497822
11732984
11135777
13196097
9513708
11384176
13093086
14221811
14431384
11394843
538603
26227138
12996598
16383544
11912310
12268009
11320916
12811840
10500722
10543570
16019931
14750191
11802729
11072328
10920275
15838640
15607255
9477880
13471223
10031172
9584069
12806175
10692022
11979901
12108944
13631178
15053321
11659159
14072801
12779122
11097385
11308275
12196811
13048328
11923575
10694237
12195435
9853108
13869409
13439461
11502253
10284235
12326279
11380297
11582219
14005954
12176762
12144004
11848156
11941814
11420754
10414036
12179063
10281192
10871182
12954748
10092661
10733852
423626
15584077
10063542
15956135
10360376
9259124
11091024
12137547
10043086
13850201
11443088
10881821
12217804
13538273
10654288
10099486
11251571
10599693
13148833
8805012
9438718
14099630
12946535
13860154
13879947
10250291
14753698
12258354
12013079
11211822
45188148
14514223
11376849
16139905
12631691
11916869
11812498
9772727
12770487
10620382
11962403
12527181
11834357
11060418
10660022
14663420
12659297
9623546
9173918
10915532
10623051
12689683
11259903
9031735
11827342
10940509
9506915
11798897
9743047
9757114
10033720
10291800
10299187
11842894
11845337
11354526
9618080
10549572
9933483
9235713
21477014
11348780
11049842
10000507
10105337
10847391
11736267
12208654
10721890
11988523
10595548
9995365
11676146
12191999
9537215
8799655
9390726
10000410
11375058
12104829
11271100
9727544
11181305
19762968
10584889
11943785
12065544
10529979
349861
9922071
26414765
11749581
19242882
15034339
12613091
10951448
10050451
15337071
9062890
12953418
9795938
9104928
9657594
8825508
8991639
9997680
9288636
9293255
10500279
7640052
8181538
6572688
7536262
7673897
9405599
7135285
7350181
8658115
9562616
8323196
11660074
11206099
12722356
10594767
8462336
8971231
8598467
12490175
10516668
11219115
13023245
10775911
9549254
15702857
13607978
11075260
9799999
8459536
11299577
17188520
11659709
9778340
11616003
10987083
11715643
10541079
10224013
10154281
11142563
10985113
10688457
9358839
8888330
9595245
11912387
8471287
9785030
8214282
7731281
6750134
9142898
6652185
6295120
9606096
7071434
6605727
9054415
8454646
8731600
13549861
10197559
10602080
9096023
9939347
9334346
7852295
8538066
8511476
14721024
8306174
9678474
11617905
13309905
10429190
8639827
12874303
8934863
9458630
9228136
7999186
10333455
7685396
10734891
10255962
8825906
9108845
7143581
8783211
9057584
7874415
10150790
8454863
8490238
12500924
10471054
8167826
7802873
9893155
6585182
14211577
11908641
9333754
8132289
11183493
9846616
9993029
9393748
8231579
7553288
6565116
11945948
8647150
8621512
8431130
7500355
9044893
9635264
8812204
8997835
9592330
10146007
8253299
9537464
10437127
10431729
12326529
8972558
8661861
9961709
8501029
15603162
9340211
9345821
8751590
11479403
8023100
9554940
9307200
7511129
8465160
12156739
9008255
7955178
9682969
8468811
7132121
12688781
9206559
9636867
10156177
11303636
7647227
8249201
8635204
6619128
10663475
8321013
5851639
8071994
12073334
8714171
8440194
8649018
8067719
7266554
9059128
8217105
8795498
9496081
7625810
7509498
7144864
8517631
9484128
11346324
8262373
10701676
12448968
7479008
8319201
9807191
8734879
9588823
6941019
7174092
6998472
8175928
7667671
11488837
6584087
7589195
7873738
8254071
7603901
8701801
8003888
10808704
10223348
8672202
8984338
9415611
11767954
7625150
8766373
9628735
30901497
8138876
9055685
7805389
8040409
6555619
8746089
8092826
8798284
9862440
9222865
13462106
8323086
8700794
11310992
10686470
12453732
11348665
9605082
7386938
8019589
9894507
10213967
9990641
9265766
8943554
9552421
9055526
7683662
7712025
8180288
8458910
7278873
7062325
13884250
11173821
8619608
7117287
9137174
7189641
20874748
9523308
7563914
9562576
9933024
8782672
8056954
6822802
8005275
7788772
8592982
11205250
8929545
10658114
24722339
9646399
12497679
7200453
9397682
552685
8911143
9893068
10285749
15512595
7786916
7675955
8224230
9115947
26288199
10471479
11297208
6668586
7860837
6211557
6604828
8609227
9734429
8712441
6659522
10638158
9501830
10544564
7278274
8530007
6265045
7693942
14967853
7231006
7951080
7205822
7099034
6791149
7820679
7101633
9062109
11227272
7610341
7620481
6345594
8965564
7012176
8388136
7895055
8025740
6478771
8823319
8617458
9226290
9969770
10277471
7727189
10482122
8348165
6339471
5981954
8150503
10592471
7138660
9239536
21316002
9337151
10659914
9039407
9808742
11178490
19077426
15217040
9095955
8810721
9319021
7160037
7445677
10629202
9666816
8042715
11563914
12110882
10459697
9159921
7279021
8005134
8685132
9606862
12123675
8419560
11757196
8195215
10771383
7994103
9172728
11275555
8448999
9394727
7956886
11297176
9890319
11096082
9538757
10048768
16547607
16496694
10090861
9278487
7242943
7929233
9924347
8220739
15527385
7425992
9054123
8933007
9658795
9881002
9496040
10298445
21953607
7582589
9371542
7690186
13479774
12704400
7884951
9205110
9437116
8029751
9913080
9127755
10046280
14048119
12778055
9112337
13651024
8876230
12195258
8870854
14797631
8265056
7256520
12840504
8217544
8937837
9479404
12744491
7582450
8710263
10940536
10925433
9812087
9963596
18942780
9759616
7887407
14051901
9623121
8043978
11798239
10338425
13487851
7060388
10701105
9515432
10257482
10292132
7507984
9657785
10334406
10676316
24976313
12864716
8070800
9397180
10446191
7835803
8333967
9844105
8618112
8247357
8524459
7549913
18166505
11157067
9740503
8806304
8994468
7686342
8947758
8918257
8521899
9549785
12302837
9675649
8737366
10385650
8870038
8841501
13524000
10424374
12610352
7907681
10618354
10454272
9626233
9583962
10607195
9510277
9176222
12246618
10054559
9255846
10197516
8716365
9926638
10257517
8277672
7519964
15829941
12372331
9568436
443244
16159354
15382727
7884769
8599721
9786135
8533006
11562246
24945889
10291348
7789767
11925832
11648970
13528535
7365089
7359508
8772124
9499436
12197665
11684236
9647030
9281652
9578657
10204071
8848822
10499656
11594395
10185994
10768930
8626404
7196490
8901464
9270040
13690936
7664562
14043876
8391610
10052636
11190384
8945807
8450038
7713877
11568170
8984485
10131508
11572240
12215639
9561337
7500009
8600200
7926615
7488403
6913092
10071775
7834212
8751837
8539758
9220246
9927361
9676048
8097768
8976943
13759771
10195935
521157
11665898
10246618
10980397
11128267
12258036
10415323
9524539
31822149
10939825
17937007
10769109
9503854
8408538
8342510
6995047
9859176
9313702
7244337
8930060
8276786
8523418
7541708
9252709
10747364
8365316
7801625
8204419
8508131
14381050
13195638
8085039
9873473
8986287
9848109
10226607
9420291
12720145
9710636
10753610
8563129
9539475
8679090
8157450
19389517
10097735
12988592
7950168
7666390
9305782
8922310
7675588
8906666
8269267
8833051
10543143
8856253
9018811
8853928
8911964
11678923
10548843
7427166
8616161
9445668
10380747
13686737
7172079
9046980
9877077
9609878
8125521
10922195
8242513
10508981
8434230
10603217
8897123
8296352
10616631
15115410
9635591
8055979
8793027
8392326
12234644
9001539
9270271
9981485
8273259
10696676
12325401
8069463
8839284
7540153
9315056
8260794
8207530
7960516
12985219
8761713
7499649
10203915
7834762
8710636
7562803
10192772
14084659
10189911
11477536
10140885
9120973
8406841
9588401
6676669
10055679
9261003
8287362
11741373
9957394
8609579
8485580
7876521
7564000
9802193
7690611
9676904
6905867
7722533
13502259
9429263
7612689
8495935
8331967
8065353
8395604
10794687
8627292
7566355
13323754
8038557
11805617
8375258
9607130
9135466
9908639
8244622
7222469
7827799
10564132
10500832
8576797
8743866
8901034
10103503
10654288
10196639
8583838
7098692
9589303
9585876
8879232
9762034
7968122
7736588
8233090
11399976
12135941
9549343
8619345
10856787
8662553
7512498
10981414
8320082
9555459
10749621
8309570
9925383
9897864
8319532
357951
10297872
8506846
7358257
9147673
9276135
18280371
8404154
8687667
11016470
10107068
8439846
8121776
9735669
9023872
14670077
10895634
9457904
11646013
14279629
11082949
10569195
10322358
12057499
10485784
13339814
12920855
10587492
11369547
11420278
12640201
12077241
11420771
8833848
13744830
16474939
13007411
11930769
14400667
11176185
16617670
10966934
14890580
9189869
11455780
12703944
15481031
10742272
9742649
10554947
10576566
7817438
9047840
11708465
10902286
11478492
12125545
16220874
10709211
12243097
15168367
12071374
12362454
10338024
13699364
12636636
16422921
11605480
45725852
13764683
15473010
12016397
17566635
10836873
10978550
11200305
14289403
11091581
14932905
16490009
11959034
11365710
11251951
10185425
11798483
18914500
11485714
14062110
12948529
14566418
15063050
12516215
10860883
10814738
11746358
12359147
10939396
14709741
12709937
11961196
13265459
9784281
14440476
11425095
10865009
15742297
12047011
13873544
12144022
13214600
11746175
11281955
10436939
8831561
10580126
10109710
11929817
11742955
18621810
12106589
476009
17984569
14710990
8185245
12772158
29167356
12314752
12828386
14209017
11298507
14831681
10802462
15745236
8526030
10549591
13254497
15712026
10877182
9189489
15026176
15123326
12357603
11600219
12671980
11529932
12391193
516649
18371401
11692536
15321053
12682955
23774942
19733814
9614510
17560414
12967435
14320351
11860298
24761561
14714488
13388318
15297910
12805961
17095833
17321830
13110412
11308035
19129123
13457410
14226886
21736295
12636185
14757982
17714618
15847672
11932038
13974902
16187004
41366426
13579183
12814700
15075010
14383611
10814147
12394524
10773366
12961910
12475503
15294836
11362723
15718548
15473508
13084758
9300209
12574825
11371544
12417776
15306179
16224093
15125733
12542645
13193436
19466486
12415075
14240768
38584211
17875231
17183300
12784373
14684961
12302773
10255024
24163322
9870444
13888466
11930223
10396378
21996687
12994839
9955816
13761741
15614689
10826332
11848716
12237830
10269958
10619757
12734343
12518661
11651326
14741077
23547535
11469425
11103525
11673699
12222522
12111340
12510302
16314986
13395144
9810086
17522029
15214772
10592774
14447253
10930293
11082709
10321585
16299599
11423550
16784954
10923232
10085551
10872713
11154806
500142
10688009
11906183
39296670
19335736
19816489
16170812
23984167
16145898
14676834
18616123
17270906
14494321
16952846
15558403
13078421
13871295
13313035
20118507
15756373
12261607
9608027
26433808
11357882
12902640
12629355
17120039
13528554
15423783
10718001
13451947
11379180
29706900
9868014
10335291
11285284
23330156
8657046
13360006
13795602
11308152
8842162
11541764
14122721
13395172
12916848
13850985
14104269
15356189
19872337
11149986
14087332
17550138
29168885
33799559
19548153
11513199
14458443
15433024
14355597
19390998
15547742
19124587
15636071
18425960
11144918
25061278
27047939
18233148
12369260
12678133
20008177
14132619
11721891
13673317
21657965
15494702
21302972
15654658
16106402
11679299
12614589
16727975
19743796
15284274
14442865
20202103
12243825
14511676
13047864
16694501
10431021
13346244
492186
14732609
13439613
15127578
16913485
19634428
25941586
13946727
12406499
15883094
15999774
15245808
16194658
16295368
17676882
14651128
16418661
11568608
10790552
15362554
15554358
14476366
25507113
17757728
14240631
14631576
29846759
14707470
12860490
15031630
24656498
14878968
17171188
12428939
15368705
15974636
24122381
24870216
13007320
11804384
19220177
27641993
18490958
13684979
20197801
16299698
18614015
14671033
17593480
13995262
12499576
12816377
18965184
12333513
16137321
16644688
13445684
15195631
22705515
11171772
28586369
20320234
16078012
17224535
14315071
13602275
13785851
12716941
14047959
12974065
28635679
19040347
15560857
14794638
12727177
16836586
14454199
12363596
10786531
12024629
11776490
14779647
13188714
14979431
37200209
15198209
22238295
10852922
10393074
19469386
13461796
12551016
17781035
13059590
16035597
13506243
33104256
12017404
13269196
9964450
10946541
12956571
12510788
11021479
12229876
11230328
17669768
12755439
9878660
14006043
12444359
13886975
12682885
14332435
10971048
12698375
14351437
10087603
13285892
14716533
10005605
15349134
15248387
14268629
12628228
13616549
12083980
11361282
13166588
11003606
13231055
12603480
11724017
13947397
14488340
12768746
11212375
11877800
28000121
11855341
10970647
17520878
12899571
14527687
12679108
15812141
12286835
11794877
11008830
10577850
12711761
9760332
12132169
12798337
16057574
27090228
12473420
11136438
15200238
9981986
19143705
13773255
13770464
13774893
11842456
10564588
14326878
13328125
8525053
11255716
13205413
10188679
14416754
12531760
13083167
13750193
15988598
15925758
11093141
10812993
10039593
15132920
11830527
10884345
11595202
11586062
10507076
12660554
8987164
10829884
467482
8650003
11419832
17723380
13219501
10582500
11412737
18882405
16256012
10799395
15429457
27215360
27803396
12197372
12945041
14120844
23481506
21645721
14915707
13240122
13005540
15820348
16033851
12693189
14276101
25278716
12281560
31840510
12315485
22986170
13471027
16115666
9784554
16839344
15394346
14749070
11548945
18856582
16612826
12586059
11508489
14408399
14242840
16636765
10657658
13098912
15809481
18580552
14394393
12075278
10888400
14343110
10667861
13298898
14734925
21499861
12747167
12837327
14506532
14552962
11515903
15467499
12852532
12987789
21939878
14938744
15617725
12945578
25609209
12888016
14736324
11023105
16006398
17231201
18370502
16827583
18391994
17698046
12585223
15717585
12932940
13128562
16077309
15385428
15570909
12851958
16626912
34472486
15934889
11952152
13182074
18561185
23222842
22973331
19324090
22547859
13676000
15487302
16014400
21230319
15533939
15331650
13370301
17894345
15418061
17278780
18740088
15160018
18253082
16985821
12286559
15100059
22994724
20354318
14561690
18183036
17229793
24299030
16368501
16754314
17464414
18014351
31863626
23326837
17902758
13762169
21018740
14276463
19399622
15950324
14148251
16384267
14986586
15030887
16330218
17184537
11166349
14648884
13982327
14567603
12565819
12223966
20377339
14163322
18074504
16991584
15066228
18544531
13940830
14194828
15901968
12724017
13975586
18978467
14526881
14968175
13333329
16219102
16364378
16378221
12148637
23796332
14889798
12535472
14966863
19843607
19653235
15507900
24648714
15543537
22029673
12798098
22058751
14255102
27040551
15495679
17076910
20445161
24751707
20661595
15318321
13326599
14046929
15310861
10965026
15254213
14209029
10349193
13525942
13370093
15063838
19369022
21350023
13732015
11091482
18049310
15847860
11518999
18952372
18177846
13011110
12603537
14689039
10649664
12719024
10236978
12114402
48910953
13589936
16673198
10498685
17223517
13253450
30002203
37156322
13769234
15404723
42913522
15618261
13451209
10827854
14528287
13305731
12501648
12604674
17001980
13584551
43069585
25418033
13189626
32159741
16454453
13752148
12141825
16183526
12241000
13744805
12075119
13186662
15782895
16287685
12266521
13429304
15582608
11382415
16463304
17202632
16815583
14383626
21794559
17890317
19415614
17773875
23688581
35619438
16257062
77595002
480034
15586389
21423384
14295081
10192065
14810976
13473110
12755913
17541849
16872522
12487828
18871839
14989195
9751983
17623525
13317035
23618528
15460443
17573373
18178656
17302826
20918669
18851911
17411430
11223598
16915205
13246252
14615225
18355291
18013242
17340690
13311528
12243563
12867870
23877711
33399075
29257894
15097566
18812759
16698911
12871708
19625188
14416012
24183135
10655579
15023605
20171954
14132953
21008757
13196909
12955916
15288036
31630736
29075708
29633567
36352895
50392097
13493624
26831463
20252790
16759537
12589828
14693784
12864381
20388904
16889794
14236923
25028656
14958895
21682718
14700677
12223204
11978961
41873272
12431132
23580084
37510885
19014435
21590560
32832221
14808919
15209929
22823622
27744183
25097244
18716872
19707532
15106557
13107263
40445046
16050060
24414645
18380497
16534786
22732377
26378100
10365870
15000156
14928362
22100064
15848339
12638716
20568331
26309932
31968158
38639308
18791915
31246987
20059939
17404132
21068187
22735183
27648954
16861445
45744858
25822403
14062991
22428598
19551438
18055096
24072625
23944353
11298877
27573784
9796962
11036031
14259613
31985186
14799962
25199240
12852667
13633687
20835559
17414266
10857919
15791419
18476012
14919829
15401571
28867874
15873088
12672336
18758052
18473619
23692985
19031109
19312995
17081541
15616101
17034575
21021145
10649492
28714845
34692794
15268745
18297959
16638420
14337114
501756
16297924
19602113
14228976
52573735
17260672
56445107
18060109
30225223
13881937
12754985
24975505
28820411
23058075
11514005
20626746
15708885
21454041
17953300
18505537
19183059
16109921
18401834
12016657
18314605
15522478
16174896
14602402
16351760
15870044
20703027
15563223
10785822
23978500
12940142
14026798
24280712
22272953
11765951
16689008
9637420
20314849
14884645
13476802
17524311
12423024
8245981
14774740
15070369
14887645
15993407
13853690
12608660
15902372
14545577
26554510
12731378
12725817
14185971
14626684
15580503
22733854
14423095
19938247
15942174
17853362
16773904
11265176
14809771
25028012
22324526
14917939
12394289
19404868
31518661
16631848
12497656
17140658
25812424
16768908
15478739
13503042
10077202
14170264
15445149
31038394
15467242
12574868
11740935
24577285
12701503
11694438
17212809
14692014
13145190
18391168
21908664
11012208
12458712
11296846
21613015
9814152
13101935
16708768
11962774
15303797
20124079
21274819
11973811
13599304
25439934
16358472
10177885
23039420
13491855
13685206
10149335
11615122
13551792
10032006
16108458
12704401
10161989
17741939
26434191
8921843
14970878
18046399
13009284
12412249
14293605
17257089
11605008
13278089
20942315
34765955
13039841
11120303
10399484
16478356
18590947
9065395
22301850
11050945
16235948
18104077
13692503
17019958
12367713
21839304
13307585
13010170
12074171
11844922
13223275
17220972
11358731
14258498
16210087
21666284
19609583
11174020
12717019
12854692
9325107
22138064
11707797
12268816
13912572
11773572
12711648
10113106
9401230
12716578
11913277
551652
11008572
31266805
15382716
15064187
48020680
25165816
13993537
38263610
18087777
16127996
13153633
11969348
10922763
10801237
12635251
18111910
14684316
10868008
14811393
13116904
17446098
15086564
11272122
13195503
16396308
16299881
15978100
10732320
8696297
13841543
13986755
11417925
12007205
9310524
13159371
10699146
13968118
14368676
27472571
11288488
16955986
11616825
11646294
11097253
11639385
12082356
13031818
11594282
11860450
14709663
11531074
7931710
10289430
29121702
15121504
8966652
14358869
27791984
11396923
12075483
13405617
14801558
11635873
13552123
15907739
31053244
33583063
38643702
27333690
10670896
25955094
17199333
18319750
8302922
17696772
12112289
11992228
10960447
16276314
10812411
15237048
13412640
10825471
14509253
11892334
20949126
14912549
13581980
11468785
34029434
14340864
10111900
9046501
11942083
20777824
15506953
13823846
13523996
10043350
10267983
21867042
11737948
10638479
9531186
12035567
30871987
13164619
13706977
20538022
23899902
19769642
28696492
14107127
10273824
12688812
12743557
10097990
10456881
23194924
15772059
16124076
14965132
12239887
11892371
10617516
25068166
11307778
9704860
7898761
10212959
16432685
15809612
12597558
11370619
15588050
8493841
29713759
19360722
14506894
10054817
11567130
11922320
11498560
9772727
17273953
13450598
10783709
13749721
16085659
8835955
19403667
12528336
11266443
12360811
12484042
19233915
13093350
9780278
18799339
11636995
8735880
12973607
10680333
11277006
19016947
13595186
9863944
14059635
10838622
11170751
13081412
12721450
12911649
10128243
13108930
17372666
10211480
21064256
11929590
24586035
12124717
14733071
11383558
11053575
11675638
13375456
12287250
11885653
11259686
12573600
19126763
14580362
9065873
14350324
12965267
13573080
14501467
23485526
10893100
13221861
21588452
9794716
9389201
11938057
11848118
14773939
10394799
14432470
26226010
16430364
12272784
13331526
11285330
10016417
28753269
8670794
12859699
10760598
18133073
11573731
11908449
30939781
12262369
10162943
10659880
14543556
9691207
13875997
12501190
14604891
14848007
475619
14419250
11139089
14092317
39132890
13485122
12447608
30791825
12298184
17238468
11577468
10783164
11464979
11399730
11934967
19357747
10858004
15886457
17222832
14105558
19556757
11504184
10719590
13975494
13170904
21596088
14683668
11372688
10005744
24354696
13067937
12014027
12878878
16184937
14395150
12101039
7403415
13108689
12463973
33798679
17818781
12191068
8350307
11439890
13590731
22704799
13980670
11389112
13224414
10208917
13129773
14221827
12463668
9918955
10612589
13590508
31566365
20850113
10571958
12012842
8601838
9264699
10863640
9645865
12445752
10517617
10624421
13179897
12558988
9960206
10284457
11503739
11895037
11508251
9008007
18020505
11257173
17251382
12861907
468270
14247890
9533856
18699042
14938845
11061449
15709797
17259874
16097870
11570254
12319357
15325013
22263855
32282190
17846325
17258934
11737156
9475129
20331115
13455845
20697847
26896724
20417493
18522727
15147720
9611432
18396058
10008332
37986547
26068882
15829899
11027032
473946
8760091
16030549
13742111
10394331
13892048
16224334
21615282
28297907
435392
18413125
9152198
31398820
12107007
9437335
10559291
11016806
11127020
31407255
12243155
17185237
15585194
29200390
18673715
33476517
15583227
12393978
16717852
13087464
18399794
26579611
14388231
10047550
15547430
8959069
12737370
8695434
11930964
10618424
8239449
22124916
16517249
13367092
14072677
23732064
13996696
11562014
13775620
12683778
10732269
13382636
10945578
16243439
26115805
16418240
17404101
10149413
11248478
19988231
12297604
18208942
10387524
13286647
14497035
20523096
8887622
17292335
18354306
41109183
14842628
20798114
39427712
51604627
413553
16418801
13745283
9933714
13572974
9974655
10851591
13623072
20497523
24315335
13299682
25191826
41366805
16088744
18939010
40265980
15300427
28940522
20043932
14911950
33517441
18408679
20685711
12238909
877142
17446067
11266690
13311777
30592596
25469927
13108192
26224658
31686235
18655661
15480407
16551129
34983846
17049187
23469610
17572012
9903226
10447409
38349147
17055393
24881669
25878003
26556582
42389185
22574387
9882775
19383926
31458282
23886968
16489940
18972954
26361193
38658715
26961747
33012735
13500130
56082399
13513433
12719206
16661054
18409213
29961481
26334023
28744971
14025851
15655467
16661265
33601798
17266221
13840515
20817260
16894620
27184152
21374780
18005993
14666518
42511964
23971207
17709177
18316696
11303227
28634222
34619165
38400018
32852421
18616264
17125813
32226467
15681484
17275893
14599082
36740715
24104649
19382245
16171801
20428092
14035361
46050580
16444013
34574651
22254520
10678619
20245718
14990580
19915846
16072379
28349935
26196829
20765964
25802928
34896490
17362745
15978886
30040864
15965324
20622396
40412147
18706358
21265370
15422207
19841760
28614794
63506015
21379727
15984447
18740163
26020796
13581806
23348399
18827377
19408287
48383507
39090227
25471615
43899075
15669153
18948141
13987065
32730915
24364145
14410380
14984279
18458864
16844729
15851087
18742686
42616427
24487508
16449928
21842570
17003614
14850337
35295390
13481675
28554684
14978953
13233096
22873598
16834645
28096958
16216360
20983802
26546868
16211386
20364919
15825314
10570838
10597842
18825661
12898153
13594978
9029285
18024416
10405022
13541812
9979817
8988351
11720043
10375312
8778030
9059700
12511501
13047664
13216561
19611560
12558016
11841844
14186841
15408847
14745671
14303046
11546302
14846425
15037739
14682937
9045092
9902495
17776127
10252318
21921624
12672751
11612734
40265586
14395544
17401335
15576907
339304
25178392
18721034
12849504
10135396
17350988
24509150
15720172
10439929
11849334
12628688
27519464
27040509
24894708
27951007
15581861
35677677
38581485
39007402
13027928
18981675
36350547
39287731
11263940
21486058
28848981
27136013
52045055
26260855
20580707
15329380
23378769
18085758
19207483
14986069
16914145
16881914
21914716
36560551
22349835
10614669
15643113
14683827
31408697
13662775
11424944
14363087
13702606
51585268
14875536
12152061
672016
16389334
19328092
11869164
18113395
13887329
10458778
17832106
17479823
12600777
16433096
15342198
30893398
18641151
11484446
12779081
18969360
19418392
12689840
10241745
14487541
10569455
26271421
15170827
10130492
10216606
12855205
13723530
9414546
10507904
12072519
9881859
12413251
479625
21151576
21139429
20785113
26103073
29703543
20022671
25464276
14595119
17697780
34217396
18922186
13203730
15017659
17327282
37218655
32409689
15613502
17798720
10789311
18559856
20977546
18100084
17262856
14658369
10758141
12215221
9550396
9650226
19533296
19747509
10874574
14875041
12502601
11551903
11190207
27490720
14100567
13585564
9184153
22562119
15189129
10419828
9497098
7882472
10478195
14905320
12631982
13697919
10897313
12658950
20811253
9294836
8687685
17233223
10065174
14406856
15643061
9866855
14367592
32855746
10015732
9824613
9605991
10405803
12511392
13172539
10977116
11684983
12884538
14203989
12140738
12121676
11016946
11913776
15116943
17908581
12391402
9742364
13800918
11697944
15178089
12896993
12026269
12683355
13740957
15932228
11076873
11665769
20724354
15722996
18038719
15649423
11159343
10289783
12107313
329886
30615388
12087031
11576112
16517423
48481643
31329004
48201362
16567635
30594830
21045089
20562999
15603073
16414148
12314109
13788940
14378012
21280923
24206050
23503116
27681188
21072390
16732542
17003451
19850442
25584275
16613113
19622434
19111564
15338304
13148020
14416065
14706692
15335558
22307989
11912723
9500440
9336257
11200693
15907430
12760102
11306423
10573256
10190390
14956248
26085720
19718807
13620870
18902911
23870002
13781516
12400317
15352408
15847318
13816476
23672473
39697726
13866526
10183430
16295141
22543617
11618188
10233504
22023702
15221489
19945065
11793415
8442960
10976764
14694464
15401156
10984489
10012484
18847022
13217734
13186733
16831604
9613204
14380681
12249066
28393592
11435808
15674679
34353779
19658326
24068951
9020964
8379225
17974118
9362091
15184434
17073447
12354459
14058290
16602399
10725827
12555782
12755136
7618433
13814542
16038242
16798717
14984463
9720365
20242625
11655462
12022343
26598691
9719700
11914826
16912012
10294044
10357208
12421180
17000467
12184456
13716931
11911796
10108225
17140833
10919595
12655275
23706814
12700029
19281525
12413863
11009403
11641122
12497805
9136768
20825741
11068629
15520649
17350306
10430878
22500561
11020827
16684630
9080670
10648062
41897911
10384356
12999185
8722147
29347762
24175938
13240678
10644773
14726478
8855151
9881712
11924562
19664465
14893931
11196622
14252121
16578823
12544455
13583278
9210939
14818210
10218488
10554727
11201829
10981459
30541368
8658464
15846221
10299743
12219363
11919083
27674107
14119430
16359732
14756389
12003812
8940096
11424358
9392452
12742481
14047368
11650108
16424496
16310854
17407514
11812172
11198551
15618136
11875573
13158189
12477303
13356868
12228030
13234209
12403124
10059469
9308137
35841728
10744707
18856163
10463475
11027445
12043589
10285725
16727100
13662801
14668273
12947692
11451436
11984565
12199481
17252190
8555695
14146251
8773506
11728057
8941531
9473472
12536958
10295793
16522537
10593658
12630341
10816746
11858486
13810901
9587203
12235080
14808132
11383257
12720569
13391451
11950387
13485194
16089251
12964475
13460816
17448981
10970014
9557654
17841650
13243042
12330656
12303832
17485850
9845035
10820340
13341529
8868077
14748853
10400118
10465431
11866367
11087009
12597783
10442621
12144915
16861524
12861292
15924061
12207392
14493893
12213421
10460710
13127653
10875006
17546979
15458281
12033057
16492580
10662805
13803435
8945476
9442542
17869685
11566327
11489903
13711956
9104566
16991497
12629741
14262870
11645086
12377480
11974822
15079480
12782486
13154685
9653000
13395329
10868419
12924525
9501078
14448533
11091377
9737342
13872880
9360771
16626230
11041614
18078465
12617537
11116531
18431556
11774262
12428255
17856034
11179913
12557393
10869445
12694130
24828133
13370344
17212161
10413512
12051131
14407377
12446302
12156296
14518057
11991013
30249593
10549418
10296817
12716717
16863774
16991133
10632909
9249213
10655407
11976196
11061788
9213428
11170489
11907075
10340720
13983069
10556971
12854444
18758525
10011905
12668052
14759788
16846754
8677552
13332049
13413883
11167935
13068751
18874778
11796549
12712375
482359
10875551
31335837
11349335
9829861
10766431
14573133
11360831
11417151
18061491
10734428
11327688
11311576
13798789
37715416
10999280
10303861
11348526
11296496
9595665
20210576
9453767
9239558
12540226
9180868
16203650
10474921
8932031
11722969
10563612
21451321
9527782
14204229
10474072
18372732
13314185
12811179
11085096
20273894
12043076
12188050
12942165
9853765
16428846
11555470
12621741
9954130
10952663
11210437
11464796
14098256
22093291
11111352
10844157
13796832
12186005
12293361
8983536
12565895
13206962
11824415
12217895
18983700
17593689
12750635
12128366
9936525
19868688
12902072
13741260
16872789
14144902
10197179
10433554
15607961
12237346
11790011
12354549
14106675
16147677
12339913
10070313
12392430
11577780
15649139
8845450
8433654
16041229
12984103
13535589
14521595
11160746
10313869
12015156
24673877
17078634
10318278
12216490
10541653
16533297
14134595
10198202
15945142
12040022
13555544
11142316
14167777
8905675
12264464
11033879
10111929
12703757
12195098
11453085
16504517
13471759
10260408
11634699
14595432
15929516
14732306
9419408
12331198
18320015
17019463
14952020
10576914
12322789
9689753
16551681
9389937
11777830
19519587
9100313
11986720
8659109
13778706
9931424
8954806
12670874
11466625
13147964
10272977
14011220
13106827
11263798
34982028
8097118
12828277
12048261
13499300
17891864
9861464
12406233
33813387
11415230
12708446
14384908
12607656
18020297
11497740
9199916
17058615
12264826
13767769
10449094
12146254
11110868
13599918
13316703
12858480
10866779
10435684
9897984
15279718
16061657
13387810
11742233
12880758
12796488
11448431
14303409
12339507
9886874
11525271
9733154
9880710
9091957
11854650
14018818
18943141
12277702
11393954
17411418
12792621
16344735
24991093
11960796
14282219
12263789
33463969
11448403
19980052
14464299
14917923
18967184
12579749
11976940
10789498
12974138
14972859
11318678
10777097
11121896
12238073
12264762
14101156
19033378
12248374
10661002
11356186
14911133
11204352
15614869
8915744
13183765
12035371
10524742
16547987
10532147
18812346
9340219
13085456
9290316
12704412
13676089
12392127
13980118
13564195
9702877
14744464
11235563
14691528
21734012
16948392
12127416
9797979
9815676
11217823
9714569
12149156
9281629
13936344
9993817
20960734
16436272
13017895
12075604
12439648
9056111
22696869
9991290
14632890
10142598
13202973
14857812
12790483
18336575
10359449
16683113
13031274
13243122
10954378
13714152
19406084
12009911
10923405
12815621
11311749
15676722
14375026
10782049
16884906
12282510
18743634
10370285
10491858
14080542
11159431
19049257
15474680
10239960
16364970
14090922
12802740
13312236
9613795
10795151
13761202
10494566
11484180
10961513
12402220
38894134
18122626
16207758
11082892
12549246
11367661
10077250
22992267
14173021
9716276
16499487
10186368
12063214
13541715
9771464
13469354
18313692
12722112
11643498
10530550
17744601
11057770
8351595
11656327
12406819
10607145
12138650
21106956
25327772
10268275
431419
16485337
13443033
11467034
17290243
8366254
11915544
10285473
11059935
8651184
11788630
11615543
9500510
10664322
10129806
10707478
10472741
10174111
10906459
10516185
12124155
10231086
9692967
9938124
9543094
14670779
9841293
18281905
21199436
10613264
15680239
11901080
18357457
16937384
11865289
12507939
8779095
10633616
15831556
9793688
14156357
8756471
15438203
9604837
8538985
11315743
8743863
16033577
9525131
9754679
10378387
13076282
10783234
9609849
10086033
11752076
10055903
10172230
22917729
12200708
8282286
9583598
11134416
12497533
7863392
11051502
10873337
11378662
17206123
11286727
11813031
17891341
12539337
10871731
11116157
10682751
11020760
8064576
16069344
8364465
14220455
10771638
12500323
16693347
8915614
16490277
10799425
11669629
14802098
8900207
9011855
11331730
10192853
12284333
10318244
9707403
11991036
9016656
12916818
9609139
9506277
15834333
9924260
11343878
10003202
10475619
11280374
13033291
10639448
10540817
9502185
13387495
8212713
9645153
16310411
12139472
12950525
13492760
12407468
10032070
10501621
13329401
8641732
8528110
11455437
8184685
13453077
10751979
12458235
14046338
11272122
15832144
14900346
11029820
7604093
11775444
12457849
11912494
30079009
10444874
502912
15402706
12169123
13307388
12958276
12286405
11891799
8931660
12653179
20815098
11527644
12407096
10094904
11107728
8239927
21591075
21145596
8047635
15106628
10948514
11104632
17754652
10428923
12069295
13712210
10397743
19007894
11489736
12705313
11594662
9584666
26071294
522639
11603684
10032924
14186824
9822562
11627409
13115202
17008523
11272221
11710058
8925183
18170212
10159753
8835482
10178123
8124020
15494460
13482983
12379935
8719291
11142838
14919439
11243337
16340613
14981490
9242894
22166773
11220261
13908369
20482412
14280653
12472312
9315032
7852458
13097059
8928858
9717947
12577249
11957220
14363096
9016098
10928194
16084045
10660561
11335629
10924891
14713128
13978937
12969159
14779961
7766864
10850441
10926511
8192911
9321765
11887736
14292611
8921447
11520325
12828902
9927676
12126196
9239203
12183007
14282333
9770340
10147712
12020335
10536740
12182873
11392176
9076746
17848090
11107062
12468726
10846270
15087136
9833338
11168575
10832212
12527472
12353829
9619451
11410971
9615120
16588016
10071265
10211743
12566347
8501683
11250180
11109350
11096739
10630350
9479433
9300554
14839545
10647416
10499182
8110549
11218411
12932995
8354387
16017451
10700939
11503880
14202823
9975528
14156187
10391099
11891449
8835658
9596463
11165335
8839232
10585548
8309019
13616599
10755343
12265475
11367104
9541433
31383207
11074036
10848997
10194595
458027
12665242
10295481
20414529
11703555
12247310
11536002
11430181
10507293
11950028
11039077
11935346
12903661
10556129
10099055
10456632
6305897
29026553
10416148
10793284
8980965
13792170
8529486
10847335
10764812
17144967
10181860
10639047
12401590
10931549
10230083
8147680
9839108
12004797
8375655
19803339
9807114
11908621
9195576
11223640
23974510
12505967
14978649
13395817
8430216
15718971
9499775
12932726
12093904
9474852
8884353
11394201
8827021
12909272
8517408
13229551
16678333
10581140
15480870
11553319
10627312
9030027
11621759
24876700
12314588
12370859
11451038
10252812
9761723
11696904
9973329
12168159
10509668
15060849
9207792
8722124
12021497
9798326
10353232
10932012
9358354
9452310
13147191
17966992
12451822
10590998
10512623
11384645
8054466
9117852
9623206
12204969
9341591
13114942
13660001
17366033
10736766
7858918
8933139
9872337
23512973
7723448
8899357
13733036
7461763
19271993
12021873
14537755
15267248
14547705
13135786
9124155
11514339
12450345
8614958
10764494
8329179
7885462
9853348
8381563
11037581
8576980
17106727
35344307
8992273
7690866
11524866
11796641
10351971
7990614
9673565
10300673
11264813
23351310
13104187
10313206
9681720
19438722
21864150
11150429
10177917
14247151
12770884
26693911
23045935
11029577
12491134
15508881
10088672
13554315
10997769
11495559
7805919
16138937
13600016
17649888
12396596
10753376
13878438
11864435
11924078
17126657
10403624
10388109
13752677
10526765
9695559
9922808
9227796
11037473
13409376
11692442
10728234
14080999
10628463
12040037
13891493
12264757
12886114
8523040
12225035
11837372
7247251
13419661
12444347
8075421
12952490
15855417
15751122
10035802
15047698
11209981
13602606
12021446
11482328
10593776
12329673
9907704
19426528
12720665
11423389
7561671
12775930
9292963
9453837
10349668
11566438
8399085
18655885
23614275
17105877
13002299
9179334
10206954
12420590
10124051
8435870
11501966
13588562
10398295
9402018
8655844
8732922
13205382
7561483
10203362
10630166
8243522
7440189
11077672
7993271
9577950
12035837
10738616
7055523
10888175
9413927
7250858
8884690
7642839
8145802
8242039
10163163
8627377
10116313
7721162
8091821
11097342
7976581
19277132
7231123
9154780
6529795
9158937
10697382
439647
8743621
13911644
8185095
6342575
10024611
8419803
7695383
10482053
7518604
7162341
15046682
13155648
8972241
9982190
7885476
8174267
18466743
8218008
9517584
12638579
11463356
8162235
12129415
11662470
8112983
8067381
6097418
11992108
6437135
12337910
8235944
7915741
13300716
7839369
9791231
7206318
9521922
9599119
12659196
7460030
12136840
8885502
9366900
7623302
7344434
8087665
7329660
13154389
18207983
16336144
9700070
11924743
10288631
12211164
11045307
7288398
7531378
9613224
11813731
8267674
10610620
12379175
13635864
17895467
12362573
9380692
14238433
9239663
15588670
23829492
25821343
21032050
9638877
12571517
15530642
10063061
13426608
11503921
9487891
13526977
7724235
11472443
9326637
9606722
9724097
10486441
9852668
9625018
10124987
18017817
10253833
23054874
28738185
15243938
10637798
11969984
15458614
13012465
14403394
10522667
11484260
9508170
10016433
17563687
6909647
9206541
11265551
10818086
9046010
10794383
12775991
16466781
11781391
8583413
18604820
14767497
13293812
13826202
15962712
16338036
11814951
14025053
10805252
13890226
13028042
11123578
10344146
12865998
15810735
10888879
9599164
10096360
14674891
9187308
11475674
9089077
11625621
15956391
9558562
14156737
9630434
13041381
15473484
10022823
11457731
10145590
12946379
14421033
14686493
12020710
13060986
9245856
13313564
15036555
13264980
12213686
13711536
10143086
12071830
9554173
15272256
12078649
16449562
9898700
9942810
21061239
10531731
17151044
20077630
15239809
14972900
14265795
18995193
15858692
14867158
11653784
17812228
15947426
20297358
9092209
11845530
10462116
31834641
10529882
11600377
10765971
10056460
13318174
11127668
9227079
8907655
9665402
11060079
14252960
9581589
9667021
8870623
14447455
13607940
28191521
15624845
11784182
14129759
16363010
13726828
10662520
8730092
11317049
11723450
23190572
12407764
26705661
15204053
10526649
11004740
12153998
44116737
9778143
14486608
16439236
38100761
11684729
11257521
15693569
12625594
11298314
11849231
14155217
12738458
13821048
11049147
10419701
13305517
13347434
10919858
15504940
11216492
11199304
13828981
14117150
11288024
12552683
12184700
9833250
11900018
11214044
15136909
13852579
11484990
10711936
11343680
11449773
10403681
12419109
9987727
9179998
8695953
18176287
12694180
9031418
11037318
8983948
19945766
8956152
10044413
15327921
9527763
11925970
12061052
13867022
9919213
12321432
11353988
11253653
14330261
10658591
9690276
19992361
18800503
13049004
12505068
12829935
12635090
8993863
11228346
9985541
12860528
10302775
11180359
12544931
10562420
9282575
8497509
10527534
11605211
7884476
11331353
15356378
9120283
10175556
9318037
10980899
9270462
10942193
12417644
12072393
7603535
14761899
12158466
12747989
13737634
11617672
11982446
13395655
12931079
14303379
11446072
12427590
14031287
14810863
12980099
10578729
15873631
9141513
485819
12216795
14343781
11797469
8998606
9296965
10806265
10980588
9784273
11086190
9289291
9665451
11336236
11876369
10124595
10415017
10265886
10735943
8854004
8515969
9042241
9698681
8099790
12291124
12439056
9828459
11094374
10739861
9284352
9840205
9100725
11859501
8287790
7063251
14213390
8765034
8687388
12745344
10956853
9943595
9483306
7321407
8145043
7309468
9357784
9154183
11909938
10092956
7491450
8044889
11618058
9007511
11914004
10763774
11446475
10440644
10248572
8260036
11820412
9336534
7265156
10519522
7226780
9518345
8924251
12466031
9770548
7743363
9510536
8292517
8455506
9627385
9180781
11309764
11132414
10925079
9590705
10029206
8639020
10560841
11998957
9371678
15344437
9934882
10713012
14583337
11684664
10794448
10847741
8944308
8486694
7132779
7478802
9036553
10336941
11896843
8253656
7077401
9997082
8688448
7347479
8175122
10269957
7375766
10316650
8403821
8910593
9393913
13986541
12181218
7599522
13200209
10275537
10015419
12153726
10704781
10470201
14052343
11735951
10690235
8661125
8288369
7739870
8448626
9209001
9607176
9378080
9294308
9136927
9026854
7471005
11726634
7514338
10399178
8213167
10397080
8352217
9468126
10767421
8430031
6570499
12246466
8546867
10030330
10656993
27309647
13918883
8302469
8116098
9957494
10273108
7902035
10652514
12163755
10117355
9831196
8995844
8667794
14172063
22867043
9194457
9154258
7932583
10874940
24482357
10816610
9059423
9204442
9567953
9744800
11172284
9203123
10659826
8241051
348956
12797935
11110169
10826370
8597163
9642522
9383899
8787809
9376896
9775157
7848895
8825346
9108644
12911642
9934454
11334241
14583307
19251113
14945195
9016123
10031695
13333507
13029435
12390422
9345598
10860663
9912116
10215675
9507011
8025812
10126235
9764722
10206554
10413451
14274131
14026156
11198538
9794506
11012838
8752642
17275776
11235696
11019428
6747726
7644251
13490647
11028914
8691291
9954420
8339446
8293577
16170172
13358656
17324609
8695306
9724639
8125086
8139841
7926744
7592278
8692687
10104395
11210073
12056403
7785657
9494279
8706863
7838922
11234759
7828399
9354907
7117817
27762335
9506529
10319188
12035015
11227195
10039686
8281048
8219632
7903752
13082085
8753754
8705225
9722397
10488242
8446976
9009209
10147859
8113469
7835917
9689443
9184549
9763171
8818567
434749
12543151
10968582
7073867
7664740
9497843
8864882
15024995
10053859
11950653
10186312
12350543
9392099
9292392
9165547
9441360
7378781
9431607
8986268
11920740
10409048
9894374
8595782
9383880
10148969
7789790
8438874
11140582
12212152
6660165
8520119
8215233
10139469
9068113
7318421
8119102
8090310
11012281
8916976
10214985
9397586
9636793
8317219
9816965
13698898
7777510
7810508
8768073
9183897
6721782
8764975
10274669
8788372
9554815
8319262
9965012
9039442
8930346
12743010
8475789
9704489
9592333
12207042
7369240
8826639
10947090
10510816
7121593
9319591
7349271
8743112
13738058
9595499
9626903
7431719
10069953
8389005
8845019
8491667
7700501
7791345
8892358
8299171
12629178
13912631
10970884
9208170
13207369
8790754
8752219
14360561
11626634
7807204
10507139
8617476
8331706
7154449
9902086
11461969
8651989
9923875
14590136
9828405
9466556
9641888
8430751
8955139
9140549
10676058
11678096
10779414
7820965
11830073
8946111
10001634
9403538
7696596
8300191
8617819
10472012
10946568
8014942
10261049
9420558
7082060
9256094
9946729
9781537
9640391
8686810
7071090
10486275
8073957
10248352
9673822
7483359
10100686
20805935
9292133
8422375
7417160
8693398
10243480
9626155
8423944
7102974
11145749
9153033
9098648
10603473
7245058
7483400
9109869
8272900
7860235
8610670
9648367
8273900
11738927
8160078
8394596
13086435
9170743
7651734
11046694
8290911
10337704
11785625
10712578
16300452
8474166
11172284
10175841
9037486
11203849
10440789
7681721
8359929
10490260
10609505
9041938
10674670
11403390
7596777
8739351
12580006
10332334
17142315
11428884
9992552
8892669
12016307
10535437
8206550
9624001
10227315
9776021
13465687
11589420
28407077
15850893
9007812
15714236
11972823
7513134
7901791
12327814
8197426
17987240
10230327
8928544
7886403
9094997
7746642
9073811
9752839
7586089
9261692
13854510
8884804
9005162
10637946
10054824
8348226
15113878
7218699
7981119
10166630
8770585
8655162
8546935
10085215
9303163
11308511
9302922
7513430
9022956
8921587
16174931
9076129
8248248
10591255
12391055
10628850
9565066
6948699
8438081
19978572
16567901
10959057
8267089
9300476
9696757
7361451
9759134
7775616
12254704
8724118
8968284
7477224
10104403
11730623
9422492
9485033
9968408
10628402
8269953
7681285
11375363
8465988
9147772
8390272
8155610
7688704
9470258
7454315
7350302
9617630
13807609
11096536
7863811
9695157
7617678
8890388
10904271
6798319
8940010
8750026
8869646
7468893
8115880
10099897
8999170
8835901
8827429
7908088
7664568
8315818
8162209
6366207
8657410
8798088
7708264
9278181
7557315
8224911
7908763
7719572
9582247
6768910
8829199
7376961
9455243
7836891
7447597
7775043
7143686
7641174
16620456
7963288
8625537
9213554
8480382
7185145
8581679
11777525
6679277
8517544
12978775
7846890
10958196
7179465
14569697
5919808
6329930
7251818
7959895
7617732
6807614
7807739
6870340
11047864
7716106
7976292
5831987
7420853
6628216
8471554
9360500
8621127
7122307
6527070
6840876
7633663
8939272
7507080
5800648
7292792
8379452
7811511
7852584
8203746
10683355
7469140
8170153
9004813
6433857
8035193
8112445
6051791
8039873
7009222
8228879
7019028
7995907
7378608
6683519
7132200
8008971
6757916
6631908
7274534
8501703
8697288
8358070
9636439
8027588
8115493
9063624
8761709
7171566
9404361
9082543
7061201
7435740
8302463
7318072
8317990
9951117
9114276
7595433
7673007
10025753
9320282
9265446
7367391
14537817
13136365
11326335
8471461
7490197
8176534
10119469
15613462
7364164
9450235
6886053
9518501
9120025
8572043
8559968
10398053
13963140
8983056
8816190
8678869
6283881
8659780
9894426
7085057
9021896
9611413
8753588
8310559
8297112
6871740
6539731
9770674
11946647
8067469
7803474
7011573
8949454
8290335
7960610
6843477
7671727
7665511
8000445
7534966
6753296
9208310
9459691
8199379
7098008
7018085
7958812
7742782
8703780
7306281
7914596
8759295
7845794
8948320
7314617
7052286
7272768
10960093
9123191
8330123
7804359
7635000
8448897
7902249
