13873
15962
773369
10788
7989
8198
9229
12319
9465
9297
7524
8032
11830
11796
7397
8825
8922
146907
15446
14928
7901
7240
12153
6298
7937
12778
18314
7386
7392
9167
8523
10707
9821
10609
10672
10587
7956
8853
7893
16912
5801
11881
20789
6994
7970
9011
9098
12243
8243
8125
12010
1007848
7930
9832
8336
12088
7135
7282
9839
8482
8088
9123
7739
7941
6588
7320
6617
8934
11803
10867
8963
10218
10388
7351
9640
10343
5948
7133
7726
8414
11243
11709
6330
8379
7615
10087
7103
8272
7515
6543
14968
12097
9309
9139
7518
9747
8485
8183
11968
10808
7224
6796
9908
11487
7417
7545
13982
8573
15252
6177
10141
10399
8734
7544
7702
9519
8088
16053
8440
8091
6853
10959
9912
6655
9577
9044
9013
6309
7253
7122
11576
6793
7908
10551
12145
15403
5746
8202
10783
8148
10197
8330
21008
8103
7266
9748
6173
8675
12506
7974
90609
6791
7861
9279
9943
7491
11073
12946
6632
7749
12653
8283
5478
7582
23317
840231
16567
25439
7350
8293
9358
7607
8514
8346
9831
14628
9736
8399
9218
7991
7772
7485
7922
10290
7619
10275
16876
8252
5805
8393
10269
10374
9615
6230
12313
10835
11517
8792
6688
8930
7322
6361
229009
9168
14513
6817
9227
7847
8162
11389
12452
8257
10034
8237
9240
8595
11473
8794
12476
7300
9525
7701
9677
6985
8907
11216
7799
8287
13444
6400
6939
7700
21618
11450
12962
11580
20385
10628
12114
7688
10043
6880
1042586
12126
8853
7486
28102
9783
10597
6958
8589
12928
9855
8709
17227
8387
7564
8411
9695
8218
8873
6899
7159
8277
9417
8204
10740
9340
7503
8913
8024
23794
10710
9962
10308
8318
6196
10729
8020
24767
7778
7176
8666
9823
14952
8499
13052
8506
7669
13202
6642
10665
10125
7451
14047
10418
8588
7616
12697
13604
8571
9068
7866
8548
7953
10890
12387
9693
10761
7716
8762
9117
14330
7577
6786
9822
8625
11952
21103
9017
7314
7928
9231
15592
7616
15365
8200
7521
9558
10937
11387
12662
6646
8223
7375
7347
10356
10375
13548
8412
10281
7440
10230
11369
9723
8857
12980
7126
14061
10451
14132
7213
9045
7562
6265
6433
7355
6913
18209
8161
9097
7430
7341
6848
10511
7777
12055
8060
24195
7580
9043
7806
7944
7553
11313
11281
7092
6919
7782
7188
9813
6785
13456
10431
9426
9040
17160
6982
7864
8222
6763
10189
11345
6947
15178
20724
10603
20978
11740
12495
8125
6889
11347
8588
8184
10100
15018
8780
8000
6566
8088
6580
10314
10283
8379
6765
8675
7905
8148
7633
9922
11034
7394
7594
9477
7967
6272
7084
8804
6636
7959
14095
11350
6193
8510
7102
6124
9874
8067
7500
10804
8199
9045
6487
12486
7546
7781
7003
12436
9572
7419
10699
8730
11050
7545
16911
8195
8159
9513
7939
6494
7568
7545
9074
24696
6996
10571
8695
7524
6994
9673
1720307
8965
7741
9416
7649
7422
8718
12015
12861
7976
9327
8280
7885
13591
8388
8192
8139
7820
7163
7658
7674
11585
9572
8527
5924
10339
8093
9377
6359
6836
8088
7699
8632
6304
11067
10738
9434
28597
7408
16368
10955
9229
6985
12010
12958
6390
7922
9783
10689
11343
12468
6590
7848
8024
15405
6098
7159
9037
12345
7637
14245
7502
9567
11473
10510
7099
6908
11729
13080
7838
12392
7642
11204
6744
6809
9023
7337
8050
7135
11377
6545
8260
7160
9035
7071
8425
6974
9415
7837
8289
10089
7002
8208
7150
7887
8134
5896
9040
8642
6675
7792
9098
10196
9223
10139
7437
11959
11242
14422
12062
7328
7368
7177
7895
9052
23102
6768
10680
8390
9154
11168
8278
9261
6993
7037
6969
6317
12016
23661
23017
15265
10372
6479
8350
13219
12841
10753
6969
12681
8624
9575
6968
146288
7966
8674
11382
9072
9217
11015
13279
9480
12255
24449
10726
11416
8060
16512
6548
6958
12612
13152
7952
15094
7018
7984
7798
9127
7824
11206
7519
6762
8654
8840
7839
7920
9545
16155
10841
7706
12399
8222
8356
17964
8062
6891
8273
6814
11551
7291
9997
12899
9313
9896
11893
8889
11985
9344
1172370
10152
25289
16154
13058
9903
11323
9555
10810
8775
8771
7031
8003
11781
11564
8887
8784
8755
10545
8716
8821
9234
22170
9414
23247
7385
7610
6770
1321856
8144
8797
10538
9542
10810
8557
9253
7494
15022
11809
8712
8220
8941
11679
7303
6859
23382
10213
12093
7426
8767
13029
11455
6785
9190
9732
12548
7684
9182
6883
14736
10702
8237
8273
10628
9848
10787
7050
9799
8476
7361
9404
6789
9150
9219
6117
6583
9115
13301
29934
7533
9207
8010
9464
8276
6677
8467
6900
11108
14462
6933
11636
7428
5912
8425
9393
5833
10474
7361
11445
7970
7520
8477
7106
7142
9511
7474
11281
8345
16936
9028
9059
11602
10383
8626
9120
12703
9868
9522
14053
6061
12369
6745
8176
6993
7144
11911
9126
9243
10874
8716
8894
6452
8575
41222
6972
8969
9521
8318
7652
6258
16323
6874
7129
7353
8087
6778
8263
24801
10902
9612
10000
9283
7690
6347
10099
10305
8075
8411
6122
8698
7228
5971
12843
7743
6080
8964
6773
9588
8845
8960
8438
8435
9209
6855
7950
10249
6656
7541
10492
12286
9784
6571
10645
9974
7813
6584
7817
8918
10862
10468
7026
8738
6586
5445
9172
7358
10322
13727
7302
8777
8031
7243
14884
12109
9046
8152
7451
7181
9410
9824
7970
7423
5923
9384
11338
6158
8403
8310
8987
7459
9262
23699
13471
46483
7138
7093
6056
7575
7748
8604
7879
8334
8656
10834
8142
6453
9265
10025
24613
9984
7751
1672034
8427
7728
8070
13735
9566
7835
6508
8162
11652
8068
8314
6649
5375
10218
8983
8593
8740
12229
10549
10076
15862
9016
7580
8355
11956
7852
10402
7632
8287
9506
8986
5645
7998
9528
8620
11419
17525
7321
8052
7907
5430
11479
7020
9587
9060
6552
12937
6988
8219
6768
14891
8142
6705
14557
20369
6544
7555
6858
118440
10517
12694
7246
9451
9372
7093
10303
9347
7597
8253
6316
10932
8494
7418
7218
10081
7413
10210
10222
7624
13259
11080
9190
9547
7520
7332
8305
7196
9507
10361
7645
7309
8955
12835
10622
8739
9241
9017
9576
14382
10575
7232
8405
10240
17872
16013
7564
7599
6722
9760
7930
13529
9961
12383
6709
7192
8965
1206859
10959
11340
9520
7363
7362
12115
8446
9621
11196
6110
8146
11400
8007
8880
9530
9297
16982
9019
7671
10212
8446
10571
10308
18355
9998
9492
8146
9524
10116
7509
8978
9891
7350
5365
8790
8666
8295
7843
12331
7774
11029
10578
12880
9954
9425
9761
7640
7683
11893
16678
7178
9331
5832
9192
7808
9213
9663
9012
8788
11248
8423
7161
7346
9152
9196
9697
10933
8808
9509
9060
10962
10800
6519
1727108
9131
13641
7381
9915
7916
7865
8521
9145
10605
7218
8500
10747
8143
7233
9859
7934
9001
8756
13331
12802
10518
10808
9529
6819
8886
9003
9882
11377
10500
11825
9982
8314
8224
12948
8251
5742
7829
7457
12859
6752
19764
8621
16895
13545
11827
13798
9330
11035
10023
6625
6145
8534
9437
9004
8632
7338
7157
9411
6030
18796
8928
9238
8730
7763
8564
10297
9244
7248
7806
9690
10185
7642
9901
11196
9871
9257
9243
8519
9312
9688
9817
10662
14178
8617
8822
7484
8621
10696
8298
7260
1268539
8436
10742
27882
6504
9939
10849
8207
9550
8020
16207
10336
8292
9241
12595
8849
9493
9856
5940
8417
6616
10873
12065
7883
7404
7458
14615
9689
10942
9094
11764
13003
8541
13706
7309
10206
7484
14579
9668
7829
8219
8255
8398
7241
8192
7987
9468
12650
8397
7520
9990
7911
14849
5728
9930
6477
8233
7614
7403
9000
16073
10063
14013
8959
11668
12647
7851
11455
8424
10975
9852
19096
10983
8316
7566
1290177
7587
10298
12078
10112
7711
9342
11654
6491
7623
9639
7845
10936
8285
10061
11602
7028
12045
8999
14328
8834
1633573
9000
9074
11995
10719
12032
7701
12161
11068
8724
8488
7142
8993
9340
11645
13494
7648
11930
10846
9653
13157
8853
7245
7772
9483
7008
11694
7713
7541
8077
8921
8092
8719
7781
8285
7196
14678
7678
9562
7354
8060
11665
8930
7459
7836
11098
7775
16405
7525
8104
8324
10871
9060
9157
11582
17081
9830
8101
6860
7348
6843
10149
7579
7332
7687
10200
9224
7959
8583
10374
10793
9545
6969
9386
11875
7594
9376
7818
10376
8524
7730
13746
11436
6598
11793
7999
5933
12831
10791
15317
10992
9000
7242
7111
8224
13557
6158
9018
6813
6307
8085
12636
7469
10496
25624
8511
8084
8419
7995
8549
7317
8792
7241
12602
10323
8966
9705
7715
5640
14958
9454
8742
9693
9786
8002
7925
7989
8803
7056
11983
12162
11577
9226
10976
8129
7406
23311
7198
8436
7699
8473
7295
7139
9357
7440
6927
14172
7760
16104
8320
8233
8033
8127
9731
12096
6959
9842
8351
8960
8399
10078
9363
9881
7427
14669
6282
121533
13840
10326
9797
13045
8966
8910
11033
6737
7781
8368
8163
9174
9820
9147
7020
7979
7839
7399
9349
6552
11477
9064
7497
7006
11045
8294
7686
7009
110988
18122
15915
9077
9042
10103
8914
9042
8991
7944
8211
17253
7492
7826
8339
7655
9534
6063
7784
9731
9112
14031
13494
7875
19154
7430
7846
10348
8728
9996
11219
8148
7801
7424
10251
8860
10007
6594
12197
9036
9532
7500
7343
7787
8521
11518
14550
6928
12453
10250
8219
8999
8579
10801
7415
8739
14388
8116
152349
7624
11184
7282
9991
7965
9289
7027
7082
9850
6903
7896
9774
8081
7488
8280
7427
7253
7942
8233
11844
7099
8283
7573
9715
10301
10271
7225
6126
8290
7517
5943
8379
6280
24344
8656
7449
8926
9715
18163
6590
8132
7250
10592
8505
7413
9076
12178
13987
11436
7760
7474
14176
9729
6798
24303
9161
11068
9014
11296
6784
11709
9282
7886
10709
17061
13257
10086
8113
24590
7863
6659
7607
8120
8106
23830
7056
8388
15323
8234
13673
10335
7932
11187
9141
12152
8654
8245
9341
10880
9486
6516
8509
7341
8203
10161
6984
21985
156915
18198
9836
34325
8267
7101
8130
8115
10669
9184
7444
6037
9286
11004
8513
6370
9528
8408
10030
9784
8269
7036
7692
9265
7962
6526
22672
10023
10307
7659
9285
8893
6647
14332
9782
7350
7548
9437
6985
8181
10409
6123
6229
6922
9131
9137
6955
8463
10090
7608
6323
8799
6207
10701
7792
9328
7517
7340
7431
7985
7479
14869
7716
9314
10459
9378
7517
9234
6253
7930
7610
8664
7500
9701
24617
7768
22813
7166
7741
7292
10561
8028
7861
10943
6900
13528
9940
9237
7251
8211
9416
8500
12792
7987
12255
8234
7569
6838
7577
10978
7498
7524
22528
9618
7129
11473
13333
18416
14290
19263
9448
6989
6475
7401
11195
9035
7667
7751
6393
9372
7613
9638
8409
11635
8064
9711
9699
7170
8673
9282
7564
8630
7893
9265
11446
6409
8017
6697
6571
8119
9198
6915
7053
9682
7524
6233
6215
9574
8329
9562
8269
7916
10612
5968
5360
8235
7125
6252
7499
8607
7851
9843
6505
7537
8841
7478
6658
8115
10549
7706
26818
7758
8994
16505
12407
6713
7349
8087
6666
7381
8714
12656
7077
10209
8563
9275
8451
6574
9322
7963
9131
7469
7558
11421
8211
12418
12181
9570
11084
8767
12332
6404
9210
7129
7283
8148
5882
7291
11266
9613
10202
10155
8145
11339
9560
9324
7880
8455
7496
8432
8016
10407
6707
9767
13329
8609
8351
8013
7687
8824
10385
8203
7184
7841
7593
8306
8042
8825
8605
8175
6407
10341
7488
7324
7002
8245
8563
7400
7522
5956
6712
19009
8083
15610
6906
11616
7465
5968
7721
8331
6867
8511
7764
7393
7504
7611
8789
7552
7978
5871
8136
7628
10785
8443
11590
6654
6817
6896
6563
8226
9058
6986
6942
7452
7868
89530
12376
9756
3762194
8877
17684
8006
7098
9451
10759
8047
8238
6273
6723
9259
8550
8197
11810
6097
8480
6931
7415
8824
7597
7317
9961
7925
6827
6241
9179
8430
6252
11326
11292
6856
7915
6434
7857
7889
8072
10257
7536
7448
8240
8744
70200
8548
6839
8391
5464
11612
7939
6271
6659
9276
6711
9484
7067
9019
9684
9144
7952
6487
6028
8726
7992
6217
10690
9664
8900
7265
7032
7091
8419
6084
11972
7181
12262
7085
7179
11170
9228
12212
8543
7857
14884
7299
7119
9653
7602
13055
7019
6715
7095
5754
9684
8241
11209
14411
10139
8214
14400
6534
7666
5927
11497
6742
6240
8895
7724
6532
7893
8839
9525
10540
8032
13853
7694
5975
9482
8175
8211
8970
10934
8483
7993
8036
5633
8516
8475
11469
9004
7843
8047
7153
7462
7756
8892
8923
8435
6675
7484
7449
7337
23917
5418
7939
8883
8882
8984
9314
8783
7573
6367
6864
9442
9158
7813
24137
16816
10069
13577
9772
5871
8054
8516
8088
10073
14312
7012
14692
7879
8353
6145
6602
8517
10367
8367
7716
8555
8151
7328
8158
8521
7834
6999
5615
10057
8245
8715
10489
7307
7398
5696
10528
8148
7152
9141
11629
8638
8212
7258
19029
7318
6975
8942
7895
8513
7216
9201
7458
5621
8197
6985
8985
7558
7939
7286
7274
142785
13021
32785
12959
14263
12339
13636
8738
11512
22955
10046
10003
10024
13918
7819
6651
9084
9566
6349
9018
13516
5987
11622
8095
8443
10471
6989
11832
9207
8383
7325
12397
6850
6984
8381
7194
8328
6194
9792
9839
7754
9915
9284
13832
9288
13882
6482
8457
7622
7971
7542
8044
7668
8123
24651
6483
7200
24087
11710
13323
8781
6567
8774
10926
11157
6642
7214
9263
6379
7513
8420
10016
10915
10597
26175
13527
8403
9647
7874
10394
9019
11231
7728
8402
23245
14775
8607
10053
7550
6206
6720
8942
7576
11201
9217
8665
6635
6282
23621
9721
12685
13301
6247
6350
7830
7165
8268
12408
7835
10417
8178
11862
7272
7474
14171
12686
18907
7236
6951
9095
12185
10604
9195
10304
6429
8304
11740
15128
8238
8020
10744
8232
8153
8658
11746
8926
18734
8847
8758
8201
7949
7826
7165
7497
9747
8108
8395
6616
9552
6637
8426
7880
9245
6956
7664
8660
11488
8031
9644
8138
6403
7589
9251
7047
5559
9759
8189
6502
6859
12200
7129
13476
8402
8265
14080
7415
12068
8129
5469
7791
8849
15052
6954
7883
6745
9186
6936
7339
7482
7033
6424
7082
7514
7173
9535
8401
11374
7829
8026
9177
6915
8898
9066
6817
8034
12057
21643
10047
9032
7020
8373
7038
6229
7325
7414
8927
12831
9675
10999
7202
5675
7246
6587
7518
7236
7441
9959
14443
7716
6752
6215
7065
20811
7854
10128
7188
7798
6724
8965
10569
6837
9303
9851
6288
6756
105083
10697
11509
7069
8800
9010
8291
6493
6388
9480
10071
9851
6541
8163
10118
8694
7863
7246
9960
10434
7748
8586
14024
895190
7770
8995
7992
8152
9012
8527
7568
7447
1190538
8813
8492
7685
9663
7729
5341
7336
7623
9950
7728
6377
14356
12993
16381
8430
6558
7567
7679
7809
11858
8252
9283
10739
7569
23607
8971
8332
10397
7435
7599
7830
7901
14862
12639
11170
10314
8084
9377
10037
6465
7717
8526
7304
10654
15776
9272
10000
7287
7744
6417
9273
12139
9558
8671
7077
13242
7072
8967
11205
8606
8717
7816
5768
7568
12049
10129
7536
11785
7984
10247
8096
10270
8639
11079
9891
6326
8151
8411
8973
18499
13863
7750
7755
7065
9590
12435
7344
8324
9840
5698
8415
9707
6915
6677
7060
22607
7123
9113
8588
8955
8448
8642
8841
16810
12050
9541
8737
10757
9661
6697
6347
7958
106860
7891
8953
10458
12571
7509
10933
11380
7122
11345
7920
10158
8136
10659
10048
9644
12884
12383
8117
7079
8593
11585
8770
11024
7227
6832
7512
9968
9549
8923
8316
12135
7413
8529
9279
8298
10791
9834
9370
6949
7284
8528
8969
9607
10814
7760
8867
10341
9581
7054
7416
9115
8052
7795
9436
8037
9960
8280
7885
7478
8181
6971
24752
7657
9127
6795
8972
8117
12009
5870
7369
10032
9540
8491
9716
7039
7193
6937
5919
7745
8592
7783
7036
10619
9613
10878
8992
6726
11527
8640
13647
9837
11877
7980
6660
9872
8349
8373
7189
8296
12321
10212
8577
9398
7181
17380
10428
19393
7108
114684
16588
8978
8613
8188
6796
11841
8186
11167
12847
8433
9394
7955
8790
9447
8299
9007
11327
8671
10431
6827
10228
7134
8762
11372
7860
7911
8185
10518
8371
979149
20024
8059
7644
5760
11759
6854
8088
9931
14015
9808
9890
9564
7095
7565
6520
9058
9708
7221
7193
8042
10960
8692
6904
10643
14671
7483
14023
5730
8369
7622
9617
12065
9805
10070
8090
8844
9816
8528
8397
8076
7826
7994
7938
11961
9183
8237
9183
8241
6447
10517
8003
6602
10371
8968
7300
13223
16982
16638
8566
7650
7793
8045
17540
9186
9168
6250
7995
12041
7369
8326
11849
9878
9688
8335
14251
7499
24771
8345
8674
9196
5579
9006
9023
7010
8459
8255
10274
8852
7681
5809
6430
9449
8675
6587
7511
9748
6979
25318
7909
9968
9599
9662
7687
12902
11189
6916
9956
6158
9459
8280
7010
8845
6791
7906
7200
7701
9524
11104
6965
9549
13286
8188
8080
7641
8479
7859
12128
10382
8296
9838
6559
9622
6581
5678
21911
7778
7078
7552
7440
9696
10777
10133
7312
13789
11479
9297
9718
10759
8791
8798
8437
7289
9429
9960
9152
6694
9805
14429
6428
8577
11386
9191
14670
9269
8984
6900
15969
11664
8999
7649
7141
8591
7612
11190
7909
12736
11468
9548
8579
8136
8634
7728
15630
7299
9494
15297
8660
10174
11348
8160
8994
6088
6467
8379
9735
8810
8641
10017
9041
5389
8995
8985
8634
41485
12330
10271
7807
7493
11081
9083
10804
9767
7413
9448
13487
7863
8108
8333
8361
7800
7155
8064
9603
15015
8031
12974
10152
7393
7612
6824
24160
11606
7759
6798
13208
40006
11529
8941
10685
7597
10053
7578
8636
6427
11190
12888
12908
8549
8353
8399
6393
6128
256253
11680
12230
6964
12826
6804
10094
9293
7194
9962
6882
15954
8788
8567
9576
8344
8460
9926
7652
8013
5950
8499
7533
10770
10753
8452
11594
6123
9845
11152
7021
10926
6385
8486
10208
7607
18887
9161
6748
9035
8971
12754
6437
11235
8217
10014
9088
6497
7670
6468
7173
7825
7394
7941
7009
8524
8681
11217
6415
15232
16108
8872
18124
10823
10160
8040
5796
7988
10358
8490
8971
7583
7642
7498
12710
8120
10458
10500
10001
8475
7859
10251
8548
9732
10330
8020
7460
13317
6490
9071
9466
22663
8514
7144
11420
10768
6223
8930
9524
50371
11012
8255
5444
7874
6889
11837
8272
7101
6336
8776
8228
8734
6269
7160
7734
7813
8742
8767
8658
7895
7066
10875
8929
10462
8944
6266
7857
8316
9039
7694
7733
6687
7348
7788
22858
9358
8043
7686
16013
10714
8460
9127
10807
7209
9990
8253
12602
7918
8980
8378
8557
8231
9997
8006
6812
12820
8825
8798
9788
6664
18966
7447
6480
9978
10513
8277
8244
9102
9240
10326
8609
7730
10047
8490
8497
3131036
9488
7794
7376
20949
8254
9136
6352
7106
9899
7276
9124
9964
7051
10144
6415
7568
17142
13222
10398
11087
7593
12225
16289
12199
9478
7735
8682
7474
10456
12655
11417
8963
22800
9250
8740
10001
7909
9840
7649
9746
6591
8123
9045
9958
8220
11182
8859
13769
8638
9014
8201
6420
11656
9085
8341
8410
5724
9656
8887
9891
7606
8116
6792
7981
8314
8943
9037
10540
19714
10216
7421
7774
8444
5978
7458
7504
13281
11636
8430
10205
7874
4192
8873
9491
7409
8083
8233
8046
8719
6595
10348
1505786
8034
8781
9191
7872
7709
8806
9138
6678
9398
9282
11655
12731
8933
8701
8428
7948
8765
9938
6649
10448
13169
9635
30062
8563
18213
8435
14743
7843
8347
6232
10738
10386
5760
7830
7291
7268
20165
6884
8120
7082
8665
8191
9719
8888
11861
16035
9270
14680
8877
8230
8148
8880
8256
8547
11429
8862
7213
7546
8186
10988
14706
7971
12037
11878
11678
14122
8089
7291
7652
38820
78827
11425
7009
10477
7544
7221
9774
7307
7279
11414
7990
8272
21669
7823
7396
8584
9612
8667
8438
14276
7632
17694
7845
7719
7540
8409
4859
11326
15117
6961
5453
18127
13896
3318
8032
9634
7845
10205
10229
7877
6611
11916
8616
8283
8930
8092
8400
10116
7795
8231
8833
10693
7768
11430
8355
6598
9535
8707
7299
6968
9573
15532
8533
8997
10398
6803
8550
5533
6439
9418
7087
8587
5462
9555
7542
9076
8668
4697
10825
2909
7093
6248
7292
10449
10037
14356
13739
19049
13326
12293
11929
9683
8948
8778
10138
9055
12457
9194
11097
7155
16524
5459
10274
15577
7783
9680
7178
5887
6000
9261
11980
8554
13573
7894
9390
6763
9342
7758
9376
9769
9336
11296
9155
7604
11573
6829
10068
6608
8340
7081
9546
7341
6429
10163
11333
7909
6525
11894
7312
7798
7426
9715
9504
6802
8735
8125
20549
9143
8038
6611
5998
9993
7113
8287
9667
8250
12368
5947
7746
7274
8763
18029
7104
8478
10212
8419
7293
9105
8938
12085
8768
9161
20266
5833
9201
9592
9238
8345
8754
11559
9358
6038
9442
7486
7792
8305
10797
7954
6657
8504
10958
8640
7967
9803
7824
6702
10091
7960
30838
6460
6226
5999
9969
7372
12619
7496
8272
8018
7697
7576
7964
13809
14483
12424
8544
7923
13479
18811
32771
6302
12171
11152
8442
9036
9517
9725
9649
4683
10062
14875
10808
7731
9854
5376
11174
9819
11709
9047
6698
12092
8712
7303
6224
8242
6621
8485
22436
10568
7894
10349
8146
8856
9871
6722
8985
15063
18866
8307
7773
7679
8371
8685
6148
4057
10910
7289
8239
7403
6388
8198
8480
8517
7540
9783
8932
9595
9943
11236
6170
7430
9709
10635
11148
11393
7607
7248
11088
7020
12226
10583
6230
12651
7603
3753
6966
15738
10744
9263
9680
6570
9865
10809
10340
8212
4238
9348
8981
7314
9845
9460
10142
11219
7907
13833
14141
7646
10961
14524
12014
9524
10663
9425
7820
7883
7416
11787
6929
8841
9430
20008
7139
9613
6561
15404
8647
9875
8676
8653
10902
9360
8872
9084
13671
33061
11554
19012
10433
9279
8524
8636
30922
9284
8845
9418
7417
9735
12255
9208
9919
2945
15319
8376
7394
6495
10261
8828
9214
8093
11773
8672
10136
10446
20358
9953
15838
8369
8583
7675
6910
9100
7230
8842
10084
15958
6485
9076
7625
7760
9667
10603
9209
7943
8713
9520
9191
7521
9282
12473
11564
8248
7239
10240
5388
13449
11083
9332
10907
8427
7369
8947
9810
8351
7186
7503
11711
5867
8339
11112
6923
15694
10106
8091
7586
11264
9279
14608
9121
7289
7742
12675
8825
12030
10287
12736
14031
7382
11819
16008
8294
9065
8256
10647
8618
7328
13274
7659
9496
8457
12925
7369
8302
7967
7308
7380
10152
7962
8659
8168
8983
19474
15325
7848
10693
7090
8282
7365
9242
17447
9543
9606
13251
10828
8369
7263
9329
10838
10941
8871
9450
10077
12934
14747
9402
8031
7383
12068
18903
11396
14381
6963
8926
8033
7991
9937
15856
12313
8295
21908
9763
7885
8388
12210
12656
7991
8817
15461
8268
9576
9116
8012
13243
7358
8119
12034
9725
7691
8418
9149
6786
11574
316160
12719
8004
8359
5980
7771
10206
9222
9569
7549
7783
9310
9943
10168
12114
11512
7710
9313
10985
7993
17147
8312
12136
8937
7418
8515
14635
7382
12000
8613
7653
6255
7184
9575
21526
12964
11005
10576
8967
8162
7568
8725
10351
8552
14834
8835
7612
20768
20848
7883
7080
8598
6974
6911
10664
6404
7103
8069
12460
9413
13386
8225
8870
7833
7282
10504
8917
6982
10086
10251
8589
8364
7503
12627
8418
10882
8745
9978
12669
4308
7854
7949
10425
8546
8590
9284
10299
6520
6272
9242
12248
9113
6258
6681
7408
9315
8338
10024
9323
18919
8582
21122
9621
9823
10267
10646
8286
6751
7573
9830
8778
13671
9316
8002
20259
7635
6831
9134
23549
8344
46699
9598
7784
8746
7367
7656
8592
5982
9143
7139
8249
10609
11389
6176
5418
13744
9242
7503
7395
23301
8308
9012
11701
6641
7972
7565
5283
7818
9116
6731
8900
9276
7896
8779
7610
7436
6936
9533
7916
8858
6361
10045
9505
11466
7960
14324
7207
7320
7385
9842
7882
11834
342166
10432
12290
5799
14732
16584
11392
7038
14891
10892
14219
11200
10712
10649
10060
10067
8833319
7322
11852
12841
6517
17909
7067
18612
12488
8953
8055
7504
2657
13747
12972
4850
7096
8446
7580
7646
8133
9787
5907
9734
15340
24292
8325
18791175
10805
10022
11560
8117
7749
8172
8794
9943
8753
86802
8577
17958
5688
9335
7929
8384
147924
7676
7278
11224
11023
7206
13233
7076
8615
9000
9086
10139
12315
8055
8704
10629
8858
14731
8102
9487
8084
8149
10781
8128
7056
10304
13573
9928
10757
9842
7299
8036
7646
6672
7944
6934
8734
3546
7793
8235
9075
7349
14609
7211
7531
7101
8042
13155
8787
5777
11023
11612
9723
9403
12670
9224
12972
6324
10863
12507
8082
10595
11611
18859
11036
13466
12025
7893
23500
7732
6003
11893
12295
5904
9010
13708
7420
8224
11128
8110
7592
8850
11723
3529
13406
9585
15992
3830
5944
7551
9975
10712
7036
15649
512216
7972
43114
7836
10141
11613
6705
9891
8495
12189
10140
8562
7734
9410
8372
10218
14375
15158
10457
7893
12596
9524
11166
6818
9747
7311
23621
9704
12157
6305
8867
9014
3882
10369
9213
208103
9052
7830
8001
11223
10457
8341
11134
18357
8824
11219
7419
8317
13756
8850
24335
6900
13017
9912
4334
8798
23227
10449
11103
12757
6672
6646
7473
10143
8265
8602
8704
11393
13130
7553
18929
14863
10514
7785
7917
6992
8779
9186
10113
9048
10999
7570
6685
8831
9205
9398
8666
9457
8582
11575
9211
4533
9230
11274
8520
8064
3658
2488
9956
7096
11780
7507
6533
7413
13576
12405
9133
9085
17230
8003
10058
9338
7258
10232
7604
10020
8667
18343
8912
10071
6990
20410
5991
7858
7921
7862
9576
8591
24722
7585
10873
15231
9645
7659
17322
31011
7254
6930
9112
10617060
9498
11921
8567
8364
9590
5808
7719
9048
8521
7552
6471
9098
8127
9807
8205
7848
8984
9698
9770
8008
9962
10552
7884
7584
7959
13857
6124
17761
7088
7378
12040
11471
8947
7535
8190
10384
4274
13344
6313
13365
7633
7374
20872
7650
12258
7478
10323
12238
7462
8147
7650
12349
7020
16668
9626
9140
16089
9029
9903
11605
9881
6987
9940
7973
10796
9339
9828
6357
14931
8817
9517
12347
9837
9567
9144
8774
3344
10369
4197
10361
8176
12114
4807
9178
9725
10433
6074
7533
6572
12899
7461
7108
22033
8208
7538
9549
10374
6126
8593
10995
5014
8887
8748
14028
10845
9327
13618
7275
7894
7785
6992
12576
6543
11241
14022
9218
13127
12291
9740
6056
8780
9248
7468
10169
9946
7769
7907
6040
12285
13794
7349
7833
6613
6651
9140
9130
8652
11274
6720
8977
8058
10539
7981
8224
13443
18938
8684
13626
9166
8643
8799
8373
9365
12791
7665
8225
12986
10187
7784
8036
15953
8151
11609
21180
25043
7061
8289
8673
8947
15758
12027
11761
14722
6274
9302
8068
7872
15828
8201
13861
12353
10355
12227
8049
15565
14220
10244
9231
12625
12860
8518
9728
12600
6131
7491
20163
9409
10447
6935
10358
7153
8058
11869
19889
8780
8826
7479
6754
8828
9034
9860
7951
10773
8421
6209
10947
8744
7264
12114
9702
8530
7918
7220
6609
10985
5636
7769
9493
10861
6045
8530
8658
14758
7055
7485
9032
7946
8632
7913
8415
8003
5645
10440
7676
6630
10714
12600
12825
8243
5543
7734
8286
9729
8367
6488
10580
9322
7486
7436
11009
7803
7295
6726
9225
8481
9856
12256
11673
16296
7238
11700
8287
8251
10778
6074
8144
22289
7705
8924
6868
7619
7267
7515
8829
11164
7209
6758
9611
9415
8204
9239
10978
14468
10588
8125
9836
8279
15327
8631
8390
14149
8151
16146
15634
7530
10423
8175
9036
10560
7526
8185
8526
17471
16074
9636
8972
7669
8504
23135
7978
8579
9032
10089
8329
7671
10967
7848
10491
7283
9438
6829
8049
8707
9780
6248
9509
7876
13931
10123
8954
8302
9419
6826
9713
7617
8551
7604
8444
8356
6671
8814
6756
14616
9214
8998
11323
6500
8043
9460
8916
8790
12272
7546
6644
8421
8498
9476
16483
10535
6836
8973
12223
5905
7040
7834
6567
7171
7565
15768
23501
8892
9899
14924
12059
7613
10179
8686
8135
6892
7323
10479
9966
12738
10633
6105
13014
20738
9354
13075
7782
9260
8400
8135
8136
18795
12259
11250
7612
6417
6262
8390
6926
9953
22642
8011
8501
8106
8926
6794
8391
7326
11895
7353
8540
101679
9101
10720
11406
9322
11657
13628
8071
7885
8147
6875
6642
8367
10919
6701
8909
10732
6247
9093
6674
8138
9569
10037
7850
7628
7803
7889
6074
8725
9168
11698
6814
7814
8286
8471
9264
9333
8672
11846
9715
9988
11613
7486
8339
6119
7918
9478
6808
15604
10305
8348
13737
9074
9185
13830
6375
10689
8712
9146
7317
7098
7339
11742
12269
7076
8001
9258
9134
7996
9922
8229
8765
8060
6024
9523
10588
8744
9706
8299
8654
12416
8529
8432
7508
5882
11254
10241
13703
24329
5862
6916
8163
17960
7708
6105
17062
8835
10129
9609
7672
8287
9099
8836
7858
9672
10465
10829
7496
14494
8408
7227
7830
8542
9923
6160
9965
6674
13590
11169
16417
18184
9318
9799
16205
6708
7895
10221
7113
9352
7433
11804
7626
7568
5882
8740
7087
7175
6839
7554
8193
9774
9166
8412
23512
6595
6235
7858
8065
6566
7213
14602
10372
9033
12164
8124
8335
9192
7741
8631
5696
8593
9130
8517
7286
7578
11248
25134
8650
7814
9184
6667
8683
7469
7119
7463
9206
15445
6479
6266
7468
11279
7428
11013
8044
10867
11145
10910
8705
7672
12980
13343
44192
6857
6288
5844
15272
9213
11798
7843
7535
9818
12871
9192
8130
7169
5698
9349
9378
10083
12035
27190
8100
9264
6179
19395
9709
8787
19384
13480
7974
9626
6774
14093
7311
9327
7197
7731
5672
9125
9628
10576
10070
7534
12230
8931
7443
9388
8105
10624
13936
11917
7795
17381
8128
11467
9396
11781
9421
6961
24719
8825
7923
12711
8727
10244
7845
7925
7546
8997
9343
10527
13700
7532
7835
16038
8817
8476
11299
8785
10602
7708
14130
7128
6521
13188
9153
7965
8625
7503
10940
11979
12612
9936
11846
10823
10940
23268
6778
6727
9895
7787
9664
8308
7503
6476
6961
9378
10427
9954
8360
6197
8259
8925
12143
7995
11458
6747
11530
9546
7102
9720
15076
5808
12333
7652
8878
9636
6347
9577
6997
7619
8408
8671
10750
7450
8100
7419
8698
9299
11538
13659
14623
10427
6897
8130
7239
8486
8806
7623
9118
10345
8385
9339
7320
6748
7657
8931
6134
8072
9087
11003
6896
7431
6594
12641
9534
13656
8280
8068
7737
15333
8623
7671
6687
8621
7075
9510
6594
6152
6975
5787
7735
8197
9801
8764
9864
7559
6180
8504
8274
10222
8039
8072
15249
10430
6437
9951
6865
6930
5480
7638
8804
9195
7543
7896
30102
22734
9055
18471
6112
6579
7343
8582
7875
21784
7825
9081
8207
9426
7290
7895
1975998
7779
7631
8703
9759
7731
7248
10244
7773
11676
8387
7025
15531
7778
8119
8547
15492
8448
9888
5855
12976
11653
9788
7749
7817
8813
8055
9655
8561
13918
7850
7213
19249
7105
7277
8231
7521
9600
7323
5839
8653
9221
7377
6850
7148
7507
24847
7883
9002
6592
8928
7636
6194
8922
5963
269259
11190
6193
9730
8218
9017
217889
10324
8702
10622
7917
6052
7492
9912
8893
7927
7678
11733
7100
10033
11846
8167
18933
8352
10745
13463
9902
14376
7493
15162
5835
8287
8585
8193
11915
10382
7196
12764
7668
6309
10526
8945
7444
6845
6701
10235
12212
9458
10720
7734
10820
7672
6719
7485
11441
11710
7964
11041
6882
13382
7768
8679
9835
7088
14955
8728
16955
12878
11319
9092
8967
7496
12308
6283
15792
13007
9026
8933
10131
7398
8189
8073
8110
9027
9950
7410
8962
13392
5818
8702
6374
34365
8756
7095
8796
7203
7778
9656
11294
11357
8883
9108
7590
7896
6606
9269
8288
6621
13256
7175
8460
5891
16854
7286
9603
6633
7122
487242
6954
7558
12022
8230
8133
8495
9939
9237
7891
7058
20140
13689
11014
6173
7041
10459
10538
8483
7241
10016
19029
6797
6594
8137
8267
7121
8813
8450
7101
10586
12528
12264
11064
6501
9095
7298
9980
35695
8334
9136
11579
6523
6132
8039
321988
9366
9941
15759
11095
7895
13981
8106
10904
6032
8676
6825
6048
6670
7441
8423
12716
7028
9179
9732
8150
9760
8036
7749
7636
10012
9185
7817
7073
10486
8183
22286
9518
7479
7715
19661
7571
8412
9869
9223
9815
8941
35602
6848
9544
10418
7985
9294
9323
6130
5930
6681
8951
10412
7192
14588
6921
8548
8990
10437
9798
11948
7875
12456
9923
11404
8218
7780
7878
7640
10603
11469
8763
8733
22533
9171
8137
6604
12611
5146
8317
7744
8677
7800
8084
10738
7802
13794
8315
7779
11207
8915
12275
11753
10776
7032
8566
10484
10680
13788
6614
7611
7117
17175
5995
8802
7228
12447
9857
8109
8420
5959
11533
21031
8104
8627
7459
8929
6678
8013
7374
7716
6529
11930
7626
8769
10513
13653
8279
6767
7539
8917
10470
10143
7642
9629
40512
10215
8813
7292
7940
6578
11878
11539
8279
6924
10089
14729
12808
14590
8986
8018
12166
15452
7910
9067
10616
6947
12916
7826
8343
12776
7821
10074
12580
8433
8044
8203
8640
7786
9641
13059
7790
7999
8145
9859
6785
10263
9201
7823
7787
8637
8459
7682
10400
7788
12326
8359
12166
12612
7360
18676
11565
7306
6887
7349
7615
9343
15633
7181
6128
11631
11803
8363
14326
6018
9655
11191
8163
6941
7707
12841
7129
6489
8684
7576
7560
8106
8160
6839
6678
7314
11632
5944
7857
11216
8072
11779
8938
7978
7948
7279
7079
14006
8660
7266
9430
8045
7568
8122
8352
6951
7733
8579
10703
6959
9131
7340
9187
8195
11054
6956
6058
7930
5394
99629
9177
11483
10593
7533
10479
6898
7534
8162
9010
6821
9100
7265
8214
9536
21773
7305
8312
9519
8036
9012
5947
7173
8609
6765
11454
7881
8397
10565
8924
7244
7740
8434
8585
7235
21572
6935
11226
10464
8460
21807
7236
7003
7832
11342
8226
7460
7821
6999
12500
9383
7489
8314
11483
7616
8452
6292
8596
11386
13797
16228
11235
8781
12593
8419
10233
9368
7470
12113
8746
9875
11831
7796
9376
8733
533038
10086
9437
8870
11569
17606
7852
10862
8648
6626
9473
7038
8667
11391
7924
7466
8599
8161
7460
31661
9994
8348
7307
12879
9456
13634
7077
8009
8450
7961
9329
7597
12926
7120
7334
7836
13005
9767
6656
9325
7375
7942
8963
17280
8389
8867
9443
11594
9227
12620
11655
7240
7807
7107
9827
8849
8047
8026
9539
7371
10234
7589
10911
8226
6337
7858
7335
8750
9316
6438
6037
7244
8672
11673
10807
11713
12838
7512
7944
7323
9706
6117
22040
7419
9112
9817
7487
9169
8321
18409
11280
10211
10689
10657
8164
8922
8251
7317
12070
9725
8292
18484
10656
6075
7251
7771
14702
7967
12521
33334
6726
6791
8801
8672
7677
6757
8145
7315
11105
9474
9027
14891
12875
10593
9533
7387
7009
11992
12848
9786
7737
9037
10141
11208
24128
9887
7289
8757
18759
9093
8629
7846
8495
7864
9228
10186
6500
6211
9829
9783
7650
22962
12281
11979
7432
7720
8283
8226
10762
10602
7323
6135
8756
7521
7210
7933
8706
8618
8583
11344
6739
9874
7674
9065
6868
6552
7069
8733
6885
7151
7598
8045
8096
7612
8300
8459
8805
7762
8832
15160
6533
7436
6767
8788
6106
8837
7071
7481
22778
7848
7215
7698
14960
11282
5720
7540
7314
6020
8510
7467
7502
7582
7818
9555
9067
8328
6732
8734
6564
7665
8033
8282
7671
6847
10658
9761
8109
7849
7537
7600
7314
6571
6697
11482
9642
15958
15302
7300
7236
12553
8367
6339
9316
6737
13520
7356
8745
19242
9375
6508
349350
7157
16324
8406
6228
9304
8698
6218
7237
7161
6283
6928
6318
7931
7324
7436
7499
18114
7890
6439
12638
7503
10589
7491
6272
7412
8326
14842
10887
8515
37258
7471
8345
8174
6948
8265
8129
9921
7275
7143
7604
6881
7778
11792
8299
6423
8249
12682
8697
7476
12230
5979
9382
7704
6391
7728
7671
23664
11120
7038
10191
6863
22319
8421
7597
8144
5879
9982
7996
7888
7155
7520
8275
9985
7365
5894
10303
7006
8564
7110
8416
6992
9396
8389
7638
11937
10307
6464
10420
6443
10810
8277
6475
7272
7359
6763
6738
8411
25336
6604
11623
6487
7037
6590
8770
10620
8220
8598
7086
7149
9715
7761
6901
8032
11270
6472
7326
7669
8558
7795
8933
7269
7511
10306
7107
8545
8061
6451
7533
6610
7511
8653
8758
9276
11306
10223
6545
9103
8203
7577
7365
7248
7789
8887
6541
11750
8134
8211
8057
7168
6012
6442
8963
7301
7190
6674
9109
8245
7873
7222
7423
5881
8919
8740
9105
7619
7954
8678
9013
11032
7934
10382
7396
9013
9296
12501
8166
985630
7072
7485
5979
5885
5631
10150
9076
8239
8677
7478
9968
13756
7108
6852
7951
7265
8916
8382
7833
11743
9520
8420
9682
6581
6276
9200
9274
8833
7408
7843
8543
8296
8186
6975
6533
6936
6999
6870
6791
5993
9737
8354
6961
9381
12261
13896
8925
13656
7360
7630
23526
8103
8968
7955
8486
8671
6566
10335
7490
5953
9408
11365
5922
7480
8903
11065
5926
9416
7618
6644
9285
8476
8126
6039
40165
11238
9251
8716
6857
8903
9589
1100068
5878
6923
5844
6196
11727
7908
9938
20043
7706
119024
8026
9223
8223
8000
7039
10059
9670
8203
15233
5982
7319
24130
9376
8080
5968
10803
9568
8517
8837
9462
8058
6594
6727
7637
8445
8001
7104
6402
9019
8117
9063
7199
9825
10067
8155
10920
11358
9332
6339
7457
6932
8349
8508
7647
9890
8015
10671
6832
7975
7831
7287
11382
7101
10208
9266
7702
8053
9394
9588
8639
9164
8231
6100
13958
10229
8698
9805
5991
7677
6810
7939
6348
6840
15090
9591
9613
7252
10959
7512
2658561
7931
5877
7018
8047
9520
8628
8395
8070
11398
7982
8889
7848
6656
8163
5773
7662
9431
13823
8031
7595
8867
8320
18821
21582
8935
8526
6890
11021
8172
8164
7457
8450
7142
8281
7138
10315
11800
6225
8423
7887
11141
6530
7894
8762
6451
9207
8233
7394
7769
8805
8215
9162
6020
31383
12316
5288
11796
7613
6166
8100
7172
21308
8408
8321
7921
6764
24714
11196
8803
7285
6405
8065
9105
8646
6242
7554
7630
8062
8343
7531
8363
8142
7757
8770
15054
5787
8403
8002
7945
7066
7005
6904
9673
7114
8099
7545
9171
8910
8669
7942
8503
7732
8197
9370
7272
8535
11439
8986
7287
8088
8483
8038
9046
10846
6993
13796
5937
6616
13463
7043
7546
7097
33333
10339
6026
7285
8211
8316
7365
11369
7145
6997
9886
9743
9267
6910
9369
7500
8257
8028
7660
8288
5901
8808
8832
10203
7204
7187
8350
8779
11052
8960
7493
6273
8256
2945238
10212
12335
11202
8842
8492
6422
7836
5803
8701
10975
6324
7995
11177
6861
38583
6149
7835
13200
7342
8151
7940
6934
25852
9050
8398
8547
5905
7864
9404
9118
25086
6999
9130
9300
7128
7581
7783
7733
19787
7503
7589
6848
6482
8317
8085
9404
9533
7019
8748
1747324
8018
7076
6521
9280
8876
15025
14630
9827
7672
8348
7449
8392
7203
7412
8935
6890
8140
8224
7220
9924
10191
7284
12573
11284
10722
6331
7323
6957
7846
7285
7489
5745
7599
6956
7975
7667
8028
45099
7206
6195
5859
8503
10554
10028
9478
9247
7482
2294081
8881
6538
5799
8675
7524
14823
6326
7845
7420
7932
6872
7564
6162
8656
10305
8104
7545
6620
8405
6602
11583
13771
8603
10131
6278
9261
8457
8362
10414
6088
7712
9323
8900
6039
8388
8887
12363
9392
6696
8456
5978
7049
7632
8806
11702
7597
7678
7625
8398
6657
5289
1279087
8541
7864
9688
1280841
8821
16668
879368
7790
723802
6238
5978
7207
7699
8339
142186
12525
8323
8874
6036
9242
6631
7717
10693
10049
9917
7699
8826
8777
6428
6918
10144
7885
7419
9078
8308
6372
7777
13983
10988
7943
7162
10567
6779
10966
7026
6315
7229
6060
7283
7375
7958
9022
6570
955648
8461
7965
5918
626729
8276
7829
8976
6165
6862
7758
7570
7352
10353
9911
8772
751559
21477
740804
11502
12448
6830
8163
6584
7050
7432
11443
6556
7923
7453
6689
6438
6691
