2998
3053
4714
5723
3951
3549
4920
2780
2392
2790
2734
6412
3024
3027
2676
2963
3192
3744
2865
4076
6553
5823
3299
3887
2963
2585
3032
2787
4272
3411
3263
3372
3335
10726
5002
3140
5472
3256
2881
2526
2843
3079
2970
5820
4668
3458
4197
3630
2205
3556
2889
3802
5136
3439
3322
5573
4115
4775
2917
4373
2532
4193
3314
3628
3270
2675
4747
2435
3483
4940
3156
3830
4178
2735
2657
3618
2640
3899
3951
2338
3053
3936
2823
5680
4734
4783
3194
4126
2947
5035
4130
3519
3883
3439
4978
2790
6232
3779
2270
3499
5662
3282
3654
2387
3215
3702
3127
4898
3172
1714
3705
6931
3810
6850
15153
3632
3887
4666
3336
3471
3556
4554
3174
2616
3670
3109
3159
4122
3812
5219
5879
8771
5557
4302
5812
3533
3803
3521
3681
4486
2459
2865
2580
2632
4837
4329
3239
4097
5478
6188
3173
2097
4441
3162
1952
1938
2337
4249
2904
2097
3633
2542
3754
5693
2099
3148
3238
2913
2915
3497
5364
2982
2128
10750
7138
5197
3160
2877
34724
3552
3021
4923
4799
3093
3450
3125
4041
4387
3406
5042
3233
5282
12407
3010
5614
2749
7815
2093
2777
4460
5493
4338
2226
4452
4257
2651
3112
2828
3825
4497
4327
4084
2530
3774
3520
4002
3592
2868
5840
3923
5101
2887
4062
4222
4007
3067
2796
2910
2344
2982
4304
6024
3037
7277
2686
3290
3151
3410
5287
3550
3501
5462
3789
3628
3858
3086
2839
4461
4215
4323
2885
3203
4914
4165
6221
4049
2714
4246
6099
3609
2305
3640
3011
4198
4013
4132
3963
2865
6035
4553
2665
2403
3784
3148
2980
3724
3388
5048
2612
2291
3025
2779
3489
3520
3915
4085
4414
4467
2373
3026
4221
4570
5056
3018
3140
4798
3805
3981
3237
4140
3473
5254
3017
3435
2925
2862
3412
4405
3703
4468
8309
5664
2968
2256
2578
2970
4275
6680
4055
3663
3611
3165
4599
3547
3388
2498
4829
2864
2181
3849
4199
2437
2852
4395
3702
3423
5264
4277
2800
2978
3994
3800
3956
3303
4394
4282
6821
5737
2507
3363
2699
4022
3345
2888
3324
3755
2709
3261
3497
4176
3210
4167
4156
2963
2846
3219
5293
4436
2780
5558
4360
3603
3702
5778
2551
4705
4579
2604
2803
5550
3443
3450
4336
4787
3255
7323
4085
3190
3271
4142
3351
26823
3647
5104
3541
2231
3213
4478
3522
3971
3022
3314
4668
2723
3335
4109
3186
4900
4849
3295
3055
3070
4483
3153
4157
3940
3030
4054
3242
5863
2646
2636
4882
5304
3977
4011
4738
3004
3402
3452
3417
2145
3563
4041
3868
3151
3408
2557
2530
5286
4649
6283
3260
5210
3401
1966
4097
5519
4784
2663
5032
2148
3657
4383
2523
4733
5180
2737
3088
1687
3865
3202
6447
3690
4698
6609
3594
2069
4397
5405
2628
2674
3771
2966
3078
1829
4724
4943
3602
2735
3430
2786
5183
3171
3663
2291
2596
2878
3125
3314
3373
3690
3099
2497
2062
2512
2441
2454
2670
3012
2923
3878
2650
2650
2376
2836
3439
3909
4105
6515
2780
4192
2801
2640
1413
2736
3739
3366
3042
3047
3558
2487
2893
2658
2119
3041
2524
5580
2927
4357
2933
3256
3591
2704
2737
2696
3558
3237
2723
3232
5639
3561
2911
2721
2873
3292
3226
2390
5149
2866
2158
2744
2132
2573
1964
2571
2335
2377
2443
3204
2688
2275
3746
4603
2843
2210
3903
3323
2188
2291
2173
2519
4409
2454
2919
2532
3340
2757
3376
2999
1944
3065
2682
2866
3142
3777
2955
2644
2985
2365
2679
2712
2503
4167
4170
2922
2716
4499
2815
3658
3027
3024
3514
2589
1840
3770
2137
2689
5065
3093
2924
3535
4642
2483
4063
6296
5739
3161
2844
3684
5492
3603
5861
3463
5364
2693
3425
4756
2276
4540
2171
3177
3199
5811
4000
5600
3321
2901
3085
2197
3026
2146
3612
5053
3032
3295
2143
3320
2007
3863
4101
3803
2660
2976
3809
3279
4975
3872
3118
4351
4848
2539
3291
3457
3689
3313
3540
2322
4269
3700
3089
3689
4236
2944
3040
3592
3520
5841
3851
5167
4562
3286
6761
6418
4025
2684
4637
4744
4249
3243
2820
3869
2517
2448
2734
2510
1602
3507
1915
2592
2710
6446
4822
3504
5150
3605
2351
4243
4006
4003
4075
2648
2973
19597
4074
2862
4693
5466
2563
4413
5271
3412
3396
3112
3969
2322
3403
2690
3042
3819
2667
2606
2109
3744
2808
3250
4419
4326
4134
19591
3044
2400
2323
3842
2143
2558
2948
3325
4177
2521
4328
4234
2135
3326
6725
3351
2768
5527
4604
2384
3190
2688
4950
4634
2337
3392
2839
2757
2383
4885
4275
1933
2577
2290
3528
2732
3653
3519
3431
3182
1785
2161
3357
3985
2421
2832
2786
2592
3375
2569
3147
2606
3137
2022
3855
4194
3670
3498
2861
3644
4008
4412
2846
4033
2270
2063
3043
3179
2877
3715
3286
3073
2513
3013
2903
20270
2651
1861
2884
2582
2573
3490
2753
2046
3574
2613
1933
4114
2594
3502
2802
2795
2618
3152
2737
2453
4039
2761
2229
2340
2782
4712
2802
3263
2815
3105
2992
2185
1938
2904
2989
3807
2932
4476
3847
3277
3104
2149
3413
2470
2839
2985
3919
3443
2494
2488
2663
3177
2710
3718
6993
3849
2649
4544
2848
2484
2500
4934
3031
3269
2910
2704
3283
2393
2735
3174
3770
2791
4557
2798
2854
2103
2954
4855
2540
1993
4581
3089
3175
4980
3714
2868
5097
2016
2493
2436
2540
4765
3853
3861
3118
3373
9568
2553
2847
1822
3941
2093
2434
3982
2063
2974
4931
5355
3133
3003
3150
3875
3899
2350
3480
3278
2232
3570
4434
3503
3782
3999
3040
3530
1823
3453
4510
4650
2905
2755
2916
3454
3153
3051
3948
2813
3497
1881
2984
2406
4763
3103
3536
2509
2939
3057
2816
4012
1303
2869
2543
3825
2711
5297
5088
4129
4142
6152
3158
3282
3782
3791
3388
3867
4075
3409
4192
2338
2862
3863
3173
2339
2553
2898
2564
2332
4462
3306
5672
2792
2912
3919
3818
3206
3221
3204
2705
3463
2806
4057
3128
3361
5278
4685
3704
13522
2751
2869
5216
2197
5912
4862
2950
2590
3826
6487
2469
3144
2586
2135
3333
4286
3750
4845
3083
4342
3023
2625
5709
3422
2643
2995
2584
4520
3038
2456
3322
3004
3730
3402
3027
3710
3060
2418
2627
3017
4675
5818
5106
4428
4316
4156
4285
2880
3494
4386
2602
2387
3049
3913
5130
3710
3675
2156
6712
2841
4826
3246
3372
4225
4607
4111
3398
2916
4108
3895
3230
2611
3187
2527
2833
2309
3376
3273
4890
2473
3858
2355
3761
4589
3173
4821
3374
2979
2893
2822
6104
2817
3534
2908
3034
3615
4008
3121
1387
3395
4763
5237
3328
2736
4315
3000
7345
4480
4032
4551
4900
3063
4708
1886
1574
2549
3396
2701
3445
2967
2448
2789
3767
3112
3940
4073
5232
3866
2724
4493
3082
3684
4746
2708
2571
3109
3418
3479
4140
3192
4465
3370
3620
4722
3426
2885
6148
4564
5439
4449
4408
2481
3368
5111
4199
4162
3908
2616
3575
3517
2998
5764
1978
2241
2140
4951
4249
5203
3826
4152
3192
6649
2330
2941
3600
2715
4090
3644
1720
4227
3079
5580
3053
3135
3158
2205
3920
4008
3851
4077
2288
2510
3705
2383
2553
4134
3091
4442
2915
5935
2659
2636
3261
4249
3350
3958
3780
3501
4286
3190
3199
3002
3016
3219
3080
3004
2677
18984
4046
3839
3256
3658
4285
3786
2576
3360
2730
9555
4390
2126
2676
4472
6027
4142
4113
4019
3813
2441
5441
2599
2883
4134
2646
4890
13456
4390
3397
2689
2663
4371
4280
4655
4215
5866
4182
2720
3495
5887
3282
4302
2743
3823
2379
3945
3053
4711
4463
2423
1747
3047
2965
4143
2331
2328
4112
2686
5005
2744
3970
6066
2996
2511
3258
3094
2429
2463
3189
4040
4812
4547
2638
2252
3075
3295
2722
3503
3148
2458
3065
1434
2480
2609
3964
2552
3215
3674
4571
3150
3321
3776
3364
2818
2580
4215
1855
3271
2649
2410
2982
5005
2637
3789
4584
2840
2739
4927
3379
3953
2604
3817
3823
4265
2694
3090
2664
4124
2570
2497
3615
3727
3224
3683
2912
4063
4358
5248
3641
2785
3464
3349
4009
2742
3808
2849
2927
2862
3205
3032
3271
2977
6175
2931
3222
5823
3442
3561
3648
3710
3595
2780
3116
3031
3561
2471
3105
2680
2802
3033
2860
2428
2439
2641
3062
2008
3106
3265
3021
2706
2890
2901
3345
3085
3107
3623
2448
2318
2541
2615
3833
2911
2468
2717
2883
5967
3510
3177
3173
3816
3159
2525
2310
3316
2993
2544
2716
4147
3536
2904
2428
2499
4078
2249
2251
3200
3023
2740
3052
3066
1958
3267
4555
3499
2269
3523
3954
4004
2805
2364
2700
3422
2062
3597
3777
2359
2707
2156
2573
2907
2486
2553
2974
3228
4166
3991
4008
3700
3751
2405
3270
3303
2092
2966
4150
3625
3831
4458
2729
3280
2916
2589
5890
2082
3466
2636
16925
4216
2754
2638
3027
3755
3124
2994
2403
2720
2916
4200
5022
2403
3339
3322
2697
2691
2840
2993
3021
2687
2825
2565
2960
2080
2740
3165
3123
2674
2610
2377
3034
5283
3745
2935
3535
3209
2798
2607
3404
2937
4089
1994
4266
3629
3799
2617
3497
3208
3078
2683
2634
3470
2420
4537
4229
3151
2615
2217
2364
4323
1977
6806
2578
2905
3105
3332
2541
2810
3192
3238
2613
5701
2346
3900
5061
2577
3060
2975
2635
2585
3054
2453
2348
2835
3344
2608
2038
3087
18676
3093
3672
3664
2792
2263
4051
2853
3651
3123
3432
3603
3033
2590
3361
3590
3148
3201
3216
2361
3405
3044
2942
3251
2485
17838
3192
2297
3860
2422
2536
4076
3840
2943
1757
2664
4590
3000
2373
2392
6723
1709
2696
2420
4946
2630
3279
2672
3003
4243
3060
2551
2563
3174
2451
6219
2472
2415
3543
2570
4081
3888
3046
2874
2643
2226
3046
2567
2889
4377
2965
3421
2446
3347
3021
2809
2461
2750
2036
2493
2953
2307
3607
3588
4844
4145
3873
3831
3897
3060
2946
3331
3096
3302
2577
3303
3847
2993
4104
4442
5165
2522
3193
3736
3858
2121
3127
3653
4487
3495
2549
2871
2594
3483
6081
3418
2783
4128
3734
4830
2259
3149
3047
2436
1781
2624
2631
2702
3047
4271
2789
3841
2107
2986
4586
2893
2382
2693
4099
2636
3496
3304
4626
2014
3442
3302
3760
2769
2718
2792
1582
3087
2504
3064
2976
3695
3076
3131
13107
2410
3766
2737
2663
2460
2828
3838
3551
3848
4467
2656
3175
2106
4729
2702
2258
3777
3533
2047
7534
2881
4167
3301
2912
2204
3448
2826
5587
1934
2418
2330
2969
4037
3096
3666
2938
4003
3826
2045
2714
2611
2846
2570
3076
3044
2758
3519
3202
3219
3613
2414
2339
3614
3382
3698
3085
3288
2740
3124
3462
2915
3075
2808
3466
2643
2164
5301
2985
3687
6541
2645
2629
2075
3915
3148
2812
3394
2941
2752
2981
3029
3242
3713
2724
1962
2746
2147
2582
4487
3314
2580
3276
2823
3357
3398
2726
2862
3100
3840
2630
1759
3398
2931
3564
3179
3203
2189
4464
3913
3516
3266
3541
3817
2770
3894
3050
2603
3070
2146
4120
2783
2375
3080
4484
2593
2457
3698
3052
4592
2422
2782
3375
2922
2355
2386
4718
3452
3515
3072
3322
2072
3195
2774
3603
3896
3180
3117
4022
3543
3230
2233
2579
2462
3975
2007
2726
4472
3808
2846
2840
3483
2998
3016
5028
5205
3087
2987
2987
3008
2345
2869
2908
2762
2883
2300
2636
2272
3842
3236
2644
2748
3216
3313
2538
2954
19669
2939
2776
2972
2468
3082
2483
2374
2778
3505
3358
2969
2360
3989
3071
2417
1811
2500
2528
2769
2557
3414
2402
1844
3210
2714
2715
2617
3098
3089
2540
2751
3569
2332
1691
2753
2622
3190
2579
2691
3090
2661
2990
3178
4910
2498
3911
3086
3804
2245
3218
2250
2229
2923
3911
2692
3369
2168
3256
2991
2097
3897
1797
3437
2831
1386
2864
4060
3369
2943
3229
3515
3125
3142
2889
2668
2032
3031
2373
4367
1953
2537
2229
2876
2946
3230
2497
6275
2642
2574
2577
3066
2458
3044
1638
2327
1989
2737
2782
2430
2568
4198
2892
2691
2577
2840
4114
2944
3663
2160
3057
3294
3621
4154
3181
2357
5018
3974
3193
2283
3102
2325
2723
5368
4112
2048
3953
3528
4369
3698
2392
3084
2246
3123
2721
18132
3814
3049
2140
2475
2263
2788
3066
2001
4981
2862
3161
3690
2714
4235
3976
2406
3147
3719
3163
3249
2968
2223
2965
3150
3507
2875
5045
2214
3488
2228
5412
2260
2657
1665
2780
3986
2766
2236
3245
2799
3829
3076
3640
3165
2722
2697
4269
2661
3061
2462
4929
3107
3497
2461
3036
2639
2803
2828
2763
3986
2965
1725
2831
3390
3195
3365
3031
5030
5125
4630
4453
3417
4214
3002
3304
2487
2482
1764
3728
2614
3481
4039
4467
2653
2311
4185
4078
3487
4643
2346
3509
3389
2695
2788
2855
2475
2957
2726
2309
2727
3687
2939
3067
3168
3158
3415
3274
2911
2948
2953
2297
1961
1770
2697
2839
2507
3830
3766
3676
2944
3354
3401
2969
2982
4060
4038
3315
2576
2233
7932
3793
2858
2941
2877
3267
2691
7553
3279
3069
2343
3742
3018
8226
2499
2816
3192
2880
3096
2880
2163
3580
2600
2576
3061
3025
2143
3369
2376
3233
2236
2465
2758
2961
6984
3413
4547
2368
2404
2878
5590
3686
4319
3154
3184
3794
2552
2471
2834
3525
2210
3704
3827
2396
4626
3225
3166
2480
2524
2827
2180
2673
3564
3121
2630
3238
3939
2882
3642
1859
2718
3704
2977
2550
2701
2418
4138
4147
3772
2921
3466
5875
2854
2788
3271
5212
2905
3736
3686
3609
3518
3031
3185
3436
4304
4641
2278
3165
3524
3494
2240
3227
3819
5356
3729
3407
4540
3553
3292
3695
2148
3719
1988
5384
3149
3495
3701
4531
4380
3745
4663
3362
4286
2491
2391
4351
5061
2554
2760
1997
3095
2843
4653
4197
3872
2652
3196
2745
4116
3929
2633
4261
2651
6419
3343
2946
3929
3008
3535
2764
5736
4727
2798
4880
4676
3174
3200
4576
4042
2828
2933
4038
2744
2699
3687
3629
2744
4491
3717
4593
2671
4093
3160
18492
2175
5913
4872
3052
3340
4437
2314
3544
3414
3751
2959
4363
3741
2983
3751
2734
1953
3453
4471
2103
2723
3197
2705
3518
3629
3057
3041
4834
2373
3292
2335
3113
2588
2038
2516
2485
1606
2830
3028
2489
2418
2919
2226
3124
2175
2233
3265
2240
3928
2964
2298
1982
3008
3878
3675
3164
3140
2466
2382
3098
2693
3409
2628
2171
4786
2140
2386
4581
2778
2304
1734
2093
2264
3062
3158
2095
2202
2743
3129
2726
2162
2452
3052
2851
2593
2854
2406
2698
2137
2696
2474
3079
2275
2980
2413
2670
2506
4593
4987
3130
2579
2781
2863
3198
2834
2744
2600
3003
3127
2514
3108
2819
2412
2513
2327
2725
2179
2464
2942
2581
3925
3268
2354
3981
1845
4032
2733
2177
3168
3694
4062
2532
3671
3595
5004
2504
3107
2957
3707
4763
2809
2965
3190
3228
2929
2795
4163
2436
3343
2949
3119
2874
2708
3581
2559
2617
2363
5020
4627
3438
2295
2802
3568
3840
3594
3935
2361
4135
3490
3359
4107
3161
3564
3882
4769
3152
3674
4268
2705
5305
3118
3753
2512
3698
4092
2775
3166
5129
4091
3148
4055
7249
3819
3206
2831
2181
2850
4484
4175
3939
2741
3658
3066
3658
2776
3351
3120
2636
3868
4024
3547
4981
4815
5016
2917
3286
3122
5592
2189
3093
3006
2785
3253
2985
3469
2740
3368
2338
3940
2362
2971
4238
4039
2192
2792
3105
2253
2661
3560
2231
3401
5835
4692
3264
4741
3571
2606
2783
3094
2815
1776
3322
2606
3491
3239
4410
2964
2402
3423
6354
3080
3142
3032
4041
3617
3516
2984
2987
3156
2884
3750
2397
3151
3164
4055
6008
4773
5956
3633
4571
3979
3955
4892
3333
6161
3213
4024
3374
4278
3015
3123
3548
3517
3488
2434
5590
2678
3484
4239
4626
2561
2441
4444
4041
4847
3611
2590
3001
3998
2893
2690
4212
3813
2738
6919
3930
5915
8888
5171
2381
4379
3120
4269
3136
4061
4272
3361
5408
5422
4075
2962
3243
2609
2483
5127
5143
6302
2605
2778
2942
2910
2185
2832
3357
6405
3081
3303
6347
3830
4921
2346
4263
3127
4337
4605
3121
4722
4815
3909
2665
2097
3151
3973
2899
3093
3037
3400
2792
3141
4208
4237
3189
2460
3778
3703
4295
2849
3691
4247
3315
3110
5177
2739
4689
4847
2823
6412
3754
5862
3146
4794
3677
4293
1330797
3208
4199
3605
2454
6407
2984
4812
8657
4296
3983
4172
3134
5581
2713
3570
7722
7008
6039
7492
3692
4443
3449
3386
5064
4900
4628
6145
4023
3564
6967
2154
4956
3112
3311
4049
5841
3732
4074
2748
5616
3694
2462
2435
3940
15646
3360
3656
3678
4362
4023
2660
3875
3513
7190
3222
4640
3684
2912
3282
3170
2871
5145
4255
2553
2357
3998
2954
2152
2898
3033
3388
2780
3021
5820
2531
2712
3088
3846
2571
2840
2770
2786
3996
2635
2372
3784
2429
3592
3480
5103
2326
3263
3009
2794
3740
2425
3251
3888
7046
2184
4530
1670
2369
2168
4023
3743
2604
3445
2550
3004
2547
3035
2741
3051
2791
3125
3813
2808
2709
4234
2665
3321
2878
2520
3564
4941
3704
3145
2627
4983
2519
2973
2676
4602
2373
2764
2615
4036
3000
3669
4280
3157
5230
3757
3386
3938
3056
2461
4960
3801
2641
2515
2955
2617
3908
3746
2534
2999
6454
6522
6787
2493
2976
5567
4414
5557
5469
2297
3223
2977
7331
3719
2821
4900
3768
5190
3881
3952
6247
3533
3559
4649
4677
5021
3798
3809
2567
3478
3179
2966
7634
4000
2937
5326
4235
2629
4043
3335
3622
3230
6561
4758
2664
2865
2726
2668
5608
3680
6215
2966
6523
4603
4607
4070
3063
3476
4438
3489
3626
2894
4144
5016
5042
3747
4342
3201
2221
3536
2334
4413
3448
3126
2956
5116
4503
5192
4909
2798
5065
3670
5212
3404
4732
4560
5514
5635
3823
3166
3682
5210
6350
3873
4426
3164
5890
4371
2283
3729
3848
3546
4525
3393
2941
3159
3968
3843
3738
4472
5374
3558
3398
3804
2722
3956
5720
5944
3647
5671
10256
2364
2956
2430
4173
3386
4396
5329
4549
2750
2428
3428
3871
2958
2816
2628
3730
3936
3532
3083
2957
3800
4901
4827
4864
2353
3038
2294
3511
2816
3552
5121
19943
3134
3492
2620
2532
2611
2844
2463
4087
3993
2179
3665
3674
4308
4383
3689
4318
4835
39347
5254
3345
4046
3275
2928
4637
2908
2898
2538
4443
3037
4920
2683
5204
3431
3808
4275
3936
3837
4976
3796
1722
3963
5228
2794
2125
3933
1417
2426
2654
7769
2445
2917
2996
3319
2553
2896
2620
2511
3092
2559
1381
3070
3103
3643
2426
2761
2619
2822
3069
3351
3099
4604
3032
3514
3352
4136
3148
3646
3423
2531
3047
3634
2370
3093
3794
2451
4019
3471
3237
2670
3260
4753
3623
2587
4409
4204
3294
3053
2999
1926
16114
3487
2876
5197
3280
2863
4535
3138
3504
4229
3236
2434
8491
2474
4357
3000
3255
2702
2507
4917
5310
5176
2525
3598
4355
5110
4396
3292
3081
2735
4872
3268
3372
2914
3445
2658
3817
2922
2475
4505
2215
2934
2894
4192
7072
3868
2628
2881
4470
3973
3687
3407
3689
4206
4964
4353
2502
2998
2792
3175
4587
2862
3100
2689
2264
4075
2549
4166
1941
3508
4066
3357
2678
2476
3300
3826
5436
4262
2253
2940
3269
6888
3897
2667
3139
10355
3178
3376
3991
3573
6299
3194
3473
4954
2888
2345
2877
4418
3419
3437
3095
3560
4935
4511
2951
3192
4070
5140
4534
3064
3491
3247
3056
2774
4871
4374
4602
3277
3153
2750
2319
5736
3026
5020
4096
3431
2942
5139
3919
3958
4755
3524
2918
2731
3834
4017
3190
3446
2692
2599
3812
4999
2402
2544
6142
3177
6358
3264
4305
3305
5050
2648
2346
2243
2503
1830
2783
3858
3148
5333
3376
3272
3209
3969
4320
2259
3290
2574
3591
2881
3078
2408
3263
4386
2992
3792
3963
3889
2373
4359
3796
5594
3157
4542
3715
7428
5502
3494
3379
5089
3448
3107
4911
3329
4709
3460
3893
3501
3897
6771
2466
2630
3161
3293
3902
3481
3730
4442
4364
3500
4328
4126
3486
2962
3923
3531
2913
3818
2422
4767
3658
3294
3081
3729
6847
2866
2881
2960
3432
4515
7224
2518
4406
2930
4759
3090
3152
4228
3736
6855
3211
2810
4156
3654
3786
2852
3095
3119
5789
2594
4661
3244
2145
2764
4843
4954
1309
4462
4770
3309
2341
2994
3698
2481
3183
2746
3950
3095
2453
2902
3962
2677
2882
3791
2122
3391
2805
3199
3573
2488
2771
2661
3978
4155
3767
3979
3957
1616
3099
1752
2675
3203
3151
2759
2588
3199
2578
2844
2457
3826
4174
5515
5114
3499
3740
3058
4231
2489
3280
3437
4379
4057
2478
2726
2547
2401
2379
2258
2706
3014
3537
3245
2481
3410
3142
3294
3741
2411
2116
2548
2999
3354
2957
3605
5859
2906
3621
2237
2357
2796
2565
1594
2283
2475
2729
3353
2166
3733
2920
2741
2928
2410
2597
3861
3663
2250
3947
3156
2740
3206
3073
4550
2859
2456
2395
2532
7286
3443
4128
2912
2095
3797
3312
2575
3076
2739
2109
3170
2779
3031
3910
3460
2471
2909
2739
3256
2563
1971
2727
3224
1320
2288
3377
3120
2416
2686
2591
2169
4958
3353
4799
2172
3652
2861
3093
2310
3010
2937
3898
2622
3362
2379
2871
2438
18058
3357
2699
2851
3034
4857
4614
2302
2916
2337
2777
2030
2450
2910
2660
2932
3057
2652
2299
2369
2979
2452
3130
3135
2949
3599
3373
4983
3152
3659
2859
4233
2903
7132
3973
2664
2166
3224
4577
3558
2580
2516
2619
2531
3799
4904
3146
2845
2276
3353
2307
2974
2651
2775
2664
4761
3169
3061
2313
4602
2069
3222
3326
3026
2927
2699
3347
3166
2429
2651
2827
2583
2482
2547
2768
2969
4147
3414
3136
3618
3208
2963
2559
2499
2584
2310
3982
5320
3049
1807
2939
2853
4158
3437
2076
2651
1663
3371
1832
2742
2623
2953
2750
2674
2463
2159
2077
2689
3006
2515
2606
8516
2679
2072
4752
2344
4304
2640
2678
3940
2514
2752
5257
3139
2645
3081
3049
2453
3788
3731
4029
1783
2400
2880
2725
5092
3791
2673
3449
2894
3333
2591
2157
3116
4167
2291
5329
4158
2504
2830
6273
2269
2924
4235
2481
2338
2648
2389
2913
2902
2724
5386
2766
2046
2670
3906
2217
2348
2610
3603
3392
3764
3566
2438
1500
3712
4500
3368
3042
4544
2400
2994
5296
3519
2979
2998
3148
2488
3727
2687
3880
2254
1719
2891
2714
5087
4947
5342
3116
2770
3480
2783
1969
3504
3383
2735
2968
2218
2796
2563
2824
2929
2073
3092
3208
2881
2340
2690
3330
4557
3430
1840
3053
2882
3116
2829
2790
3173
2847
2796
2991
3559
2104
2991
3548
3646
3281
2703
3063
4337
2682
2855
2536
4865
4109
3377
2461
2612
2947
2187
3396
3354
2608
3190
2697
2975
2406
3441
3416
3564
2758
2579
2506
3846
2979
4441
3826
3553
2855
3334
2984
3080
4636
4587
5658
3332
3040
3920
4229
4134
2894
3534
3593
5184
2515
4789
2722
2794
2597
3443
4065
3351
2547
3206
2646
3439
3033
2572
2831
3826
3935
3073
2667
3318
4665
2668
3285
3246
1940
2886
3337
2633
2849
2927
2384
2881
2877
2575
2962
3659
2973
2427
2668
3237
2783
3486
2777
2695
2483
5391
2646
3291
3772
2527
3310
2440
3040
3392
3946
3417
3421
3744
2893
4126
3855
4169
5475
6080
2672
3153
3588
2804
4081
2844
3174
3980
3098
3836
3456
5687
3922
3383
5034
4681
3825
3523
2902
2419
3739
3581
2733
4729
3144
3912
3656
3254
4656
6248
3727
4661
2605
4495
6776
3406
3075
3330
3101
2842
3477
3699
4505
3362
3075
3424
3078
2617
5605
4018
5491
3105
6268
4091
3122
4473
3851
2800
5259
3090
4415
4494
3745
2660
2576
4397
3160
3051
3483
3473
2798
2533
3352
2952
4541
3201
2886
5435
5089
2488
4080
2963
6216
5683
3144
2753
4065
3240
4048
4479
2519
8014
5388
6832
4513
3418
6472
3687
2256
2881
45160
1877
5186
4106
1086
4571
3900
3405
2861
2711
4855
4478
2662
3946
4271
5522
3512
2682
2125
2789
4029
3448
4357
4436
2894
4341
3480
3815
2141
5149
2628
2855
3128
4039
2806
3251
4871
3726
2892
3246
2003
3717
3005
5255
5037
3114
4349
3230
3561
2726
5578
3548
6165
2898
2281
3382
2445
4438
2425
2646
2790
2167
3082
3177
4373
2866
2678
2545
3129
2752
3369
2465
3400
2831
2561
3187
3095
2566
1621
3610
3286
2395
3652
3509
3365
2728
15041
4143
4527
3381
3575
3280
2737
5574
5044
2998
3835
3180
4200
2634
2863
5178
3768
3126
2569
17618
3764
2592
4126
3497
6001
2888
7733
3585
3937
4053
7126
2659
2896
2819
4671
2988
4304
3228
3254
3073
2969
2928
4765
1718
4045
2624
2641
3696
5265
2776
2548
2930
2798
2790
4783
3148
3266
2750
3255
3307
4345
2651
2911
1783
3581
3329
3435
2965
3004
3988
2550
2664
3081
2686
3108
3751
4510
2697
2358
3119
3363
2974
2894
2475
4951
2655
3828
15468
3267
2231
3420
4218
5353
3192
3174
3356
3598
3094
2478
3301
5602
3405
2401
13282
2985
3114
3165
1999
3132
2873
2761
3253
2170
2307
3294
2344
4246
1968
2948
2339
2680
2921
2441
3322
3016
2210
2755
3025
6499
3794
3212
2736
3876
2637
4336
2558
3175
5003
4235
2206
2591
2733
2113
3517
2625
2586
3367
3048
2598
2688
2224
3575
2971
3532
2408
2855
4072
3138
2962
2971
3456
4052
2219
3260
3457
3174
2820
3259
2211
3293
3290
2833
2841
2725
2555
3151
3357
2803
3276
2786
20053
3632
2948
2506
4217
3002
3418
3354
3356
2759
3386
4749
3165
3005
2381
2891
3490
3196
3025
3456
3886
3861
4864
2986
2899
3261
4345
2773
4497
3630
3723
2949
2775
4422
2475
3264
4231
2915
2707
2919
4017
3034
4073
1651
2938
4075
2497
2922
2798
3202
3125
2605
2618
3055
2719
3745
3477
2312
2499
3090
3004
2310
2904
2513
3161
3576
4637
2965
2855
3247
2639
4253
3040
2634
2298
3138
3598
2542
2061
1919
3050
2716
2442
3155
3173
4687
4286
3604
3837
2032
3815
3503
2916
4071
2494
2466
2499
2309
4725
2521
4316
3539
2697
5159
3604
3090
2856
2646
7184
2498
3193
2555
4622
1955
2216
2512
2310
2586
3153
2499
3741
9343
2677
3293
2142
3794
4293
3443
3038
3785
4496
2871
2265
2299
2602
3108
3252
3585
3636
2493
3059
2632
2763
3378
3098
3301
3288
2358
3821
4440
3070
3826
2351
2698
2745
2788
2334
2563
2992
2267
3106
3409
2137
3293
3363
2701
4631
2440
3136
2617
2824
3683
2927
2422
1706
3532
3264
3455
3937
2768
2802
2154
2415
3491
2102
3455
3538
2725
3032
2005
9490
2363
2325
2786
2342
2202
1658
2835
2473
2624
3435
2202
3008
2683
3337
4433
2902
2375
2339
3014
3265
2361
17564
1959
1835
2820
3809
2650
2689
4425
3213
2989
2895
3178
4483
2660
3059
2421
4416
3026
2728
2386
2752
3313
3344
2074
2653
2921
2775
3178
2767
3046
2715
3250
2576
2780
2832
2991
3552
2840
2519
3812
4669
3245
3900
2690
2047
2878
2753
4793
2716
2529
2412
3665
2692
2124
2563
2968
3056
1833
3410
3695
3941
3054
2555
2214
2202
2922
3696
2932
3395
3785
4429
2620
2376
2438
2873
2554
2186
3385
2938
3569
2477
2508
2659
2931
3095
4605
2071
2956
3792
3814
3231
3265
4651
3216
2335
2385
2708
3206
2672
3061
2733
2779
4103
2837
2149
3181
2882
5756
3301
4361
2215
2828
1971
2800
2554
4443
2931
2617
2939
2407
2485
3496
1889
2330
3095
3051
2160
3132
2534
4776
2353
3468
1948
3442
2265
3315
2331
3006
2568
2057
2042
2925
2889
2919
2698
4636
2038
2803
3215
3702
3319
3485
2706
2668
4768
2563
3253
3013
3338
3084
2612
2388
1856
4404
3115
2976
2631
2606
2310
2472
3689
3309
2565
3022
2479
2962
2512
3100
2269
2226
2959
2813
1939
2843
2849
2406
2325
2406
1870
2798
4625
2690
2575
2913
3076
2806
2688
2895
2636
3037
2689
3174
3002
2584
3824
3380
4827
1741
2437
3396
3040
3646
2736
3134
2098
2667
3609
2746
1892
3288
2716
1993
2779
2170
2894
2735
1995
2626
1579
2305
3059
3306
2242
2781
2792
2252
16115
1928
3066
3863
3321
2359
3141
2508
3215
3178
3443
2010
2667
3378
2323
2904
2387
2072
3229
2395
3342
2687
4152
2706
2618
2453
3041
3424
3459
2041
2731
3023
3135
3142
2713
3180
2623
2958
3251
2585
1795
2694
2727
2698
3402
2250
2527
3328
15569
3682
2547
2499
3753
2112
2274
3084
2658
3394
4211
2619
3047
2276
3841
3681
2668
2599
2682
3861
3228
4016
3292
2238
5278
2497
2152
2241
3368
2750
2656
2204
3693
1735
3526
3049
3067
2214
3598
3140
2585
3616
2840
3177
2892
1912
2576
2665
4031
2652
2809
2305
2701
2807
2719
3582
2976
2729
3637
2581
3290
2686
3213
3263
2473
2992
2259
2865
3333
2809
3099
2943
3109
3375
2882
3503
2430
3285
2216
3220
2770
2623
2708
2541
1979
2767
4461
3294
2458
2665
3176
1878
2387
3092
2793
2929
2402
3455
2669
2315
4117
2301
3236
2421
2652
3741
4164
2372
2957
2623
2244
2885
2453
2971
3349
4255
2789
3488
1870
3189
7752
1990
1631
2505
5453
3705
2036
3889
2211
2400
2490
2493
3306
2792
3734
3077
2752
2958
3157
3532
3168
3169
2767
4235
2428
3802
1717
2991
3328
2310
2159
3547
2350
3121
3851
3253
3145
2981
2326
2999
2879
2923
2752
1830
3084
2959
2867
3404
2505
3159
2704
2585
2299
3141
3591
3557
2694
2819
3144
3118
3248
2962
2785
2715
3167
2849
2702
3803
1793
1823
2244
2865
2421
2808
1832
4424
2185
2142
2927
3236
2052
2484
2773
2528
2937
2754
3192
2953
4720
2923
3151
3047
3054
3502
2972
2959
2353
3232
3632
2933
3609
2666
3713
2301
2267
3324
3277
2238
2338
2803
1707
2441
2599
3961
2376
4464
1525
2248
2404
2484
1973
2714
2365
3027
2761
1991
2163
3656
2993
1921
2206
2226
11567
3224
2248
3040
4815
2429
3875
4965
2172
2902
2482
2918
3163
2605
2826
3103
2753
2786
2306
2509
2617
1976
4798
2277
2333
3061
2827
1877
1954
2765
3081
4187
1700
2526
2488
3754
2400
3259
2280
4401
2247
2727
2984
3064
3279
2518
2464
2951
7018
2031
1918
2574
2377
2817
2786
2034
4833
2588
2500
1973
2606
1570
2833
12801
3007
4089
2809
2752
2062
3677
2378
3563
3236
2570
3094
2498
2516
2321
3631
1865
2923
3781
2602
2564
2477
2947
3123
2650
2913
3590
2542
4149
2910
4227
4640
3061
3098
2474
2917
2017
1918
2586
18761
2233
3189
1910
2119
3718
3421
2993
2620
2419
2416
2388
4405
2574
2606
2627
2639
4688
3033
2364
3078
2936
5102
2308
2179
3546
2807
3055
2541
2166
2595
2226
7457
2698
2653
3144
3271
1992
2556
2857
3953
2416
2737
2524
2697
2390
3885
3199
2207
2809
2693
2275
2683
2506
3394
4125
2644
3049
2643
3262
2220
3108
2094
2902
1873
2216
2285
2113
2435
2302
2747
2765
2635
2234
2408
2660
2384
2385
2553
2636
2961
2392
1934
2402
3136
2550
2067
2060
2276
3337
2483
2989
2637
1961
2175
2522
2472
3593
2783
3134
3119
2167
2877
4985
2890
2161
2225
2949
2372
3833
2935
3077
3136
2225
2653
3990
3356
3067
2936
2461
3203
2295
2273
3347
2759
4579
3423
2854
2641
4065
2960
3154
1909
2940
3948
3724
3734
2828
2711
2350
2537
2539
3590
3122
2517
2383
2165
3203
3068
2589
2818
3495
4612
3911
2937
2834
2007
3295
2389
2949
2105
2454
2567
2938
2683
2119
2682
2377
3516
2383
3425
3216
2674
1994
2764
2673
1528
1979
2711
2331
4012
3416
3276
2254
2483
2402
3130
6000
3049
2172
2916
2068
2173
3417
2960
2706
2254
2404
3047
3096
2621
3477
3112
3103
3606
3299
25954
2729
2027
3073
2559
4068
2607
3184
2475
2232
2148
4545
2303
3800
2477
3203
2178
3001
1848
3841
3734
1990
1929
2502
2783
2537
3478
2070
4255
2447
2878
2583
2290
3536
19266
2446
2591
3344
2923
3224
2337
2126
2438
3212
3397
2966
3428
2664
3920
2158
1864
2340
2698
3283
3261
2546
3712
2568
2150
2543
2724
3465
3235
2478
2358
2538
2840
1586
2333
3869
3107
2677
3297
2495
6832
2697
2498
2968
2847
1433
2258
2711
3312
2721
2356
3837
2088
1926
7154
4177
2391
2252
2946
2698
2248
3140
2896
3379
2769
2921
3773
3225
3796
2310
3279
3099
2755
5210
2452
3283
4692
2675
2025
3095
3297
3731
2468
2868
2269
2961
3526
2351
2725
2679
2580
3509
3617
2944
3075
3561
3453
18227
3076
2933
3235
3424
2190
2476
2234
2858
3570
3200
2416
1835
2543
2613
2062
2630
2030
2657
2099
3301
3201
2312
2887
3323
2161
2698
2389
3161
2435
4081
2048
2577
3155
2465
4917
2256
1670
2533
2495
2279
1763
2730
2648
2467
3230
2586
7014
3621
2093
3837
3211
2867
3014
2241
3978
4438
2554
2704
3736
2562
5269
2662
2819
3115
2358
2628
2999
1771
2747
3010
2822
2833
2292
2471
2849
2415
2548
1537
2269
2060
2001
2327
2558
2744
2789
2653
2091
2654
3943
1833
4189
2234
4028
2757
3769
2789
2646
2783
2679
2678
2532
3462
3105
2666
3069
3386
2930
2997
2372
3250
3564
2566
2788
3618
3793
2810
3864
2873
2527
2734
2414
2593
2687
2104
2252
3292
2334
2310
3346
3185
2449
2901
3106
2761
4066
3295
2470
2456
2767
3132
1978
2571
4111
2930
2753
4447
2346
2956
4445
4276
2190
3079
3335
2325
2689
3001
2258
3616
2110
3037
3884
4954
3241
3320
2798
2712
2356
2503
2023
3691
3025
3055
2833
2533
3038
2344
2650
1851
2690
4106
2552
2362
2860
2865
2199
1875
2159
2517
4078
2886
1932
2464
2629
2850
3451
2042
2878
1820
3061
2864
2440
2358
3608
3158
3367
2707
3408
5297
3151
4270
3832
2306
2634
2204
2748
3301
2081
3612
3495
2932
5088
2766
3275
3641
3099
3357
2807
4458
3709
2544
2954
2390
3244
3319
3436
3132
3375
3043
3124
3912
3130
3043
3552
2774
3325
5210
3754
3785
3150
4509
2473
4772
2591
4313
2480
4599
3326
3225
2312
4428
2008
3805
2831
3805
3139
2463
2693
3610
4149
2568
2388
2276
2720
2931
2474
3380
1741
2694
2222
2706
2651
1668
2284
2709
2420
2585
2221
2417
2988
2408
2688
2128
2475
2625
2699
1736
2778
2588
2865
4209
2271
3177
3174
2549
1988
2637
1509
5789
2193
2374
2171
3016
2848
2506
2028
2309
2662
3466
3430
2298
4064
3021
2563
2535
3830
3282
3522
2283
2164
2579
2911
3021
5124
2813
2407
2218
1947
2381
3228
3077
2751
2801
4367
2645
2444
3555
2940
2822
4073
2617
4012
4197
4606
3512
2003
3808
3455
2651
2708
2748
4147
4013
3409
2887
3764
4256
2465
2289
3556
2552
4086
3538
3703
2962
2114
3232
1884
2229
2945
2418
2644
3617
2827
3159
2592
3117
2750
3463
3278
3670
3092
2596
3553
3944
2532
2608
2336
2364
2772
1911
3682
2421
2433
2328
2685
2321
2617
2637
4863
2847
2912
2926
2291
2839
2924
2783
2605
2638
2822
3000
2829
2796
2915
3767
2719
2294
2656
3091
3625
2329
2422
2014
3438
2729
2642
2023
2563
2740
2815
3258
2638
2954
2827
4342
3398
2319
2113
2967
3534
2874
2651
2705
2505
2143
2225
2433
2606
3370
3813
2821
3780
2921
2474
3625
3638
2770
2310
3812
3074
3947
2068
4023
2226
3359
2217
2294
2610
2352
3078
2692
2689
2893
4209
3088
3810
3255
2784
2480
2660
3108
3040
2430
1905
2876
2151
3030
3658
2877
2879
3433
2790
2989
3015
2877
2889
2724
2477
2163
3829
2382
2193
4315
2033
2422
2674
2860
3359
2705
2955
2458
2576
5029
2215
2401
3029
2266
2763
3174
2623
2289
3714
2734
3229
4044
3093
2574
2685
2522
2840
2331
3676
1507
2582
2071
2790
2571
1863
3104
2880
2344
2411
5172
2828
3322
3740
2427
2880
2604
2861
3220
3185
2432
2266
2855
3295
3064
2209
2821
2589
3788
3468
2907
4994
2463
2565
2225
3024
3302
3100
2401
2102
36054
2325
3277
2249
4415
4264
3006
2385
3330
2255
2820
2366
3093
3610
3173
2398
3362
2385
3231
2897
2937
4085
2339
2315
1771
2802
3160
3446
2570
2478
2733
3429
2577
3669
2688
2398
2767
2014
4154
2737
2527
2659
3067
2891
2783
2625
2187
3623
2711
3879
2213
2786
3420
2493
3185
2317
2421
2179
3627
2272
3902
3541
2529
2866
2371
3029
3434
2843
3181
3415
3215
2974
5009
2620
2008
3410
2655
2686
3327
16316
3548
2072
2582
2250
3235
2599
2968
2475
3578
2748
3260
3848
2434
2189
3982
3037
2301
2611
4081
4171
2029
2041
2794
3130
2261
2914
2334
3822
2433
2890
2161
2537
3256
3126
2513
3003
3447
3139
1932
2235
2175
1983
2457
3572
3192
2934
2051
3298
4518
3572
2694
2032
3733
1955
2007
2430
2145
2430
3723
2308
3423
2570
3142
3173
2599
2609
2257
3676
2208
4947
2438
2426
1766
3924
2373
2981
3183
3064
2826
2379
2968
2711
2756
2157
2977
3238
2540
2557
3150
2497
2590
3432
2393
3494
2505
2773
2894
3762
3411
2255
2381
2444
5077
2306
1654
1895
5169
2765
4438
1563
4418
2008
2519
2765
2492
1936
2620
1973
2278
2569
2664
2385
1984
1548
2120
1790
2660
2065
2896
5812
2370
2780
3709
1606
2603
2446
2256
3506
2844
3532
2268
2456
3766
2737
3351
2994
2415
2251
3767
2299
2046
2081
3235
2400
2099
3277
2945
3735
3653
2326
2061
2147
2653
2812
12897
1488
3922
3811
3579
3311
2521
2559
3526
3694
2282
2930
3884
2678
2520
2626
3338
2362
5816
2787
2326
2185
3090
2779
2810
2546
2252
2855
2647
2335
3025
1941
2188
2204
2656
2216
2108
2200
2216
2623
2566
1870
2357
3116
2526
2815
2096
1884
2236
2301
2553
2604
1939
2631
3223
2461
2177
2489
2693
2405
1791
2076
2088
2818
3027
2108
2193
2530
2988
2184
3211
2254
2431
3068
2615
2332
3018
3346
2262
2218
2838
1711
2216
3102
3185
2292
2556
2593
1875
3037
2072
2069
3147
1850
2040
3314
2321
2232
2373
2942
2835
2167
2445
2945
2218
2205
2633
2137
3444
3049
2511
3243
2242
2441
2433
2373
2529
2353
2647
2017
2167
2765
3602
2277
1863
1680
2591
2718
2762
1421
2443
2976
3565
2866
2675
2492
1970
2490
2750
1902
2425
2070
2426
2173
1731
1800
2910
3040
3273
2765
1864
2382
2764
3293
2749
2679
2028
2165
2427
2303
2628
2746
2218
3040
2661
2241
2920
4507
2291
2400
2742
4158
1707
2395
1839
3531
1682
2067
1735
2095
3560
2658
3257
3006
3684
2887
2530
2685
2175
2049
2878
2326
2640
2810
2555
2905
2657
2476
2717
2421
2949
2636
2040
2353
3557
2866
2072
1993
2714
3076
3079
2588
3231
1940
2460
3421
2448
2236
2802
2400
2525
2678
1869
2645
2607
2147
3040
2938
4005
2896
2696
4122
2896
3475
2854
2259
2305
2568
2427
2294
2277
2968
3839
2427
2640
16958
2627
2060
2253
1941
2277
3128
2274
2528
3478
2243
2432
2234
2837
1917
2898
3916
2801
3466
2260
1726
3195
2714
3252
3945
2519
1921
3772
3729
2374
1951
3090
2629
2980
