2290
2398
3278
2658
2723
2163
2599
2235
3610
3379
4421
2576
2422
2304
1806
3280
2921
2294
4149
2936
4445
2696
2995
2909
2265
1607
1846
1849
2738
2120
2844
3427
2165
2863
1632
4739
2329
2114
3610
1463
2513
1710
2828
2157
1996
2368
1936
2078
2809
2934
1505
2676
2511
2437
2945
2397
2057
3354
2683
2907
2328
4896
2751
2611
2407
3211
2131
3472
2791
1567
1962
3354
2210
2021
1365
3337
2102
1880
1933
3075
1509
2153
1835
2375
2587
2177
1431
2262
3154
3543
2529
2169
3604
3159
2745
2300
3100
2525
3388
2959
3703
4798
1927
2566
1874
2327
2960
2948
1164
2014
2241
2424
2095
2160
1728
2236
3528
2704
4166
2830
3021
2846
1808
2128
3744
2346
3919
2631
2164
4341
3027
4859
2352
1889
2638
3877
2842
2306
2410
4644
2013
2641
1702
1961
2921
2307
1997
2345
2583
2338
2427
2671
2736
2626
1987
3196
2046
1859
2266
2097
2385
3117
2123
2069
2676
4212
3278
2468
2209
1643
2472
2689
2107
2231
3216
2408
2970
4083
2641
2398
2068
3663
2246
3710
2082
2586
3123
3329
20135
2533
2993
2499
1657
2254
1981
2477
2149
2529
3488
1970
1641
2167
1593
2546
3222
2750
2907
2073
2416
3316
4806
1795
2900
2597
2719
1764
3221
2438
2598
2021
2491
3106
2161
2131
2957
1951
1703
1506
2334
2699
2577
3465
2636
1832
2046
1903
3034
2227
2892
2058
3019
2187
2690
2263
2169
3038
2171
3528
4149
3297
3150
2710
3273
2124
2924
1892
1512
2537
2286
2665
2255
2736
3444
2588
2781
3047
3013
3932
2360
2334
2334
3216
1965
3213
2099
2575
4865
3492
2478
2286
3113
2798
2334
2870
2268
1966
2456
2141
2040
2198
3704
1754
2680
2130
2261
2213
2161
2032
3240
2238
3685
1981
2828
1860
2530
2529
2436
2684
2142
3393
2297
2323
2060
2905
1867
2374
2317
1873
2648
2417
2084
4478
2583
2500
2803
2401
2333
2257
2541
3648
2900
2914
2472
2457
2618
2573
2689
2482
3052
1872
2306
2403
2011
2211
1490
1656
3871
3254
2299
5347
3285
2407
2427
3733
2882
2301
2473
2369
2605
3444
2556
1917
3086
1563
2186
2224
2093
2536
2894
2515
2498
2917
2806
2640
4752
3337
3499
3077
2758
2334
3221
3268
3316
2108
1863
2901
3394
2831
2326
2206
2937
2327
2245
2957
2345
1702
2362
2013
2672
2395
2478
2568
2554
2140
4097
3268
2606
3032
2282
2398
2227
3104
3729
3630
1868
1992
2870
3472
3658
2900
1974
2355
2729
4068
2847
1952
2715
2008
2431
2799
3062
2260
1599
3032
2193
2789
2995
2186
1746
4486
2901
2258
4052
2253
2087
3095
3677
3034
1316
3204
2385
3312
2239
2981
1780
2168
3066
2782
4341
2556
2705
2049
2834
2809
2232
4033
2109
4199
3858
2795
2055
4663
2869
1873
2305
2207
5719
2385
2624
4558
2661
4376
1699
2570
2176
2372
1803
1881
2061
2127
3007
2416
3545
2208
2144
2718
4762
2895
2293
5567
3812
2704
2594
2577
1793
1961
1694
2138
2620
2932
4551
2772
3394
2003
2347
2493
2754
2335
2425
2422
2602
3544
2839
1811
2612
3607
3845
2404
2263
2629
2321
2438
2535
1701
2985
2111
2084
2195
3117
2362
2237
1920
2399
2426
1804
1898
3218
2550
2334
2577
2255
2275
2094
2798
2164
3215
2925
1716
2685
1873
2598
2773
1911
4509
3034
2708
2861
2499
2763
2521
2253
2106
2365
2557
2472
2698
2454
4091
2145
2546
2669
2250
1766
2770
2661
2385
1552
3753
2480
1983
2939
1620
2256
3943
2647
2350
2849
2240
1568
2159
1773
1903
2112
2052
2408
1970
2213
2100
2697
2864
3248
2214
2497
1708
2318
3028
2101
2254
2660
2326
1844
1384
2281
2398
2686
3104
1954
1707
1967
1742
2502
2970
2275
1972
2726
2129
1284
2366
1737
2373
2050
3131
2432
2553
2561
18267
2155
2321
3135
3322
2310
1745
2093
2126
2460
2297
1776
3151
2575
2391
3456
2217
2813
2147
2150
3442
4327
2442
2687
2296
2612
1724
2024
2062
2847
2250
1912
1557
2096
4134
2226
1425
2272
1489
1576
1822
2916
1796
2616
2092
3270
1772
1869
2899
2328
2212
2057
2370
2136
2828
1947
2043
2050
2031
2039
2140
2398
2263
1752
1728
2841
2469
1221
1724
2379
3635
2405
2966
2571
2559
3123
2876
2336
2388
1719
2508
2163
2668
2730
2206
1771
2035
1952
2556
2494
2074
2504
2601
2995
2518
2823
1961
2160
2320
2260
3274
2327
3254
2259
3590
3784
3847
3407
3820
2265
2550
2388
2729
2488
3195
2254
2511
2611
2492
1960
3094
2290
33737
4241
2293
2353
2582
2149
2181
2562
2078
2540
2472
3129
2362
2445
2481
2531
2368
2703
2299
2021
2807
2594
2305
2317
1427
2116
2945
2904
2733
2186
2140
2519
1687
3088
3027
3370
1657
2328
2447
2946
2050
2821
1804
2272
2349
2924
3003
2513
1665
2784
3872
2161
2991
1978
2770
2508
2224
1968
2316
2003
2885
4089
2502
1929
1490
2515
2250
1791
1597
2445
2233
3820
2904
2050
2352
1424
2786
3145
5183
3203
2502
2508
2039
14270
2344
1689
2574
2279
3084
2520
4195
2164
2897
1988
2264
3782
2153
2690
2978
3552
2619
2283
3070
1521
2091
2876
4233
2317
2908
2221
1694
2313
2422
2509
3403
2676
2194
2314
2030
2692
2365
2426
2330
2509
2246
3678
2908
2515
1901
2614
2184
3536
2536
2288
1744
3296
3120
2532
1986
3005
2323
2460
1960
2122
1920
3229
3025
2069
2620
2281
2468
2639
2128
1955
2486
2262
2400
2142
2405
4916
2758
4206
2542
2091
2708
2298
2160
1909
3161
2663
2557
2041
2364
3172
2678
2634
2372
2045
2939
3531
3530
2081
1847
2064
2218
2873
2530
2095
2887
2166
24850
2255
1945
2477
2401
1872
2194
1800
2043
1956
3054
2085
2338
4114
1746
2923
2734
8488
2467
2754
2280
2627
3432
2913
2622
1919
1377
2463
2880
4589
2131
2252
1850
3679
2468
2663
6122
2359
1803
2128
3262
2070
2621
2185
1716
2277
2311
2304
2634
2454
2597
1909
2910
1846
2241
2695
2256
2805
3244
2352
2607
2679
2686
2461
3665
2214
3148
2206
2115
2378
2566
2130
2126
2061
1430
2105
1694
1753
2052
2296
2194
2391
2308
2254
2387
2122
2232
1312
1189
2721
2137
3073
2155
1788
2242
2424
1711
2470
3955
2338
3286
2192
2171
2407
2922
1494
2388
3352
4068
2709
2697
2307
2144
2853
2485
2673
2673
1563
2724
3487
1937
1924
2269
1810
2443
9115
2966
2425
1678
1864
2141
2906
1455
2257
2221
2138
1628
2096
1259
1727
2199
2427
2183
2054
3027
1638
2575
2454
2146
2756
2047
1226
2062
2663
1929
2423
2174
1904
2273
2407
1482
1488
2381
2546
2593
2476
2125
2028
3129
2751
1541
3363
2736
1947
2384
2418
2273
1193
2674
2725
2505
1686
2097
2071
2145
1715
2078
2943
2430
2737
2176
3125
2143
1685
1647
3127
2460
2227
2323
1507
2402
1163
2337
2651
2173
2334
2294
2259
17546
1942
1763
2564
4088
2260
1985
2101
2085
2528
1948
2500
1911
1913
1600
2473
2533
2348
1864
2933
2975
2543
1911
2594
20174
2037
3058
1446
2069
1282
3027
2934
2735
3168
2405
2251
1476
14312
1949
3158
2651
1626
2763
1563
3063
887
2737
1637
2774
2414
1982
2050
2600
1729
2698
2401
2168
2405
2527
2154
1692
2762
2031
2761
2451
2501
2140
2435
2445
1534
2937
3003
1461
2924
1526
2677
1830
1647
2841
2046
7042
1922
1910
1944
1524
2608
1939
3232
2303
10863
2026
2600
2468
2014
2850
1819
2737
1729
1939
3319
1447
2035
2337
2268
2629
2445
2063
3212
4836
1555
1597
2061
2220
1767
3300
2707
1669
1512
2244
1886
2709
2436
2469
2418
1733
2819
1916
2574
2378
1487
928
2219
2832
1638
2262
1269
2330
2103
2190
2632
2612
2421
2468
2712
2299
1978
2243
2710
2481
2212
2545
2877
2049
2403
2348
2404
3198
1639
2754
1502
1710
3452
3543
2821
2945
2055
2546
2331
1882
1708
30396
3420
2550
2643
2144
2883
2165
1821
2356
3147
3222
3024
2210
1829
2364
2266
2398
2395
2883
2164
1609
3061
2599
1007
2291
2609
2044
2317
1927
2592
2750
2813
2867
2959
1270
2871
1953
2234
2962
2017
2226
2721
2445
2051
3034
2456
1990
2624
2076
2091
1953
2433
2559
2312
2311
1841
2343
3040
2503
2496
2612
2744
2492
2262
3291
2734
2568
2774
2314
2073
2518
2629
2650
2626
2827
2202
2726
1206
2272
3119
3298
2356
2424
2941
2346
2148
2154
1961
2256
2937
1633
2396
2997
2424
1850
2223
2434
2458
1714
1693
2940
2250
1581
2453
2666
2617
1477
2066
2029
2426
2156
2787
3013
2292
2601
2562
2120
3022
2676
2917
1801
2455
2273
2799
2191
2090
1851
2134
2315
2458
3278
2161
2675
1502
2916
18898
2772
2428
2398
2693
3123
2570
3047
1715
2837
1937
2826
2332
2337
2161
2689
2896
2406
1857
2659
2731
2202
2012
2056
1651
1735
4772
2386
2138
2395
2721
2529
2180
2857
2587
2353
3388
1405
2173
2693
2472
2162
2654
2125
2475
2119
2270
3369
2423
2322
1662
3069
2080
2761
3196
2357
2339
1962
1938
2462
2332
2501
2267
1458
1985
2198
1604
2088
2913
2331
3942
2543
1964
2701
3596
2195
2470
3468
2953
2077
1783
2634
2144
1707
1936
2288
2581
1146
2010
3618
2299
2958
1817
2726
3890
2924
2188
2266
1639
1716
3819
2492
2316
2227
2872
2373
2215
3431
3305
2764
2470
1992
3354
2759
3304
2231
2734
2374
2629
3064
2420
2262
2467
3238
2488
2774
2594
2259
2677
3011
2269
2883
3016
1470
2429
3257
1997
2196
2182
2337
2471
32627
2209
2487
2343
19248
1901
1965
2715
2669
2437
2943
1942
5417
2597
2673
2669
2243
2822
2620
2448
2509
3487
2842
2771
1999
2445
2806
2144
3181
2310
2268
2349
2585
2383
2758
2387
2342
2490
3059
1555
2772
2428
2138
2377
3235
2430
2536
2280
2607
2027
1875
3689
1891
5343
2281
2476
5052
3586
2256
2861
2131
2387
3816
2581
2057
2894
3097
1380
2527
2206
2977
2756
3192
2542
2390
2191
2944
2407
1912
2516
2095
1883
1894
1830
2565
2373
2248
2319
4711
1499
1903
1431
2336
2772
4156
2270
2356
3334
2012
5005
1546
2065
2399
1867
2149
2442
2979
2185
2387
2662
2350
2008
2268
2141
3137
2765
2544
2669
2193
2954
2446
2643
1689
2335
1597
2157
3297
2497
3162
2768
2153
3165
2211
2243
2636
2287
2884
2653
2415
2296
1810
1744
3056
1964
2271
1923
2137
2603
2971
19419
1965
1904
3631
2133
2050
2876
1990
2515
2325
2549
2470
1633
1942
1560
2701
2273
3333
3216
2691
2184
2832
20640
1697
2342
2136
2848
2604
2911
2070
3008
2527
2491
2291
2605
2262
2146
2134
2274
2490
2932
2090
2343
2255
2560
1989
3141
2084
2482
2547
3288
2238
2272
2575
2388
4923
2602
1961
2386
2633
2746
3298
2321
2348
1535
3063
1746
2530
1776
18845
2735
3122
2611
3433
1434
2070
3358
3010
2745
2096
2805
2414
3359
2715
2419
3391
2525
1748
2496
2108
3052
2345
1429
2871
2465
2376
3162
1511
2214
2271
2148
2748
3093
2396
2589
3098
3189
2668
2612
2687
2329
2438
3376
2730
2840
1807
2697
2797
2635
2548
2661
2666
2419
4527
1933
2286
1660
2909
3169
1389
2649
1776
2794
2966
2416
2799
2557
1979
2718
2524
1714
1900
2090
1890
1724
1878
2292
2855
2863
2150
2380
2233
2721
1682
1856
2851
2312
2721
2428
4497
4021
1812
3078
1955
2394
2133
2575
2675
2249
2766
2566
2214
17974
1745
1768
3290
4210
2441
2450
2025
2275
2870
1961
2880
1903
2201
2343
1979
2532
1892
2660
2360
2509
1981
3308
2599
2261
2294
2233
1776
2754
1697
2757
2133
2488
1387
2667
2527
1457
2223
2790
2308
2619
2427
2653
1878
2390
2079
1921
1549
1541
2022
1828
2331
2133
2186
2461
1766
2012
2277
2069
2913
2522
2396
2417
2262
2780
2780
2166
2488
2859
2023
1807
2152
1328
2849
1678
3057
2202
2243
2293
2576
3447
2923
2877
2264
1317
2110
2143
2928
1386
2252
1957
3831
2334
2836
2139
2047
1858
2273
3075
2883
2280
2073
1947
1915
2410
2431
2976
2144
2892
2399
2686
1850
1942
2225
2635
2037
2532
2988
2228
2857
4081
4871
2124
3581
2503
2384
3129
2898
2738
3490
7063
1561
1696
1951
1998
2389
2284
2547
2861
3149
2828
2157
1729
2612
2724
2514
1811
3483
3447
2403
1637
1694
3171
2810
2339
2754
3117
2689
2695
2271
2264
2047
2486
2091
1581
2420
2410
2101
1471
2729
3504
1838
1548
1600
2393
2115
1905
19243
3438
2542
2827
2120
2318
2171
1947
2231
1896
2016
2418
2195
2804
2943
2335
2549
3313
1706
2160
3213
2411
2400
2183
2213
2302
3053
3005
3288
2783
1805
1634
3235
4028
2618
2455
1986
2184
2515
2478
2826
2494
1360
1977
2147
2086
1889
2973
2868
2175
3737
3688
4888
2152
2870
2706
2598
2248
3259
2004
2176
2893
1860
3007
2242
2395
2324
2753
2406
3190
2555
2726
2332
1552
2185
1926
2507
4927
1400
2215
1973
1609
2270
2172
1668
2405
2635
1691
1695
2423
2131
2453
1666
2079
2990
2791
2167
2222
2525
2469
1495
1866
2968
1749
3116
1709
2384
2436
2313
2148
2147
2378
3383
3177
2844
2577
2422
4323
2407
2784
2873
2837
2874
3388
2355
1677
3055
3270
3059
2228
2266
1941
2380
2508
3041
17137
3193
2988
2263
2403
1840
2427
2038
2406
2398
2503
1612
3365
2948
3996
2417
4104
2632
2823
2238
2336
3218
2520
3247
1818
3025
2445
1673
2108
1630
2384
2642
2562
2608
2306
2234
2257
2553
3113
1998
2440
2341
2457
2084
2767
3597
2734
1727
17661
3582
2968
2452
2212
2764
1541
2140
2336
1329
2700
2091
1632
2332
2858
1670
2226
2521
2462
2179
2210
2040
2568
18420
2247
3489
2423
1655
2547
2394
2201
2301
1659
3056
2336
2217
2237
3016
2113
2054
1990
2279
1905
4006
2564
6445
2095
2887
2435
2067
1770
2106
2126
2021
1954
1910
2582
2388
2241
2532
2886
1832
2385
1526
1817
19933
1466
2095
2586
1964
2424
2396
2502
2254
2740
1540
2376
4388
2415
2320
2594
3032
2182
2627
1869
2897
2542
2397
2285
2085
3117
2413
2140
3150
2416
2463
2128
2221
2810
2901
2680
2020
2089
1542
2125
2699
2807
2630
2784
2210
2685
1829
2825
4022
2526
2186
2380
2706
2595
2259
1893
2394
2225
2284
2839
2146
6541
3589
2286
4108
2380
2156
2685
2615
4015
2468
2071
2198
2514
2189
2178
2640
2537
2410
3287
2486
2383
2446
2986
1713
2129
2242
2582
2174
2942
2352
2598
2276
1782
3421
2151
2623
1463
2675
2434
2060
2038
2591
2512
1492
2245
2141
17702
3542
3534
4726
3035
3669
1805
2976
2506
2134
2954
1500
2309
2383
3365
2226
3196
1751
2498
2814
1691
2322
2069
2667
2426
1414
1179
3300
1762
2560
2729
3664
3796
2546
3621
2546
2160
3247
3152
2946
3588
2763
2799
2507
1932
1929
2008
1527
1876
2284
1677
1400
2137
1765
2991
3726
2826
1767
2030
2372
2202
2058
2550
2213
2999
2056
1435
2538
2014
2092
1041
1550
2084
2827
2911
2259
2152
2206
2303
1885
2160
1863
1989
2221
2300
2730
2337
2435
1803
1209
2534
2377
2972
3369
2189
2930
2281
1660
2884
1924
3182
1570
2951
2602
2045
2799
3182
2362
2802
1745
2230
2387
18474
3379
3746
2375
2172
2553
2705
2532
2874
2681
2460
2974
4275
2650
2492
3149
2674
2225
2100
2647
12070
2390
3145
2236
2756
2092
37426
2469
2191
4306
1945
3278
2514
2912
2611
3193
2874
1998
1994
2716
2024
2486
2274
2377
2567
2791
2178
1186
2290
3138
1912
2507
2329
1877
2797
4371
1985
1409
1590
2264
2366
2083
2181
2587
2209
1749
2272
1900
2283
2961
2782
1856
2350
2425
1581
2991
2102
2403
1360
2968
2049
2289
1979
2869
10728
2089
2989
3056
2223
1328
3084
3292
2375
2514
2531
3412
3446
3114
2667
2683
2242
2567
1568
2329
1267
1972
2104
2424
2052
2747
4346
1905
7240
2113
1894
3153
1783
2685
2354
2704
5849
3312
1846
2285
2248
3899
2036
2647
2160
2470
2053
1545
2881
2266
1962
2343
1783
3006
2462
2713
2413
2422
2408
1863
2670
1057
2336
2300
1933
2642
1935
2617
2931
2523
2722
2297
2026
2224
1685
1962
2519
1995
1497
1730
2779
2218
2521
2514
2381
3051
2506
2949
1804
2255
3298
1963
2123
2580
3136
1921
2179
2189
2566
2717
1962
2160
1945
1458
1835
2064
3875
1686
2060
3194
2897
1810
2911
1675
2015
1285
3709
1963
2163
2060
2216
2166
1702
1253
2182
2586
2637
1704
2238
3642
2308
2289
2927
2524
2359
2793
2077
2870
2084
3031
2166
2617
1703
2467
1937
1656
3083
3616
2596
2364
2319
3394
2503
2451
3616
3016
3470
3708
3076
3603
2455
1979
2707
2800
1863
3513
3453
1813
3594
3559
2686
3087
2505
3106
2738
3928
3425
4270
3039
42035
4449
3230
2150
1990
2331
1525
3971
2083
6098
2183
2803
3608
1890
2598
2625
2447
2530
3117
2922
2737
2583
1372
2304
2785
2768
1998
1866
17672
3071
3109
3303
8468
2340
2270
2514
2172
2625
3552
1807
2880
3292
4808
1614
3143
2680
1879
5288
2535
2563
3006
3999
2580
2068
3258
1610
2259
3049
1762
3526
2070
3551
5884
3239
2713
2511
2442
3779
2157
1925
2127
2846
2063
2182
2506
2475
2708
2788
2640
2608
2435
2211
2631
1926
2476
2369
2580
2582
2254
1902
2157
2728
2288
2120
3160
2705
2371
2499
3304
3657
1858
1678
3352
2941
2598
1456
2175
2127
2916
2159
3468
2823
2271
3091
3620
1867
1665
2529
2620
2439
2928
2210
2762
2606
3022
1483
2324
2403
1911
1888
2334
1494
2268
2599
2322
2195
2229
1825
2719
3234
3523
1939
2121
2803
2088
2748
2464
3806
1791
2696
2365
2767
2476
1257
964
2357
2373
2406
2720
2320
2868
2208
2122
1993
2550
2233
2382
3576
1700
2129
1658
3782
2616
3061
1814
2223
2553
3085
1776
2198
2566
2484
2237
1661
3260
2511
2527
2478
2534
2171
2504
2385
1808
1529
1715
1795
2191
2261
3324
2183
2271
1797
2700
2099
2078
2434
2933
2874
2089
2406
2300
2331
1945
2613
3061
2116
2315
3538
2817
2555
2517
2413
2415
2674
1506
2514
2839
2572
1897
2770
2709
2760
3288
2868
2961
3210
3193
2584
2615
2488
2051
2535
2722
1634
2990
2087
3125
2840
2216
2740
2609
2252
1844
3610
2616
3192
2762
4084
2795
1709
2638
1837
4503
2133
2092
3290
1968
2869
2582
7078
2691
1679
2519
1956
3392
3632
2567
3495
3341
1994
3119
2249
2568
2792
4579
5008
5046
3139
2754
3074
3024
4038
4853
3882
2490
2768
4035
2674
2526
2625
2703
2370
2478
2273
4795
2335
2171
2212
3299
3269
3336
2185
2340
2645
2994
2899
1813
2111
2793
3238
3592
2806
3434
2078
2770
2354
2888
1940
1894
2994
3895
2817
2357
3484
3144
2080
2808
2553
2453
2954
2468
3009
2092
2720
2689
2434
2632
2609
2433
2556
3042
1808
3302
2105
3074
2207
2867
2172
3031
3247
2634
5062
2722
2202
2404
2166
2306
3202
2891
2034
2403
3148
2147
2260
1807
2177
3341
2417
2068
2470
3587
2115
2696
3449
3104
3312
2642
3542
2309
3108
3476
2590
3162
3092
2439
2836
3314
3737
2410
2169
1959
2606
2905
2505
2583
2018
2164
1177
2819
2025
3338
2609
7827
3030
4384
3364
2120
3506
4196
2876
3121
5133
2072
3137
4694
2836
3571
2538
2912
2597
2030
2593
4311
2918
2176
2523
2856
2281
2314
3499
2241
2207
3387
2556
2831
2643
3443
2176
2197
5865
4712
2381
1715
2713
2674
3017
2830
1928
2176
2819
2445
3944
2881
2478
2499
4427
2176
3761
2609
3716
5967
2783
2676
2441
3157
3320
2618
1576
2001
2184
3111
2242
2404
2498
2271
2847
2548
4131
2458
3281
3411
3276
2461
3009
2698
2746
2688
3416
3373
2377
2486
1899
2473
2856
2857
1944
2017
2422
2230
1718
3172
1491
2221
2010
2783
2403
2440
2868
2988
2088
3002
2534
2444
2172
2491
2807
3111
1958
1889
2606
2456
2743
2218
2641
1781
2532
2710
3738
5378
3120
2109
3018
2190
2030
2906
3102
2221
2610
2713
2205
2653
2816
2740
2906
3325
2219
3066
2511
2748
4245
2909
2587
2633
3712
2389
2016
2489
2819
2124
2515
2724
2929
2084
1959
2289
2472
3055
2559
2923
1767
2982
2803
2690
2738
1768
2607
3299
3114
2302
2452
1385
2363
2657
1883
2527
2657
2751
2460
3193
2469
2329
2242
2805
2016
1369
2689
4235
2396
2831
2878
3184
2864
3559
2221
2876
2509
2926
16316
2475
3012
2486
4213
2121
2313
2522
2031
2149
2803
2746
2100
3072
2730
2929
2334
2634
2782
2757
3112
1750
2796
2366
3100
2505
1892
2597
2832
3428
1529
2769
3291
1727
2057
3818
2883
2936
2749
2830
1792
2993
3247
3655
3132
2809
3465
2528
2633
2864
3114
3751
2673
2744
4072
2444
1728
1549
3138
2296
1829
3907
2584
3099
1894
3270
3003
2280
2945
2650
2944
2420
4032
2014
2641
1003
1934
2440
3034
2759
1817
3162
2948
3555
3192
1742
2541
2032
2621
2906
2708
2764
2406
3340
4070
2561
2486
2810
2720
2468
2706
3740
1809
3041
3515
2627
2474
2060
1767
3596
2880
2983
3007
2253
5462
2561
3547
2232
2678
3454
2876
2438
2442
3412
3147
3533
1440
2817
2194
2886
2144
2633
2721
3868
2193
2938
3745
2229
2615
2420
2286
3163
1370
2469
2264
3617
2782
3456
3024
3429
2880
2397
2519
2630
2481
2518
2164
2817
2204
3670
2322
2553
2912
1963
4257
2318
4195
2084
3683
1814
3008
2197
1510
2912
3881
2776
2341
4385
2936
2481
3726
1482
3047
3300
2643
2783
2383
2172
1965
2445
3451
2132
3140
3025
3125
3050
2917
3241
2284
1824
2412
2593
4079
2855
2503
2220
2344
3884
2339
2190
2463
1801
3054
2571
2925
2631
3345
2552
1992
7605
2311
2655
2678
1788
2740
2786
2960
4322
2677
1798
2734
2827
4871
3417
2579
1790
2509
2756
2436
3087
2782
2771
3090
4093
3398
2821
2802
2296
2431
2543
3899
2195
2088
3407
3747
2127
2583
2838
1979
3736
3861
3853
3312
2608
1889
2323
2214
3269
2843
1878
2407
3040
2727
2249
2607
2966
2782
2068
3299
2260
3531
2410
2469
2313
11040
1964
2675
2718
3209
2810
2114
1923
6944
3121
3092
2312
2135
2227
4501
2395
3067
2616
3885
3545
2700
2913
3984
3259
1658
2657
2506
2556
2106
2942
2815
3142
2493
2634
2706
2850
3148
3670
2526
2446
2380
3204
2418
3929
2426
3276
2933
2801
1653
2273
1671
2179
3345
3027
3045
2268
3206
2419
2348
2399
2676
2202
2209
2961
2321
2646
1964
3040
2587
3081
1764
3032
3220
2461
3026
2013
4236
2996
3084
3467
2382
1718
2791
2761
3412
2912
2735
3672
2690
2266
3328
2120
2512
1461
2172
2727
2131
4883
3446
1845
2376
2317
2360
1863
2792
2415
2180
2031
3310
3391
3202
2694
2198
2503
2015
2201
2513
1582
2588
2849
3689
2382
1532
3170
2553
3100
3008
2451
2807
3243
3398
3187
3830
4243
3093
2494
4199
2230
4133
2227
3777
3297
3325
2927
2695
2643
2008
2314
2622
4030
3797
2000
3137
2467
3684
2505
2474
2737
2719
2282
2383
2445
2954
1500
3133
3295
3807
3977
2228
1916
2232
2016
3430
3361
2579
2791
2695
2394
3336
2345
2054
2421
2540
2410
3033
2727
2582
4222
3301
2084
2753
2532
2365
2538
2417
2998
2564
2537
2515
1969
3918
2421
3351
4012
3150
6393
2916
3997
19785
4462
4089
4539
2417
2734
2916
2335
2968
2409
2821
2774
2230
1820
2292
3368
2921
2981
2305
3042
3408
1961
2698
2325
4141
2929
2696
1930
2885
3159
2858
2697
2445
2927
3705
1756
2068
2716
3663
2639
2700
3056
2740
2744
2080
4162
2123
2336
2983
2392
2648
1257
2196
3157
2369
2922
3317
2274
2386
2214
2949
2442
2503
2408
2447
2417
1310
2011
2920
2041
2095
3159
2737
2909
2739
2593
2459
3482
2677
2913
3197
2105
2377
3709
2411
2040
2920
2711
2487
3351
2895
2494
2898
3204
2729
2560
2836
1885
2836
2522
2844
2263
2885
3018
2792
2620
4042
4296
2888
3339
2626
4142
3186
3825
2884
1959
3586
3049
2667
9407
2989
2164
2789
2369
2549
2645
3279
4407
2463
3876
3827
5067
3496
4001
3087
3855
2596
2385
2090
3161
3186
2903
2656
2750
1963
2328
2681
2648
2686
4328
3107
3184
3010
3779
2798
3279
3082
2185
33390
3090
3235
2154
2385
2378
1743
2152
2884
3614
1584
2635
1508
2310
2253
2978
1972
3553
3029
2111
2822
2556
2514
2885
4125
2031
2552
4195
2526
2166
1726
1692
2241
3145
2685
2410
3364
2693
2564
2247
3032
3121
2691
2800
3363
3002
2464
2181
4018
2379
2437
3248
3566
4160
3353
2285
2162
3625
3561
3466
2325
2480
2615
2407
2275
2715
3235
2091
3010
2990
2431
2481
2162
1990
3478
2210
2994
3055
11534
2117
2657
3588
3221
2192
3884
4120
3282
1991
2088
2877
5341
2621
1434
2781
1509
4913
4238
4200
53833
5548
3088
3914
2331
3047
3363
2663
2471
2269
2631
2533
2780
3551
3781
3021
2928
3933
3781
4083
2948
1332
3147
2980
2889
2636
3608
2888
3526
2356
2906
3866
2217
3086
1571
2759
2627
2975
1778
3294
3363
2631
2036
2653
2793
3113
4816
1375
1864
2537
2249
2490
2824
2440
2777
2676
4369
1911
3527
1359
1990
3631
2660
2981
2824
3254
4090
6005
2684
3372
3076
2607
2523
2342
2283
2565
2928
3133
3015
3043
2037
2505
3509
3184
3411
2525
2700
2508
1989
3102
2934
1909
3388
2923
2672
3615
4448
2906
3557
4079
3778
2723
2490
2804
2428
3450
2481
1588
2495
3029
2635
2242
2874
2130
2919
2864
2290
2529
3272
3373
1624
2457
2840
2145
3041
2837
2522
3339
2207
2318
2933
1328
2629
2981
4329
1698
3721
2138
2462
1663
3618
2782
2483
4060
2026
2251
3497
2703
1874
1827
4119
2794
3413
3142
3502
3390
2009
3038
3608
3630
2318
3328
3001
2395
3812
2594
2655
3441
3801
2343
2648
4970
2362
3540
2279
2566
2844
2724
4876
2428
2675
3338
2486
5212
4256
2498
3482
2457
2981
3448
2487
2319
3905
2445
2829
3930
3520
2533
2003
2580
2431
3996
3213
2405
2498
3020
3135
2536
2311
1524
3936
2521
2914
2443
2876
4443
3405
4290
2549
2471
3757
2058
2648
2773
3793
2685
4338
2273
3339
2314
3146
4186
4232
2155
1649
2835
2735
4008
1734
3280
3727
2659
3103
2258
2451
3253
3078
2196
4554
4472
2273
2646
2686
3173
2438
3209
2746
2612
2217
2141
2675
2389
2034
2867
2475
3979
1754
2906
3115
2708
2457
2857
2189
2054
1971
2649
2493
2475
3409
2537
3309
2382
2268
2884
2221
2859
2366
2465
3519
3195
2182
2996
2185
2653
2334
2111
2155
2211
2152
2807
2746
2495
2932
2591
2728
2867
2866
3563
1846
2544
2337
2405
3207
4694
2460
2357
2747
2745
2346
2410
2844
2923
2812
3014
2353
3013
2759
2672
2501
1972
2238
2373
2674
2767
1729
2703
2224
4020
1897
2250
2448
1809
2811
1481
2368
1877
2097
2363
3288
3182
2420
3590
2991
2168
2620
2190
3303
3023
3155
2528
2796
2028
2766
2250
2569
4067
2297
3448
2536
2304
2245
3000
4653
1952
2303
1773
3417
3297
2014
2541
2586
2715
2749
2658
2912
4252
3180
2178
3182
2554
2035
2135
2188
2854
1769
3338
11283
1944
2713
2614
3575
2766
3088
2649
2347
3506
5064
2174
2326
2706
3573
3303
2852
2888
2805
2405
2503
2885
2499
2522
3241
2520
2605
3070
3471
2884
3645
2299
2469
2362
2053
1668
1826
2676
3662
2389
2760
3344
4054
2226
2548
2992
2323
2689
2908
3143
4053
3509
2523
2968
2058
1991
2849
1984
2358
2073
1628
3180
2852
2692
2789
2724
2780
2880
3372
2504
2398
2085
2568
2331
2605
1460
2792
3286
2325
2391
2156
3937
3084
3855
3153
1946
2273
2370
2222
2216
2352
4557
2509
2052
4303
2825
3013
1967
2174
2831
2582
3234
2291
2153
1636
1861
3558
2695
3933
2805
2288
2687
2471
2462
2798
3111
3316
2431
2852
1839
2457
5102
2229
2261
2119
3385
1848
3192
4514
2912
2760
2325
3583
2801
2638
2553
2881
2055
3134
3086
2777
2800
2821
2856
3174
2496
4342
3772
3194
2709
2264
5303
2522
2114
2471
2662
2791
3004
4036
2141
1703
1688
2483
3842
1493
2347
2835
2544
2770
2921
2058
2538
2719
2582
1487
2752
2057
2017
2863
2425
2664
2976
2574
3852
2160
2515
1843
2699
1984
3413
2776
1730
3453
2353
2991
2248
3522
2288
2394
3120
3213
3723
2133
3092
2422
2884
2766
1857
2347
2255
1581
2219
2595
2015
2635
3098
3739
3707
1608
2734
2227
2964
3098
2562
3544
2878
37722
1458
2388
3511
3106
3094
2125
2085
2285
2240
4724
2387
2525
3211
2915
2680
3009
2773
3482
2709
2051
5719
2608
3280
3043
2566
5112
2873
2928
2079
2755
2286
3269
2950
3433
2158
3987
2864
2264
3066
3157
2178
3056
1712
1992
2946
2077
3435
1905
2802
3050
2154
3942
2445
5793
3977
2301
2190
2810
2000
2670
2388
2020
2305
1688
3263
2128
2769
2292
2059
1955
2209
2915
2035
2722
3072
2602
2305
2424
3234
2921
2225
4739
2384
3294
2595
2299
2023
3595
2511
6777
1879
2073
4039
1874
3287
2495
1823
2090
3328
2817
5605
2081
2489
3635
3171
2359
2340
3072
2287
3170
2619
3158
2318
2530
2754
2485
2470
3049
4041
2278
2654
2895
2443
3261
1792
3471
3263
2326
2396
3569
3329
2420
1992
1783
2427
4451
2433
4165
1689
2827
2383
1621
2201
2033
2542
1875
2166
2801
3102
4327
2976
2743
2316
2374
3213
2187
2029
2395
3058
3157
2991
2799
3126
2876
3317
2579
2751
3642
2640
4329
2185
2263
2113
3415
2388
1602
2060
2542
4632
2697
2465
2407
3184
2411
2715
3442
1405
2536
2172
2468
2649
2826
2118
2355
3033
2334
1597
2661
2250
2837
2064
2008
2032
2660
1796
2156
2944
2695
2017
4075
2786
2330
2313
5745
4496
3093
2181
3157
2683
3112
2638
2229
2113
2026
2040
2285
2415
3396
2487
2120
2973
1921
2394
1829
2634
1820
2498
2048
2548
2678
2316
2415
2883
5116
2062
4054
2450
2760
2708
2902
3215
1489
3164
2884
2398
4377
2344
2461
2196
2106
4645
2738
2608
2760
2567
2534
2209
2805
2884
2932
3160
1421
3061
3251
1623
3699
1985
2597
3368
1965
1785
1959
2380
2290
2953
2217
1597
2820
718
2070
3422
1412
2484
2488
2606
2073
1884
2649
2290
2227
2112
2659
3252
2483
2364
2632
2915
1996
2724
2479
1646
2529
3284
1946
2828
4258
2213
2336
2368
2892
2919
3456
2165
2246
5999
2063
2577
2298
1752
2666
2131
3489
3164
3450
2374
2866
2109
2517
3354
3144
4419
2205
2212
4464
2131
5020
1725
2795
2530
2278
2566
2967
2725
2880
1964
2886
2951
3146
3777
2724
4885
2894
1809
3058
3113
2419
2061
3281
3380
2350
3181
3231
1532
2919
1800
2503
2611
1791
2519
1536
3284
1868
2439
1961
1934
2607
3188
2677
3301
2398
1966
2091
2612
2130
2994
1428
2119
1643
1973
2419
2406
2735
3095
2207
2431
2147
2086
2073
2386
2563
2141
3025
4005
2453
3286
1563
2339
1415
2816
2883
2486
2419
2859
3431
2082
2126
2144
2712
2086
2608
2738
2576
4766
2642
2772
2208
2236
2371
1935
2157
2632
2098
3028
3068
3044
1843
2097
2029
2288
3455
2114
2084
2608
2341
2153
2920
2940
2446
2101
2921
4729
3006
2083
3412
3599
1958
2604
2762
3208
2428
2631
2436
3043
20016
2458
3230
3454
2632
2398
2802
2561
2301
3418
2021
3253
6874
2262
2805
2758
4169
2224
2477
2503
2061
2863
1481
1675
2798
1953
2214
4362
2925
4405
3216
3041
2278
2685
2407
2523
2212
2389
2354
2973
2275
2574
2311
2986
2166
2387
3098
3340
1890
1820
2623
2732
2213
1310
2506
2075
3755
2151
13364
3751
3157
1964
3609
2661
2271
1838
2745
2809
2300
1597
2155
2771
2149
2501
2264
5775
3289
2366
2326
2976
1753
3285
2029
3217
3658
2875
4217
4658
3352
2905
2719
5353
3399
2282
2549
4128
4193
3223
2536
2628
2866
2678
3317
902
3181
3299
2282
3291
3622
4006
5356
2930
3592
4986
19111
2313
1655
4268
2910
2094
2640
2734
2075
4435
2317
1696
2747
1951
3026
2469
2362
4496
2735
1895
3439
2320
1633
2324
2421
3564
2488
5552
2737
2544
2079
2694
2931
4070
2172
1974
2523
1750
2105
2233
2467
2418
2433
2482
3200
2580
2338
3362
3243
2846
2146
3737
2393
2159
2431
2908
2352
4767
2462
3133
1779
3183
2265
2315
5593
1536
1990
2487
2939
3050
1754
1479
3605
2913
3191
2449
3765
2875
2291
3199
2794
2551
2717
2500
2352
2189
2454
3047
2424
2698
2447
2985
1736
1795
1446
2810
2838
1967
2361
2332
3645
1964
2829
2333
2635
1908
2328
3141
2378
2118
3060
1838
2990
2642
2602
1650
2345
3508
1581
3241
1930
2207
2119
2205
2031
2638
2100
2295
1791
2035
2957
2381
3615
2210
2452
2324
2465
2883
3102
2547
2271
2363
7437
2788
2456
2000
2472
3227
1801
2612
2608
2737
3305
3742
2369
2618
3062
2585
2616
2682
2417
1741
3321
3175
13910
2646
2555
2124
2460
2345
2969
2553
2669
2189
2013
2220
1545
21280
2082
1867
3135
2458
2761
2577
2018
2549
3090
5121
2545
5561
2058
3149
4943
4268
2864
2332
1970
3621
1519
1750
3198
2585
2825
4549
2218
2307
1847
3175
2215
3122
3949
2958
3101
3327
2283
2321
3122
1864
2483
1922
2230
2022
2196
4804
2394
2065
3591
2468
2425
2996
2814
2873
2994
2630
2205
2822
2878
2525
2419
2317
2170
2450
2831
3088
2836
3026
2760
1777
1901
2379
2383
2218
3977
2302
2901
5353
2309
2085
6822
2407
2604
2603
2440
5715
2778
2418
2679
3613
4565
3112
2850
2247
2866
2913
3063
2909
3573
3506
2435
2304
2541
1975
2793
2761
2333
2688
3024
2169
2989
2242
1888
2962
3015
2425
2861
4863
4282
3422
2298
3349
2290
3142
2906
3480
2499
1849
3806
3877
2264
2636
3426
4264
2206
1672
3590
2647
2555
2380
2831
2693
2995
4187
1763
2572
2139
2637
2227
2456
1532
2516
2332
2007
2153
3200
1752
3739
2595
1616
2588
3348
2709
3207
2898
2853
2416
2775
2617
2715
2040
3513
1946
2225
2741
2401
1813
4484
2293
2592
2654
2221
2997
3486
2798
2646
2706
2465
2364
1986
3383
2598
3558
1920
2490
1960
3714
2217
4157
1906
2346
1413
2972
2211
2220
2213
3444
4235
1951
2357
2821
2574
3687
1472
2089
2845
3438
2043
1533
4787
1723
3044
1885
3410
2587
1799
2068
3029
2042
2222
2657
2278
2406
1708
3978
2380
2661
2553
2769
2546
1687
1400
2200
2062
2768
2808
2818
3522
2515
2584
2192
3883
2500
1995
2774
2573
3340
2238
3152
2021
2241
2343
4686
2608
2729
2536
2497
3168
1892
2765
2392
2313
1396
3366
2136
2118
1771
2832
2560
2387
2245
2268
4978
2198
3766
2769
2208
1886
3822
2831
2681
2738
2414
1901
3696
3045
2096
4088
2311
2194
2313
1916
2682
2562
4271
2651
2372
3156
2527
1445
2093
2243
4180
1781
2399
2320
2948
2352
2560
3057
4088
1960
2425
2782
3154
2627
3409
2727
2304
2538
2678
3165
2367
3737
3695
2394
2104
1691
2453
1994
3496
2883
2591
2272
3208
1752
2890
2984
2461
2645
2604
3375
4130
2449
2064
2099
1845
2316
3258
2406
1857
1656
1959
1569
2498
1927
2205
2794
2283
2156
1972
2289
3495
3816
3821
2416
2079
3187
2010
2180
2032
2176
2245
4111
2584
3166
1893
2914
2789
2749
3042
2215
2805
1717
2775
1817
3176
2201
2208
1457
1602
2016
3261
2775
2694
2725
1963
3381
3168
2261
3064
3432
2011
2633
2789
2157
2869
1955
2672
2017
2130
18429
1976
2277
2451
2135
3245
2646
2628
2590
2938
2819
2432
2746
2024
2383
2392
2907
1972
1988
1706
2511
2681
1947
2098
2538
1824
2264
2604
3069
2800
2300
3014
2811
2893
1656
2166
3118
2662
1834
3867
2995
1737
2200
50908
2356
2284
2432
2739
2334
2148
2270
2382
2489
2103
2174
4275
3382
1686
2154
2578
2076
2667
2016
2285
2169
2229
2968
3701
2534
2363
5098
3544
2683
3049
1992
2946
2425
1756
2286
2133
2821
1889
20600
2489
2383
1814
3616
3089
1450
1869
2691
1927
1906
3366
2156
2280
1935
2024
2855
26499
3498
1700
2503
2396
1879
4673
1785
3147
2762
3450
2404
3165
1978
2616
1871
3044
2239
3638
3155
1675
18311
2689
2929
2141
2510
2425
2925
2489
2337
4742
2368
1880
2579
2206
3241
2700
2508
4599
1584
2487
2177
2424
3175
1670
3081
2769
2929
2661
2005
2297
2227
2027
2365
3691
2453
2599
2867
2207
2246
2389
2433
2581
1867
2724
2673
2429
1679
2625
2738
2767
1398
2419
2244
1997
3300
1338
2553
3490
2621
2877
1645
2496
2834
2779
2316
3328
2633
2241
2532
2461
2963
2515
2137
1885
2841
2222
2605
2491
3066
3444
1671
1780
2706
2477
2648
1980
2322
2206
3329
2299
2387
2797
2752
2067
2108
2411
2171
2477
2251
4897
1794
1650
2344
3507
1967
2587
2746
2240
2446
2296
2712
5218
1404
2654
2467
2110
2429
4261
2656
2627
2867
2055
2837
2250
2611
2323
2853
2937
1913
1975
3508
2049
3141
1880
2596
2542
2321
2314
2864
2853
1994
2784
2831
2804
2164
2096
3619
2146
2110
2080
2384
4307
1805
2319
2123
4218
2192
2159
2330
2013
2258
2268
1359
3741
2294
19435
1583
2889
2973
3034
1406
2327
2258
1848
2468
3001
1904
2584
2178
2480
2120
2282
2179
2028
2132
2334
3627
2150
2218
2818
2425
2445
2457
2808
2185
2307
2497
2556
2564
3717
2774
2722
2969
2191
2799
1748
2616
1974
2962
2331
2630
2433
2596
3016
1959
2610
3803
4418
1740
1727
2322
2609
3740
3917
2382
2436
3049
2466
2719
2584
2683
2041
2436
2238
2710
1775
2013
2537
2998
2360
1708
2216
2157
2964
1310
2298
18879
2199
1824
1378
2969
2677
2000
1556
1602
2837
2640
1929
1988
2005
2872
2392
2180
2303
2011
2515
2122
2523
1576
2350
2964
2355
2643
2797
2038
18784
2891
2356
2517
1628
3748
2952
2268
3052
1822
2125
3495
1619
1816
2317
2161
3111
2160
1872
2303
3745
4453
2738
4347
3091
2802
2723
2555
1665
4904
2593
2488
2333
2557
2483
2305
3459
2441
3288
2544
2542
2632
2284
1718
2533
1906
1812
2381
2420
2518
3091
2604
4203
2401
2709
2933
1595
1967
2138
1685
2254
1571
2972
1803
2427
1658
2258
3084
2485
1854
2196
2328
1834
2650
2486
3458
1796
2465
2658
2684
1922
2537
4036
2198
4656
3216
2255
2403
2508
3311
3138
3444
2205
1679
1954
2597
2242
2485
3264
2112
2403
2716
2304
2901
2273
3265
2681
2722
2941
1750
2310
3157
2765
2218
2182
2210
2558
1807
2927
2263
2299
2659
2550
2420
1946
2185
2079
2322
3241
2417
2531
2683
2246
2912
2318
2161
2171
2393
2883
14955
2095
3670
2458
2272
1840
2313
1845
3776
2899
3567
3525
2414
2015
3589
1882
2542
2771
3493
2222
2222
1887
1902
2254
2057
