744
674
1100
702
1459
779
737
835
2817
2700
953
2765
831
968
692
3587
813
669
1979
2117
536
3480
1005
3470
3400
1169
613
785
2445
2951
2571
797
954
599
799
755
774
2543
923
3966
2174
855
1010
610
966
5840
3184
733
2231
4943
1398
2003
2488
2075
817
1800
2001
629
3851
3115
3103
2249
1376
1090
587
575
2474
1826
924
935
3514
3754
1842
669
1997
2647
2731
1708
2887
1460
2800
3321
2752
1471
5177
4076
4803
900
2652
2538
1263
1868
2386
2871
3071
1364
3057
1829
6144
1073
1988
1876
3202
1465
1656
2091
475
2982
3493
613
2685
1608
688
743
755
3892
2203
4046
2415
2892
2275
2780
2487
1538
1754
1150
3958
27716
1539
2363
3105
534
628
1996
1199
674
3115
1498
1455
2374
1162
2102
887
532
2680
637
2327
2253
475
4383
398
3036
2255
1207
2744
1293
2693
701
2671
3756
3232
455
5770
1423
1144
936
968
999
885
2526
1240
4629
2768
957
1216
1864
3089
1652
3961
1165
3594
767
2039
2025
3776
3736
798
2122
1272
839
3410
2311
1137
937
1368
2802
2078
1769
1749
2456
3486
2954
3605
1555
2269
1673
5434
3049
2198
1889
260845
3623
3035
2867
3430
3379
756
1922
2724
4107
2897
1489
523
1505
2405
641
1183
3381
6026
782
2637
1237
895
3755
2218
2962
2527
2862
745
2788
1359
2457
1645
1123
664
3959
1178
837
3864
1605
6760
1741
1640
860
2663
1982
1883
1937
1017
1298
951
1451
677
969
1185
4021
1821
873
1686
3409
3808
4043
1305
3464
985
1722
296593
716
2822
1076
2351
853
954
913
1560
1681
1505
2231
2937
859
3311
602
539
1425
867
808
874
1202
3956
915
2053
3206
860
1490
2150
1482
2211
543
1897
972
940
861
2288
725
3645
3564
8272
825
2324
2441
1916
3193
994
2425
1581
686
769
1215
2397
925
1093
2727
1525
2540
942
797
2332
1595
705
2357
2969
1632
517
1903
6024
3009
3256
2361
995
2909
755
915
1467
817
637
889
2439
1323
444
1554
2678
904
3027
793
1819
753
766
2289
1864
1446
4426
1970
885
800
2535
745
1529
837
1325
1070
1032
2529
1239
3804
1208
514
710
570
1947
897
871
2673
1903
1170
2714
2741
920
473
1804
1070
2258
3607
2903
2408
28851
2600
883
3642
2400
1284
3341
2356
2948
947
1486
1152
2791
2305
1011
1407
2756
756
959
2405
1438
2942
1890
697
1975
673
1717
1028
732
764
2577
677
1189
861
2747
444
2598
828
962
2287
1809
872
2270
4184
1730
1058
2020
1908
1433
667
765
2488
826
3123
659
1367
2323
2261
1728
447
3319
2866
2280
852
3944
1629
1408
1706
463
1166
1606
555
1826
1854
1661
6374
1449
1386
2597
1768
1294
2104
2060
1099
1085
2445
2001
1897
1923
2543
1128
816
869
1986
1855
2208
2809
1968
1949
2166
2594
2096
768
977
1205
2558
2143
1360
5942
671
1164
2866
1769
2128
663
1712
1354
739
2028
2288
2758
2833
1141
1932
8254
1896
581
2445
1386
1597
2122
2665
2281
1975
2744
2410
1208
1834
1891
1237
2533
2038
2018
2568
952
2000
1206
2067
1038
1737
1157
1105
2730
1809
1161
1865
2369
1796
2036
4466
1500
1759
777
1708
2289
1729
1505
1083
808
1193
2199
2267
1738
1535
2725
2420
2032
2588
2054
4529
1766
1739
1753
2379
746
566
1640
2399
3828
1447
1910
3282
1572
1936
2156
1164
1839
2623
3792
800
4414
2389
1429
2359
2985
1615
2924
1605
4469
3441
2252
3532
4194
774
4006
864
2554
1918
2313
570
2874
2031
2270
686
1587
3326
3812
2126
4469
1925
2634
4359
4566
1261
2308
4219
2038
4690
1739
2921
2414
2285
656
1595
3638
3205
2697
2283
17912
4734
2201
2807
3087
984
2587
3217
2951
2746
6885
2093
2508
1829
992
1105
991
2794
5606
1608
1405
2128
1141
1484
3027
2833
1665
3916
352
1744
3647
2057
1609
3917
3456
3108
2892
2510
3065
1661
2747
1810
1363
2630
3185
2671
2203
5398
4205
2304
2667
3686
3214
2065
3222
2827
2380
2502
2587
1997
1454
1997
2567
2433
2099
2538
3825
1908
533
1272
2188
1825
1880
1252
3863
3216
2783
831
3012
2839
511
948
1896
3079
2142
3359
3305
2240
1921
2384
976
1726
1869
2540
4121
2016
1754
1540
1645
4406
1946
1894
1718
1007
1101
1394
2002
1139
1514
2631
93479
1350
3503
1167
1672
1826
1815
2454
1816
2042
2402
1738
2107
982
1473
2253
1897
2227
2309
2122
2759
2549
2432
3679
2568
3975
1131
2927
2808
2166
1893
1424
1885
1322
874
2538
1310
2923
2479
1859
1750
2986
2259
2217
2563
2595
2242
3685
1613
3051
2634
1388
2523
794
795
813
1353
1878
2136
2160
3378
1096
2967
1444
2706
713
1766
1013
2369
1436
1552
957
2139
1122
2272
1752
1642
2747
3238
2697
1720
1999
2080
2118
2468
1900
2267
2279
3354
1146
1306
1819
2420
2413
2413
2947
1176
4127
3334
2328
1730
3761
3011
3001
1914
2462
1571
1225
1958
3300
1948
1553
3466
1820
3138
1425
2376
1740
1343
2411
809
528
2567
2875
2497
2349
1803
2309
1958
1177
2270
3068
905
2481
966
2094
3772
1735
2798
1906
1414
1166
917
1293
2126
1206
1914
3730
1758
2332
3702
2258
2008
1874
1417
1054
2752
1162
1281
2650
3619
1837
2527
3659
1771
1713
1219
1653
2753
2761
1392
1293
3393
2235
1863
1555
2112
1510
2582
3270
1451
2469
1483
2461
3545
3490
1883
2066
1695
2301
3020
1315
1157
3725
4332
1953
3421
2312
3440
2941
1785
1323
3144
2940
1218
1789
3501
2145
4083
3075
2605
2230
2193
2410
4418
2807
2363
2032
2538
3881
3237
745
5168
2181
5418
2005
2058
1832
3398
2209
2841
1422
2811
2258
4495
818
1494
2068
3222
3712
2909
819
3733
1042
2997
805
1465
3311
3198
1575
441
1185
3015
2125
3377
2845
764
2195
2661
2132
1829
2877
2618
3124
2881
2849
2998
2628
1197
2809
2931
499
756
3498
3127
1884
1729
4250
2037
5823
2626
2360
2304
1257
843
2363
3174
2071
2547
3393
2560
1505
2260
2913
2826
2867
3561
2775
2896
2035
2799
3575
2697
2463
1838
1688
2365
1628
3324
3103
2915
1298
3668
1769
2928
2148
895
1997
2301
2635
2554
838
575
2796
3406
2846
2666
2152
2477
2713
980
2778
2148
2991
3223
2043
2807
1917
2100
2811
2476
4529
763
6466
3203
1983
3198
1949
3454
3176
2599
761
2442
4100
1089
1891
1844
2484
1837
2050
3289
2868
2198
2374
2355
3756
1922
2782
2266
3873
1800
2736
2918
2609
2770
2997
2160
2998
1991
1805
2256
3195
1973
2733
1533
3712
2606
5088
2864
2387
852
2509
909
3216
4410
1639
2214
1794
1794
3416
2440
1603
4276
3509
2842
2727
2008
2154
1168
2255
2676
4716
4367
3311
2273
2561
3026
1691
2098
2581
1951
1016
1522
1402
1812
3231
2520
1175
3425
2530
3180
6159
3074
2016
2555
2337
2505
2468
2398
2436
2510
2778
1803
4317
2776
826
3887
2654
2550
2210
2419
2331
3668
1991
3271
2731
3014
6095
3778
1768
2146
5287
4672
2494
1152
2308
1718
2095
2160
2441
4356
943
769
2038
2366
3540
2023
2472
2165
2654
2617
3242
966
802
1715
2155
2580
3007
2347
2863
1985
1158
2095
1474
966
2948
1404
2196
1355
2657
1645
3046
3078
4042
15573
1481
1741
2835
3576
2987
2439
1754
1882
1023
3884
3852
2554
873
2074
3466
2782
1822
1857
2046
1977
3217
2116
2110
2473
2070
2388
2337
2563
3833
2822
1817
1077
2440
2570
2639
3276
3044
3111
1745
2461
5149
2487
807
1283
2204
752
2510
2736
2457
3424
3806
3245
1090
4423
3904
1709
622
2329
2622
3160
2434
3641
3807
1270
3632
2183
3639
6285
3012
2874
2299
2729
3779
3079
2121
2930
678
2940
671
2890
1836
3208
2649
3658
3355
4197
1798
2191
4194
3910
1808
3219
2350
4558
1988
1348
2140
1632
3451
5013
2758
3597
2226
2284
2518
1262
1050
2809
2979
2590
2788
2071
1727
1408
6648
2207
2122
1606
1425
2819
814
1692
4074
4739
2086
2626
1252
1350
4023
2834
1559
2049
2714
3148
2596
953
1970
3078
4567
1995
1928
970
1588
1805
2286
3372
2663
1256
1099
2759
2246
2819
1804
1196
934
1380
879
4282
823
1409
5461
2052
8488
1242
1102
2915
2819
1524
2209
2328
1919
1659
1664
2618
1032
1759
1885
2192
1385
2401
2516
1456
2297
2207
1655
2825
654
2719
1687
2157
2310
4240
2324
2721
3513
976
3514
4154
2586
2495
2394
3538
2970
3208
2362
2124
700
2648
1850
2698
2119
2954
2629
3802
1327
1113
3548
1030
2700
2645
2923
1664
1712
2237
1476
1860
3722
2122
2633
1815
1929
2719
2068
2019
2585
2339
1888
2816
1833
2656
2357
3012
3557
1762
2015
2526
3028
3553
2814
2835
1988
3230
2301
1686
2284
1124
1012
1527
3557
2766
908
3539
1459
1006
847
2529
2405
2004
2728
1283
810
1430
1714
3318
1795
2456
2313
2392
2648
2563
462
2717
4897
14538
818
952
2101
2662
885
3017
2374
1739
3339
2041
1886
934
1643
1907
4423
3245
3003
1468
3026
2792
2037
1792
2009
2457
1954
4447
2676
1921
1893
1736
2331
1956
2711
2498
1885
2946
2097
1420
991
703
1688
1360
2275
1833
1523
2321
1473
2473
5822
2362
2430
2403
1984
1478
1941
693
2954
1355
1931
2356
3607
4230
1328
3267
2327
2026
3436
2070
2274
1227
2000
3251
2988
2018
6775
1876
622
1590
2218
3596
1123
3157
1989
1199
5602
1935
2138
2022
1984
4740
5927
2262
2673
2127
916
3098
2012
2019
2293
4924
3944
2526
2362
2126
3461
3218
3559
1354
1319
2960
13421
1632
997
2479
2105
2449
1484
4040
3529
2418
1572
2035
4338
1755
2257
3868
1605
1517
2250
2329
2400
1977
2621
1534
2931
4412
3387
1879
882
2047
2661
2900
1908
3386
1562
2096
2078
1766
1680
2849
2319
1913
2149
2279
2871
2480
954
1122
2455
2368
1843
2032
2618
2438
2811
2148
960
1872
2819
2392
2779
1721
2754
2382
2744
3041
2732
2222
2364
2590
1390
2638
2615
1663
985
1628
2077
1285
1099
13556
3043
1622
1940
1894
3949
1866
4279
1768
1632
5012
1284
3369
2902
1945
3029
2457
1216
2052
2154
3466
2362
3722
3482
1925
1173
619
892
2570
1199
2970
1334
3513
2035
1806
2185
7197
2594
1640
2142
4610
2069
1668
2276
1062
3075
2467
2807
1676
1571
2805
2052
2034
2194
1888
2244
4649
1156
1842
1984
2909
1285
2940
1928
1972
4230
1163
3284
2415
2749
2403
2703
1065
2544
3397
18461
3476
1468
1276
2088
2262
2122
849
2150
720
1890
2784
2532
2334
1683
2429
1017
2805
2247
2126
2126
1649
2601
2134
2382
1726
2169
2435
1678
1258
2572
3835
1160
2878
2890
5913
1902
2984
2343
1476
893
1779
2570
2546
1683
3722
2345
1357
3026
1760
981
2779
3539
1813
1125
1941
2439
2486
3370
2864
2325
5403
1467
1486
1823
1155
2415
5050
2811
2274
1553
3291
2253
2646
2477
2393
3103
2230
2518
1346
1943
1494
1462
1613
3571
1736
1312
1933
1227
3967
1620
1261
2879
3069
550
1428
2321
2483
3317
3613
1994
2789
3064
2630
2377
2215
2631
8067
1864
970
2924
1010
1168
2429
982
2547
2815
1756
2832
1148
3503
2928
2493
3223
1337
2346
2423
2415
2282
1918
2623
2543
1946
1687
3057
924
1930
3696
1154
1342
2083
8379
1442
1987
1242
939
2938
2261
2731
1093
2054
2112
1487
1251
1762
1870
2479
981
1628
1740
5520
2375
2046
2721
2213
781
2459
2636
1725
2367
2545
1881
3576
2343
792
1925
2012
1924
3109
2283
1117
2574
1406
1392
1643
1651
1977
1564
2886
2235
2631
1739
4679
3760
2115
2775
2366
2555
1450
1472
3299
2103
1299
2345
1758
1359
2366
3547
1908
1563
2501
1139
845
2577
2177
1760
4256
2150
2805
1566
1398
2540
1049
4282
2866
2831
2075
1390
1507
2400
1459
2479
2245
2173
3151
1164
1532
2365
2356
2086
2279
1973
1521
2771
2354
3583
3023
1751
2297
2060
926
2276
2696
1139
928
1598
1785
1697
667
1806
2371
1622
1034
1435
1385
1374
1979
2983
2535
2174
1449
2484
1888
1283
2271
2230
1907
1619
1784
2773
2752
1523
1913
1981
2956
2098
2141
2941
1869
2800
2093
2935
2784
2297
2530
1195
1365
1523
2216
2653
1758
3126
1132
2821
2303
1746
3187
1712
3477
1979
2469
1644
2653
2632
2856
1888
1973
2461
2882
2788
2238
2219
3754
927
3340
3197
2197
1427
2673
2161
802
2517
1663
1948
1584
3142
2004
2732
1123
2137
2617
9772
2588
5554
3636
2285
2487
3203
2757
1852
2466
1485
1638
3672
2115
3204
2288
1395
2080
3290
2998
1092
10991
1448
2681
2893
1231
2501
2030
2142
1168
2573
2508
2764
2438
1747
3096
3350
5017
2433
2028
3253
2261
651
1813
14275
1326
1507
2812
1329
2111
2085
992
2243
1295
1120
1915
1040
2134
1170
2415
1062
2462
2415
3503
2527
2825
1165
1870
1020
2729
3792
2505
990
2190
2694
2591
1926
18031
3206
1069
1668
813
2328
3261
1522
3345
1098
1662
3172
2024
2640
2859
2318
2196
1139
1639
1741
3090
3804
2971
2584
1994
2361
2081
1230
2804
1032
1975
1239
2138
1949
3066
3011
1592
1291
2579
1710
2018
718
1043
1874
7252
2291
889
2244
1902
2241
1498
3301
2395
2395
1376
3358
2638
1386
2966
764
845
1577
2167
891
2429
2698
1698
2353
910
1884
1642
1583
4274
2425
1924
1726
3089
982
2496
2949
2190
2615
1935
1486
1444
1804
3165
2500
1565
1374
1866
1527
950
2248
4105
3362
2234
1584
2206
1091
2618
2474
2656
2814
1879
5725
3699
1875
984
2337
2358
1796
2404
2407
3207
1314
2003
1679
1848
1971
2466
4383
1077
2867
4165
2652
1905
953
2222
1049
1662
1820
2952
987
2594
2114
2695
1112
2330
2700
2321
1361
2403
2128
1624
2330
831
2416
1002
3096
2166
1561
2872
1150
3625
1543
1564
4171
1533
2596
1936
1583
4210
1315
1697
2115
3855
2659
2620
1712
1180
2075
2112
2031
3811
1582
2606
760
1182
1477
1853
2893
1683
1785
1012
1623
2543
2129
1065
1202
2738
1514
1671
2258
2143
2478
2213
1960
2137
1377
969
2737
1956
4072
2577
1348
1835
2689
852
869
812
1009
954
751
2847
1570
2769
2283
7830
1261
423
2214
1699
1694
1864
1198
2175
2133
1703
1861
3455
1604
1703
1083
1286
1956
1026
2257
1515
987
1516
850
3169
1939
2009
1850
2876
2231
1123
1603
2160
2747
2723
3176
962
1919
1046
2845
3545
2855
1883
4630
3422
4083
3177
4635
2028
1287
649
2220
1000
3086
989
1259
1066
3422
1238
1882
5212
2857
6660
2201
2720
3226
3260
2936
3483
2814
3628
2246
3569
3924
3722
4306
4137
3052
2561
3589
4667
2677
2821
3229
1068
2212
2224
2102
2827
2084
2550
3268
2071
5644
3195
2540
680
2020
3797
3284
2090
862
2643
3964
5239
2222
1540
3157
1239
2291
3545
3027
2689
915
3661
912
840
1321
911
2281
4153
3739
754
1930
2364
1767
3203
1793
1171
4774
1511
2306
1591
2172
2276
1554
2110
2982
904
2278
1487
2092
2911
3261
2372
2087
2292
1340
3340
1092
4287
2246
1683
2972
2412
1992
1910
1161
3080
2522
2483
684
1215
5601
930
2559
1193
1972
1952
2612
2479
57678
830
4021
2786
5369
3423
2461
3720
2313
3158
3834
1638
2797
7106
2132
1137
1837
3815
2125
3152
835
32116
4295
4598
2761
2984
2572
2352
4197
6135
2130
2899
2354
3756
5367
2844
1355
2997
2679
1718
2211
3430
4173
1346
3505
2623
2700
2917
5038
4179
2026
3068
3086
2512
2865
3465
5743
2131
3457
1477
3561
820
3553
2770
2550
2711
2233
2909
879
473
793
888
1486
1603
1575
977
1811
1968
2119
1242
1336
2075
1293
2217
2576
1516
1716
1737
2756
906
2152
1551
2548
3296
3793
2703
2651
4388
2885
2846
3633
4104
3752
2598
3599
2896
2735
3056
4075
3136
4478
3464
5209
4228
2456
2823
2661
1681
1848
3174
2482
2481
1596
3538
3370
4699
2292
3839
3311
2365
2172
2154
2159
4067
3338
3147
18073
2896
1991
2037
1781
2673
2715
2617
1052
4406
1535
3476
4990
3595
3589
2899
4060
4301
3024
2652
3809
711
2622
2137
2871
3217
2616
2363
871
2803
1985
3243
3902
3459
4003
2808
1904
1219
2517
3373
1704
5035
5258
2169
2470
1744
2454
2507
2931
2695
2757
7249
2302
1399
1405
960
3108
1996
2886
2107
1110
2384
2452
1898
2239
2095
1184
3150
1767
3545
775
1670
939
4117
624
1247
33080
910
1454
674
1427
2229
2170
2767
2017
997
3115
1951
1549
2281
2214
1881
2922
2394
1602
978
2431
3592
3758
1709
1370
2888
2092
2681
1763
1995
527
1056
2249
3090
4652
1850
1137
1142
1992
1981
1521
2195
1461
4104
1260
948
2153
2488
1509
2408
1535
2813
2686
795
862
2243
3446
2576
1300
2194
1114
1893
2622
2067
2785
1932
2286
2209
1793
1185
2416
3916
2999
2477
1830
3024
1731
2411
2702
758
2875
3306
1781
2353
3033
4424
1321
2742
3699
761
4315
843
660
2784
2032
2975
2336
936
1095
643
3452
2730
3211
1072
2016
4207
1826
2768
3422
2128
3270
1038
1774
3106
3354
2874
2278
3953
1775
3237
3809
696
2266
1359
3787
1267
3101
1838
3263
3511
2592
2615
2635
1955
3764
3116
2761
3221
3780
4991
2980
3273
4928
2743
1931
3392
2893
3003
2851
3062
2427
3685
5695
3204
922
2111
3228
5765
2765
1711
1531
2584
3759
2465
587
3162
2758
3428
2160
2853
1610
1417
2988
2593
2196
1658
1307
907
956
1068
2469
917
821
816
1181
4301
2238
1925
1550
832
3237
854
1843
755
2942
1639
4716
3240
1715
4390
1422
3517
3505
430
1923
3509
2302
3670
4493
2101
1793
3288
3070
2475
2733
3184
1248
2336
2684
818
1534
1052
1459
2396
1575
3076
3759
1938
2837
3444
2921
918
3649
887
722
3153
794
3140
2484
586
2901
2698
2964
811
2795
2435
752
3751
2388
476
1054
2948
3862
2236
866
4544
824
3995
892
3956
2686
813
795
3480
1027
937
2934
2474
946
1137
1865
1094
2075
1100
884
3483
1281
824
2392
1903
1279
1173
1667
1370
2255
2322
3223
2937
742
2292
1745
809
792
1060
1393
1505
1335
990
984
2648
1753
580
1255
1990
1162
896
1425
2065
1563
1965
3030
1956
2047
1897
913
1893
1332
785
1703
2001
809
1087
1704
2715
977
2345
2719
3092
773
783
2655
753
5279
942
965
2609
2118
815
2684
1922
835
651
722
2709
3044
950
2920
1280
994
2303
2706
3091
780
3231
1108
1592
2385
723
1792
1917
3949
2697
921
2709
1056
3317
2469
1396
2306
1920
837
2180
580
904
1300
3381
2520
3130
910
548
1240
1370
1156
3066
998
3617
1105
736
3122
1320
9149
726
1741
990
1056
2494
2998
3865
732
895
756
3398
933
3422
779
853
2844
1378
1068
3100
5294
796
754
2463
2687
2986
778
3840
699
1922
2762
862
893
1014
1245
731
2540
2075
499
1020
2015
705
1020
2542
991
3397
659
2533
3744
2916
819
1908
1429
632
2331
2229
1229
1717
511
2602
557
2377
848
696
2878
1226
3209
1715
707
928
2088
1401
883
4229
1434
3938
908
18146
789
3712
1492
2515
1220
678
1054
3480
1522
3180
510
1352
2469
706
1879
767
2777
903
3000
1556
2767
1020
1831
2806
740
786
1960
1043
3353
1263
823
2439
2625
955
2102
2506
2149
2168
750
867
3596
3040
840
1372
2729
983
1613
2484
1270
1037
3180
914
580
985
2075
1804
2492
755
2244
1730
798
480
1426
2012
3001
2464
1913
2192
1637
4084
807
845
1014
1940
2935
18356
4031
1216
2167
1724
3315
2060
1045
4135
2803
1248
1894
933
2325
1364
722
3442
704
813
431
1085
1514
2425
765
1096
2272
838
101247
1689
1274
1364
849
1613
2799
1355
891
646
2594
1959
1055
2124
1440
565
1047
880
2276
2835
1511
2945
898
1128
3449
2845
484
1833
1102
714
3140
1034
2500
1022
2880
2574
2304
744
5069
2797
2707
2804
1830
1949
1162
894
1676
1637
1783
2278
812
2044
2813
2747
948
1008
2804
2698
2161
1870
4789
648
4639
2187
1187
677
1845
3474
2628
1532
1642
2816
3491
1028
797
908
382
2019
2244
511
1121
5200
901
793
4177
483
2962
750
1063
2213
2077
1988
1647
1545
2503
3515
641
481
954
3599
892
2870
1472
2676
537
1463
1147
2353
1907
2878
2855
2685
1002
929
1879
2164
3184
3743
3011
1853
950
2045
2213
3542
1415
913
1653
750
2608
5116
973
1946
1357
473
3870
2302
615
3003
1186
2082
2015
1029
1324
741
1236
625
3716
731
3556
927
2568
1294
3357
1802
3416
704
821
2747
483
2795
1252
1036
1053
615
1213
770
734
6384
964
823
4120
770
1214
2047
3192
1571
1913
2791
1089
1121
3955
579
869
1393
845
497
678
1225
828
1215
3095
2192
2412
1142
1076
1086
1160
815
597
3991
2158
2112
3535
893
1827
991
1180
3925
2121
1545
2620
750
3638
565
2977
431
2844
732
1416
5663
1520
736
832
1565
1901
1146
596
3780
832
1198
2874
2651
2035
1169
2668
1557
968
5723
976
1202
2794
3445
3538
2696
737
3114
731
819
2295
2037
2398
1397
1410
1313
2328
3644
1340
893
2630
631
971
1790
4540
2856
1780
1956
1089
1683
1999
1042
2184
3585
1060
2791
2568
923
2339
2098
1413
1388
4648
2510
10399
2817
927
1742
2568
1969
1625
1704
2172
1391
785
1554
951
647
1133
764
4632
1114
1324
679
1291
734
3755
696
1927
1631
1486
3385
1831
1153
3225
1530
1197
812
3414
882
770
766
2738
1087
2627
3897
1776
874
1338
2005
1166
3217
603
1779
3178
985
714
4973
2827
824
6839
2858
1076
1262
3865
582
642
985
1736
862
3306
1358
1059
2391
1161
1397
1180
1853
4763
1420
5947
863
1423
1877
2015
2079
2073
503
3537
1801
2461
1288
871
1213
1403
2435
1598
1977
2608
2350
650
743
934
998
997
3025
1114
1019
1518
989
468
1459
804
1174
899
4156
1702
3166
718
15155
2956
743
2039
701
1542
1174
1278
2845
989
605
689
1016
4521
1072
1879
2568
1509
5191
1736
774
3020
994
1950
5545
1706
839
1259
690
2038
813
1165
783
3397
758
3415
830
2800
767
3497
649
3900
1235
4153
956
426
1241
2336
3253
2428
867
2552
1047
1670
3263
1772
2127
1000
1643
663
1302
759
2815
2596
728
2480
3861
2447
760
688
1101
721
828
4983
977
767
802
2095
2038
1883
704
699
895
714
3163
734
897
939
2156
922
1533
657
19920
752
1241
1013
806
744
3279
779
692
2360
893
462
647
4316
833
924
3869
841
2762
741
619
3209
655
3167
825
3254
940
1706
775
1723
647
2447
688
1019
2674
943
839
3474
795
3154
1254
3262
602
916
2054
3471
623
655
759
706
713
908
401
478
514
1240
3006
876
3885
720
1224
450
5376
686
3221
1268
2552
583
2263
591
1010
823
987
1384
1269
995
815
1037
2175
790
2417
615
2813
474
2848
1601
1170
408
1976
739
1022
730
2047
787
4129
989
3587
676
3230
788
3677
621
2131
765
4612
1386
2409
4029
1112
822
971
738
3285
4629
1648
3743
1893
1177
589
2061
621
2547
934
788
788
638
676
2453
404
2617
1474
2258
558
3200
812
4060
868
6037
884
2386
411
890
433
3765
4090
662
493
2418
768
1002
3341
1139
1543
779
881
1594
675
2638
717
2802
3022
2527
1460
1885
2133
558
2315
2567
936
1870
1075
1143
703
2306
2176
2095
2714
4305
2163
3828
2111
1999
610
737
650
748
1301
3491
689
2497
1459
2215
718
885
902
921
1294
2081
729
1078
3262
875
2984
1050
564
795
3460
618
3018
2407
602
963
739
998
968
5078
739
1077
917
816
4465
1779
2580
1042
1034
936
844
2836
1091
2783
814
1108
733
1906
2973
996
2977
770
771
1091
600
4031
2573
902
497
507
2260
840
905
2262
1527
1924
1287
1489
3049
696
1509
1798
3031
2730
1261
2800
4723
1413
2703
1411
774
1338
1485
924
4561
1069
2770
2269
3627
1887
831
2885
3714
3859
721
826
1593
752
804
1986
1320
2357
1920
804
1621
4735
781
2626
3106
2283
1357
744
2066
748
457
1439
1286
1569
1659
4134
637
914
4936
3413
3127
2774
1026
3343
1159
1336
2904
825
3724
1162
529
3665
520
611
2644
1024
1041
3635
2788
865
4646
3476
885
2974
1332
1865
771
521
4373
2809
657
1739
5217
1762
2363
1104
2361
1014
463
998
1983
1084
3491
1186
881
720
4603
799
2538
2726
1558
2991
755
874
3024
977
832
2642
1590
630
3340
808
3149
3078
920
3015
2363
1100
726
3084
470
2134
805
899
911
1128
1312
894
709
1037
1220
979
2383
4783
1222
3060
2823
2561
581
1547
1817
3235
585
2118
1107
2930
643
2962
1676
2613
3042
1164
2030
916
3408
1693
1423
1769
1332
911
2623
1298
1381
3578
2921
1975
940
3056
2592
2958
1717
3230
1158
2393
2438
1512
2044
1363
1774
762
2286
1425
2211
11509
674
889
878
2505
1980
2158
2392
2611
2658
2308
1458
2696
24955
1081
3099
5825
2847
1953
3675
2022
1303
2249
3066
744
3981
1335
967
1419
1785
3231
3135
2759
1542
1876
1973
1883
1530
2714
1048
1445
2068
1104
1705
1276
835
1908
1175
2418
2387
2230
2158
3557
656
15991
1469
3243
1109
1059
849
1215
1647
2570
1987
2227
2583
759
2185
1811
988
761
2155
908
691
715
2444
1026
3058
3130
2024
2200
2065
1431
1961
4474
1604
2044
2388
2901
1599
2028
986
1931
1469
2490
992
985
1748
2229
2363
1466
2158
1230
856
2201
1362
1570
2157
1848
933
766
1361
1499
3496
3258
1453
1727
1741
1193
1219
1766
2585
3050
1950
1672
1438
603
2101
3511
1846
1044
2267
3948
1159
940
1112
2544
4757
1498
1596
1960
1733
3462
1356
2917
1592
2288
1544
1489
2698
1139
5181
875
2123
1087
728
3354
1989
1923
2721
1749
2083
3045
1330
940
1540
4773
1644
679
1080
3460
2919
1416
1668
1207
1833
2283
1223
2186
1585
1382
2668
1291
858
627372
3475
1872
1835
1737
2540
1042
1654
2300
1876
1341
3248
2221
3005
946
2753
2995
2687
957
1097
2960
2492
1351
2295
1133
2684
2173
1769
2972
1757
3930
1996
748
1604
1599
1005
1973
3022
2406
1520
2362
1351
1925
3951
2088
3460
2541
2222
1630
1144
4248
1053
2205
1424
3163
2140
1324
2481
2662
1174
3919
2877
2455
1457
670
2886
1871
2653
2858
1998
1189
1869
786
1634
2134
2440
1831
1694
1437
681
1659
2071
1711
969
4567
1995
1813
18750
2551
1985
1616
2532
1553
1201
1180
3031
2152
2154
1928
2327
1724
2360
1718
2139
1941
3035
1650
1286
1634
2016
1469
2326
3424
814
3140
2133
1960
3794
931
1908
3470
1761
1865
2995
2106
4221
1784
1302
3312
2001
2771
2724
835
2084
2585
2113
1659
1911
2444
2555
2470
1546
2571
2075
2542
1789
2029
3132
2096
2180
1643
2854
1508
1945
793
5353
1306
2371
2442
4093
4588
2789
2483
2715
2230
1933
1946
2219
2064
2029
3895
1285
1658
1433
810
1830
3253
1048
2765
2198
2186
1780
1362
2691
2111
2022
2754
1990
1416
1411
1702
1702
3055
1771
3324
1505
1135
2711
1756
2233
1473
1172
2150
951
964
608
2287
1576
1536
2194
1827
2217
1360
1938
1228
4610
2866
4832
778
1874
964
3011
1918
2377
897
1787
2017
1608
3299
1560
3756
2396
1926
2459
2573
1802
1007
1199
986
1030
625
503
1563
2859
1296
2074
1390
1509
3061
3119
1372
1106
1649
2299
1828
2061
2209
3823
1853
1634
1693
2333
1646
3353
2105
2879
2009
2119
1416
2832
1948
2876
1067
1719
1040
2523
1192
1750
3111
2660
1222
1091
882
1480
842
2065
1455
1190
2803
1778
1304
4891
2553
1474
2826
1257
3028
1212
794
1156
941
1573
1771
1488
1365
1750
1246
2333
609
2642
5055
3880
1715
3178
1858
1016
1383
3733
3193
2390
1853
3140
3121
896
848
3666
3436
2442
1324
1456
1586
2626
5013
2286
960
2129
2043
3003
2449
1202
1466
934
1475
3840
903
3001
1909
1897
1005
2063
2124
1023
1564
1448
1078
2220
4902
2456
1873
1523
849
4219
1200
1141
2248
3187
2470
2327
2143
1446
2356
967
1532
1613
2530
1997
2294
2339
948
1070
808
781
1717
881
1210
3988
1203
1547
1322
2424
2680
1248
1839
1409
877
2112
3580
1867
4252
1705
1852
25234
2607
1301
1382
1888
1584
3106
3829
1472
3545
1174
1949
1784
3991
2095
2205
3722
2139
726
2344
1968
4063
2960
2551
2538
1275
1847
1124
2695
2445
1903
2468
2657
1723
5553
2739
1159
2744
2496
1070
4117
2433
1131
3793
2897
2137
2875
2801
1981
770
1928
2165
1575
1318
1100
1823
2600
1704
2309
1840
4387
2107
902
962
951
2491
2221
2863
1354
2605
1393
2180
4436
1768
1446
1874
1204
2206
2830
726
2101
3071
1403
2759
2520
3803
3787
1122
2686
678
2430
4314
441
1248
1483
2993
1168
1885
2410
1540
1631
1728
1446
3126
1128
1789
818
628
2088
2043
3696
2415
1807
2258
3383
2193
2274
901
1948
2268
1247
1127
3312
1262
3713
2275
3847
1791
1141
891
2407
1411
2445
1375
1305
1732
2569
1752
1225
1908
796
1790
1928
4361
1840
2143
977
1316
1937
1578
1627
3568
4052
792
1756
2575
1771
1718
1451
3337
1093
3253
2000
3219
1338
1698
475
2557
3397
3240
1308
4361
3658
2580
1079
2783
16728
2435
1782
3456
3270
4271
962
3401
861
1484
3416
1706
2975
1742
2268
1589
1639
6201
1507
1336
1809
923
4927
1048
1907
2198
2079
1698
1277
1084
2089
1104
2574
1134
3875
3053
2260
1215
1645
2595
927
1963
3678
1164
1767
1970
2937
1547
959
2215
1630
2220
2461
1959
1014
1050
1971
1016
1437
2341
1058
975
2456
2838
1405
1084
627
1638
1878
1770
1987
1552
2259
2313
3200
3869
823
925
1256
823
1717
2152
2329
3523
1709
2288
1994
1583
3251
2293
1232
1281
5123
5525
1676
904
1985
2615
4529
2951
4538
1425
1981
1110
1881
2736
1890
1176
2147
1384
2603
1527
2037
1788
1681
934
1835
3021
1004
32575
1827
2626
912
948
1718
3745
3421
2186
5115
1277
1102
3103
4687
620
3497
2831
1403
898
1252
2731
2755
1596
2139
921
2204
3759
1649
2001
1891
1528
2061
979
1781
1735
1665
1951
1756
1123
3865
2570
1995
3970
2066
554
1389
938
1423
1051
2990
1937
2021
2206
1405
1222
877
2589
3720
2106
1825
2681
1034
1391
3067
2636
3209
2347
2586
745
1181
818
2128
2571
1246
4009
1708
3276
748
1295
2635
1873
1548
1357
2742
956
841
2682
1351
2426
2456
1087
2157
1576
2125
4395
44383
1422
1876
2329
1291
1814
1883
2838
5008
2574
4247
2078
2105
2073
920
1059
1852
1330
2605
1278
2131
874
1360
1880
2943
1975
2927
1309
2508
2953
988
2399
3363
920
2318
4647
2599
1138
2377
1891
1541
2226
2816
615
2650
2249
2582
2422
1314
1900
2081
2782
2757
1657
2355
850
2671
811
745
1450
1502
1134
2531
1769
22538
2625
1801
2374
4899
2580
2313
796
724
2328
942
1867
13151
1085
1136
1029
2354
1424
1520
2603
2599
2392
2090
2891
2667
2399
1376
3245
2195
2110
620
1954
1640
821
1911
1484
2536
1451
2950
1317
1118
972
2239
735
2887
3237
1996
1703
2975
2634
2584
1410
1356
1919
4124
603
812
2669
2162
3149
3264
1233
4353
1186
807
1389
3009
3386
2159
2107
1213
2271
2256
2191
1921
686
2275
1411
1915
1839
566
2534
2463
664
2092
971
989
2464
2669
2493
2463
1714
1357
1765
3029
4171
2711
2378
1650
1411
1577
2441
3838
1124
2721
1449
2589
2543
4318
2722
2829
1170
2447
1954
1152
1257
3394
2034
2469
1295
1086
2352
3073
1572
1813
2614
2157
1727
2209
3941
622
1232
2706
2024
1916
1248
3015
4492
839
1500
3893
1163
1594
3019
3337
1096
3709
932
810
2645
3035
2113
1777
1435
5152
992
2131
10999
1025
609
2706
2147
4746
2088
747
4545
853
576
4334
3262
4040
1108
656
1624
868
748
4051
832
4554
935
2282
3255
801
673
821
796
1993
1198
2784
1061
1021
3514
2109
2292
2405
2522
935
2538
2025
3976
732
709
692
378
684
494
1557
1514
2634
1043
2215
1562
1958
3718
3176
2196
1297
2128
1832
4439
1896
2900
1960
1337
2344
1809
650
2849
2885
814
1082
4081
1931
1234
1575
2070
2588
935
830
1124
1680
2931
437
694
3556
788
1809
426
2035
3890
1776
1757
1242
1643
1613
3680
1131
2759
1858
1161
1531
2588
1650
1660
2586
2901
3358
2337
1440
1073
1239
1287
667
2130
2073
936
1938
710
1098
615
1033
902
2010
4333
796
4343
2610
2328
2092
6357
1337
1476
727
2450
3272
3040
1253
1933
2111
3154
775
947
1062
735
2958
2435
1898
753
2803
4006
1148
1835
2456
3409
1786
2909
867
2957
836
3490
2812
2537
2728
1671
1333
3214
1172
486
4073
1759
1747
3252
1880
3180
1281
1980
1098
2507
2402
3291
1856
3336
2077
2268
3978
2919
1618
2229
2107
2381
2050
2090
1981
2312
736
1616
1214
747
1986
1656
952
2287
2936
2133
2809
1398
1963
975
2035
1250
1660
4155
2202
1487
3171
1556
1118
1985
1237
1043
2258
1827
929
1007
2210
1637
1535
2595
1124
1820
1320
949
1421
1929
2312
2937
2211
1760
1494
407
4021
2542
2213
1096
2478
1637
2919
3241
798
1021
1810
1713
2038
2927
1806
2285
855
2192
1241
1383
2502
2101
2648
2060
969
1305
1129
2004
1922
2002
3278
21254
2254
1930
1966
1120
3036
2667
3516
2250
1092
1578
1727
2166
1805
2314
2429
1749
1589
1886
1800
2446
1428
2631
1915
3057
2018
2054
1615
2429
2496
1436
1824
1649
1633
2150
3971
2538
1483
2207
1179
2148
1824
1884
1817
2104
1929
1660
2047
2098
1502
3407
2404
2123
1528
1582
1607
2924
3036
1479
2182
1873
3245
960
1472
1156
1695
1807
2789
2070
2808
1924
1934
3189
1769
3108
765
1567
2561
1387
3009
2156
3849
1076
3235
886
1627
2641
2170
1285
2416
2538
1863
2349
1648
2436
2737
1661
4871
2966
3257
2441
2229
1453
1033
2393
2655
2768
36488
2311
2342
1067
4373
3499
1716
2625
1837
1366
711
2315
1250
2029
2049
1069
2133
1231
2926
1967
1182
1891
3496
2826
1922
2360
2355
3292
1630
2493
3007
2361
1755
1992
1899
1655
1183
4339
1967
3216
2008
1597
1531
2897
2054
3227
3050
1701
1926
2274
898
2020
2219
1947
1354
2312
1248
1256
2896
2685
2565
4530
1524
1525
1054
2758
3078
2672
4125
1869
2671
3536
1237
1977
1426
2635
879
1442
1659
3600
2189
2480
1172
2103
1599
2135
2982
1339
2377
1099
782
1535
761
1718
1658
2465
2054
1348
3265
2235
1376
1920
4916
2515
1485
2146
2818
3386
4316
1900
828
1852
2368
1497
1877
2972
2779
650
3024
1974
2327
1679
2695
1352
1808
2229
3263
1900
808
2155
1913
3945
2124
2208
2037
1227
2004
2321
1486
953
3814
1956
6863
5005
2769
2289
1459
1939
2143
3192
1274
2090
985
1726
6556
1518
18702
1531
2219
2727
2051
2070
1532
2071
2478
1602
1934
2533
3225
1629
1500
1673
2954
1182
1690
1533
1582
3303
1259
4504
618
1981
1324
946
1809
1138
4448
2796
1529
1699
745
2078
2054
1384
4641
1663
2558
2056
1614
1215
1119
1524
2284
1812
1904
2267
2779
1986
2742
1142
1862
1590
2362
1754
2005
1918
1801
1468
2234
3305
2654
2070
1578
2194
2279
2137
3048
2544
1585
2124
1271
2197
2770
1033
2234
1428
3107
870
2241
2747
1322
1785
2804
2107
2134
1295
1348
2543
2700
1989
1259
1115
2671
2174
1795
1936
1225
2120
1028
2174
1069
1555
2776
1873
855
1587
950
3021
1553
2264
2414
1423
1162
2643
2033
2000
2323
869
1025
1671
3805
2487
3209
2707
1505
2182
1923
978
1099
1705
2085
1738
1374
2229
1518
3116
2344
3368
2125
1111
2836
1187
2116
2049
3021
2568
2643
2351
1813
2162
2048
1469
2030
1848
2841
1607
1722
3203
4629
2022
2327
700
1656
2004
1477
951
1842
1405
1223
1685
3398
2464
2622
2484
1579
2771
1593
2579
2235
1974
2796
1715
2144
1297
2688
1785
1756
1131
969
839
3102
2154
2238
1970
3463
683
2827
732
2424
2261
1825
1898
1767
1272
3975
1371
3197
2699
1964
2177
1714
1678
2575
1331
3209
1517
2149
2035
1386
2014
2080
1388
3446
1189
1718
3171
2144
1464
1619
1418
2418
2190
2082
2160
2818
2594
2225
1935
1881
2295
1946
583
2450
1283
3348
1917
3326
2123
3026
2350
1392
2294
2578
1978
2531
1299
2561
2296
1750
3365
1208
807
3196
2956
2516
2446
1782
1122
2494
1267
1781
1828
15809
2564
1267
2214
1735
1193
2765
1947
2215
1344
1778
1795
2781
1874
2083
2763
17673
2303
3098
1762
1996
1467
1630
1566
4737
2108
3614
1359
2152
2853
2558
1665
2554
1996
1005
2448
3424
2054
1463
1430
1796
2713
2270
1264
1519
2237
1665
2984
1537
1045
1671
988
1209
1156
1332
2415
2663
2683
2621
1497
1765
1976
2412
2236
2072
1917
1088
2420
836
3451
2283
4119
1669
1689
2635
1592
1271
1735
812
1733
1788
1558
1718
1371
1714
2427
3029
1377
3983
1965
1448
1164
1275
1356
1343
2153
4875
1948
1396
1992
1521
2810
1596
2173
1631
738
1406
2164
1507
1596
1987
1440
2608
2275
1984
1779
3045
1930
1889
1063
1901
2907
1978
1363
1397
1067
1658
2589
2820
4354
1952
2070
2494
1817
2484
1704
2122
1006
2139
1704
1842
1305
1950
1839
1958
2862
1353
1779
1770
1755
1250
1640
1964
1623
2514
1484
2351
2219
4071
1260
1433
1231
1312
1457
1804
1265
3141
2251
1843
1185
2627
802
1606
1226
1346
2134
3272
1779
1318
1808
1229
1660
2254
1330
2013
1150
1355
1014
1407
1610
2505
2313
2234
2256
3383
3348
1777
1644
1350
