4955
5553
1450
6377
4546
4565
4733
3184
2896
3689
5317
4061
4657
4880
4339
5180
5031
4211
6479
6285
4285
6453
3468
5367
5195
3589
5359
3465
2782
4742
4552
5982
5260
3186
4369
4285
6992
4703
3852
6014
3357
19506
5472
4179
4354
3650
4094
4489
5547
3158
3665
6706
4091
3687
3969
4373
4807
6424
5844
4360
4478
2782
6531
3935
4264
5214
4782
5750
2215
4594
7235
4848
1820
7108
3842
3865
2809
3603
5006
3817
4600
4157
3417
3768
5215
3441
5033
4122
4444
3638
7069
4988
4009
2700
4129
3709
5658
4063
4376
8574
3420
4032
3836
3728
4868
5063
5114
5199
6011
4536
5093
4061
5029
3174
4681
4071
5117
5510
4097
4607
3162
5355
6067
3838
2957
3683
3560
5232
4444
4634
8594
6285
6089
3594
4672
5739
3749
5738
3385
3963
10650
4898
5237
7349
3291
4560
4814
4697
6501
4818
3624
3528
4432
5072
3768
4762
5392
31279
3867
4637
5078
6850
5650
3851
5683
1064
4508
4460
3578
4375
5505
47765
4351
6682
4645
2837
6008
4060
5346
6984
4132
4085
5607
3131
5437
4601
4637
4298
4726
4579
4290
4198
3581
5629
5180
3465
4225
4236
3244
4287
4784
1734
7297
4368
5721
4330
5952
2469
3779
3831
5300
4821
4147
6254
5807
3471
1055
5474
1333
4876
4449
6621
3876
4871
4041
5680
7599
4024
5359
4996
5122
4404
4407
7010
8037
7190
3439
5515
4110
3923
6813
4658
4211
3460
2794
5158
4012
3021
5320
4607
4329
2928
3514
4640
3744
5093
5889
4587
3889
4141
4576
4329
5831
4050
4226
9045
3221
4928
2935
7982
4652
8538
4330
3817
967
3799
6748
2434
2684
6960
4941
3876
3626
5197
5791
4096
5444
5125
5713
3878
5666
4424
4794
3826
2326
4417
3977
10002
3859
6097
6460
5319
5393
4093
1602
6357
18668
4813
4207
4838
5720
3878
3321
2623
6697
4200
4720
6149
7399
3521
5728
3747
3841
6166
5145
4649
2987
4847
6132
3754
3852
6394
5023
7607
4393
7584
4939
2958
3391
3790
4987
7610
4572
4009
5550
4408
4955
6799
5331
4922
8698
5228
5249
6013
4333
5293
3994
5651
4035
5722
3446
7864
4643
1796
4792
5269
5313
3866
5125
4850
4701
8718
5486
4875
5024
5038
4760
4170
3231
3659
5491
4163
4896
4559
2965
3792
7385
3902
4046
3984
3891
4043
5116
3773
4838
4644
4095
2996
5439
5372
4544
5378
6216
7588
3757
1315
5155
5225
3899
3383
5452
2689
3877
20900
1944
4322
5093
4153
4759
7984
7475
4366
3970
5413
3732
5843
4149
2964
1576
5607
4304
3633
4025
5195
4307
7395
4486
5438
7076
2673
5616
3788
6313
4373
4659
4443
5574
4938
3551
3647
4618
6021
3416
5915
4717
5973
5182
3882
6144
4688
4408
3461
4073
3991
4276
7115
4375
4952
3744
4747
3834
4533
3731
3566
4588
3840
3574
4220
5843
3121
3899
5628
5029
6017
4704
4290
4495
2170
4169
4424
6644
4749
5007
3628
6076
5223
5465
6747
3315
4486
3502
2026
4054
3002
4281
6815
3614
4697
4894
4428
5622
8103
4329
2911
3955
6634
4000
5951
5015
3827
5864
5364
3701
2954
4744
4374
3908
3732
4005
5333
3721
4707
3690
3575
7692
4318
2105
6118
3941
3558
4620
2704
6562
4272
3786
4675
6756
4788
6651
3642
5278
4386
5554
22261
5010
5734
5435
4318
3637
3937
5430
5156
7436
3911
4268
4326
3066
4388
5749
9735
4135
3704
4805
4045
3858
4851
4060
16569
1668
4355
4804
3665
4569
6760
5783
3217
7521
5423
3623
4527
4982
8427
5609
4650
3877
4248
3554
4671
4711
4763
3391
4163
1989
6219
3705
5419
5191
3497
3793
8469
4337
3672
4034
6171
4461
6096
7345
4191
4489
4026
3500
8008
3636
5918
4203
3957
2305
2902
5006
6025
4843
3279
3681
3732
1159
4711
2872
2227
2906
5442
4800
2361
5332
4208
3426
7908
9343
3203
3703
4874
3509
2638
3863
6631
3091
5216
3769
5814
6245
3921
3640
6399
4817
6512
4053
4413
4006
5450
2165
6774
3390
3242
3159
5952
4134
4256
1326
6011
4742
4572
4560
3013
5570
3517
3888
4894
4041
21380
4442
3567
3838
3380
4670
4787
18518
5514
4270
4280
3712
3958
3799
6415
2944
4852
4296
4998
11989
4738
4656
4856
5288
2760
3739
3569
7799
5503
4077
4246
4736
3514
2675
3532
3807
2556
3672
6504
3631
4267
5278
3834
6028
6025
3422
3183
2568
3644
1917
3167
4584
4198
3581
3732
3867
3557
3944
5590
7101
6398
4575
4848
4329
4394
4265
4060
4648
4902
6646
4912
8515
1257
3770
4020
6683
3694
3733
5474
5469
3883
3359
5211
4179
3586
1965
4904
4856
4203
4044
1859
5268
4410
4975
6662
3316
3752
998
3835
3360
5414
6881
4448
3647
20924
5695
3859
5787
3686
4282
4386
5870
4850
3973
5101
3344
4416
4098
4093
2965
3859
3906
9297
5047
3696
3999
6979
6331
4220
1507
4629
3946
2811
10555
2324
3920
3448
2896
10229
5959
4187
3720
6239
1223
4420
4282
6791
2835
6040
4457
5379
4896
4002
5240
4076
4210
2471
5872
4579
6984
6165
2940
1843
4905
4885
3746
4507
3990
3674
4732
5739
4044
3476
2777
3773
3570
4466
4813
4421
4177
3201
22646
4181
3477
2854
1775
6006
2899
6730
4368
4468
5241
35382
2067
3504
3304
4127
3814
3745
797
3526
2358
5023
1151
2950
3632
4845
6663
5068
2588
4599
4437
3144
4798
5126
3159
2671
4385
4310
4191
4296
4496
5750
6558
3267
3781
4065
5080
4961
4308
4058
3728
1849
4879
4084
4156
3005
3688
3325
4282
4321
4324
5674
3588
6556
3562
4418
818
4362
4374
5333
2985
6642
3635
2889
3030
1599
3720
5141
7662
4063
4183
6796
25054
4644
4331
4369
36818
2938
8622
6888
3853
4330
4204
3696
4222
3422
4028
3535
3598
3971
1692
5272
4632
2787
8313
2855
2666
4757
6969
3182
3424
5996
3762
3843
3785
6282
1771
3412
4296
3743
4623
4267
5151
5230
3882
2770
2206
5716
2653
4338
5845
3313
3867
4353
2251
4443
4236
4028
5973
4649
4341
4805
4081
3710
796
6329
4527
4178
9309
19629
3939
4200
7315
3231
3916
4064
6385
3829
3529
4725
6418
4678
3478
5070
4952
3701
2959
4955
5284
5087
3165
4320
3038
3802
5347
3911
2922
2529
3702
3631
4914
2915
4140
3021
4441
4490
7559
7482
4644
4013
2237
7629
4626
3944
5258
5007
3855
4321
4286
2802
4681
4933
7499
6070
5272
2080
11831
1875
3587
4129
4901
3451
2745
3980
4596
7057
5081
2266
2979
3621
4184
4056
4130
4823
4259
5975
3410
4504
4206
3519
4134
3111
3554
5445
2631
4175
4318
2180
4751
5038
2807
3356
4228
3614
7387
3520
2056
1170
4537
4981
1325
3945
2637
4003
3714
3952
4581
5524
4317
3961
3295
4178
4352
6554
3972
4653
18568
4557
3472
4056
4399
4296
2573
4866
3158
3930
3391
4173
4371
7220
4657
3857
5930
4447
3983
4520
5206
4241
4473
3390
5042
6897
5747
4960
3060
4410
3397
4522
4413
2896
17969
3500
3429
4264
5007
3664
3852
4214
4024
3991
4041
1372
3859
4016
4310
2432
6220
1683
4476
5866
6246
3537
4179
6494
8140
3199
5041
3883
5700
5178
3832
4324
4935
4713
6909
5046
5384
4342
4426
6269
3907
4157
4550
2846
4636
3480
4806
3980
2956
9360
3686
4101
4791
3318
3552
3272
3537
4848
5933
5824
2992
5606
4607
4576
4906
4506
4337
4207
5019
6479
25506
4582
4792
4602
3385
1764
3485
1466
3548
3743
5075
5053
3660
3936
3356
3836
5741
7367
4334
3098
4747
3944
4422
3308
3848
3849
4991
5478
3197
4609
4816
4078
4904
4639
3567
3980
3589
3965
4379
5704
4725
4212
4396
4038
5765
3818
2431
6985
4719
4932
4248
4066
4029
5377
3297
4709
7323
3578
3605
3799
6216
4657
4710
3433
3900
3493
3717
6213
5021
4509
1749
4889
4509
3283
3884
3556
2161
4994
4663
4288
4612
4659
6358
3137
4877
5276
5388
4829
3612
4301
1446
3789
4671
4669
4988
2907
4463
2399
4199
3906
5219
2477
3698
2075
4584
2759
3554
3458
4899
5209
3828
3152
6148
6412
5791
7583
1801
5105
4686
6786
5054
4095
3675
5024
4087
6227
4273
3836
4632
4045
19818
3445
4471
4265
4630
4119
3500
6021
5275
5332
5267
5335
3537
5732
2442
4054
3083
4250
8477
5278
3984
3656
6585
3596
4143
5213
4287
4880
4375
4157
4070
3253
4172
4717
7039
4060
4784
5127
5338
3666
4018
3909
4410
4699
3361
5340
3782
1547
3503
4794
4908
3911
4143
4010
4030
2325
4067
2907
3775
5536
3284
5572
4196
4672
5365
5657
3893
1227
5508
4368
4324
3731
6688
5986
5070
4878
5055
3288
4078
5636
4173
4666
4447
3673
6413
6256
4410
4395
4676
3861
3928
5847
4401
4381
8036
2440
4260
4561
4669
3273
3794
5194
5970
991
7812
4167
2974
5116
3759
4211
4174
4680
4000
5445
2580
3655
4012
5377
4196
2764
3397
4629
5641
4651
4439
5970
3944
5456
5698
5079
3005
6136
5206
7676
2045
2885
6415
4040
2570
4193
4887
3937
3906
4315
6256
4239
8759
6994
5675
3835
3964
4393
4154
3639
3311
4090
5805
4237
4939
2518
4118
4051
5469
3909
3944
3330
1898
6729
5275
3597
6870
4327
4008
3632
4530
12093
5569
5275
4126
3345
3815
4689
5160
4214
4586
3961
3154
5420
4878
3137
4725
3944
4810
4587
3680
4499
3200
7679
4660
3994
4267
4118
4557
3557
3799
6003
2340
4418
3256
3876
3559
4220
4610
2961
3983
3694
6051
3490
1175
6917
3661
7484
4930
4835
3829
2914
3530
10631
3757
1372
4670
4289
4104
5121
4000
4347
4295
9474
5344
5360
2956
3733
3890
5112
1162
4208
4363
3555
3778
8858
19884
4639
4735
3915
18819
6795
3869
4202
3236
5425
4541
6328
4899
4502
3499
4455
2816
5650
2994
3991
5568
4096
4933
5749
3584
4102
4333
4234
3715
4891
5718
9044
3630
3591
4322
4421
3757
5447
3861
3685
4532
5512
4235
4992
3415
3466
3832
5411
7959
3592
5065
4193
5347
4560
2840
10428
4153
2061
4687
4074
3609
4754
4330
3129
3838
3986
3582
4325
5669
5098
4299
3858
4386
2935
3746
1738
7961
3918
5396
3915
4560
7706
6647
4014
4215
3146
3983
3785
4970
4668
4731
4558
4849
4330
4810
2002
5361
6985
1397
5254
4020
4239
2980
3469
5343
3561
4978
4257
4440
5474
3645
4762
6288
3038
10154
4993
3791
3818
4291
5297
3892
4985
5731
5370
3937
6418
4965
1966
3655
3319
5850
3157
5488
3828
4345
4347
4185
5185
4488
6652
4551
5318
5422
3371
3106
3266
4486
3654
4450
4741
3938
4461
4266
3885
10414
4483
3623
4874
4790
8078
6024
4330
3022
6744
4715
20005
1368
3702
4032
5701
4967
4560
4471
3587
4234
4712
4926
6044
5226
5356
4935
4985
5448
4634
8492
4055
5094
6003
4028
5779
7719
4744
4376
3127
3981
3055
3341
6460
4199
3183
4704
5202
5636
5271
4517
3232
21490
5490
4722
4235
4514
5020
3001
4208
3512
2999
4809
3695
4526
5063
4012
5358
5001
3812
4996
26820
6792
2923
5025
3583
3157
21003
4587
4111
5353
5160
3492
4288
5660
5544
4448
5035
5872
3803
4874
6070
2693
1467
6910
5416
3508
5405
6390
5261
4232
5529
3581
8065
4883
5565
3099
4095
5590
1049
3802
4017
4152
5038
3585
3505
1030
6502
5219
3881
3920
5534
3225
4752
5433
3520
3108
4450
3563
4957
5905
7305
5161
5127
3035
4625
4048
3786
6010
4172
5297
3199
5077
3621
5562
6465
4381
5633
6158
5026
4537
2786
4986
3012
4630
6741
4061
3491
3551
4540
2951
6646
3596
6581
4656
3826
4550
3277
6200
2679
4872
3693
4440
6000
5055
4806
7608
4209
4636
4297
3609
3160
4605
6681
3418
3557
4059
2277
3514
4192
6176
4886
4224
7833
4706
4690
4837
3895
7250
4273
7517
4877
8579
6279
4565
3204
4248
3801
4953
4984
4429
5647
5312
2980
6093
5260
4197
2545
4063
3302
3817
3843
3837
4625
2657
4619
3463
3812
4366
5318
4231
3989
4596
5413
3822
3969
3981
3802
7302
4168
6784
5601
5229
5701
3642
4196
4333
11147
5452
4448
4863
5220
4770
5373
1667
3703
17884
6395
4120
7462
8590
4654
5038
4627
3143
1633
3834
2028
3071
7495
15244
4998
5094
4657
17418
4106
3530
3060
4529
4981
4506
4596
4430
4668
4505
3469
4357
3564
7147
5103
4632
5068
7411
4152
3967
4468
4828
2763
5736
5628
3431
4133
5144
6044
4555
5465
2630
3741
4481
3170
4724
4894
3579
4207
4398
3375
3706
4779
6844
2703
3030
1576
4606
4289
6911
4360
4356
3040
4588
4257
4942
4683
4003
2894
3177
3487
3562
3967
3970
6828
3424
4576
3808
4866
4055
4564
6948
5989
5105
5053
5383
5726
4623
3275
4326
1958
5403
1054
10670
6325
2388
5736
5071
4236
4849
3853
5501
13985
1284
16119
5159
4139
2615
5319
5121
6256
2535
3923
5999
3258
5273
3586
3785
5115
5267
4442
4979
4862
6576
3559
4198
4479
3479
6416
3927
3895
1776
4195
4325
3176
4922
4454
3785
5798
1537
3049
21276
4502
3901
4841
3945
4036
4745
4516
3907
3564
4657
5914
4246
3346
3358
7314
4779
5132
4587
3001
4662
4192
4302
1882
4448
4231
4295
4506
3997
8095
5163
3946
1901
3451
4232
3363
7131
4581
3613
3432
5414
5484
5668
8808
6993
4417
4281
6455
3259
4606
5210
5009
4835
4411
7907
3974
2072
3119
3096
3760
5586
5218
6352
4617
4198
4413
6592
6317
6262
3812
5049
4892
6498
2497
4851
4002
4755
6846
4604
5133
4884
4322
4176
5837
4995
3419
1892
5560
3770
5322
5640
7851
3947
5764
624
4946
2927
4736
3809
3800
6498
1420
3769
3348
4777
3456
2755
3437
3847
2698
4381
3946
4063
4308
6517
4588
4880
5087
5730
5207
3550
3720
5943
3896
6609
4043
4375
4269
3301
5887
4153
4517
4736
3742
6375
6438
4696
7595
4314
4182
5667
5609
5747
5252
4016
3231
3661
2957
4671
4237
5302
1238
3459
4051
4815
4928
4922
3812
3585
4054
3690
5219
4887
4536
3914
5437
3955
3962
4068
4193
5938
4645
5655
4266
4504
4088
6314
3948
6079
2102
3779
3708
4442
4648
3364
3849
3324
4032
5626
1080
3697
3431
3310
3875
4755
5319
4882
4645
4467
3995
5439
4250
3166
5914
5581
6696
3836
4303
4046
4694
7526
572
4293
5245
6923
3608
5933
3756
3545
1332
6124
3178
4867
4118
3291
3682
4202
5310
3502
2887
3791
3574
4486
19482
3965
20196
4623
6828
4202
3683
4892
5105
4995
3481
1143
3566
7388
1572
4667
7295
3558
4227
990
3825
5209
1902
5230
4976
4612
4232
4728
5322
5553
5997
9558
4265
3609
6268
6157
3541
4322
6840
5494
5023
4382
4252
3371
4299
5582
6424
3199
6530
6237
6135
5354
4375
3700
3614
4851
5961
4380
3681
4434
7315
3542
2845
5389
4489
6010
4426
4099
1792
3054
3246
3831
3500
4268
4756
5397
4138
4047
4098
4201
4247
3661
4708
3885
4722
4168
4550
5183
5361
5127
3039
3829
5377
7161
4525
3374
4242
5600
6173
4006
1618
4299
5016
4723
3920
2502
3129
5101
2910
4320
1566
12649
5123
3723
5930
2680
4324
3914
1393
3520
4779
5084
5906
5595
2671
4889
5713
4810
3287
5059
7967
4997
4594
3724
4008
3808
3108
4264
4842
3952
3356
4144
2504
3466
4244
4545
4222
6075
3724
6459
3448
6257
3316
3465
5410
4653
3480
4413
5481
6984
4640
5794
4947
7375
5432
3792
6311
4157
4537
4758
4367
42364
5614
7145
5204
4119
5084
3388
4017
4106
4433
5243
4980
4337
4500
5097
5465
7207
4198
3783
5270
5356
4436
3355
833
4227
4062
4439
1151
5784
3759
5073
4209
3800
3464
4935
3285
7313
3412
6823
5217
5402
2948
3224
4981
4412
3800
3844
3988
7677
5027
3689
5142
4790
4875
3874
4960
5756
3556
4529
4555
3980
3191
6453
4038
4182
4413
2613
5895
5712
14945
4481
4123
4595
5324
3872
4645
10413
8091
5248
1203
3973
2315
8912
5174
1378
4108
5511
5754
4359
8739
4325
5113
5190
2110
4167
6026
6047
1218
1166
3924
1182
4654
5697
5254
4001
7143
2857
4696
5594
5134
3758
4491
4945
3456
3767
5822
6314
934
1541235
3963
4786
4239
4066
4767
3968
5169
5232
5347
4345
2384
5436
4588
4516
4184
3054
2859
4049
3076
4508
2759
3113
3928
7143
5154
4029
4009
4872
3151
1000
3763
6953
2593
5901
3976
5583
3469
7391
2812
4850
2450
2781
4220
5089
3824
6536
4837
4856
3982
5094
2001
1581
5836
4660
5402
3788
1234
4247
3825
5389
2910
4625
6041
3584
4224
4683
4897
4317
9207
5529
3684
3891
1099
3884
3269
5490
5097
4638
5671
3430
4816
4154
5999
3516
4932
4204
4423
3872
4715
4327
6202
5155
4041
3933
4432
1768
4673
4768
5598
4236
1170
4726
5969
4387
4529
4088
3846
3454
3909
7035
3946
4443
3959
4620
5566
5566
4253
6097
4709
3931
4927
6768
4561
3439
4153
4694
4844
5096
4285
3910
4020
2600
4058
2696
3832
5070
7060
5837
6156
4846
4083
4872
6378
2202
5451
5175
4836
5491
3995
4176
4655
8913
4995
4968
6321
6912
674
3939
5708
3983
4203
7839
5735
5072
5157
3868
4689
21984
2164
3791
4682
4283
6238
3814
5049
5018
4440
5402
4740
6517
7974
4275
4130
1296
3895
4205
4299
1437
6376
6274
4410
3632
3707
4530
2978
4459
4486
3549
3639
8603
2831
8690
2756
3569
4742
4418
3820
4232
19950
3815
898
4231
1264
5350
5076
5559
3788
4609
6579
3817
4406
3217
3232
5869
5305
4034
2625
3310
3293
5352
3223
3469
3151
3691
5092
5946
1564
5045
5850
4233
2251
2372
4650
4205
3983
1432
3449
4880
3702
5375
4786
4251
3693
1694
5258
3500
2939
6824
4127
3954
3781
14830
3853
5009
6877
4011
4488
3491
3932
10060
4447
4408
3964
2855
4315
5479
3681
3729
2685
4500
3492
3912
5443
3706
3414
5015
4318
4139
4251
3741
4716
3983
2752
4061
6324
5999
6192
3605
4555
3791
4067
3694
19881
3852
5674
4012
4715
4669
3948
14154
4185
4440
4764
4883
7695
6347
4093
7154
4245
3939
3459
4677
5702
2881
5053
5826
5962
5495
2966
5036
5137
10354
3324
3465
4235
4750
5552
4918
5209
4404
5697
3791
5446
3693
4068
4258
4100
4091
4866
3008
4343
5560
6534
6512
6489
6091
5711
6284
1081
1820
4325
4003
7237
4392
3389
3071
4527
4733
2853
4536
4363
4367
4121
3478
4036
4773
4822
6436
4387
5611
2018
3955
5510
8965
1268
5635
5050
4269
4930
3202
5842
8794
7651
4625
4419
6706
5108
3299
4978
3147
5886
4187
4611
4332
5127
5535
4765
7350
4038
4644
4984
3812
3770
4402
4786
4316
5384
3384
4988
23862
5249
3269
4665
4700
5475
3932
6417
5154
6143
6136
3915
4360
4936
3703
3999
1015
4131
4268
5044
5257
6416
4003
5150
2937
5172
6060
17588
5371
5731
2729
4790
4657
2922
7575
5723
4354
3984
4890
3737
2163
5367
4532
7142
3865
5120
5231
4709
4594
3546
3984
5404
3052
5992
6389
4256
4137
20958
3620
4433
4232
4504
7538
8705
1401
6124
4607
4041
16005
2309
4678
4323
3957
4616
1731
2056
9124
5318
4122
3779
3886
3625
5309
5503
1497
5463
3966
3378
4069
4323
897
4725
4748
7776
5205
3809
4981
5170
4103
3413
4775
3499
5283
4036
3110
4087
2836
4479
5443
5170
5331
4572
4267
3682
3626
7451
4782
6030
10676
4380
4169
5502
2238
4947
5546
5965
5425
5488
3843
6009
6628
4734
10594
4289
5421
4504
4541
4316
4180
5866
1749
3803
1323
3715
4023
4571
4119
1374
4132
6987
3900
3897
3174
5424
1201
3939
4387
4066
5197
4703
4236
5185
2776
4831
4432
4982
5416
4208
4068
6148
4378
6169
6400
3577
1435
5232
4214
5845
3984
4643
4805
5477
5265
4527
2975
6215
7017
6038
4643
3087
5570
5702
3661
5619
4207
2280
4152
5401
5672
4755
5154
4544
1615
7478
1889
2748
5772
5720
4293
4554
4465
7216
4054
5479
3964
4587
5497
5331
4032
4404
3358
4678
4496
5020
6616
5265
4119
4735
5066
3995
5365
4170
3512
3349
2774
4676
4916
5196
5875
4112
3877
66681
7367
4458
6443
3680
4746
4498
4877
4179
5097
5441
4386
2219
5188
1644
5309
3613
1058
2020
3096
4943
3948
4990
4371
7088
9507
7371
3418
3256
4157
4282
3713
3988
4891
4446
4068
4379
4886
4373
1295
3483
4173
4464
4592
4065
4821
3968
4610
4607
4096
1811
4098
5147
7440
4455
5524
5636
4224
4588
7152
3069
5507
5186
4183
13390
6848
4898
2194
2208
4549
4541
4666
4639
4428
4246
4307
4073
7700
4347
5469
4169
6989
4845
4052
5887
9203
4139
4331
5638
5236
6149
4261
4468
4835
3062
4144
4191
4088
4319
4017
8231
3991
4183
4107
4668
4912
2973
4230
4577
4248
3474
4513
2770
6161
7358
3943
4000
3962
3705
4220
2743
4070
6189
1147
4295
3808
3483
4271
5092
4063
5299
3128
4401
1010
4632
9453
5437
5532
5145
1928
4523
5509
5383
1962
4482
6808
4124
4245
5631
4029
3072
4040
3413
3552
5359
4485
2998
3288
4284
4580
5206
3366
4815
4212
4570
3943
4824
3569
1713
2168
4847
8087
4190
4638
4946
6231
7049
4135
6482
6131
3852
5062
20526
3849
5104
7141
4974
6180
4700
7599
5227
10967
4793
3530
6780
1809
4338
4262
8809
4134
4536
4836
3521
3765
4177
4481
6408
4740
4050
5696
3845
3266
3088
3694
3886
5449
7367
4280
4174
4562
5822
4143
1447
5003
4302
5784
3121
3254
4267
7374
7404
3909
5123
3544
4025
4965
4400
7536
6715
4981
7698
1427
5928
4254
5788
4100
1428
3359
3032
6382
5084
9234
5449
3453
4965
4240
4416
5493
5594
5612
4400
5148
4729
3250
3269
4803
4757
1985
3342
7494
4244
3409
3285
3648
5034
4200
4887
1854
1140
4292
3023
14672
4262
4130
4875
5831
6361
4769
2261
6409
4408
4608
4385
5355
4338
4905
4451
4537
8580
4054
4411
4079
3448
3339
4255
3033
4909
5580
7225
3352
4692
5779
4187
18030
5520
4290
4680
3708
4405
5763
1274
6087
3842
8369
3529
3716
3150
4325
4257
3309
4602
5120
4235
3267
4006
4497
4119
8372
4249
20620
3653
3463
3617
3807
4520
4796
4278
2599
4639
4186
6026
6238
4652
5095
8000
4262
2742
5326
3880
4960
6256
4830
4165
3805
4483
1474
2009
4215
5140
2301
4991
6236
5612
4815
3914
4172
3676
3503
3900
5481
3169
2650
5150
4610
2024
3957
4637
3857
2785
4973
3752
3581
16297
4670
4605
5148
3973
4468
3999
2886
4975
3052
4510
4847
3110
5611
4336
4843
5968
3953
4071
4418
4738
5166
4026
5310
5929
1353
4205
4603
4166
1528
3299
6354
5198
5473
4252
3759
13011
2845
4937
4087
6274
8282
2802
5957
3437
4121
5055
4812
3658
4696
5378
4167
3198
1647
4876
6300
6984
4432
5355
5806
2835
4522
4256
5666
7719
1128
4021
5390
3155
4686
3961
5825
4864
5448
5036
4700
6248
4796
3917
4036
3391
4647
5579
21110
3518
5410
5472
3422
5036
10979
3921
3808
5877
5047
2902
7686
4827
5155
5403
5400
5084
4518
3593
2033
3409
4708
3768
4963
4352
3284
3933
3885
13285
6439
4502
2737
5929
4938
7332
6288
4094
4307
5357
5095
6060
4081
3808
4664
6301
8147
4580
4325
2518
3491
6725
5008
5174
7520
5860
4929
4535
6012
4159
6702
4381
3662
4493
3456
5658
7340
1568
6923
4613
4820
4155
5552
5738
4010
5478
3680
4739
2573
3942
3303
5312
4760
5529
4603
4974
5447
4050
4033
4314
5680
8670
5034
7025
2982
5161
4274
5635
932
4966
4926
6615
5859
3588
8535
6086
4597
6108
2901
5099
4571
4567
3267
4936
4072
3994
5797
5329
7807
5183
3903
3439
6946
3527
5837
6196
5088
1025
5610
4664
5064
5724
2995
1348
5990
6855
3833
5111
1837
4018
5948
3461
7425
4135
4131
7452
5382
3890
1014
4579
4218
4468
4123
4311
3950
3378
4592
5902
4980
5391
5385
4605
6363
6141
4316
5704
4560
4365
2085
9742
5600
6078
5837
6224
5645
2808
5153
1468
2428
3013
3694
5001
6660
3927
3999
2494
3736
2057
4402
4809
5640
5661
5835
6548
6051
5835
9306
5684
3750
5197
6141
4253
4284
5856
4852
5176
5623
4243
3769
4232
1186
3802
1901
4360
4278
7120
4613
991
4238
5546
2862
4951
4837
4145
1117
4928
3930
2736
3465
5678
3802
936
5853
5312
8892
4960
1965
6291
2906
4036
4615
4181
9927
7165
4578
6425
3454
7394
5282
4300
5081
3533
4695
5732
2165
4215
4082
1390
4131
5059
6161
4099
4750
4034
5534
6633
5106
6819
9466
3887
65742
4243
5543
4364
5473
5519
3846
7963
4403
4413
5957
4675
4509
4432
5677
4905
3656
7335
5142
4735
3985
4971
4953
9742
5832
3445
772
4628
7148
6755
3884
6100
4532
7344
4254
5479
5270
4148
4506
5744
4801
5717
4481
5613
1442
3742
11133
6493
6217
4538
3627
6887
3954
7920
4131
4484
6480
3959
3531
5829
4440
3365
4606
7856
6079
4257
4544
5501
7152
3945
3750
3101
4523
3501
4873
5623
3078
3352
4344
5671
3613
5265
2953
2836
3468
4062
5716
5323
4409
4767
5676
5590
5119
5606
4562
4794
9463
4750
3632
16886
5329
4287
6048
1767
4921
4236
3535
3001
3506
3197
6971
7659
4194
23569
5073
4633
3654
1205
3688
4645
1461
3443
3753
5801
4545
5051
4376
4141
5072
5470
5083
4376
4605
9366
5481
4209
4057
5222
4939
1484
5668
3187
4931
4193
3919
5083
4436
6635
5231
5076
8954
5908
3941
3351
3044
4521
5827
2706
4776
2092
4783
6227
4738
5206
9100
8547
4897
5560
3077
4704
3898
6326
5187
5216
4375
7095
6348
6945
5422
5784
4315
3714
6005
5118
3812
5271
5132
3115
4948
7821
3720
8989
3972
3323
4520
5259
5491
5121
1202
3088
4131
5845
6945
5305
3887
4159
3980
3704
4289
4143
4534
3371
4543
2498
2539
3680
4077
21422
3087
4330
4265
4312
1479
6407
4050
4016
4179
5012
3889
3647
3761
4566
3873
5197
6015
6441
4421
3393
4755
5972
1144
4845
3767
4847
7251
4045
5405
4380
6971
4434
4983
3588
5061
4426
5912
4519
9439
3286
4505
4698
5162
3055
4543
4712
2069
5751
1596
3667
2811
6604
4463
4896
5090
3725
4409
9759
6549
3390
2446
6861
1387
3064
4117
3459
5154
4824
5445
4412
5522
3310
2252
4851
4155
4195
5565
4178
4009
3644
4212
4353
6818
3559
3608
5884
3605
4504
5438
6081
5365
4604
3660
4938
4156
4375
4028
4943
3228
4812
4035
697
7870
6581
5402
5711
21273
4650
1181
1040
5663
6201
3650
3775
5133
4960
3010
5307
1592
4118
2001
3889
4414
6066
3527
2530
4375
4399
3952
3890
4025
5867
3871
3701
3884
5209
6160
4478
7584
3737
4608
5261
6846
3849
4049
4616
1699
4686
2335
5320
5744
4177
1845
6117
3170
5054
3728
3939
6883
3691
5947
5604
3250
3799
6407
3115
2965
3500
4637
1222
3753
4366
3918
12693
5581
4568
6392
6408
6488
3746
3875
5539
2568
4388
5306
4521
3996
4933
4131
4722
5430
5648
4750
4084
4144
5199
4497
4338
4675
4277
3821
2765
3062
3248
4635
5280
4259
6030
4923
4423
4652
5337
2521
7032
3486
4371
5195
1809
5216
3735
3525
2844
4689
1763
6491
6336
4110
5267
3758
3739
3223
4219
4265
4242
7464
4544
4458
4397
2251
6244
4230
3371
1296
4070
5122
4204
3751
4315
3945
2351
1510
7125
5598
6706
4476
2614
3543
5524
4288
3596
6630
4086
4348
4451
1866
4097
4857
4840
3963
3171
4594
3916
4087
4195
7178
4452
5661
3398
4117
4476
2910
4623
4278
5577
2267
5358
4991
3419
5076
4112
4416
5350
4105
3615
3657
5592
4164
5065
5077
7994
4418
4383
3993
7569
5039
6678
6304
3195
6509
3097
7457
3875
3724
4124
4215
1638
4764
4793
5149
5784
3924
7159
5600
3700
1465
4530
3856
4842
3712
6218
4386
5301
1340
1904
7744
4375
4717
4114
2849
2051
4504
5091
4989
2353
4334
3824
4078
4506
4585
3732
3586
3374
4069
5162
25067
5208
4584
4464
4745
5565
7114
4925
4435
3041
6789
3540
4266
4169
5444
6079
3719
2718
1737
3407
9506
3620
6557
2572
4502
3732
5332
3877
3559
3958
6621
3712
4073
3684
1725
4767
6175
7039
6205
5697
5638
4630
4301
4194
4408
7352
4060
10807
4385
5314
5157
5932
3435
22513
5885
3918
3558
4053
4711
4337
6801
4527
4426
5268
4860
4220
5852
3935
3741
2791
4881
6560
3807
3866
2781
5099
2689
4805
4529
1369
4115
2878
2823
3361
3181
2970
4849
6231
4838
5316
4628
4957
2261
4189
5586
4860
5881
5102
1239
4529
3861
4000
2498
3067
12084
5486
5925
4521
5395
4795
5052
3258
4839
10518
4812
3711
2762
9887
2900
5255
2692
7612
5976
3827
3596
4397
4212
5676
4625
4700
5624
6323
5435
3088
4139
3306
4661
5580
3910
4293
4549
4295
4166
4144
3087
3862
4334
3302
4374
4113
7080
3923
3512
4522
4887
4351
6863
3851
3422
6525
5628
4819
3629
2608
4639
6780
3122
3567
1355
2326
4552
4356
8505
5647
4072
3683
3949
4522
8151
3506
6937
5091
4499
6310
7398
6924
4750
3818
3919
3791
6230
3411
4041
5395
5710
6469
4280
4833
3914
3741
3769
3638
4123
4636
4938
3872
4363
5548
5903
2822
4978
4113
3461
2906
4482
4649
5304
4389
5989
4286
6739
3540
4359
5606
2807
3727
5017
5373
3925
3636
4442
3789
4530
4675
5946
3230
10348
4962
3162
3270
6406
5902
5349
4473
1456
3744
1076
2472
4872
4727
4455
4342
5523
4050
3704
6325
4130
5272
4853
4122
1019
5318
5228
3866
4764
3626
4229
4415
5973
4192
4550
3719
3564
7542
4134
5027
3841
2670
2899
2655
2685
5077
6170
7853
4921
4142
6432
6477
7940
3821
8451
5782
4372
4068
3719
4559
3332
4256
11537
4924
5127
14282
5413
3272
3696
4252
6161
5141
6689
5872
4440
6409
5809
6175
4312
3120
2920
2981
4768
4598
8247
3762
1665
5524
4387
3306
5175
5146
2890
7290
4858
3352
3704
3550
5733
4923
3256
5687
3905
4728
3994
3375
5464
4459
3775
2611
3565
4192
3860
3552
4385
4593
5356
5349
4626
3925
5939
4446
4265
1486
6828
5027
4167
4716
3803
2448
3508
6107
4099
7976
3798
6718
3047
3485
5880
3139
4022
4556
3828
3473
4028
3963
3879
3863
4518
3601
5929
6261
3223
5364
4836
4564
3740
4253
3512
3420
3692
3863
7779
7704
4413
9729
3434
5161
5643
3250
4489
4016
3805
4015
3153
4082
4933
4761
3861
3768
4590
4418
4835
2831
4701
3267
5298
4731
4447
3625
3806
4522
4978
4031
3938
4058
3804
3202
4824
3522
4495
8762
3715
4249
13850
5924
4430
4341
1605
4962
5926
3826
3939
8384
5792
10994
5298
1855
4883
4517
4127
4463
8613
4935
7980
994
20856
5763
4150
4385
6588
1519
5161
4257
4157
5291
2886
6254
4860
10649
5101
5845
6824
4932
7386
5072
3355
5861
5657
3899
4291
4318
7171
6589
3903
3877
4057
5423
4366
4196
4771
3631
5398
4900
3924
4823
3946
3527
5894
4391
2924
3542
4941
4467
4054
4688
3589
4142
4315
4338
5953
3717
5899
5030
6087
5091
5337
6141
7694
11115
5202
13562
2456
3079
6992
1058
4109
3652
4139
7714
3991
4299
3709
6130
7514
5773
4275
5160
4866
5355
2481
21719
2587
3979
5214
6305
5678
4533
5004
3618
2627
4453
4525
4254
687
4590
5266
117185
3773
4754
4115
4177
7209
6380
5368
8325
1518
2991
4002
4391
3189
4057
8152
4054
4400
5807
1436
4724
4739
5971
5449
5449
2898
6341
4928
3082
4712
3138
3995
3615
4536
3680
3101
4563
5702
6933
3868
3742
8260
4163
4809
4160
3071
4732
5856
4022
5443
5013
3266
4918
3847
1563
6494
3520
5620
4391
3068
3616
4711
5251
3992
2746
6726
4071
4909
4246
4652
3735
5330
3802
3004
4265
1246
8506
4089
5204
4259
6255
2853
3487
3154
5224
4942
4186
5705
4310
5851
7373
4847
3065
3307
8766
4065
3791
4360
4134
5298
6991
5091
4399
4253
4327
4742
3455
5898
4074
4380
3840
3021
5429
6255
3429
6159
5095
4929
4122
3099
5438
3655
8085
3949
4029
4904
5383
4434
5170
4940
6663
4176
5006
3597
4628
3892
5833
6883
4994
6180
3550
3422
9603
3263
7180
3827
4317
4918
4359
36414
6560
4864
5206
5655
4715
4482
6890
4691
4273
4077
4322
3078
3928
3881
4163
5210
4466
5169
5886
3467
4791
3337
4193
4164
5611
4120
3785
4357
4316
3713
4022
4163
4201
5219
2751
5025
2317
4797
4113
4410
4090
3958
2750
3872
3777
4826
4290
3489
4854
4300
2450
6208
1232
6282
6493
6305
6089
5692
4868
4293
5152
4860
2130
4869
4361
3754
4027
1919
5965
1988
5168
5532
4060
4073
5252
5003
5699
4071
4788
6840
5919
5695
5428
3052
4268
3925
3726
6431
5173
3335
3120
4927
5483
4336
3799
2273
5876
4224
4004
4330
5559
3386
3768
3952
4079
6135
5775
4323
7123
3994
6030
4222
3510
4779
4989
3937
3598
5102
3207
4247
4079
3705
4244
6811
4563
3590
5399
4027
5384
1707
3496
4103
5776
4093
3704
1865
5962
3662
3552
8967
4095
3313
4492
4009
4002
6154
4965
3856
3119
4922
4133
3851
4988
5372
4221
4132
3853
6336
5142
3550
4812
3959
3790
17553
4437
4731
3518
4438
5695
8220
3527
4936
4209
6108
3811
2581
5610
6534
4011
4555
6317
4535
3177
6526
3849
4167
5127
4209
6604
4360
5430
4235
6340
4453
5431
4559
3807
3861
4710
5968
3750
3520
4418
2736
2856
4367
4303
4647
6014
6576
4742
5038
3729
3797
4213
4487
6143
4854
7196
3985
6837
5424
3775
3664
5840
1452
3805
4268
4927
6752
5451
6300
7475
1372
7682
53695
4288
4216
4307
3495
6922
4095
4199
4205
2607
4513
5213
1386
3785
4631
3547
3943
6073
4154
3223
3408
3715
4046
4736
3753
4802
21481
4420
5397
1046
3354
3753
5822
6269
4180
6045
4581
3779
3989
2394
4944
4166
3039
4263
3847
4762
3821
3652
5367
2911
5643
5073
3314
4350
6063
5558
4375
3042
4289
3374
4068
4875
3441
4719
5186
2984
3991
4093
5106
3351
4627
4915
3826
3743
3642
4326
4154
5243
3617
6277
3977
10975
2635
5021
4453
3406
5154
4781
4936
5170
4438
3496
6028
2634
4340
5980
3793
4410
3785
4685
4276
3962
6533
2328
4258
6051
5724
5108
3269
5373
4424
4707
4121
5348
4668
4197
2203
4321
3419
3732
4133
4023
3287
4931
2692
2001
5083
2669
4652
4254
3521
3531
4232
19357
2643
4952
5399
5579
3183
8988
2242
4788
4502
6028
4625
4359
3476
3398
5481
3749
15416
2063
6582
5843
1199
10746
7031
5081
3149
4165
5624
7736
4820
3702
4526
3816
3042
3868
4042
5237
4504
3982
6177
3528
1277
3837
3389
7878
4366
2733
2811
6665
3685
3018
4197
4976
3110
19457
5626
3183
3930
3392
3471
4203
3454
5764
4353
4532
3349
3779
3355
4562
4881
4811
3681
3122
5245
3993
3985
4390
3768
3745
4119
3922
4249
3134
3274
6060
4209
5027
3260
1789
3921
7303
3346
5763
5569
3350
4193
4341
4982
3773
4711
4742
5751
4357
5811
3475
2655
5515
20881
4921
10171
2309
4291
7057
3834
4344
3828
10950
4117
4646
2097
4129
4581
8889
4024
4204
1768
3730
4028
4671
5715
5110
4844
10098
4073
3596
3848
3419
6890
4786
4262
3415
3537
3008
4554
4251
3840
2566
4290
5213
4477
3341
4614
4998
4828
3387
6473
4044
3680
24625
2329
5638
5027
3243
5516
2636
4234
5883
3455
3211
6037
3808
3547
4188
17903
4462
5951
4293
4542
3474
4470
6050
5374
3843
3819
6279
3192
1673
5836
4373
3586
1513
6777
3680
7009
3122
2877
5786
4297
5154
3329
3413
4403
3526
4505
5632
4067
3540
3061
5024
2388
4423
3640
3396
2815
3510
4560
3480
4154
3477
7737
4209
4038
2758
2999
6678
3201
4065
3464
5004
9032
4025
4404
3678
3724
2413
4891
2987
4181
4590
3393
3930
4945
2691
3361
14538
4727
3794
2943
4620
3505
3543
4043
3107
3041
3879
7648
4765
3689
4967
1067
5186
4363
4848
4706
3341
8079
4333
3948
7394
4586
4425
3615
4031
4038
3488
1253
2986
3800
3065
3548
5149
5203
4356
4495
4027
2619
4161
5576
6155
2801
3996
6402
1498
3896
5349
2943
3913
3923
3800
3423
4000
1164
3187
3419
4111
3277
4266
5537
3235
5466
4512
4139
3468
3884
3661
4068
3755
4167
3697
4454
3748
3754
5068
3506
5840
4013
4660
6901
3903
4845
4655
5543
3537
8294
3652
4009
5273
4367
2975
6041
4251
4349
4621
4190
5137
3504
3586
4722
5976
4379
4408
3933
4841
5650
3855
4124
3780
4465
3414
6564
4269
3571
17987
3792
4877
3702
4621
4029
3283
4014
4875
4090
3601
3532
3658
4063
7695
3906
4196
5211
9668
4729
3511
4425
4511
4723
3834
2465
4192
4059
4226
2285
4485
5326
4785
4754
20933
3926
4594
4066
5253
3289
4541
3403
3569
4306
4009
4558
4160
5224
6780
2382
4507
3700
911
5662
4122
5182
6322
3695
3854
4007
50953
4105
3021
4840
3589
8075
3234
3856
3527
6311
3943
3479
4060
2749
3303
3537
3756
5464
3981
5752
3720
5512
3080
5617
5359
5312
6247
5412
4371
3359
3067
4588
3033
3393
3637
3620
3858
5726
5126
3454
4271
6040
3729
5131
3901
5352
3860
6672
5032
4617
2936
5087
2360
6585
3594
5471
6012
3568
4416
3839
5587
2954
2594
3601
6982
4800
5578
4533
2669
3848
4690
5394
7379
4822
4843
3695
3164
5148
3506
3100
3654
4842
3723
3604
6233
4952
3497
5144
4492
1989
4031
2690
3881
3394
4280
4504
7681
6614
7722
4171
3396
4138
4800
4017
4634
5223
5049
3400
3848
1953
3931
4875
4418
3718
4138
3489
5668
5411
4163
1094
4276
5148
3754
3992
4284
4915
4785
4618
7869
2372
5107
4439
4700
4293
3111
3807
4022
4203
3696
4368
6504
4360
2284
4846
3517
3722
5610
3273
6571
4150
4107
2029
1832
6300
5117
5002
4136
5038
3160
5083
21064
3826
4410
3452
3744
5493
4745
5148
4143
4184
3931
3709
3470
3201
4177
3233
4305
4017
2647
6205
7571
3690
2647
3089
3701
3020
4744
3241
3979
5202
5475
4005
5878
4361
5127
3863
4632
4009
5387
5297
3589
4986
5277
3846
4000
2946
6071
3439
7250
4586
3902
3951
3582
5009
4129
7582
3035
3653
5716
3138
3064
3801
5779
3662
3569
4037
6965
5980
3991
5000
2781
4153
2760
4426
890
3777
4236
4559
6495
4471
5419
4563
4154
4714
4762
4726
6645
2885
7632
5441
2648
8940
3923
3994
3761
4287
5220
3421
4075
4472
6337
4257
4133
3239
5422
3972
3935
1212
3807
5902
4026
2952
3471
3344
6511
5956
3852
4554
3680
4452
4788
3499
4193
3218
20737
4281
1532
3326
4233
5125
3136
4866
4102
3264
7651
3530
5114
4854
3999
4751
4107
3511
2851
3527
4195
4558
20059
4204
5939
3491
4613
3559
4139
3977
4560
3316
4246
3726
3317
4789
3693
3720
5539
4725
2876
4660
3361
9696
8522
4804
2962
4217
2584
4682
3963
4911
4200
3213
4022
11039
3588
3178
3570
1778
3363
3526
4680
6012
2799
3626
3476
7446
4193
4093
4197
5318
6688
4829
2411
3681
6631
3547
4334
3753
4183
4192
5079
4179
3818
4300
4403
3338
3650
1605
3386
3072
3314
5735
5374
3907
3231
4252
4883
3592
3176
4436
3540
3749
4450
6483
