118514
130394
256429
149971
122090
105313
108330
103537
141046
101352
159627
130387
124104
100516
135408
115849
136343
108397
98436
161431
134788
124500
112575
135702
111819
84971
99694
141677
108783
108476
113554
503649
160517
117674
81086
95627
107398
142618
109772
94297
120075
87507
109877
114652
76726
111827
121397
273322
101288
91850
93883
114026
102687
90850
103882
166293
119511
106724
95496
82241
108003
102508
91003
102912
84079
100471
109082
106956
115854
100141
121976
92118
108716
100005
93641
76702
110774
96173
113558
104994
139398
99449
115439
107048
130530
115550
129088
122290
101311
140715
91328
109097
115313
92448
111466
93135
127629
85219
155362
120540
127982
108482
139317
134105
86874
104825
182294
126841
174216
142019
137779
74914
142895
126834
105669
134495
97842
100020
119452
99491
97805
96531
109549
107412
99278
120930
164326
82096
102110
132799
115198
97919
112199
101006
73547
111385
109649
112585
98989
92785
113859
108369
114046
99495
106017
99189
96328
92717
125520
97405
77263
97350
82851
96016
89772
113075
92708
130882
138697
1872725
135461
237242
104693
168905
90020
79970
119688
97434
93453
118746
107947
111307
120377
90759
93298
112513
111364
100385
85942
81655
89996
125462
89420
111646
124582
115541
124429
99448
100803
93570
94150
96122
95361
87177
98447
92100
91015
74388
116194
143077
122359
96616
114384
163745
113352
100252
96167
165484
113332
90064
126563
112448
98402
105210
167013
118319
104687
86965
117742
116063
118078
95191
106220
84251
88085
157799
136755
148797
112106
109713
87979
78740
87465
107869
124893
192533
87160
114922
277965
123588
134555
79433
108553
103361
128530
98435
156538
163600
104765
97950
145525
96516
86381
85487
98175
225188
152081
123752
92030
97944
109406
92949
157282
105599
124240
109228
92004
99890
104452
103987
153125
140890
133440
113205
87897
118803
96389
148439
102934
110395
86254
653907
95776
106899
71871
101744
106690
97622
370267
85746
110252
107129
116505
126635
83652
112114
110396
93414
143186
162633
137913
107518
121346
100691
75845
112505
107347
104417
90275
113683
253971
142650
97478
95681
167145
84918
106347
102657
90319
131028
331257
100963
109066
109199
104220
91296
89531
139124
126344
104448
87405
93911
104652
85421
108637
108853
94200
95332
101782
99670
105313
106170
70335
160150
93253
145560
102655
116850
109868
126621
110016
130800
108740
106181
96658
91739
99673
126921
154524
107506
95582
97569
114142
107146
87924
109972
124841
96229
171115
115493
107058
138678
91977
113847
98556
81209
92152
92427
100518
99635
102470
119505
86460
114025
88289
81338
94375
331663
134589
668059
102216
103115
97155
128902
91150
100435
94067
111301
79322
99425
140004
116871
565219
90329
153184
599111
103613
125591
109356
113636
123841
106107
103884
103171
100921
89666
96904
131619
103982
85236
103701
105551
107777
129889
109513
98897
137753
96056
238085
115645
76103
124144
93066
91389
117688
140189
117502
93865
104771
111182
103849
87801
96295
102743
288331
92635
94800
120602
93618
133919
185355
265725
337645
108573
135677
118665
117961
94022
100738
87506
105949
121122
117187
109914
548348
129739
97450
87155
100503
116717
103436
199958
105041
94492
110735
140096
107976
100808
396322
96328
360941
83131
128114
112224
120172
126074
113220
88266
137356
83284
128156
111612
107894
105657
109000
132795
104048
120930
494252
78558
120581
143813
97025
127080
75547
89457
111665
260356
125712
175622
119204
153015
76170
94773
91653
217167
178333
102173
81128
91934
106022
95551
108992
286514
113753
1088614
101311
78841
91329
82277
86243
110230
102507
117444
195134
127482
91530
135765
91711
129707
118133
112441
96564
110851
92642
83457
111709
127503
88855
79756
95512
91361
140027
80351
187521
101940
95829
80263
166670
105132
75760
120661
72737
117370
83129
80002
89073
94422
87951
98826
105675
89480
104528
88036
113791
96486
142901
91158
81235
79642
121954
124684
118603
79700
108606
98267
105280
67138
92321
101265
106756
121305
105423
100830
95727
76520
3124674
128273
114965
101093
134203
94218
98668
126064
90095
110621
80341
99838
113071
162259
98866
128780
151212
136891
125251
127353
117573
170939
93964
160658
156709
125287
102129
151450
103907
421215
106926
97631
153362
124441
93881
95555
100185
101550
97924
108234
90748
138350
136326
136871
377656
319243
221636
107143
129166
82981
133237
138008
102507
86735
114801
152133
89085
70661
132207
161103
110922
123268
104676
99985
101761
97831
84039
135632
100526
72837
101154
244602
81724
102331
95121
92369
96996
155350
85231
215713
101299
101865
113723
159587
163294
98142
255822
365323
111434
117857
111121
144913
82235
100169
108303
106596
95689
91041
112367
84769
84672
129377
92459
118454
105150
103193
164952
108086
121227
112813
101386
94678
88110
81280
110476
142566
103704
98442
81101
115627
87818
108993
232141
97059
105103
73382
126916
100411
89468
130613
132935
95639
137673
96857
88548
164120
115896
86054
129749
73001
106594
120245
96086
116081
80248
79306
78162
110174
127946
86042
127391
202585
108418
87618
104398
123873
114618
115904
103083
126825
108828
152272
106964
82771
108598
105178
108197
90453
97758
116991
116616
96257
87286
100569
131861
117826
94264
102361
95236
94155
100797
100891
119848
107366
118054
95516
84272
87338
94129
92751
97654
103553
107782
95621
95825
115921
97822
105079
72775
118472
97660
97665
96268
77525
112748
71540
70710
135438
101899
118999
84694
110832
217299
101493
79678
130240
84688
145810
92394
98665
81472
122693
101461
98408
80448
85879
114512
101907
167401
117768
73271
82012
101094
77907
141313
120259
90814
96053
201405
78462
97777
168716
99705
107736
79713
99402
97015
118630
95098
103493
97873
148554
103794
107438
107302
114344
81083
88610
77124
117582
81913
96612
69291
143913
100692
94649
161692
98892
77164
72828
91329
80556
104151
77292
105775
76406
116796
80942
138029
104814
81200
82092
82431
95337
93044
91588
107128
84767
122154
108103
103656
98113
99644
93235
119114
76327
142725
118129
96083
94247
75136
120507
85084
134497
103805
102604
82141
105906
86054
118724
87467
89514
72205
91876
109981
82387
87080
129417
109847
75267
110857
91112
73368
112484
69154
132805
82689
94804
109409
77203
110286
92282
100271
116528
162338
123790
132246
100057
95902
95612
103854
80516
78981
75140
129492
94832
100035
103489
103513
110051
96152
81867
102079
75090
94360
123713
96834
80628
108154
98780
117365
252157
96757
108630
97156
96387
95587
122496
133188
128330
87034
98507
128352
97962
94305
87174
99084
127020
373333
94043
112285
95211
92394
80671
115783
151557
195150
127744
121860
75843
146468
81322
96662
71545
93502
120368
92857
121644
90928
86132
126280
124018
88502
102486
70075
119682
91301
76745
113124
113843
97943
193355
247069
84392
80952
105613
196360
83258
96444
98160
103522
77362
111414
92645
124639
111380
75836
106594
81111
93013
112088
104273
125546
123653
93257
93216
101168
233809
125561
120126
90980
181872
104728
106980
124077
92626
110450
90307
60763
137165
73456
102303
213307
82987
74613
114041
100788
75001
87855
93907
102381
131534
96231
73223
87987
96111
113047
88335
108159
101951
99950
95032
93129
112336
234322
138387
193618
66790
309495
97108
107210
94043
123188
193688
86456
97628
113633
102615
88909
101518
202104
100008
97898
137982
95641
124757
99462
136334
82530
125358
102210
100621
203550
93891
138668
107759
83791
110060
93360
97379
106991
89834
78914
125078
116430
92653
87573
112979
105378
85084
75770
102032
102852
108984
219008
88529
137583
135317
83622
80502
92087
107528
111091
106993
138532
76757
77156
98140
94944
91535
153376
113020
106994
88931
86113
377737
81571
117644
134488
91261
89961
158757
91053
87208
75875
92471
97703
83434
93880
95241
100123
93768
171870
74645
97253
105588
93997
92396
111469
95667
119884
111707
137537
108845
100504
120994
102876
137038
113944
102110
105484
80157
115094
112478
127834
96684
116126
120331
109256
94649
107498
123292
119515
126024
88966
128849
82631
111843
119003
119582
88141
103860
98325
117117
86046
110380
103689
91550
164827
110915
173739
87494
98242
103849
96668
70668
104335
103751
131556
94447
106577
100433
89381
72454
172819
96218
102143
82833
97761
104458
86937
108568
140944
117470
85009
93643
108364
84108
100840
77956
163378
97428
167556
89595
93829
108926
122930
103908
105622
94521
97859
104175
116408
95482
77815
96009
105021
91945
577636
116745
109044
105447
141341
90637
118309
117390
89533
65020
93229
103602
92747
86855
77703
105426
104183
91104
93517
128956
151403
90472
90722
104800
102393
140865
83342
96972
95635
80523
115193
76316
90958
85213
83691
156258
93734
122026
95448
102640
82028
94883
127797
104509
103648
90749
97695
90472
96804
89499
103057
205171
94524
83805
113074
101066
103075
99177
107525
109865
84924
104953
107537
99598
117510
140025
134925
96364
99390
97065
151380
94327
142269
114782
99168
73136
114716
952376
183136
91683
125071
99064
88978
127270
92207
108371
86895
108538
137497
112679
130646
131188
105077
129333
110131
101398
255722
96341
120865
95773
173067
121565
111447
94796
119209
85825
98986
94252
103383
79879
103994
100654
118679
100212
85326
244045
105502
87995
87273
72522
88630
92648
124863
88301
386219
293769
103962
94333
105242
126401
102176
88831
77083
123357
76838
95235
168377
80088
104717
79230
147094
149418
139097
96926
130036
121396
106913
76481
104609
77851
94056
127784
107719
121156
241402
195891
97536
125900
115077
179598
121223
76473
319739
81959
76438
84184
633546
85939
113690
188653
94617
80646
96889
86955
91286
217731
490710
99341
96061
95463
101354
109185
94600
99250
91229
95708
123989
154307
121714
127295
73027
1652358
88167
110527
146957
104524
109330
97191
147379
84668
93591
66892
96887
76441
88494
85119
105871
76418
100054
117315
108830
104522
108722
127810
100602
97547
82854
112616
99526
76415
97538
115883
100087
98449
105501
137757
255878
88036
86266
118671
103564
201754
170909
102587
206164
155903
5185141
90541
93596
124786
86395
202359
223110
130291
152520
82551
79077
428088
249145
94852
114005
203005
120815
228183
93671
99431
430857
95586
150541
102195
76127
75272
119463
224758
129849
96126
150726
74564
184772
123855
111376
80329
83907
222308
101668
102516
109304
103217
83460
92672
87336
218252
313520
100209
105578
286467
92304
75791
70062
134755
84702
118092
122159
112987
129107
138977
83133
69577
98694
86502
102279
113951
105197
87620
71447
142621
135599
88569
121060
89396
136181
97525
87528
122827
102856
79924
88267
105405
100034
121162
80214
80637
77448
109124
98313
134849
120617
94086
75149
76055
144957
111653
80956
82502
86484
108578
293458
134062
115593
102909
206248
105271
94452
104217
109885
100102
81555
98022
86747
93611
93317
78708
160990
91205
194073
158847
83644
97176
90363
86177
84101
77037
100930
132368
156637
181162
215124
186049
77092
292208
93036
108715
99458
82283
151278
80732
88846
86702
87298
103900
76236
79020
94755
102790
77425
113799
73926
114763
121440
94359
213317
117532
86063
152660
138836
224009
118018
87297
98699
107664
75399
76715
179774
139902
86030
95316
102784
149913
109129
74979
80675
105320
92223
102449
106739
118418
82195
92667
110084
117383
88316
74821
109974
104368
91641
73826
97748
120918
83332
78298
86505
101920
112528
77406
72169
92384
82306
136338
98373
100073
91960
88414
95051
81942
103466
81983
97798
67133
186857
80857
87574
94429
116829
124879
87436
82907
86118
104251
99930
81155
119197
97258
143850
220565
249074
93172
160271
133565
90689
78126
95993
134985
82187
95753
190929
143647
104626
121397
93865
105195
113065
73879
170004
90192
104928
114637
88605
91495
103830
160661
98330
102318
83706
109823
99619
1010012
102514
97918
102171
135920
115429
111241
91638
99917
99093
91872
93256
175483
101295
105269
85608
113830
100291
274433
307958
85772
77920
74965
103025
105155
84494
117537
111844
102906
90455
102485
99547
88786
96998
93522
117666
116163
101458
136900
105061
75086
84555
191370
140579
119009
114847
169668
147997
114710
106534
165892
120456
99097
127020
70623
72750
116567
113315
140920
94298
109113
128996
130569
100101
106327
82042
100391
119498
102985
97656
89206
142362
146757
82281
80780
94111
104876
120984
113836
114358
104900
91819
96195
108752
235958
96909
90877
168198
100308
78796
123884
99332
131116
116558
301718
121077
129815
120467
96377
135569
187601
116062
338504
91375
89936
142948
182332
115553
102637
190166
91171
120000
107299
344558
77456
240079
219828
92952
110261
111803
98557
200801
191606
940404
135871
148025
77299
98543
94949
84092
185777
218082
384171
77115
81070
202426
92907
176450
107221
89271
84793
176897
257989
102582
100060
77214
102632
76120
97261
99466
136473
122458
101314
127085
91394
147909
204456
198218
73666
172380
72664
262041
136016
80160
91359
259453
120993
93826
150499
96527
110792
165780
179820
105885
103459
139646
102183
87070
88723
130444
67801
78556
194273
201845
90776
72850
194384
270639
89647
101603
154022
385681
243141
95836
93216
104349
91210
87809
97908
108456
81815
101566
107065
101618
98531
102857
98625
116063
132001
78470
90539
91682
418865
69288
75630
86879
89437
140371
114072
103506
97569
103729
86590
121568
81072
89943
128608
95134
72344
74370
83887
98850
95560
101702
75446
106371
87326
79601
103986
95835
78421
82628
75511
104076
95582
117831
84350
71660
94559
114868
93425
76506
127410
100162
98617
103868
99125
94250
78216
85968
79354
129453
87725
109175
108874
117650
114950
103444
172686
89683
137169
82746
138612
105235
87785
75256
110325
100816
93188
88257
74698
100756
94402
92693
78177
93457
145932
110519
90675
121881
110131
86843
460855
82992
105089
82809
98440
107204
113976
69034
106746
97354
92949
92547
125661
117573
80261
98733
87684
82069
89553
75539
107243
94366
106364
78177
89516
94244
107216
96039
76555
93282
80139
101783
98564
97289
97676
83103
142759
75897
144022
68785
122093
105380
95334
101411
92460
77621
80471
111265
120829
75585
81318
80608
75436
103653
81988
131436
93151
95206
76589
92685
83371
69782
136275
86374
91726
89715
88091
82491
75548
85437
114621
178641
91689
93610
91716
83897
96235
94878
107162
103922
95782
107618
84807
256117
90316
94743
107966
109964
114453
78747
86226
96276
187319
83877
102381
128415
97040
95837
166294
96219
70474
112133
79986
78441
99917
113398
79461
85290
98314
93264
84113
100070
90625
146462
159282
86257
115242
111323
100951
76907
93251
100617
193725
126642
93738
95668
80279
80788
79487
89777
101377
116087
91575
85052
80685
97482
78052
107363
85535
90422
77731
111455
77909
114043
73620
105798
137585
96542
73343
110282
101551
93267
75568
83232
90736
101752
88443
70429
124677
102044
106148
102675
80974
80743
134035
103764
106878
92907
147624
85086
92644
107350
118922
138378
95934
133692
77930
111136
81358
98053
93264
101527
87212
95878
106696
127853
115824
110137
96998
89803
93823
103341
165496
124327
93123
104327
77868
83848
80854
122556
111779
93812
95119
82442
96625
92552
176518
98337
82496
73432
97750
85105
136190
101895
95355
117099
95248
127517
89515
162066
96967
102738
71059
70626
96556
105867
65963
91892
143565
178833
75433
95087
78426
110210
127079
133799
98297
127701
115254
72025
85919
89416
131366
94077
96303
86649
107962
97099
94510
94283
94799
103697
109901
100578
123132
88214
134393
71265
115228
108559
113004
89760
409628
126014
304118
81055
103042
131019
92214
97719
80786
85885
123427
110369
105276
94802
102191
103597
101267
121506
84202
103293
109352
105412
86191
101141
97804
94896
84139
97445
97662
118435
110797
84748
103523
106976
99300
96963
72339
95621
103473
92809
76832
105045
74272
120063
94741
87289
87034
130525
131508
96905
88845
94856
89889
106926
97464
90943
81820
113403
110480
99894
109589
92092
109145
113257
111039
97706
80667
99857
118489
126396
95247
104134
87174
108295
112755
71321
101448
109437
94660
101123
103996
99031
101145
78478
111395
78512
72629
104084
96101
208734
107739
114945
109041
171042
81994
88833
112490
81131
153325
146669
90821
85431
98711
89512
80324
84769
84701
85541
107579
96464
93658
97033
92975
105960
80167
101248
116101
101335
137044
105995
108771
129721
106429
91829
155047
77627
92161
125188
93916
108792
83592
96278
87583
109892
77262
103099
93045
189034
118901
89108
87516
79979
117446
83835
116223
100531
125239
72907
93192
101622
94977
82183
103603
99754
110988
92171
134969
132564
90496
101810
121881
94370
117164
97448
117604
107489
134844
136773
85339
80068
90110
81039
89178
72311
104603
120349
164416
215223
91458
484677
125921
149488
86217
109558
142275
103309
84166
220217
108677
206871
85733
135122
129705
89206
117482
115044
71244
109013
122564
98223
106238
106126
98365
110660
78082
85766
89107
97588
116228
84689
166458
97691
81802
80996
102377
102435
104087
124019
101522
99609
92730
95574
96156
103341
105078
80305
95551
102403
110485
93259
112049
93125
93975
104597
91757
112368
120880
78529
96439
93294
104879
96654
89896
122206
192804
105587
92491
74188
81677
103898
340753
129127
98209
107640
113011
109849
108971
123709
95208
138647
111766
88023
97904
100530
71259
92647
93445
112318
82167
131464
247276
78587
123444
98932
124629
81492
117607
81919
93339
116652
95391
118111
91719
109899
84991
106762
109166
87758
123069
96017
94323
99095
105001
120255
117832
110186
144141
610606
756390
133420
294510
148160
95789
84528
130302
88170
78681
98704
97259
113249
128884
92508
97101
111478
78157
83676
82038
91263
102003
99239
80928
93779
103222
129070
96443
111798
115716
75987
112774
99103
117585
92830
109546
99023
104377
89990
100843
91751
107155
125232
117108
127661
149786
112613
91615
128548
89823
98610
120364
90807
321212
124585
91076
96427
98260
92604
86492
95920
78416
111283
88631
64048
84767
96459
110988
120958
111892
101321
113437
96491
96492
85280
104571
107041
128881
97611
102517
329728
125617
107566
84640
92790
90633
114885
92730
113832
117718
103536
92672
101211
111886
99514
97778
134936
162380
123545
124920
172396
95214
104142
129639
141288
93676
87331
106194
139479
104750
92616
87720
117321
99812
98818
77257
103741
129615
103375
93219
142113
97771
123413
121175
114508
99725
94369
96220
103581
107126
101412
98092
111421
101240
98837
118559
62906
114794
102741
98298
86070
117198
91149
96507
122418
96070
134363
123229
137959
146986
126084
130131
117107
100871
88221
155533
117281
88751
106876
87523
89779
278861
137955
96260
118600
133262
99010
110120
83548
101736
103531
98693
120349
127214
97692
162342
121980
155521
111889
112550
90238
102891
134118
112478
98653
104708
133901
115081
102470
124247
84141
76252
79190
122729
83848
128107
114641
88575
89843
132813
94363
99540
88887
98270
98357
91803
106066
86653
114515
103205
127020
130019
94205
121200
97447
152692
96054
117353
106098
91245
108333
107766
87063
132308
93873
80213
107778
145779
109670
130326
116920
134436
92438
113574
136025
85077
82061
97619
80518
72532
92292
139318
99228
98130
83740
75836
72527
85939
108356
100075
143222
99248
99818
121664
83496
94355
95403
79156
93090
118274
137677
133442
100656
135531
115708
114147
70984
107476
99538
116578
132565
119601
143274
95942
166024
115952
94172
77149
99906
74274
84960
90815
95195
98005
114676
82208
100212
72962
106905
111333
143664
142927
74635
146351
195517
88251
104125
105615
103225
80166
89996
113173
73010
161339
121759
115654
105095
76857
109304
111232
70038
86203
134510
94041
92224
104056
135999
119679
91211
77127
73843
74590
106824
102525
138711
92574
101923
110020
126138
115327
163706
77110
89103
110811
85244
119761
104763
118131
96305
169475
146953
101467
102017
117514
115169
105537
96706
103904
86711
103842
88060
112045
104402
106025
122717
128347
107353
116459
109724
78400
133794
96795
100313
123992
97938
98249
114805
90214
106403
98869
155158
250148
121259
118837
119302
96758
106569
146075
112727
90828
121281
121398
95715
79909
75528
95715
111250
105748
94530
116370
90253
116545
92790
95646
80446
108785
101752
108655
102951
81502
90468
136299
90784
112692
102453
113862
109851
101550
109593
72378
82851
104861
151432
174489
131008
100625
93337
76691
93489
92722
100585
112083
113451
94696
125229
111339
103443
100875
77483
108585
112257
595831
98957
107661
109881
115227
112452
116036
104897
108595
121534
136156
104887
94555
258612
115138
115040
129873
89746
100830
74450
129734
140255
110054
105250
96182
106188
109521
95000
124091
138458
133496
168978
254563
159763
95210
86538
95568
163218
83724
77633
113310
260081
114519
146089
95670
83976
128382
70299
108238
106060
78495
101612
127607
119451
97718
112148
169064
139210
199519
114648
87117
116788
104656
87459
113900
89795
431334
165818
148132
111266
104196
98695
244226
115121
112042
99112
138988
97763
144113
284592
134404
94026
105224
126269
95554
95798
91574
91689
99062
144568
82479
96978
126207
91561
101555
84332
125561
106205
109137
92705
104040
126893
475465
132480
99873
229552
98749
107914
90320
89300
93752
133962
82322
80031
210589
92735
306401
248080
109840
140439
94576
82257
202040
213899
220009
92092
97245
110231
139594
172920
148499
92282
451453
143780
383855
215623
347019
308622
245507
112810
443190
109981
100963
367745
99831
110148
94900
99205
97591
94063
105026
94311
97169
114003
1596243
157227
97081
83518
97000
103925
115575
108274
125058
109788
92070
93787
93750
94256
109098
189807
234748
697533
315797
212705
241651
475973
97867
74077
108689
515249
84913
118429
231793
93987
211717
401794
105146
529838
81019
181249
88326
132683
390207
115499
136401
119049
216837
91621
169644
233448
299366
87736
102069
112214
96959
103278
110133
2890144
564745
122779
132615
86936
8780863
149270
292762
252207
320928
119425
199468
257851
192836
6297997
98839
112827
196904
1229146
174449
232310
219293
201438
181545
110345
103531
302907
1582927
313175
115729
167619
166875
653767
955687
80296
836250
195342
437890
1984001
263358
1928814
285517
144006
156736
1258186
174992
103392
91381
500292
561590
106880
153521
195647
193127
182666
645587
90677
91571
258497
88689
1082226
306958
96129
92893
309250
113617
212830
168118
311759
79380
427036
319722
70022
104277
744172
241587
531044
156819
113661
107488
105531
146384
106736
138264
135635
208447
369253
297906
258113
254071
1060287
166210
159423
231313
400471
158079
112395
176357
150731
165589
120291
65503
119639
203163
297787
152002
627153
104389
161507
782917
116305
239090
228523
74402
456532
608589
132980
94525
260960
304766
73351
2410934
97078
220249
79243
76162
377745
127559
201390
281580
151282
84335
96994
551058
453243
150878
190751
301210
290651
230712
183188
176307
137532
75090
402641
112152
148290
174026
325073
83042
238308
73809
118522
339506
229092
178393
289160
109318
835032
162808
118326
75276
181010
136039
117347
136185
581910
276185
82923
339713
131943
133026
90670
73200
3714480
72920
244302
726985
192766
168285
301822
173029
71409
163786
214653
123634
203529
5739380
348004
148965
78789
111672
201534
106802
194693
83374
148803
72120
96034
90002
152261
78312
482228
334011
149314
62474
109287
383088
693037
84718
184866
209789
261105
71249
171946
441001
227911
463323
745688
174644
79789
150905
248063
135932
199619
280113
105790
168258
110884
394265
189242
210668
68081
252391
284496
270490
252438
91466
75072
96337
67009
1303730
907227
518885
153003
177608
108010
445569
121625
388611
211203
501738
181354
509923
449214
279465
143991
375845
189103
124983
72604
188565
112615
132805
177210
265389
98784
239145
205667
187495
135135
124645
126273
819218
202457
211559
485682
380044
210100
172847
433211
132166
137788
89961
208846
2375485
220942
112192
215994
130909
267761
243951
404884
323968
208626
108250
269842
191342
259776
138568
372372
75251
79922
147696
164357
91450
97424
219560
606375
228554
114930
170918
124828
161301
165100
79110
355304
57983
154819
156454
162487
63993
83201
289651
68426
94884
252395
205724
352214
362937
138766
196706
71369
760742
277045
254021
89067
91640
80623
179940
80758
185140
173397
169633
205633
139883
418858
647436
246743
162292
150493
254102
153686
195058
151541
69225
92629
620305
59387
71109
172037
108246
86870
72937
92073
93884
242425
130529
2750906
523740
202247
246007
127074
96518
166780
82513
266125
310966
83217
119019
342839
76730
106771
68229
213065
133192
232543
98971
586555
100174
61232
113161
93756
849143
165794
499061
467727
92143
498486
182853
272111
448431
201877
550281
83398
117133
90514
1344227
210252
4229165
219344
318124
222859
307428
684667
287821
233575
325829
161933
104672
161681
65458
189723
198661
85488
75535
276968
261930
202531
226073
102470
279435
69297
83039
468179
353137
158172
280094
112727
353942
70013
117571
69585
181989
279907
218581
814368
157646
385620
178209
270290
108109
270774
86565
122906
145290
174467
85812
3059842
159420
63207
76702
285021
127646
80576
122606
223416
144688
183883
84506
130872
84130
90872
609730
115438
425741
106950
500951
169535
88991
149313
87219
84950
200643
243548
115123
408128
118687
209494
251457
329522
72289
100874
90481
207299
171717
6096542
187330
186287
210005
76971
163777
250463
572737
178251
311112
102891
83365
535258
2204806
80740
66604
616756
231416
112980
892628
204791
156458
74905
86755
135066
130791
113941
477926
167932
633318
73303
112356
1014163
114702
58462
246115
454157
201609
146440
232506
168517
153471
89694
308090
132211
159596
522671
136134
613631
70848
186435
351405
86440
84840
220374
104571
184693
96477
210314
173436
304353
350032
218254
156104
69564
260074
300739
152856
86215
104667
190645
105122
66723
83117
97294
176158
157395
92755
483857
115514
110227
188926
192373
83162
70800
193608
83465
76339
150986
72911
209385
212627
157389
92597
225096
84812
228049
249370
158889
91497
91624
97647
122704
166717
134376
68186
178268
264442
194403
88766
64096
67765
155727
221233
71747
177160
578566
61866
149671
66418
178959
218284
127473
390108
80013
373292
169697
219158
319187
153444
237853
224438
237547
203345
266038
641985
151566
434850
492724
333409
257496
84968
148668
137476
955974
170678
271374
2324131
917165
134938
215730
240695
196107
349366
70439
182348
342098
109949
182629
81952
297950
84948
457614
139763
248697
74469
191182
137937
925514
311080
687460
399566
453829
222327
105830
83189
83663
68853
243524
88360
100474
127270
211266
211393
219454
188332
315531
4294972
97854
149646
245234
148718
81740
213752
173888
168377
420359
77056
503237
202329
433965
67169
6845520
307452
142746
128752
1247754
280871
314841
133560
234128
80990
474111
84943
961121
117071
216920
762952
85288
118935
279357
127245
217683
256000
512970
8460945
491759
142823
687910
251012
427479
511766
365625
510971
142740
165050
323909
272808
1134108
78835
147523
122100
3215565
135680
378211
235588
163084
151906
395567
447320
127400
82558
181806
81915
144929
226451
168751
73275
830344
165692
155275
85641
201740
668621
287242
163299
407837
225013
427165
156117
268246
85614
119983
162773
634734
225129
84791
125846
86855
142425
280316
206395
1201297
217086
150982
365215
119642
90140
73111
148657
138012
163805
84441
75750
247942
90987
506641
142571
306417
296756
105504
72700
305589
174536
88917
88721
116798
100533
215633
185849
522458
149653
1876192
9246001
324646
144934
84313
113888
357928
268028
70052
132007
253654
331744
152202
207654
210477
284962
781355
78311
230482
231579
368060
417237
146674
245510
324185
89200
166335
199909
206829
96096
149574
1015641
1383159
86981
141551
821178
1569073
82218
190184
386526
306464
590777
132447
113087
213880
294005
235705
93560
132529
539389
506461
307652
260411
66149
114842
314652
403219
106586
116557
73148
464677
188039
586212
202259
254191
183567
157493
293967
172464
203363
116473
145445
90266
92316
84698
78799
222617
105822
240575
173080
9013064
238800
515660
78227
89402
219379
325031
355371
74783
106388
229913
89249
88415
98652
73896
185154
368637
119990
315273
74543
445139
522561
269082
136735
347204
193242
194445
104252
872950
342806
167004
233983
69498
83482
539428
71813
331497
80835
206939
193465
129582
88574
66522
124698
114462
89486
85556
163710
158968
347406
143764
84743
113049
324229
122731
333399
74670
79769
100127
134714
229593
239329
261534
189508
676762
77501
331643
282771
144565
131754
567547
304940
53458
185195
167764
222134
124673
587673
88368
151022
111540
130472
83546
58073
75203
1260319
242208
281391
109602
94855
81553
134108
163646
114676
283392
149718
347879
72609
103722
142770
356343
73179
127454
268484
142883
102276
104671
86110
153396
154658
89750
384784
81475
148214
207403
184246
435490
122387
85343
103662
155892
152649
98607
299312
83287
74763
533273
93784
95100
76208
1191454
443298
173741
145605
162014
224244
203992
102865
86474
95369
97787
169021
106241
241495
76794
413958
212333
174000
140815
186316
118323
167803
144087
262897
225538
729961
504867
244938
407190
81366
133388
118235
73585
104624
123764
564674
422894
785078
129959
90552
201005
106503
478995
279099
208981
252742
625267
640464
209472
203412
866038
77609
212119
85360
342043
82876
1417778
138280
125642
225322
155866
91711
1417156
97602
86911
155644
210724
198041
369725
287135
99835
145338
137941
84755
294334
118604
76564
129804
91534
216487
163772
116762
101277
102289
219897
173483
77307
103671
434580
177779
102724
1307968
238519
72331
161975
96724
144320
283529
115858
200845
83310
84632
240194
78066
81673
75871
345166
103624
247260
71207
152132
189168
171210
86023
203260
154795
403347
80113
89563
848346
99082
184910
122713
135485
119795
134160
1397667
98713
88026
181929
120506
122453
992420
177040
96984
468739
101668
396573
213562
246719
99250
91166
95262
220571
89790
85655
131543
96038
197395
103515
167569
105417
96343
84716
98992
92207
732709
144467
142041
67892
194941
247764
88394
105947
250167
338813
85123
106623
187222
85181
77228
95912
88805
114834
103751
96818
93416
104286
86403
101428
104823
95707
87084
107085
111979
97450
196608
150806
97670
168950
105026
95617
249444
238359
192621
113865
157129
112117
90604
224786
140667
175396
404486
83370
115492
200507
126688
101120
107680
113337
123386
138570
92886
83495
76808
99179
101806
221600
93159
70255
293690
124934
109524
110667
109276
88215
123277
489842
80613
145012
81078
92976
106208
115705
180232
121885
166994
74477
131224
104750
83764
104403
238384
145251
130053
140849
102886
138440
108722
82520
94313
152807
84885
97014
118655
87661
88148
106580
130317
106403
119648
163092
1255667
157571
161305
211679
119205
248672
152332
210982
496284
96580
78804
133708
206930
130865
245272
180907
95807
199309
98270
143564
1064263
124445
89886
234903
83881
581465
103610
174083
100242
76652
78687
89041
78127
152764
283748
87768
105946
92877
189272
137543
111855
105594
139768
209850
105146
465015
198377
96700
282152
91325
138027
88924
140516
240431
285342
108803
117478
97167
116199
189018
125376
110409
89263
131337
176028
411333
95311
357049
398900
86513
120502
345979
95696
148542
104891
120161
261540
128882
166676
163309
116176
285225
93472
119105
1104276
172483
89170
222502
222794
94574
116255
368781
386375
149569
75048
259377
205475
315927
103101
108532
163573
103190
207336
136019
118811
212358
104740
203560
100548
784073
75065
98149
1575126
98982
137173
110847
1860311
86477
100905
227399
783786
390189
233953
154142
104605
212425
85851
335799
132742
244547
200636
112856
94108
239365
84288
105988
147839
106033
115111
97665
147892
220363
196008
129322
79393
90308
90757
135445
75717
169373
132617
95813
88669
319010
146751
98697
74849
110692
97445
339943
99506
100884
192488
131614
88998
108598
147147
211127
119221
104656
104836
103608
111764
168623
102375
128182
107605
92375
193941
105198
313269
116611
235889
101683
109838
92093
121991
139181
168152
114756
123406
98146
94096
80585
106841
117209
90122
218774
94920
79968
267406
121235
91007
117087
141794
1037662
101413
101539
104416
106563
75285
110901
92422
87200
106880
102291
123819
94638
118874
78547
85474
103916
80277
101690
81397
95856
122779
117306
172488
94906
92854
76452
131942
174407
288606
110573
109210
299095
123257
104839
94945
121220
80175
154107
132170
81720
263216
364688
197602
129278
353596
119321
102616
113413
107763
77414
101291
125544
144404
112605
83799
103003
112423
107852
235889
171172
227730
127854
112421
105922
703513
76904
73657
156765
140944
104693
185637
128484
109598
111507
1841918
136969
118178
97828
257880
1141578
225968
116615
107451
109363
118822
118888
75826
99732
100213
109707
95737
92870
454279
911626
94826
97682
92214
123196
91482
512035
75934
174637
151920
194017
338425
224038
271297
144050
86089
204016
82574
213086
111313
122139
104138
88026
145495
97135
124103
131388
236233
229481
131491
784285
70485
111343
116002
91868
97225
106316
358809
307769
87901
153149
81294
140627
103284
123979
87488
89465
139754
78245
138940
594518
84952
94313
110981
185216
124060
78198
122281
105286
87024
101110
179205
196968
342489
76329
157048
123637
158667
87264
114060
98288
92854
89304
95359
97226
81033
175028
224122
155916
97314
112518
156523
91499
135048
143371
160046
126866
107189
89285
98314
252667
145000
219399
109192
439420
160562
176716
85327
104775
100403
89660
228507
229052
110322
110397
269064
107752
3354951
89813
205091
214801
107226
131319
245269
179012
295015
159471
75475
234900
90175
103340
95196
76169
409902
258174
107405
190979
411353
83988
93753
464295
98333
85509
116710
91574
494431
100914
72550
97939
113053
113947
79747
101881
97940
136628
747879
131934
86008
94528
82667
92914
102908
123052
97240
184579
134514
92777
106187
102090
91980
99344
87726
111354
109794
91020
148287
77107
96970
107625
88706
122785
102166
84644
84803
146972
76628
86940
118482
107816
93803
88921
317337
124632
123472
123156
136447
313025
114331
108340
125603
152932
81229
194012
104591
99189
110239
169948
194904
161747
107794
85122
163866
100227
84769
124748
111828
165663
92942
108441
157418
104669
83810
146790
91819
102001
123062
81104
90350
86804
91622
139737
82855
103758
109272
130112
232649
136364
112168
94938
125806
161046
73720
79262
92667
118010
82084
136053
401746
102088
115432
101897
351257
190859
77740
127444
113671
108475
119946
99805
100090
118732
100950
97066
101060
98171
121498
227213
85060
96279
113455
84204
96764
91513
114262
119426
229253
102793
75623
114802
128131
112381
98612
96935
124526
127877
90896
89023
90511
94896
110340
150416
87984
125422
110189
81355
98778
114725
96990
81405
101234
73084
86001
125545
119385
91205
92657
71632
69033
103470
74456
175818
91826
103758
153925
87541
447005
91038
62547
230214
266318
81431
113165
132833
144361
110555
91069
129130
89848
96608
72564
103187
92908
125798
95101
74499
118513
93757
73642
91850
71679
103494
294147
108847
95037
74369
119444
91394
91554
110751
132060
98654
360521
226118
72226
78098
93517
99416
82973
98623
649597
114460
131473
308798
78073
96703
175378
97058
171808
95444
79534
77148
195430
74880
82058
195632
71214
255772
124199
78270
98908
118102
69625
96968
96936
108730
102083
86934
92054
189680
96835
318616
82412
95942
106357
112363
100244
78461
526343
310145
120795
76595
207117
93567
98014
111318
87985
158150
96295
123536
77543
104089
348180
90654
127822
86291
107927
131473
219132
88001
91722
125727
109499
215452
78499
92099
113826
135941
76107
202097
256010
147980
69726
88004
108426
119022
122557
101840
107400
111821
212004
123408
212122
104410
88449
113160
98762
121843
101418
70892
73965
113816
86399
141844
108946
105677
71348
149855
105817
99677
100302
432459
62131
95275
88232
85782
98331
130716
99032
123806
313409
103064
109361
125016
97969
109065
115191
122943
97416
104641
133226
112296
158335
96963
110376
97459
165682
115927
105903
130786
242425
103852
98811
110658
153399
83050
84056
99763
115081
115084
78671
102818
156423
299964
91623
81349
85724
100548
97215
308047
110501
81274
140458
76418
189601
74890
145862
92656
110836
144120
122465
187997
341730
131249
113825
98936
177055
88461
99732
129973
258936
111615
1180033
83029
172521
101735
91719
94792
167338
87973
91161
121293
84959
113753
83033
172741
116916
103841
108767
142655
136494
92619
253973
816619
135778
144874
103792
510995
226495
96033
133036
78770
71204
92979
98435
87279
93332
113256
89940
143180
92535
707649
1322313
444240
95007
103037
90858
69157
86411
89971
137431
81075
98149
732630
121415
439718
85212
82697
93705
140048
84419
105563
112750
102458
176252
96097
241732
98328
100084
115052
1118820
107730
184112
98962
110775
109936
125543
132431
214393
92579
223549
92047
495948
346701
143842
104145
97430
114835
198767
641959
125956
190114
132117
350756
93478
133652
97213
206397
100422
65988
86574
120572
86898
101627
95282
158965
181788
101930
181079
102592
97564
109017
166979
107971
96998
161414
132900
134859
484185
106284
315406
70271
247777
124575
169309
141317
228683
112620
135736
100678
91724
71127
88566
100847
93327
274296
128044
146725
64049
228927
99115
229637
140976
73505
1096337
235115
1593156
205143
252238
107419
92089
99603
105560
391459
173576
107973
672591
89629
975299
325277
220788
74150
81617
123963
296998
88250
396452
100294
200462
87295
82573
116532
110512
189765
69862
98264
97224
98296
97743
72193
95274
94291
103891
95981
751636
463683
241870
116144
71180
111212
734822
532983
143457
97661
94546
95102
180257
128972
183730
124268
139368
106758
194969
117078
85326
115880
104639
152153
103648
91456
100430
101659
91191
314965
101922
114273
87732
112824
96953
130182
99575
90357
203790
89499
149076
152565
131907
200482
211975
109008
227545
410886
85700
99493
93504
118349
213073
124336
1838675
586549
245722
227608
655878
184557
213150
113089
173107
201210
500348
293378
239269
352267
86187
161416
204281
285364
316326
220731
102891
110341
118990
106914
95622
199551
173380
199569
110198
255724
101291
643077
128259
180645
179720
136928
133969
82705
253453
74296
314084
135980
112878
106039
119973
98318
241639
132600
127111
175093
169849
186716
123642
89391
78525
106722
192376
347147
133796
742404
143280
264076
173917
114712
91051
183955
507269
232749
330693
87579
94976
207170
1036969
415156
1077300
96886
756205
759112
236443
185392
193700
106405
84242
133164
120048
96540
160126
223104
492573
189149
71949
253950
223914
361187
458271
169224
185601
81574
87393
237918
114984
240884
151340
99800
167494
212033
509938
117280
86012
105170
203705
87488
89351
286783
92421
80096
154540
219480
97064
379138
134850
184250
895512
242566
80948
423436
106451
225916
113563
87240
160141
164902
127593
93231
153843
105995
81331
604017
193116
852253
204169
132927
98283
93624
157299
195309
86587
97624
78277
113822
167433
164787
238435
1678015
107492
82939
271212
122870
98964
315956
84244
365713
89489
452514
121604
80348
829572
1546916
200962
865719
207340
86944
69544
490852
103955
280257
273984
202100
89791
94836
114598
98944
97487
688341
103846
203524
648443
84400
109391
106818
99695
105110
416995
133130
134666
94766
99738
73219
95093
305239
108249
104240
241540
96486
92041
100285
248828
104723
115227
101374
125466
302930
95846
72196
227021
146103
291742
72011
176356
104924
119157
110535
98252
137449
84513
99313
103058
110339
101584
84543
93779
115642
85562
144309
81159
68323
106463
99462
103943
94221
159931
78691
91698
73750
98916
81002
76788
120629
105707
72735
85773
126687
74817
85322
101858
92894
94030
90985
96702
82057
74194
109676
99126
116694
81936
87207
88634
91966
92270
87001
99170
103171
131486
77935
89368
83770
78306
188180
98643
82906
139258
190972
77110
79634
87870
74178
95198
127599
73156
86590
181256
111774
102873
89702
80517
126275
100756
86677
102461
94238
128288
112012
76912
87612
66102
83446
73264
81873
183687
101454
89851
104159
114286
89465
260321
74123
70781
96717
98165
73196
90871
115528
89790
89504
112852
73975
80619
95301
99665
84184
69087
79346
94266
84378
70856
98470
113225
122478
95817
84827
85939
95551
95333
96902
66751
81830
68132
88752
106828
94630
129151
1002513
112418
117244
117382
64919
116473
83057
91548
88151
72890
70294
74278
74151
79936
99565
89891
90417
95848
74782
95278
99429
94416
73960
99476
116054
101418
90193
101722
72634
69644
136586
118535
177224
103361
137666
94651
74408
80171
77319
75422
94968
99305
95532
73109
63501
86694
97839
103379
79739
132879
78805
93352
92208
88019
118386
94280
82418
106732
128525
99226
116136
72148
91619
98061
103470
79460
80215
112089
81812
90044
116868
81906
101798
98616
81876
97546
84013
97565
114440
91694
129253
109647
101569
124167
66897
116102
91398
103874
70276
96667
103626
109449
104275
94461
95890
92351
97706
202176
110239
102163
89952
98516
102228
105265
93385
86484
78499
119367
115439
119490
109188
83272
144083
85080
97500
103071
117303
118194
95022
103661
93403
162741
147266
79434
236436
86561
91138
93156
92698
123333
72205
107780
110768
89849
97106
104079
123295
101557
105777
90688
90300
98564
124610
101438
91648
86839
119723
118449
102915
96927
65106
93716
86815
139765
88141
111639
73197
98309
99185
87982
108625
105755
94601
73245
90386
118493
100556
96722
76430
94621
86167
83898
97598
90056
96860
173659
193452
808552
83255
101411
106511
103078
105513
101487
199855
175318
97622
99223
95746
93066
79662
89377
111365
96050
95539
109345
108698
129358
106848
98817
244573
105793
86126
107989
92461
79576
1063450
120355
98626
102571
95074
149194
90888
104010
390489
95148
72964
210110
96308
134663
105998
103097
100855
131767
106699
77169
91422
110190
124051
93346
89202
83654
114474
85206
96293
100373
101241
89308
94669
101239
409005
100304
92309
162796
69223
134757
82486
283402
155251
86138
90942
215423
165169
218646
119190
263913
93012
91183
74061
153417
65025
117071
212053
123366
103138
70643
291125
113023
82686
119718
89918
3096880
100513
143881
84320
85272
266844
91957
69346
162086
225951
239202
143047
191133
284837
79290
298580
192565
109668
173674
271324
425338
92491
279377
123904
88965
96486
78043
93944
115157
268507
98899
134392
118569
71190
266895
147117
110322
90880
157747
259121
99681
167117
68577
84457
245987
880816
119885
103651
3136422
250190
93311
53387
86471
87217
177665
332277
91560
82789
107669
140681
189399
211294
369660
94788
277868
187485
122517
198616
114024
107316
128910
97677
101033
87973
129916
75873
242792
94864
377252
113974
225692
224863
112646
244614
73065
137362
249992
96237
181042
214521
85800
81011
73333
72013
150539
319349
2679043
161380
74698
310470
123066
75280
337974
155747
90418
102652
178402
303195
211533
136033
305859
80908
77188
207872
100377
110039
199293
152194
235783
82985
228215
140472
95350
77920
260597
93224
482690
133070
85108
108115
111643
179148
86414
68128
70913
175296
153027
320935
137177
461511
112178
77560
501733
236578
87562
273446
80319
103506
94330
231685
128802
139310
258982
84698
87265
110899
150091
113818
88118
204291
252739
237503
163157
93933
79366
141053
606190
78781
106401
91996
116567
83369
165008
232254
94635
104287
137003
84563
84328
99691
508048
101803
105887
106119
87993
179429
79967
73486
98423
140503
239874
82309
103573
108400
85071
88439
98939
87549
161300
80332
80212
75479
93582
77767
1010117
97008
287648
97658
97297
98868
148515
96422
165058
201752
94978
113083
267465
163679
115835
232389
75376
81127
91383
99931
78640
85096
81963
93914
65009
74274
74485
78873
91225
94215
73442
88065
164070
101307
100593
78476
80231
74541
91634
65835
65086
108204
105233
79912
84627
172488
102937
120011
129953
90468
92502
106517
121901
105795
77187
113190
94190
80728
99342
92442
132345
106060
125343
77203
70498
87856
108252
73129
79273
78553
116944
94072
84892
76649
139382
112175
103085
87888
69643
98116
479226
74051
182047
73713
80502
110087
69947
68159
85430
98761
109399
99836
114129
82141
86418
104176
119724
84518
91231
86194
77375
102232
96181
72302
78528
85522
95270
85174
121877
93121
114925
108784
81834
93669
93514
123987
69583
72311
77056
82748
90491
95240
86391
71982
66036
102860
85360
87927
101388
95061
69193
75125
94040
90730
69065
107947
94902
74672
80340
80921
78354
90941
86341
76671
76602
81297
94327
102632
84409
72579
71090
83958
119458
122035
73141
81255
84652
78573
70143
77820
115315
96248
94203
58960
92454
103730
72026
90472
147250
88372
82346
90094
99602
99872
131607
69380
114729
222661
76133
73941
95124
172734
101846
84026
90523
84303
116852
83193
