1365
1472
1420
1051
2598
959
1162
1197
6187
6605
1488
3852
5441
1263
4991
3302
1136
1443
5440
4681
3053
581
1232
3476
995
1569
5570
925
5594
1007
960
3963
1444
1256
978
1193
617
1094
7049
1157
1322
1606
1371
956
582
2653
1532
1489
1054
4641
3273
743
1246
1173
1325
1390
4303
4014
1114
973
3773
852
951
1395
588
773
924
1408
1039
2142
3267
3271
3003
616
931
2146
3222
760
911
4033
1609
3619
4328
809
1884
2572
4406
1021
795
3197
3700
1879
3210
1117
3747
909
4548
1274
2332
1101
1695
765
881
860
935
6754
6737
1115
4150
1346
1217
4920
1251
1340
917
622
1432
937
968
1536
927
1149
4981
1195
1055
1439
5254
1215
3618
3610
1162
4725
582
1247
4001
909
4731
991
1062
1718
1294
3190
1106
748
4808
1408
3162
1333
1116
4256
1154
1071
3511
944
1075
1001
930
4813
4663
3686
5821
1044
5896
2338
891
1256
5797
1708
1253
880
747
3289
1021
4218
7407
1912
6564
3505
2995
1054
2155
5676
1027
3358
1490
1083
1309
4912
4546
6023
2552
2453
1003
976
2831
4196
930
708
1266
1279
3754
4208
948
70721
1461
2660
1269
4331
963
4756
849
2500
716
4852
4272
3451
803
2186
594
7430
3339
1117
945
1029
3303
719
1085
1175
1712
1542
5259
7352
835
1383
3858
2518
2838
1009
846
1255
1342
893
707
3087
953
984
3526
2445
2990
2109
1157
1139
3094
1169
2193
4840
564
4034
1040
5094
1191
1126
964
1286
923
2615
1160
1655
943
3459
1475
8540
1158
7048
2351
1391
4420
1157
1417
3388
693
999
4167
6187
914
1172
4015
945574
2146
3232
745
1152
1125
688
985
1110
5989
2122
1077
1510
3397
1852
2707
1100
1418
800
23781
1031
3270
1246
1102
1107
998
1049
4175
937
1340
1148
1959
4719
2941
3057
3381
1335
944
8825
1153
1550
1066
6252
1347
1385
964
1176
4313
1424
3330
1456
1162
612
2634
5915
716
929
1127
5238
5141
965
1287
5034
1977
1142
815
1247
2006
571
1490
4625
1343
1045
931
1237
1702
1389
1308
1387
13140
1187
2500
1698
4056
1294
5223
3653
5369
1492
8202
1177
822
2035
4710
726
5259
875
1317
2776
857
818
2549
1500
4696
751
1048
5403
2031
3618
1145
961
3977
2552
1060
1431
1139
1083
5279
3167
996
800
3064
3349
1094
3425
3010
1088
1218
3938
3148
1158
899
4618
686
3649
3090
1325
4696
1145
2405
2597
683
1328
3512
2862
863
764
1364
913
3150
1188
1114
12132
3091
1547
6032
2868
1016
1080
3347
1128
1289
722
4455
1059
1935
2043
1392
1050
1461
4589
734
532
1065
1040
4468
811
1078
1192
975
4627
1462
655
5283
2883
3230
2702
2742
2909109
2343
3227
3920
4629
1270
3102
913
1949
5729
3483
10085920
11425
4465974
2890468
1157
1011
619
970
2671
4518
615
5061
3327
4006
6435
1092
1041
3369
2755
1196
5759
1388
3335908
2352
1318
575
1135
596
3605
5058
5345
42519784
928
3902
944
3919
1333
18550
4114
4067
1052
3028
15169
3594
955
1017
6384
960
2911
4975
5180
3383
3145
15251
3772
3620
3945
5642
3141
3243
4123
18665
39185831
21697
1101
13334
6631
3069
6794
17344
2646
14020
1095
41870649
4400
4759
668
6007
16287
2825
945
4986
4681
3782
488
6044
2570
39402703
38742179
4501
4351
2755
2385
4938
1221
1133
4408
538
677
3901
4358
4330
2839
15289
4117
802
2072
5451
4096
2892
1164
2451
3571
1012
2953
1145
2602
3171
595
997
2872
1134
4431
4789
830
1784
1054
2222
2614
3111
562
4559
1654
4996
3511
1439
3079
878
1021
5583
899
2382
4521
2010
1737
3141
2965
1937
3576
6457
1117
2909
3863
4558
2644
3257
3704
1866
1922
3512
2450
1371
1169
3198
1055
1076
2783
1241
6317
1848
4560
2738
3486
4966
939
1140
6551
1172
2232
4894
5061
2587
3149
5057
17628
3291
4253
1209
1002
4561
2021
5338
1439
2091
1054
1953
1846
2290
1022
632
1121
21323
1712
2223
1149
1811
2224
4493
1431
593
2103
1122
1334
1023
2062
832
2142
2556
585
2126
2509
737
2495
2387
621
1942
5638
2562
3957
3958
4037
2740
3668
5550
3368
1391
7992
5689
3323
3504
1060
2727391
3372
2928
5022
3283
4128
3556619
4218
6051
4134
913
4050
717
43743186
4703
3080550
2111424
3318
6555
4454
2652
5558
8664
2913701
748
2894
3052
2282
1594
5433
11537
1831
5201
2807
4476
4158
1262
42255297
4809
630
5645
3111
6440
1774965
1978931
2597801
5228
7049
2468
4887
6044
5121
5398
5760
4317
4429
18739
5776
21311
4708
5754
4835
41606664
21454
5231
5168
3593
6637
44411953
12965
4327
2649408
4282
3511
988
3588
4311
4060
5489
3090
1659
4000
42550196
5850
1700185
6816
7401
2894353
5334
3310
845
4751
4608
1552
3741
3060
2812
19922
4257
2809
2870
1416
2931
3904
4744
5017
3959
2807
16878
5892
2524
2013
5042
2112
20361
3008
2112
3302
4771
5113
4672
45964646
1984595
1045
963
1166
3982
5471
1131
3921
4044
1126
2714446
3080693
2822
2807
2383
5301
2846
7023
6119
4711
5350
4675
3744
3685
4381
3632
3554
5055
586
3048577
1073
7707
5415
3628
19841
4640
1941
4038
4119
2151919
2840
4116
6188
6500
5635
9651
4791
6374
65613725
5267
18715
1076
1491
8869
4945
3569
21013
1928
6211
2559293
5904
1156
6381
2578
3180
2801
1731123
4399
4308
4393
4054
1095
31503
3972
809
3588
6920
542
2877
5399
907
2969
5200
2782
3326
23562
3061
1989093
1185
3356
3394
4366534
3709
3969
6083
2603
4472
644
3853
3706
2984
1306
1729
3098
2839
946
1220
3541
3416
2807
4537
671
4314
2022
2332
3866
2146
2228
2650
2299
1783
824
2226
3116
2527
3150
1481
917
2235
3027
4037
3230
983
2558
1762
2772
1716
2938
2680
1001
3015
1346
2387
845
1101
2228
2306
604
4287
2672
1088
1118
2380
1182
3102
1924
594
3233
5288
2662
3222
1140
997
3307
1740
2326
2649
808
3052
951
1124
2665
887
4012
1754
2065
2476
4149
559
2215
3037
2841
3187
2082
2196
2667
2443
5501
4985
1614
1199
614
3341
2489
959
2559
2667
2281
2813
808
2461
3319
2926
2408
942
3484
3037
2275
4385
783
2244
517
2932
2816
2538
1878
2088
3259
4229
886
1071
810
816
3427
2461
3761
1284
848
2147
2661
535
3028
969
2370
3569
967
4121
3230
1510
2591
1938
1258
2963
1329
2865
3487
3595
5046
1192
2083
2274
3346
1015
3719
2490
996
3512
884
834
20642
3872
1134
1183
2190
2656
18368
2779
2355
3201
589
2758
1151
985
2812
1965
534
2358
4147
2388
2276
3090
2652
2199
1502
1219
2431
5471
1290
1138
2011
1508
2212
2582
1519
4017
603
939
1084
950
891
835
4088
590
2147
874
2264
1380
5979
2237
2968
900
2019
1011
1081
3679
3742
921
2663
1742
3106
2089
1706
951
2982
874
2950
1894
5158
1636
41918658
3597
1039
2499
1791
2513
1786
1210
3555
2606
564
3908
1789
1943
3095
3523
2528
860
942
3275
3959
1883
1065
1995
1713
995
2731
979
2393
2041
1113
7162
6663
2457
2374
968
870
2818
1114
3626
2104
1665
1148
950
2157
2441
1903
1103
1658
1083
705
2111
915
2145
959
2283
2291
2195
2841
2916
1074
1219
908
1864
590
1815
1845
1568
3189
5107
2561
3244
1441
3956
1099
2396
2092
2040
3361
3763
999
3210
855
3934
2423
812
630
3178
4493
5012
5102
1473
2484
4500
1135
3876
2718
4032
872
2369
877
1643
2180
3057
1850
3472
2999
3766
590
665
2637
2569
882
3797
2863
2120
2765
2300
1950
2257
2234
1032
1158
4420
1100
5245
2159
993
881
4606
2231
1212
959
1521
1045
2566
2727
4288
40393
1694
1298
7060
4327
12233
2899
5232
2206
1079
4266
1898
830
2424
627
932
2576
3940
3094
2476
1451
1802
868
2854
1263
1061
2000
2755
1119
4857
3794
950
2689
1995
2112
1842
1652
2024
2032
2583
3481
1305
2916
3006
1053
3725
1044
877
1934
1099
797
19561
2057
2647
2250
4684
952
3449
5381
752
3164129
2428
5074017
5880
4271353
5984
3977917
5785
37862
5813
48902400
4734
3657
660
52255592
5439
4406665
42196136
42097910
4838
1002
3338528
3991
5063
3049653
43375090
4384
1329
4783
4154
674
7855
6891
5693126
8210
2585
4492794
1534
3545
4215
2456
4791
2628
5200642
3765
5993
2374
3829
3488350
841
3397799
6311
4725
46044391
5662
13210
3299731
2988
5270
3065
2890
4095
1866
2500
849
1022
4805287
4793
2700
5058140
1088
5042
5794
4144956
3774
4549
4728
7995
4007
2705670
4562
3570
1352
5024
2933442
3179
4421
3616
832
3589825
7071
3504
4802
578
3977
4276525
1954
2826103
2672
41233421
2656923
38669207
5239
706
5000
4646
5222
4303
5053
5170
5261
3864
45717716
648
4713
4997
4636
5013
41605475
5554
21559
1828
2639
4898
3440351
6086
3454852
5298
2041
3470
6696
38605609
2914
2258603
7183
7759
2794
5078
5230
4869
4893
4014
4372
5210
2503
1427
2177846
3051068
43418395
2486
2150
3900495
6475
3174
3274427
5550
2026
3863
2944297
2154850
6461
2540
4831
5357
872
8352
2491
1039
37905054
41984703
532
4495
4011
3966
2261
2245100
3867
3193
19726
40583977
3416
1796834
5590
4828
4206
2156
4492
3772
2202
4951
4736
2359
4499
1066
15247
1274
4115
6513
5393
4132
14932
5397
1138
3736
5388
3289
2632
5672
1992030
5778
4182
2474
40373720
4557
2790634
2172
2737087
1925408
1924
39593773
4713
44941460
3003222
3599
3551
1935814
1014
4744
4477
40531707
4313
20558
5533
32982
4302
3571118
15800
3297
4281
4192
814
4958
1170
3068
1705
6690
5797
6053
625
5213
18173
999
36838339
5472
5057
4351
1986413
1902700
3750968
4196
5340
46235105
2940
44756663
4427
7142
4293
2651892
4895
4825
6658
1164
4087
5728
6498
7359
2813
2345751
5398
896
6561
4768
5788
4972
4734
22295
3601
2255972
3685
16504
25492
5344
37980784
5970
1926680
2259757
1890845
4714
5394
3900
928
1973545
4123
2254
944
5642
3524
4634
3853
2567
4112
4113
9680
6516
4383
4151
3337
4517
4278
3954
1875
6015
2117562
4857
4599
2726981
1990
2835233
2994
41183563
5633
4896
865
2299402
7673
4202
24738
20975
4460
4488
38076807
4938
17927
1633
18859
3391
4203
4702
4848
37783326
5457
40976431
3155
3035
44422517
7389
40372234
4351
5066
3294
2251465
6003
38855664
3489
4905
49319127
42122874
5421
43192465
3772
6356
3788819
42082570
4367
2607
4496
2897165
2986801
40337364
4161
3062
2076
5529
3052
2066
4292
40369759
4430
16797
2811
3754
37989
16183
3750
13415
4292
4839
21260
20329
812
18747
1278
5495
5623
5655
44594962
4868
5332
5199
4229
1116
3128
6689
5324
2094
5614
2463
2090
876
4707
4899
3723
4796
3146
3683
764
4187
17490
3963
42866147
5686
4248
870
4779
5344
6333
16813
1025
2484149
7766
2219964
987
1099
1391
2978815
1187
6535
2985
3755
4265788
3347351
3191
2335576
4020
3769
1025
2726
2954
2808295
2498963
7036
4285
3958
4714
599
4651
39307575
4510
5046
4667
2680349
4665
4032
4786
2594158
5907
41218549
4988
1182
3458
6349
3596
5211
6383
5952
3284061
38440992
5084
3389
5948
1463
3722
5821
5241
1066
40273156
4884
3712
4342
39564397
3946
2207
5313
4821
38937719
3811188
3317
3749413
4898
2492424
6495
1006
603
3181
4722
4489
3004
4522
3275
3732
3051989
3476
2475
3478344
3475
4913
796
3906
2174
4954
3587
4104
1801
3989
4617
2434
5350
1654823
2879547
2435979
1837020
2841
3339
2846283
4630
4428
2854
3833
18585
4885
20073
3782
3278
21526
3907
906
4849
18567
3563
21402
37827934
25944
7188
1319394
40672958
3757
4715
4011
5176
5761
7715
551
38226233
5291
17281
3857
8166
38642393
2917
1762911
4936
4364
3976
4344
1560178
6503
3329
4418
4010
17829
21368
4367
19839
3230
3462
4227
4175
4497
1708161
6142
5470
5355
6186
21395
6010
39869197
20962
4267
2300208
4996
5298
466
4649
23524
3120
1611115
4897
19784
1942154
1691259
5244
1056
20462
2956
4516
3286
1920775
3866729
4172
4181
38814333
7688
3123
4196
4514
4531
5774
4124
4018
894
18077
3928
20413
1346
4591
39614884
14534
4058
4534
559
4064
950
5946
3695
7070
3903
2608
4649
4111
3571
2023887
4803
6784
3624
4558
3789
36893276
9789
3516
3494
3817
39641943
4803
2157411
4209
4747
1336
4103
1953
12624
5054
4898
4904
34474
3513
801
4166
39560306
5207
3622
3211
7051
3107
3571
1213
24019
4463
3747
3283
3395
4604
6021
22545
2103
5471
5110
17969
4410
3543
4049
4178
4945
6196
2576
4062
6375
17354
3832
23867
6322
4465
24878
3052
3899
7217
4974
4706
3688
20667
43561564
3907
24952
8441
4139
39468772
23507
4205
4732
6014
4769
3087
1001
685
6013
4828
1296
933
7129
22509
4836
4388
5808
2743
1477355
6737
5082
4595
5236
36574151
2148597
3649
4176
36180017
5728
4368
6232
42031741
4676
679
5965
4753
3912
37330364
5075
37844153
4441
21467
2867
2962
5534
6104
5121
1111
5464
5458
4621
615
1764033
3550
2173978
3085
3342
6903
2471804
4646
4213
4351
2535
3406
4744
3063
2583933
7763
2059266
904
6123
4042
1879
2240
1232
2926
1558
5230
1703
3503
1188
3532033
13624
897
17357
5220
7022
3640
2700710
4790
18182
1282
3487
4878
3062
1091
4026
2657
2609399
15523
5457
16873
4705
15065
3514
2854
21614
1114
3273
6422
4043
5262
2401
39369512
4129
3306
4727
3071
963
4983
5448
2896
4479
3162
4786
3844
3211
41641063
5133
2082121
4811
2571211
3898
894
35506409
6191
2350658
4704
18129
7337
5386
3674
1006
3006
3187
4219
1211
6483
4800
2619000
1919805
1593
4041
1566
3678
6457
1717046
533
5335
3414
2672
4127
4825
6159
2369
6165
2433
2791
2720
6978
1805477
2866477
4064
3792
846
2483533
4134
4541
39339
3127970
1720332
4753
4550
563
4955
4670
6295
5851
2715
5760
13358
4066
1046
36786
3259
5602
1414057
4460
5319
2119793
17944
39229922
2016306
2701
2648433
3809
1548945
2368056
3293
4293
9269
4852
5837
3968
3435
5052
5051
6058
1845454
4466
5164
3852
4712
39557975
5140
5154
5504
6767
5154
2709
42095139
5978
2828446
2102280
7227
2948
5013
1950377
4656997
3986245
4319
4839
3089
1943934
40246148
4450
3460416
6964
6244
6479
3107
3674
3871
3246
6571
4285
3872
3433
17759
4732
5805
3900
4141
3344
3278
6003
5018
6189
39755068
4696
3783
22704
4232
2362087
17997
985
2486123
1881238
870
2072
3023712
4269
2712
2451078
2041
43972220
2170
2519188
2514892
19283
3191
3283
1366
4618
5952
4521
12668
1920980
2908005
684
3290
2367457
2808
1843874
4485
3251425
1764
1806
4181
3500
4731
4393
6042
37238686
4650
4253
4007
2639834
1133
4031
3768
2320
5423
1501
4515
6676
523
6428
4259
3791
5789
4790
5887
4998
4866
497
535
3125
4207
4686
5481
4805
2690
6973
790
4768
610
6137
1084
4677
3163
2718
14682
19191
2777
939
4281
840
2229
44211999
17739
5183
4918
19207
18089
16731
18744
504
4525
498
5411
889
3588
2557
4555
1839
2703
3085
783
2011
2640
4029
3540
1528
17155
2708
19823
4304
810
2986
7835
5023
42716874
44000479
4120
4366
4148
2970
1282
3472
2505
3717
2638
2370
1437
765
1946
5141
2338
2576
3477
2455
14462
3117
2940
2655
2711
1208
1258
1796
2445
2023
3401
2682
644
2088
1143
2361
3343
1179
4044
1324
3576
884
996
2863
1593
3745
8008
4555
3520
1046
3800
2516
2486
1110
3085
2661
1239
548
890
4427
938
925
3255
691
2597
855
4706
3632
843
876
29928
13778
4213
22986
3782
38637467
3273
5336
22611
2185
3424
19747
7735
6933
34361379
7114
5496
550
3592
2141
16180
3169
16284
4447
1892
44781852
6556
3989
5123
4829
3538
13855
3849
4902
2851
45988466
4299
1613
3388
40873104
4573
3257
3832
998
6949
2599
1061
2985
1055
830
2210
2849
664
1264
4683
3611
1032
4426
853
1905
923
827
1044
3208
968
5904
3876
15414
861
4001
1231
4161
645
1120
2382
2834
818
2778
7491
7091
1027
11034
2644
1015
1183
1113
2566
2073
2582
575
1248
535
883
3309
941
1169
503
3666
827
825
898
2892
967
1375
599
1266
1196
847
2959
6264
4610
5927
518
607
853
1978
4945
2523
1080
992
592
1854128
11103
2159
3561
3009
4086
19316
2953
3846
20799
4507
5107
5699
1038
819
1000
3438
2533
1294
1865
4363
4213
2114
750
4792
1590
875
3641
3753
982
2235
959
2341
2201
3386
2708
3013
658
2052
2656
1354
1054
2476
887
1067
5372
1175
1474
2268
1153
539
2192
2506
2924
1017
774
501
3784
3519
1000
2729
4233
662
981
4414
5230
2642
4819
2788
1005
2532
948
2297
859
837
2837
2255
6036
6317
2590
3164
2245
1214
2486
4860
2784
23990
2088
2935
814
3043
2415
2531
4492
2752
790
2520
2666
5179
2480
855
517
2411
964
3219
2793
1046
2487
5660
2740
1267
12669
4576
14742
3968
1548
13256
4047
3814
2551
5365
4356
4494
5704
4882
4578
3915
36582068
6119
963
4207
660
813
2063
4372
5274
2695
3874
346370
3572
3189
866
4227
3517
4814
828
955
2442
4408
15072
4745
3270
1128
19232
20558
4821
2754
2007
4213
12325
4553
2548
3353
2231
2492
3129
3467
3653
3692
18222
3982
4991
18554
3988
2326
3729
4573
3749
11863
6235
694
5640
6214
822
3136
4173
936
847
6455
4747
4159
4105
40736204
2859
19343
39379654
4715
41069606
2551
41886285
2873
2764
4462
2706
2006
1956
1152
3463
3772
1068
2909
607
1121
3977
1069
3471
919
896
1060
5009
2227
5633
1026
2652
3504
615
1064
5042
2740
4485
828
3920
1113
2422
1246
2533
6289
7433
2666
4918
36826
2144
1028
1186
2439
1465
3586
3288
2108
3307
860
3240
5664
715
3447
823
4438
2585
1168
5547
19572
3337
972
3314
2161
2815
2416
4504
598
1020
2581
965
1188
2370
2534
2381
872
2440
6941
1570
985
3070
879
3528
3714
2337
2719
621
3408
2026
553
1342
18648
927
926
3395
740
2586
3227
1929
2758
1156
1332
4699
662
676
616
1331
722
930
1076
4608
1175
1300
1090
1015
681
4529
2379
2973
3963
2879
1485
3457
1000
9074
6176
709
5105
2894
2789
2964
1330
540
618
3962
683
1061
1938
1899
2728
1048
789
1086
2469
1057
3215
6048
7365
3925
5997
1651
916
4248
1207
2267
1307
2954
1024
3040
2593
2504
881
982
1198
2732
4247
1144
3500
1968
1184
5695
902
1031
1225
3180
693
1519
1080
3937
3002
1008
626
1036
874
5033
5199
2735
1574
2916
2371
744
4639
743
1296
964
18837
652
3841
1288
5193
4668
7311
6113
4175
4072
2379
6790
931
4677
880
4716
3072
3273
980
615
2963466
43248487
4973
6960
3607579
1388
4865
1248
907
3280
916
4679
805
1053
4291
20104
775
39657923
1859
5793
1368
1044
6512
5653
3818
1225
3188
1256
3653
1623
858
1207
1450
3512
1335
1162
1071
2958
2536
1133
3925
940
965
898
3911
3449
1080
903
5241
3501
3200
1253
5290
1082
2407
5234
984
1198
2716
1867
3196
890
4447
1228
2252
3126
1223
1191
3845
906
3427
3120
1108
1215
968
1361
4356
4020
988
2039
972
905
3835
5529
1038
3053
4673
834
830
1260
548
1060
526
942
1700
1197
1036
5153
862
985
6544
1450
4492
3051
1914
1052
5442
1334
1262
1435
1138
941
971
4157
3579
1292
1093
1277
1045
719
1996
1696
25677
1376
1190
951
1762
1269
1256
779
3295
4202
1191
1177
1122
1295
772
873
1137
1146
759
1318
1598
1492
3111
1369
1346
1015
746
1778
1168
2164
1112
985
1149
1066
1099
8832
1124
4426
1266
903
3305
1206
1044
990
856
1201
1135
683
2834
1270
3097
1075
3249
3177
1257
1496
1262
868
8735
1482
4227
1339
1134
2463
934
2712
1190
1899
3523
3605
4430
1134
1712
1037
698
924
1018
4610
2749
1265
1109
1103
2131
4222
1088
1263
3333
745
1009
1866
3330
1221
913
778
4373
5932
4882
1272
1081
1248
3076
1212
1067
1224
1028
1339
1218
1004
3053
3267
4279
802
968
4532
1074
1390
4120
3239
1419
1609
861
1412
1589
945
3489
1028
3666
1582
1157
911
1148
1121
4291
5791
912
1080
961
974
943
3789
889
1139
1001
4303
754
5652
3677
1370
5042
4314
1222
688
1099
855
1223
4494
2951
1175
1363
1263
1258
960
913
766
1156
5453
4262
985
1108
3158
598
4017
1000
3159
2538
1006
955
1233
4525
3964
5824
907
5845
858
2693
4507
2584
1040
864
3087
950
42487338
17336
4480
1106
40062922
6591
1080
5225
961
557
1122
1152
4009
5327
38888610
1006
5563
996
878
22212
1200
1143
4377
812
1291
42370297
858
863
1313
1045
54324635
2165977
961
748
3371
1389
1165
1342
2281
1599
1105
5064
3359
1754528
3759
2547
877
1039
48935267
840
941
2646
694
4743
828
27648
4311
1227
3736
7105
2154
1077
2430
946
4843
3030
890
1033
934
3136
807
4716
855
505
2170
721
996
3418791
1445
862
851
1504
907
2955
2471966
2250
1117
4587
589
44335138
4561
3164206
3911
4426
4848
1013
2602
4583
950
2133
846
897
45846623
4105
924
1431
883
2048
3180118
3559
814
2708312
1095
570
1152
903
1165
1332
4581
5794
586
5815
781
1058
1006
4419
1378
1146
1590
1068
3196
1125
4180
827
992
1986
3634
1004
979
1390
1062
864
638
873
2462
5590
1123
1221
1103
49285548
819
1162
1760
934
652
2273
1647
1391
579
2494
5005
931
647
1407
3171
2034
1015
879
4030568
2530
1375
845
1032
1016
56393643
2904
946
1017
892
5655
1299
790
2772321
1255
1113
1152
1209
581
1054
4321757
1025
20088
4153
4234
835
1205
4728538
5593
846
51525243
1285
821
581
1253
3239
1031
3249
3171321
4972
885
685
3106
1389
853
3161
50576042
875
50977984
849
932
3324189
3324
1155
1067
623
41860589
4365
1277
6659
4712
1256
1000
2709
1270
1768
3423612
49326823
2896084
3439104
3118
5448
982
930
8168
1940
4169
987
1132
1076
3574
3736
894
3513
2686354
5665
1998
1152
1000
3610
3429
650
823
1128
794
4075
838
5792
869
1173
1181
3418907
1089
2072
2715
3789
965
924
1011
758
3045
4839
3235
953
1689
5758
1178
927
1077
821
2855
3646
1507
1104
835
1558
1014
2234
4310
3778
4628
4347
1023
2261
2737
846
3445
1113
3705
1292
1863
1382
3055236
963
1129
4568
2784
5309374
989
774
3954555
4740
1043
51833601
2992
3212485
884
1101
1347
969
1184
2090
50348791
2801
17946
712
2291
1447
641
957
1308
4881
4819
3221
2633
3607
1196
877
3140
980
4299
3775
3095
780
964
1380
1216
1349
1258
2961
915
818
2569
2391
3155
854
955
1261
1049
2394
1120
3615
1024
1138
1724
3322
2899
3083
2185
3982
1877
1384
1186
2588
4549
1153
1783
687
3520
721
4658
1216
2526
1429
4227
788
2973
1089
1178
861
2545
3191
2400
1175
765
2120
1144
2714
987
844
775
3052
811
1360
5337
1070
4674733
1128
937
901
758
5145
3791
40023
1104
980
53092241
1453
901
1128
1114
1578
1491
1035
1536
953
909
979
52909791
1429
1120
907
1404
1127
1728
667
1002
703
939
4682
1070
1219
1204
4480
997
1134
1033
4653
925
710
4178
1076
992
1146
1423
995
1987
1216
996
3667
1576
1332
1028
1051
1414
1188
1182
1313
3677
2734
913
1523
1316
2950
3809
989
632
1081
1685
1006
5062
1032
1689
3810
1115
1372
667
2353
1470
761
1345
893
978
591
1424
987
1987
1580
828
870
1089
1111
1041
1188
1148
1284
1042
3019
1764
1259
1827
621
953
989
616
855
1462
1164
1011
4013
839
2554
3004
682
1316
852
753
932
1170
949
1218
640
1613
884
1381
3427
1261
1372
1625
867
5037
989
952
831
987
4965
1486
587
2695
814
900
818
1940
1427
1186
2664
1197
529
3086
983
941
4487
1007
1127
4062
617
4574
4613
544
3580
838
1450
955
930
20912
3475
3648
600
814
2570
41832980
3207
836
1495
1513
2769
1132
891
8893
5798
625
12974
1460
1279
886
1399
997
909
1080
938
1398
622
1066
4619
1451
1452
979
890
985
1103
1145
1026
1101
1163
998
1351
1073
1081
1772
973
1126
6088
1160
1001
669
1166
1027
1042
664
6873
1037
1360
953
997
3729
1483
1312
1658
1591
989
1290
4738
1253
18903
2016
1605
832
1062
3363
654
4223
733
818
1278
5787
4733
2899
967
1095
48071321
11177
1121
59429330
1119
1313
1319
5640
1003
9100210
7862
3757
5693
1494
3977
1402
965
948
1116
4172
2550
5773
881
1308
18895
1240
1133
1578
953
2277
1001
5262
1217
3294102
1526
1115
1005
2783
1097
1251
48477405
5239
1145
1110
742
8269
6564
44729297
1576
576
4637
930
1078
2562
844
1154
3753
983
2468
4051604
3922
1324
83254063
592
2017
2951
950
3591948
924
1816
2339
1811
4992
5442864
1213
851
48683623
3713
52012764
4223012
972
608
2630
51356797
1037
891
713
1010
5477
902
7354
570
1168
2777
1314
2605
1309
1263
1209
1101
1176
3190
2537
1148
1070
1039
694
961
960
1167
575
1072
1006
6504
1106
1340
1254
644
1042
6760
969
942
1149
3171
1360
1038
849
1218
623
1078
1476
3949182
5472
2539459
730
3324
50429666
1049
4022402
5421575
542
989
3331
1024
972
985
907
2762
3716162
833
3163086
962
3400567
1829
644
1000
4093
3991
970
8025254
3930
44351598
3208
4247
580
1767
1198
54936273
4571
4855661
10598
1258
678
2645
2809
6938
1790
1385
561
955
4743676
3834
1110
52995020
4407623
3319
4227
1881
2737
655
1019
4084
1055
1624
3292
2772750
5612
4099808
4383
43458157
2985
1053
652
2790
822
3146926
1326
878
2478872
3688
1363
5340
1957
3082
1502
2860
5828
1867
2629
3951420
5294
3109
1496
2465
308791
7487
3839881
1130
1010
2982
4855
4205671
2236
757
5416
1088
9631971
2738
617
5693
1112
1400
3694631
2826532
991
4040
1328
541
589
5254
2672
1953
655
3345
4388
1258
792
932
5944
4430
2302
3979289
1117
3130
5852256
1158
1133
4279607
3898
3065
1117
6531
6047
1151
5380
2763
1256
4565
3197313
851
1149
19693
3876284
17757
4079966
979
5998
5575
3258
5160
1977
46273983
42628284
5960
4594679
2545
44084288
3308
1915
2787
944
4731
2613
3487
3431
1022
1580
1074
4218
5078
44280183
43921950
51122854
1635
5260
1402
1831
5806
945
2540038
3877457
1061
1595
4762
3190
5151082
1145
2337
1043
3479
47674285
903
2107
52660817
1653
1072
3230
3295314
4914263
2015
4186
43627629
5996428
873
1985
930
4988455
1139
2740
4738400
4685061
2375
1186
2858
5071
5166727
46800958
5460
45425758
1863
5376432
6049
53982694
44879946
46050654
3125675
3365
6365
43848509
5362
1169
1959
4639
5584
1201
3230
1142
4002185
3047405
4849117
2230
44255135
6769
3097
4332
6043
1358
4288
6781164
5802
2267
2302
4155
48904796
5666
43248185
5450
41103329
20465
4167
2381
48386759
665
6162
4383
5508532
3372
2196
773
7157
42902005
712
2882
1017
2710
2085
2277
3122497
7285
1299
1568
2772
4554
1827
4811
1135
50264000
5532
3299
41517856
7756
3601
1961
4083
60305592
4914
3672
5070
5354
3634
4576
3923
2036
719
50805214
3732
5752
1133
1296
1612
48229433
41605317
3751
3134763
5080
4296375
5915
3641
8070
4999
634
6112
5852
896
4004
5597
4944
5728
3761796
7543
2669
2841
1687
2915
50610212
42653868
7248
1090
4419
1207
3326
3224172
5995
8023
1574
1700
2164
1103
5964663
1395
3592152
4162225
1424
3323474
2924
5748
2930
1528
1005
4348
4076
55081223
2374
5054498
12606491
1169
5812
1183
1147
4578
1607
3828624
5228679
3165
7035
3143
1164
43654469
3116
42770540
1995
1536
3744
6121
6121
1615
4822
42467487
4522
2479
4858
3881
3274
4342462
4658625
1080
6917
4890
4037
3203
42867904
5353
3808
1073
1065
5293478
2890
3118
5029
973
3977
3437
4083
4429
1469
5379
44332622
3391
3158
1215
2908
3960
1338
1211
1184
5632
4633
3740558
48509763
2692
1004
4063676
2645049
5511
3815
2040
3142
3454904
5287
5380
4076182
3333910
1936
4686
1271
3877
3046
2830
6163713
2540
5700
46143543
4289
42965562
4361
49068746
45057582
2045
50022468
1076
691
2647
6761
46687714
1167
4033
44706177
1411
5141
41589753
5774
4092
42787669
4695
3527
19416
3467
4086956
5766
1032
2587
3168
2450
3288
3297
2516
2363
3539
1045
8005617
1611
2618
1383
5933
2595
1080
2538
3462
1882
877
3299
2830
4808
893
1295
3470
63159891
1025
2700
2203
597
1904
891
3443
4010
3651
43451285
4108
2525
4181468
3153
987
5347
49215772
3363
1195
2370
1334
995
3525
831
2355
2067
4525
1057
5137
5207
1158
722
2989
1350
44053958
2372
3496
965
3983539
3930
1998
1210
3111
4985
3199
4320
2174
44761781
48904687
45317752
1013
42513691
3446294
52044043
1254
48217477
4207
2318
48318314
858
50008965
1072
40907159
5460
2766
863
1401
958
901
2797722
4815960
858
2116
1016
4561
4573
1820
1112
1124
1940
5221
1138
48636624
1277
918
2228
3092840
965
3149
984
44337720
4166
4749435
1533
50077352
963
880
2483
3796034
5188
3095
5026096
3568
543
4111
898
1767
929
909
4384963
2205
4946
3443673
2080
3768
978
3488808
43108616
2770
549
795
19030
5366
3278
1574
4198270
3055
3248
1348
4878
3631
2202
4978
2206
1507
48925792
663
1193
3963
1256
3880
1091
1135
6023
3302
2129
3743
41488625
4434
3272100
4896
4282
3906
6217
683
5878
1457
49225798
2141
1349
7690632
1019
3005
5371
2108
57742987
4607
3178
4324
995
4344
5487
4308432
1613
47375007
4117
3936676
4004071
1106
1242
44306656
6079
2017
4726640
1313
3264116
917
13005
41249435
6189
3766258
4705292
3418
7155
48989868
1828
3813
5193
3717679
5839
2430
2901473
3438
715
1190
2412
1034
823
5037
5027
3148990
2205
2337
2408
2374
1108
5759630
4077
5393
3417
504
5630
979
2354
3109385
1179
4994
2736
2070
45552846
1558
1283
817
4603
915
5341388
6552
960
4603
1118
2470
2496
1803
972
1340
1091
1286
8126145
1029
48729142
2657
5896
5016
1739
2441
3083
1180
952
45577873
6233
1060
907
830
42721784
48451329
52192481
4851
940
2055
6680
1095
2258
4520
1932
2363
1697
4298
2212
685
585
1094
3606
795
1213
3236
5381
3899
3753
4222
2109
1140
1178
3349
2196
4962
1268
2440
2290
1513
2724
4620
5160
13340
4874
955
2275
1228
1226
4855
1122
17186
1058
2395
2136
41532696
2211
1730
2653
1085
2071
1080
42224727
3831
4781
1352
4787
632
2267
4918176
3241
2367
4681571
5344433
3888270
6961610
4624261
5902
3087
4723330
973
2383
60606760
1322
55842672
6987757
1229
1207
5011
43663133
4369
6063531
2576
2473
2119
4664
7632076
2707
1324
3575349
1150
1180
3082
2329
2421
7309
52085131
11225768
3361263
767
1132
4368
889
4104
5748
2889
6906728
3399
1894
5355
2330
5294601
1049
1941
5063
9564985
4927
3057
3857740
3049
1611
4147
3372
1536
4898
1027
6360
1316
2447
584
937
1897
42260475
6273
43898284
2858
1392
3526
2850
5037
1553
1009
2660
3571
3002
1346
1038
987
5111
994
5528
5695
2409
2831
2021
1088
955
877
4347
1279
984
4315
4523
5382556
44192921
1466
43698014
41461970
1523
3410
42632402
4606176
6548
4179
6514
4114
5986
3056
1126
4693
2918
50059059
5400454
1211
3712
2998
2087
2482
3304
4523811
3545
1468
657
5896
1580
626
3048
2055
4162667
1069
1055
4656
9533
3090
3966
1227
4943
3356
3083529
3749
984
1221
1039
3345
3992472
1831
1046
3727
1111
4153
1114
4692
3624933
6034
5473
3622
8756
1171
1107
5843
2449
3951
961
3439396
2007
2500
4997
2714
1387
3066
2811
3026
1901
730
3181
2255
2619
2205
943
45981131
2944
1923
3362
4383
5630
2570
6926
3619
8693875
1266
8359196
1252
3534014
4081510
45303974
45216010
6188
1253
5866
719
3196
5403
1608
4901
45704825
5382155
11531
2763
2927
48433803
4381
733
4454774
18747
4410627
1197
1062
6573895
972
2622
2055
10286
604
6441249
1325
3452
1132
4503
1813
4697855
1043
47262177
694
990
3632
3034
46294891
2544
985
1111
1249
3064
2180
45746666
5159
2589
904
1044
3369
950
3366
940
3041266
3467331
4850
3769158
5584864
3569
46866499
4048
1664
1171
8620
3969
1888
1136
3692623
2211
1226
45844222
1005
4399757
5518
5924
3767
1525
1210
4031
4289738
4956
1617
3532
708
5717
2018
4082
1078
932
44599505
3603
47364877
3541
936
3065
986
1131
15279
6370
46015860
5158
2115
947
839
1623
3125129
1953
2956976
740
3628
6338
1303
1104
2174
4324
44029152
5729
915
1348
54294256
4834
714
3597
44790229
2418
2419145
2829
2034183
572
3360
5076
4120
2568
2815
39372580
6876
1685
1416
3166138
3648
6119
3264
1136
2877
6091
4230
5871
6679
6192
2612425
1512
4191
4475
1022
2827715
46306694
2664178
1008
2151
4729
3081
2703319
2578697
2592960
3033
3225
3667
4737
3471
42307046
4337
845
2451
4033
977
3283
1218
3118
1207
4609774
5704
559
6754
37729737
6626
5541
59325416
1438
1031
4110
6055
1711
889
5709731
2895
833
2679
4663488
1572
6554041
3971
974
1292
1478
2057
659
743
1051
41022125
5942
986
48514955
988
1282
1099
2902
1048
3103
1111
4886
40363497
4948
983
1348
910
5286
3069
47549640
2642
1090
1001
1835
3360
1073
850
79193534
706
986
773
2593
5607
5374
4114
904
2644
3122853
904
3036419
2450
1117
3681
5847
1229
3569
5219
2860
1171
935
1242
1308
3146
1204
2555
2546331
2759
3369
8257691
3571
993
3553
923
1217
7210
873
4253810
659
53699209
1050
889
702
927
3654317
1050
4253534
4238046
1546
4502802
5188
2774
1069
1684
1051
1059
1566
3981633
3456847
1015
3168887
45093136
5593
1094
1209
1111
1945
5696
551
1181
2421
1005
5621
1334
1127
1353
1400
791
1101
2289
974
1194
895
4264
1006
1165
1565
3469687
1407
1141
5442723
3846
2246
1665
2133
1014
4630763
3872
3551
1143
977
7036
4831685
942
646
3995570
4394
779
3592
4812
48489184
942
2459
1087
981
1672
4125
1201
5664679
4094
796
1266
2800
3628007
968
2814
5210
42556600
4219
583
937
1344
2137
1127
926
3767
46635980
4597
906
3869
1715
41099284
4458
5005
4202193
1053
43346310
18667
5321742
2283
2222
52967608
2406
1827
51369651
1032
859
19973
2747
44051931
6095
4360
3111
4989
29087
40233323
6215
876
2378
51291633
2646
1257
2103
42404481
5420
4329
916
1334
3101
16354
3574
964
6198
44646041
1235
21146
1614
6003
4371
4139
7345
38348791
18563
38977848
16744
991
20216
2498
19188
4392
4166
5551
4859
3122
1106
1981650
42370176
4465
4196
3149
1788
3891
3068
3213910
841
2454
4322
2406652
3335147
40539560
3839
5979
5197
4502
21220
1091
4565
5064
1288
5461
2401
3178
5578
4025
2956
941
5821
4419
1523904
39735736
3870
907
5661
23090
3263
34557967
3726
3268
33466367
37332512
34142652
6514
2820
5099
1074
3520
16766
873
1707
4395
6419
36743624
24029
23372
1040
1173
2002
26567
5660
39613460
4115
45019
2350
1194
4299
5643
18860
21008
3339
727
4294
4963
2705
2280
6299
20086
2603
3980
22694
22739
4633
4515
21484
4886
4542
33281
23989
21930
3689
17038
4663
3675
24053
539
2559
4018
38305110
2968
38975770
40307636
41172384
39485547
12443
41099047
4294
875
18111
36559794
4726
38395423
4649
1897
18411
23798
2836
1163
38293350
3407
5323
5013
39394867
4047
37359364
7769
37199903
4797
2680
5101
36820077
39215379
5713
4617
4580
5657
3906
4574
3432
25529
37721433
4990
2217
18634
6066
19073
39113599
38074020
3499
563
6061
6471
5854
36887231
4154
2416
2741499
1960
1113
2608
2570
988
4709
1977
38465118
5544
13144
4448
5619
14570
3317
19396
31763
38608432
5350
4709
4637
4222
38338235
4531
3131
24375
908
2063
19129
4418
39083437
8184
3849
3905
22387
3872
5974
1273
34268683
5675
3420
33912749
17907
1431
35093129
6767
5536
25066
3770
5291
37055902
20210
6178
9509
21406
14930
2367
2257
2137255
2777
3975
4998
2693
1451
2938873
3999
6641
842
21242
562
15561
4379
6634
6250
43651229
3673
4134
38404766
2541227
1057
4036
41858397
4095
2683894
36971365
21629
18779
5318
5382
4458
3585
5491
3642
2075
5720
4970
6448
5738
37050476
35739911
2464428
3712
1989854
3982
5075
3413
37433543
1666279
34465918
38413968
4198
37432340
6767
36651555
6019
1250
36195241
5803
5529
4039
37114897
3728
5238
5314
3288
5497
162206
1475
2691255
3018
6550
1274
3238
4068
35727489
4173
10741
2924990
2693560
37111152
2240022
6302
2787
588
4320
38635102
22101
1863138
2689
4093
41714219
40849460
39292159
4846
2305156
2115
4929
38512838
40266719
3724
4406
39629041
7375
41234708
5478
1112
6258
5036
4488
2260
2565259
5917
953
943
1972918
848
1565222
1785
1921780
4183
41602218
4444
39193286
6042
2750
5921
4009
2621232
2950
2732540
4628
39800372
6045
3864
4520
1029
6031
2712
4423
1373
3887
2052
6207
3766
4209
10367
2729581
40664214
6190
42215010
4110
4357
2827823
1526209
3813
6535
2371
3318239
42866688
5936
42739399
4684
4318
2805
5347
3506983
2269
4557
2521884
2117245
3017
39702991
4933
2647103
41833690
2814
6596
40882557
5254
4440
46441157
588
4778
6026
5486
5055
2030628
883
6631
1964971
3249
38963470
4952
988
5477
6150
4229
3166
2726350
1099
5031
1787402
2323
2237468
44129963
1677
4507
1855583
1032
1042
5116505
43425194
2434256
5911
2443
41887276
3214
5754
3822
766
5730
3594
4796
1416
3557
46734576
4292
2298
898
3087906
2358388
1139
2054283
44894535
44945697
4409
2492
870
1092
3042415
2951
48022257
47999072
3526837
1094
4261
3695
2147
5900
4504
2424433
2116006
2222962
1252
2280
2293144
17395
4667
1609
4769
5687
1924
2521
6277
3903
4544
1297
669
2249456
3656
3982
985
2283
2471
4681
1125
2541
4481
3513
1094
18882
4293
6786
1081
39156337
3218104
3491
4111
5196
4351
2818337
935
4807
3165
2952039
2678119
2407
4139
1259
9236
3496
5304
1490272
1223
2055
40685155
3946
45880650
39754171
5743
2624936
3162
3469
5530
4251
7658
5388
2129799
3296
41643009
19913
4826
38339983
4651
2360908
1925
42594841
5930
40095881
7536
974
2235
1980441
3034
4493
1992221
2745184
856
4503
4213
3750
4287
1734
2247
3200
40293182
3641
39758695
2016323
1103
1749813
3759
1772484
42464402
2828715
42124159
1973056
39803940
7156
6357
5071158
3091
3935
3982
18876
4588
3451
2097613
2084
4899
43243666
39568414
2962
1094
1672343
3023
3286
4635
6851
3403357
4020694
3976
3734
33774436
3604
5389
36769312
6861
4417
17267
859
3203
35302737
2979
34605496
2753890
3843
4354
4124
1752
4699
2406
5109
2855
1902
39048320
16432
37924064
6474
14424
41262987
3369404
1833
3138
2493
4840
1887
4651
2625
1992767
2923986
1166
1641889
1888572
1326488
3299
3136
2640
5625
1112
6390
6040
2241824
40710206
1627098
2257999
46120454
1048
2245
896
5994
4291
5870
2430
15119
3633
5136
2934
5049
1370163
4437
3321
11027
20157
27048
3495
21718
35452705
19099
3749
3189
5252
886
17100
2693
22895
24388
36254410
20372
18318
1020
5056
14672
9755
19872
4111
4475
2084
2245
1549
1838
3341
2000
2969
22302
39509961
12750
3401
37287873
37584729
4281
1410324
2106
38894078
16924
20046
3414
933
24101
27417
1720
34750022
15452
4679
37217257
6939
15482
881
18606
54735
41839102
17889
17686
18698
12595
3673
2043
3547
13519
3744
12570
4196
35703638
35454080
34669075
10701
18649
2144
3089
5333
42339828
4265
25633
20331
4176
36473680
5181
4705
977
6103
1717923
2105
