3806
3500
3281
8741
2854
4113
3424
6733
3851
3459
4139
5150
3233
5267
3472
8379
6601
5205
5216
6299
5289
4556
3538
5365
4193
3693
9339
5913
7051
9288
5397
11047
7415
6833
8509
7303
21921
5941
6158
6082
4963
11065
6346
9376
9490
8059
6086
5240
9736
5713
8270
6470
3562
5820
6499
4828
6608
5633
7982
10974
8583
5385
4831
6148
5872
25999
5389
8179
6591
6960
7487
5349
24200
8533
7026
8330
5282
7073
8504
6658
8094
6571
6232
6128
5075
7940
7292
5987
6077
6440
5432
8043
6031
6010
5922
8972
6021
7782
7244
6191
5408
7511
6063
3951
6695
5976
6612
6108
5857
7577
6311
5607
8058
5835
6097
6638
8021
5828
6065
5704
5997
5901
6571
6682
5217
5968
6786
7514
4176
6650
5890
7085
6811
6300
6872
6874
6539
8953
8097
6401
9332
8735
4700
24798
5898
7461
9770
6564
5784
6148
7192
4847
7051
6590
8390
5555
9237
4162
9472
7142
5449
4913
7680
14451
6242
6885
6460
7261
6778
8002
7450
11049
8521
7896
6835
66940
6063
7329
7717
20120
7358
8301
10620
8765
13204
7139
7521
7332
5894
7616
7126
7761
4811
5935
7048
10539
5859
22407
5999
8667
5831
5002
6953
6949
7044
6844
5320
6130
6457
7227
10321
9357
6253
6626
7631
7653
4733
6234
6773
7407
7663
5451
5117
5404
7053
9040
6811
6663
7203
9119
8112
10549
7659
8502
8198
9453
7241
8671
10286
7209
9334
8264
8210
9792
11179
11117
7897
6311
10975
10174
8780
10071
8282
8796
8672
8394
9376
19013
7711
10359
11471
9329
15964
5712
9407
7998
8321
9200
10846
7471
6161
19518
11344
10496
11402
7928
9503
8245
6076
10904
11488
8311
9025
12076
7942
9167
7235
8864
8745
20540
8170
8522
8204
8146
14311
12977
6888
9615
10828
8024
12357
15016
10441
9511
11189
10640
6321
9212
8490
7260
6127
10818
9851
16610
7388
10341
8030
10714
7215
12845
8065
9542
13839
12407
10239
7841
6765
7741
8873
9016
27902
7433
7247
9294
8115
9287
9399
8845
8816
8750
7191
5867
6686
7720
8461
9033
6832
8345
9764
8125
7099
10512
6546
8330
5618
9681
8596
7913
8072
8298
24642
10750
9340
10537
5865
12857
8308
28718
8570
5901
5309
10136
6956
23037
7904
6854
8030
8374
5570
9931
7077
6065
7926
8328
6830
7747
4083
6976
5972
10593
10116
7429
5404
8770
7069
15895
6914
8411
8851
6721
11046
54877
9701
12529
12252
8178
6152
8882
7764
9536
13162
12771
6568
8102
7225
45313
9770
6277
12661
18289
8081
7053
10306
7012
6590
9117
7487
8003
14921
7818
7932
5336
24605
6013
8703
7692
7564
13098
7788
26171
8164
5413
6656
9813
9730
8538
10915
10023
11763
6020
6461
24896
14027
10305
5139
8018
9889
6944
11047
7686
12091
12784
8354
15887
7081
7118
12445
9725
8809
8595
9987
13813
9104
10525
9819
13939
11919
10430
16308
17417
9004
9462
7675
7908
14541
7278
6764
13980
9154
8364
18331
12142
12759
7233
9797
9282
9060
26116
9889
13616
10896
8906
8728
12273
8105
7395
8740
24683
6957
13190
9356
8581
10353
9658
9597
8082
9885
26596
17172
9181
9206
10635
23848
16201
22356
13737
10593
9772
27665
12531
12858
8484
14512
18246
10560
9521
12516
13221
12136
13725
14256
8780
15492
12429
13904
12039
7932
7383
10235
9373
11129
9425
9075
10083
12480
7293
14288
8395
9992
8609
12260
8114
10111
10402
12221
11162
8917
9585
8287
6318
9718
7559
7566
10706
5901
9491
9597
9130
10138
6592
5636
7810
8549
11135
16799
7825
9151
8356
8825
8173
8239
24470
10491
10021
11947
7546
9328
7739
9406
11875
8765
9617
7238
11451
12471
10345
11155
8879
14993
9611
9627
13670
11035
9505
8990
8832
8818
8163
9549
10329
13680
13469
7525
18581
11276
13229
17162
13660
9962
13297
13552
10101
8511
15907
11491
11852
10153
13568
25798
11776
10019
11799
8967
51644
10494
10647
11410
13213
11441
10410
14085
15630
16761
11202
9587
12152
11103
10154
11649
10143
11187
12943
9895
11295
15211
15702
13694
11929
11303
12762
11188
9883
14802
11271
13012
10775
11186
11896
5273
12783
9875
21259
10104
11181
8341
13655
12484
9757
11185
8356
11588
11168
9502
10620
8247
7689
10093
8497
10009
9696
9703
9313
9801
10229
8052
8481
9014
8508
9844
10977
8898
9739
26373
13521
9440
9712
8918
9458
9256
8431
6223
7638
7448
13812
30016
10758
10157
8169
12395
15179
12750
9410
5934
9434
11797
10752
29124
8197
11310
14275
8860
11497
17705
8551
8617
8498
7343
5500
8423
10809
9747
9798
7909
17974
7825
10243
8706
10724
7090
8674
9073
10248
9872
19502
8895
9515
8592
9416
7037
15074
9311
9140
9659
9253
9482
10206
17848
9595
9968
8216
10212
17913
9047
10752
25622
8163
23915
7550
8927
9638
41663
8735
8446
8482
8883
10069
9548
9553
11769
7616
13583
9204
8456
7979
10422
8658
10907
14237
15308
27090
9810
13230
11139
11877
9727
8434
10648
6767
10681
9007
8639
7619
10559
9520
9527
12214
7675
25523
10148
23998
7786
80867
6487
9995
11384
6144
6356
9573
9074
11013
9687
8911
9266
11378
13137
16855
8715
10770
8460
9640
15375
6472
6805
10711
9696
9546
11765
10848
9054
8755
11640
10740
6881
11438
14992
10794
6307
7354
8934
7292
7344
41277
8425
9859
9474
7446
7359
5929
10691
8420
8415
6905
8197
8049
8769
9916
6070
7496
5759
10166
8764
6489
12006
14460
8996
9708
8012
12202
6203
8716
7591
8127
8885
8484
8459
8036
8028
11886
7718
11321
11717
9130
11724
9155
11311
22662
8795
8245
8636
22439
8769
5979
11616
8179
8574
10066
9090
13171
8462
7208
10136
9716
7512
9952
16039
9222
14496
14747
7910
7991
10020
6428
13014
8768
8524
6295
7094
8155
8218
8125
15160
13653
9083
6619
6926
28681
13332
12298
16868
8757
7310
9361
17960
39706
7977
8273
9955
10222
16975
7550
9271
22355
7392
11271
13506
7423
7354
12340
11503
7090
7104
9354
11602
11616
8071
9181
10496
11658
8839
10452
27621
10269
13544
13758
10204
8873
16880
21297
17467
9790
5694
14572
12540
12561
9097
15489
8292
10886
9813
15982
15940
12271
11890
11707
10246
11510
13762
10082
11876
16735
7728
18227
12669
13730
11770
10779
10358
12022
10012
9706
11813
8071
14209
10923
10470
10407
10592
13128
12319
10725
11549
11944
11357
12476
16047
16513
13820
13420
20843
12136
19199
11335
12721
11744
19090
10563
12374
14474
11790
14314
10286
13520
9351
16267
15534
9114
11275
15222
20479
10370
12032
10034
13556
11294
9272
11848
12113
10582
12487
10078
6732
11648
9311
13582
9625
13181
22557
11396
12392
11918
11703
10073
11060
12686
13521
10598
11619
11763
11253
10441
13752
8585
10900
8208
8965
11313
8763
10106
9588
11741
10984
10488
10611
8433
9064
9815
18172
7738
12676
10214
13881
8481
8689
14927
7211
10462
10256
19526
7453
9217
22597
12489
8892
12330
9761
11555
8968
13094
9198
5266
12327
14873
10655
10408
5699
8971
13896
8985
11036
7429
9053
12658
11419
8764
13595
6934
14095
16158
13695
11836
10739
12283
9331
11073
10063
8113
10761
10566
17043
14118
7677
12155
13342
9387
8799
9432
10997
11315
8471
9041
8194
11000
17977
9924
11916
11841
9905
21274
10062
15590
12964
8847
8657
15036
9872
13864
12331
11346
10500
11763
27156
16713
23377
11093
7335
23115
8889
7414
13656
11039
10414
13179
12629
13091
9564
16657
11593
9943
14076
11422
8857
25530
25011
21505
9517
26599
9361
10942
8074
18154
6735
11917
20819
13060
15773
12051
16347
11505
8399
10763
8862
18854
11803
11245
10818
10201
10980
11733
14648
12971
15225
16291
7879
15607
12187
8626
12571
11801
9012
10068
16350
12459
11561
11656
10631
9371
9637
11645
11955
12033
11988
6635
8663
17680
13624
15595
9402
11875
8711
13611
12505
12619
8648
11729
6898
8281
12813
10925
8266
11725
24904
10330
18833
8286
10271
9010
12204
10333
10279
12254
8308
8823
7464
11398
19665
9003
10417
11833
11920
10853
10939
7064
9834
8582
7961
11021
13553
10317
10998
12412
17586
8647
12655
10820
14003
12301
8522
14497
7742
10299
12274
12816
10416
15786
9501
10220
16707
13567
12216
11287
8690
10312
5712
11429
10746
12822
13549
20688
10396
13159
9438
10058
26219
13178
7757
8337
6852
13171
12240
12184
13590
10441
10588
10506
7385
11297
9136
9471
15212
9656
9059
13329
5707
11774
7767
19319
7270
10471
10098
10555
11094
15906
15158
8883
18314
12988
10526
11067
12647
12211
13775
12552
12279
12605
13010
11646
10763
10098
7126
10669
9590
6423
13365
11596
20037
9186
9539
29386
20483
22011
26066
81044
9037
12041
12056
9815
15805
10647
11168
16351
10662
8824
19477
11470
7770
17806
27376
7911
9447
21987
10812
11159
11356
8204
25350
16381
27818
20156
23599
8200
6702
11142
18913
10193
13884
7495
11003
10886
26850
14416
9212
12522
11256
11137
7593
14983
9498
9520
9826
11429
17710
9692
12932
14471
15709
23479
7184
27547
11662
12533
10092
12386
13647
10997
15243
15208
9318
12707
9162
8272
17480
28286
8111
16361
8168
9098
14596
12480
11122
28022
12680
9928
22254
13440
13344
27214
13929
13191
10462
12167
8053
12746
11892
10589
11407
9684
8796
9456
9498
13446
11587
35277
13813
11708
10372
12598
11968
12587
33304
28382
13062
9173
12019
16139
12018
10752
17703
28253
11791
11808
26142
11559
11884
12805
17317
9987
11749
15199
12087
12311
10133
8876
7803
12109
10347
9904
6030
13530
13038
13240
17198
7606
13381
12081
11778
8943
7087
13346
9048
7122
11874
9333
8103
13974
11638
19218
7476
6614
13331
12266
11471
5676
7675
9527
22885
5500
10307
7843
8392
25192
8131
7311
6840
10718
8024
8416
5288
9456
8522
10844
5812
7252
9021
8240
7722
8703
4987
7614
7667
7894
10484
10013
5170
10195
7350
8713
9992
10704
7933
7523
7599
7640
7753
8696
7433
6568
11919
5471
6549
7094
7224
22635
8826
6152
6959
6675
5787
4319
5838
6112
4129
14260
5990
6632
6677
6632
6829
9244
5547
6704
5519
4490
7576
6765
5723
8330
6619
9305
6412
7437
7843
8732
6831
7747
5500
8556
7647
6456
21586
7724
4591
5508
8077
8842
4180
6218
6580
7459
5083
5657
6731
5306
7744
5208
8324
7275
6174
10606
5505
5037
5937
9074
6902
6584
7734
5934
6399
14024
14450
5060
8791
5790
12398
6752
24286
20143
5658
6643
7371
7594
8016
8917
10731
7550
7145
6943
15619
5166
7394
9577
7456
8174
8169
7167
7626
5633
5785
15513
7389
6058
15551
15073
8555
15831
8026
8622
9747
7728
8226
8802
7442
8162
8746
10884
8402
7343
9385
7329
5866
7665
7606
7591
13316
4582
11237
7500
7777
7591
7758
7283
7003
5967
9323
7339
9866
5349
8322
7856
7472
10942
7176
9597
12156
6619
5996
8034
7258
7055
15123
14738
6047
14595
6429
7322
9249
18508
8006
10440
9274
6863
7811
8591
22318
12617
6918
6716
6798
28389
5940
9892
9735
6764
13697
10461
12451
7872
28660
8346
7437
10733
11324
12289
26467
14414
9927
7755
8534
12491
37879
10572
9169
9965
10259
8268
12932
8157
9138
6784
10051
10066
10374
9417
6001
25054
11064
11218
15947
7399
9912
8166
14701
8081
7441
10216
9727
7934
11245
9369
5972
10026
11061
8949
7543
9933
9809
10800
5778
9595
7293
9839
9576
8499
10485
7993
11570
9046
10147
10931
11798
12526
11149
11244
13749
22404
14316
26042
11994
22549
14646
14001
11130
40051
12952
12854
20741
16116
12614
13738
8743
10879
12189
11288
12417
18254
10744
13832
14226
12131
13510
11893
10598
11461
9856
18263
8917
214524
9678
12560
13715
16066
12017
12369
11137
15040
15793
15978
11651
11693
13070
11691
15321
9594
11913
7475
9394
16349
14976
11027
12034
8338
25353
11820
13019
15596
12462
33135
18051
14178
10176
11920
20655
11560
12434
27785
12445
14484
13327
13299
15450
14324
12285
13137
10634
19708
13571
12705
12520
18847
18379
14784
12333
12547
29604
24655
16435
12468
9222
17372
11086
8091
9962
6995
9442
13355
10709
8850
9114
10324
25630
10407
10994
9609
9492
7604
7694
17677
8605
10085
7683
9682
5035
5830
7820
7867
8950
8101
7929
8102
6616
6605
6899
5726
7217
8157
7270
8111
5587
5192
4063
5592
3789
6021
5379
8104
7111
10399
7123
23228
6740
5953
5777
6622
5664
6815
10598
7060
5885
4939
5610
11291
4683
6166
10366
9595
9943
6037
8126
8885
5095
6019
9554
6607
10008
4410
7653
6821
5192
8337
8321
11441
5208
7406
8056
15042
5178
6316
6041
13534
8207
6241
7920
3948
5833
5315
6783
17553
6313
22043
5731
6089
7640
5481
5124
5946
6087
7655
6579
7264
4997
5912
6281
6390
4418
6179
6783
6266
5328
4890
6875
5925
4961
6260
5557
10659
5638
12389
9240
20160
7253
20095
6914
6134
12258
6131
7311
4751
8008
5680
7462
6738
6349
6127
6234
5835
6396
5352
5069
6368
6457
3669
4970
4509
4083
4829
5244
7178
21833
4894
19077
5481
7452
8446
47556
7645
6618
8035
6337
6068
5857
20510
32465
6050
3582
6145
6609
31299
7259
25918
6702
5101
4465
5718
7203
6367
4921
6685
3590
7840
5496
5330
16980
6570
4835
5408
6963
6715
8709
4572
6415
7972
8238
7907
6674
6130
7741
6589
6354
6145
23870
18679
13646
6745
5474
13693
17309
7571
10024
6647
23483
4796
32274
15686
35895
5923
21645
8460
8311
5879
4955
6834
5959
6058
9472
4957
21042
5174
6395
5308
1564454
5914
23651
6176
6652
9359
21530
7001
8221
5509
9568
5874
7625
9518
4842
10353
7913
4302
19096
10258
7491
9992
7187
7770
6983
9057
4854
7440
5888
7035
6422
6288
6711
13525
5717
5903
6908
7042
23852
15326
6775
27704
6208
9348
6286
9660
9607
8252
6042
9849
5569
6689
23795
5787
5166
7369
7106
7493
7446
6859
9673
5655
8306
5340
10338
43711
13235
7102
6926
13240
16020
19146
19077
13419
9099
7372
7288
18453
14000
7072
19378
9794
22867
13622
7474
8442
8827
12085
6577
9714
5772
9590
8583
10483
12499
10724
11460
6515
8893
5984
5674
9332
7949
7677
7656
9702
6929
7974
7452
30042
9910
7786
10949
7237
10662
18233
19384
18014
12561
9409
7688
10106
9662
10921
7716
10317
12899
9433
16055
7029
9255
5772
7191
7554
6806
8485
7657
7715
7399
6424
7796
5432
7979
8674
7421
7532
14689
6117
8251
7710
7651
8291
6562
5365
7020
7703
9599
9617
6520
10449
8699
6385
5840
6405
6786
10857
9778
4603
7476
17361
7650
7314
7465
14558
6010
7097
13800
6386
6856
9288
5855
7878
6593
6295
7754
7535
5051
6632
6533
23818
11117
5497
5487
10088
5058
11735
6883
9719
6830
7678
5531
6061
5768
5077
6040
5771
5522
5658
4505
10189
5152
4505
5623
5219
5349
6450
6263
4990
7234
5689
7222
5529
5147
8604
8901
5666
4140
10153
3280
6283
6090
5708
3855
9443
4889
3915
7189
8408
4996
4556
4403
4436
4941
24631
4469
5573
3823
6343
5147
6145
5272
4679
4447
21304
21490
5993
4896
8723
6896
3461
5733
5089
4063
7445
4408
4762
5907
6024
5769
5899
5038
3965
3749
3576
4974
4730
4240
3702
4903
5889
4077
4160
5676
4125
3620
5735
6948
5343
4696
4422
4757
4110
5975
4689
6118
6783
4413
4643
5397
4510
8703
5422
4795
4134
5273
4024
5324
5343
5072
5015
7635
6411
6932
3153
10319
5655
4523
6838
4729
5489
4841
8510
4093
5954
5042
6906
3184
5401
3822
4751
5843
5033
8011
4910
5964
3798
5170
7346
6277
5600
4463
7051
5546
5500
8005
7105
5602
5075
6394
7165
9915
5527
6951
8280
9695
6835
7343
6938
9190
11796
5921
7177
8945
4985
59704
9629
5110
6330
4726
8012
6425
6487
9235
8461
4878
5590
8221
13888
7398
6676
4980
8319
6285
7565
7073
6132
7783
7046
12711
7906
7448
8473
7419
7170
6751
7964
6292
7765
8012
3635
12682
7434
9021
9263
10481
6469
7673
11065
24409
7654
7682
9559
7695
8257
5451
6389
8934
6790
8183
7258
5788
7743
7381
7530
6356
7257
7409
4665
6424
5828
7370
6568
8196
9037
8286
6760
6527
6233
7173
10631
7363
7342
14546
7454
6334
7897
10474
7316
7719
6302
7522
6485
6654
4504
6277
7441
6429
8162
4944
5386
6712
6843
9604
3935
6153
19608
3261
5359
6272
6025
5920
6262
5736
5317
5477
7097
4996
5660
4701
7873
6100
5955
5103
4387
7166
8027
2612
7031
6490
6935
5511
7190
5727
5690
9007
6701
8333
4389
8505
6549
6892
6384
8421
9816
7653
7294
9966
9654
7163
5908
8228
7312
7165
9071
6015
28511
10044
6947
8081
5340
6113
6444
6223
8234
6964
5307
6284
5438
7042
5426
6683
4753
16207
5119
6178
7134
7160
5885
4711
6553
5834
8173
4730
6243
6761
6567
6115
5994
6036
6688
5803
7039
8691
7832
5052
4983
9420
5968
4831
5995
7461
6160
6503
6156
5599
6025
9624
11405
6022
5477
6331
6412
8447
7383
9584
9014
8590
7584
7365
6411
6436
9320
6996
6563
6132
7076
6914
6687
5985
6011
5610
6578
7200
7204
5719
6030
6674
7867
5860
6735
6514
5787
4967
5135
5797
16957
5272
7954
5355
6225
5941
5584
4288
8854
3558
4793
7517
4349
5110
5606
5442
6522
7019
5822
5654
5243
4397
6905
4247
7650
8576
8249
9305
8296
6152
5001
4874
5885
5193
7872
10146
9153
8351
10579
5664
7401
6455
5757
5266
7061
6811
11284
7373
5989
8127
7701
6385
4370
8712
9525
5868
7611
8963
5883
6813
6596
5756
4041
4220
4123
6195
8218
4668
5224
18917
13465
11689
7394
5507
6820
6876
6105
7499
5113
15886
8510
8092
7482
38845
9724
12470
24870
5214
6437
5407
5494
8650
4073
6072
6124
9624
9342
17487
25066
6464
3903
5958
4630
6263
6141
4940
11905
5975
4345
5549
6475
5526
4084
6842
23746
7214
5506
4346
4717
3977
9189
6336
14757
12115
7446
8736
9956
9050
12994
5722
11114
8955
25759
7183
9812
5156
10501
8842
7626
7107
8872
9000
8463
7673
6771
13414
8903
6248
5127
5486
6514
6309
9113
6605
11932
6422
3341
11000
8666
3286
6863
7013
2596
5478
23485
19413
7500
9054
5322
8440
6229
7941
10704
6616
7063
8326
8010
6536
6906
6776
7731
6223
8686
6861
8621
6992
12346
12342
7395
7290
9230
10367
9575
6350
13016
7866
9686
7575
8137
5689
19839
6432
13500
5333
12453
11865
7338
7012
8444
8320
8002
6286
8640
7247
11121
6177
6427
12785
21693
8076
8360
6682
6321
6833
8996
28532
7251
6487
7930
10093
10423
9670
8940
7665
8820
9271
8003
8319
10492
10199
12531
9030
9486
8837
17810
14414
8945
10706
9672
8345
7598
7005
9400
10530
13004
7949
7742
13862
7274
5885
11175
17387
17391
7179
8911
21780
9141
10354
12076
14423
14094
23135
9696
9229
15496
11319
10221
12730
7910
13847
12474
10988
13387
12536
12908
13472
18332
33126
27832
23432
25425
10953
12090
11737
10035
10509
9778
6610
10963
8818
9606
19853
20330
11737
16907
9039
12194
23862
12664
8919
11109
9780
26501
16676
11655
8549
8989
10096
8861
76436
10105
5751
8519
7999
8625
7856
26111
16798
11596
10980
6041
11809
12641
8433
23057
9246
9630
9090
10977
8381
7187
9599
7836
12010
15336
11913
11121
10693
8833
10377
7860
8468
6927
7178
8783
32661
7441
11487
7758
9870
11416
8557
9785
9628
9546
8964
25975
5207
11655
12594
12622
12846
27121
11944
12546
6222
24009
18146
32129
17026
11381
10832
8562
13101
15255
24862
13770
11150
10849
8898
9409
10982
13398
8383
13841
17461
14117
10915
11997
8503
5881
9533
8576
13477
9199
7077
24185
9131
7006
5658
10809
25745
9208
17285
10949
12820
13484
10878
26167
14213
10496
9767
10368
12088
11186
9867
9967
26781
93787
8420
11274
14788
12234
14456
14836
10910
11977
15311
11202
16469
18306
10853
11295
10448
21275
13020
13208
15264
14102
13094
18954
14578
40943
12656
13850
14322
8714
16564
13929
11428
18177
22850
18227
14700
17330
15609
21293
23310
18597
15003
16878
28504
16829
9894
11747
15170
11214
16615
20908
10912
43035
14484
24235
16198
20672
22111
20606
24735
13034
74039
104401
29534
18466
20565
15616
183067
24340
25848
17373
24775
47344
18916
24233
13585
25428
21774
20171
39584
21970
22986
48408
25213
19030
26488
24595
19836
23013
23698
20577
17134
24198
18314
17132
25660
26078
350771
23725
15494
22228
18013
23199
16637
15621
20040
19210
25182
32121
19885
34160
18303
18877
19718
19407
14982
26327
23876
25458
18341
21684
20269
24939
18955
15461
20893
40026
19522
28061
32459
25031
20564
18380
35979
20085
20618
23313
23361
23255
22658
20452
23866
20782
14955
23574
19799
21434
28837
17079
23484
12316
31046
21348
26837
19910
302822
21823
34500
17057
19650
22238
26308
19761
23603
20282
23272
17786
22088
19302
21215
21904
23753
18757
26873
13109
37741
23703
37547
21506
14989
24252
28857
22759
23892
19709
29669
22611
21324
22982
22551
20533
15432
18997
39535
38455
21374
21891
24292
23508
23183
18916
19609
14712
37980
21254
38052
10807
21819
21162
17965
16676
23092
20405
43676
26643
21351
26426
16915
19989
19366
21982
25376
21949
20918
39041
65386
22807
22688
19520
19223
12026
16908
19530
21707
24599
30650
22331
25125
16991
17848
23238
25127
19640
37090
29979
20869
22377
20006
27607
21870
29000
26469
25554
27585
30826
25100
15515
25075
36891
19837
24861
60468
27420
47602
31659
28656
35865
28990
31384
25367
46943
19210
20980
47627
28595
16256
46834
42077
17682
20622
45868
51249
44716
27468
27677
31770
36093
24042
36686
24059
27817
39219
40145
36279
24677
22534
13551
26636
27705
29565
24962
27203
22284
33915
14218
26358
42149
21171
24715
42115
39788
18250
24016
25209
26678
37229
19066
75840
24161
38285
27318
54225
16956
21003
19976
25002
17852
34092
19817
15530
16096
22157
26392
36850
23923
18694
20345
30136
20233
23404
27524
22092
18458
33779
29853
25115
30357
22543
35010
26695
16226
16727
50744
28498
30071
33120
28611
26148
12765
30365
28284
22029
26371
29345
71701
23139
21840
31265
35052
21826
24448
23175
63606
14419
34189
24150
28965
30141
24699
26951
19517
27778
23857
23479
32542
21938
23081
24221
19364
33293
29747
28319
36470
25961
19526
43668
32101
26264
39018
20075
34558
27620
26056
31673
26712
24340
16696
27386
24024
27034
22315
28681
36887
29270
22160
33349
97315
24846
27771
22971
26629
34258
26527
23678
44991
33443
45584
27434
50338
26317
237374
26750
25478
19770
24181
17813
27884
22720
367894
19753
31558
36665
29543
25852
32233
28445
30183
27575
19978
23476
32050
20702
19653
27119
31698
37567
29201
21972
18656
17047
17986
30702
22777
52822
38752
19435
15425
21935
21781
23203
44089
35093
39929
55358
29730
31316
20410
15685
27178
25421
19732
23283
17509
29994
28497
50457
24208
57210
15052
17895
29086
18753
21731
43170
21970
35703
27685
22088
23136
31662
14102
27944
27865
20907
22489
16164
30391
21862
41797
40938
21003
27209
28910
19965
17867
14029
43970
22523
19812
16245
110064
27008
37355
28650
19081
40729
15783
27481
52363
20273
16400
18407
23570
296717
20212
26156
25452
20529
18949
29825
28923
22982
27206
30906
19659
20683
15372
25752
21814
16698
23371
61488
77575
24275
58236
19907
24178
28897
27444
32991
23284
56603
26801
20174
34285
26871
58361
24994
33448
40279
39543
28333
25605
31661
30692
25728
21381
41009
17098
27585
37592
18585
72190
29895
60420
44087
18953
45527
27794
17259
29102
36738
36811
70570
29048
41120
23307
25073
42399
26781
37783
22437
22895
28697
13932
26436
34766
28316
29589
26291
18160
22775
26445
56141
20137
27290
19973
20882
17394
25359
20370
25955
13006
21437
54074
17142
14104
18914
22409
23787
20600
29947
26491
22238
27537
33859
33398
20891
19011
25358
27316
28231
39605
27341
25128
26498
38601
28855
21371
52139
30743
38689
35489
33479
37617
26200
21296
22621
37059
67816
25525
27865
21200
22773
24999
19123
19903
39189
24497
30175
31673
46824
32950
37325
25425
27279
22304
19660
24499
30751
13822
35961
24051
33503
41870
21204
34552
45528
48060
20309
27250
22222
29746
31813
27635
39296
23862
22567
40886
26117
46939
49099
21182
31005
202368
46650
28130
25928
69349
39450
68227
42182
27540
28824
34415
26390
26024
32329
30008
26962
22100
31184
61934
26196
22658
23043
29244
24600
28166
66105
26334
24249
24237
29059
25686
24262
22634
20399
26602
33534
29549
30906
26781
40183
35981
24498
33471
24538
27659
27738
28247
27189
28381
44328
29454
28159
23224
30467
35257
31044
37466
31134
39426
28834
40347
24091
25629
22537
20510
46239
21442
24649
19725
62640
15148
31549
27499
31984
19986
38068
62433
27021
29029
47683
46347
22876
29029
16457
56292
30431
32986
33538
26805
30280
29716
31569
31081
38230
27894
26640
21028
19372
26356
20988
22742
22579
34732
22698
31138
11429
29831
18619
17628
22421
38373
11866
18082
22088
25371
26358
111976
29386
77201
36056
24534
21710
16664
31829
27820
29120
17152
23723
38409
17035
19014
31497
20943
24523
20908
17661
14455
21669
36617
30666
30263
21307
25759
36751
26311
28456
21691
24738
27599
27338
25424
19852
36426
21708
22719
25041
34986
15465
24124
25088
18793
18062
23825
24862
28005
92592
28665
47252
55497
27698
31313
34871
100920
32096
25843
16882
19842
18245
26146
35303
43042
23665
19405
40806
21098
30007
20514
21604
34719
25008
23720
25769
96769
21127
24767
16164
35449
32527
32947
31057
56111
28605
22960
26820
21304
19349
22878
37478
26961
1007783
30589
19288
20448
27015
65202
25453
27921
20593
40175
29197
20987
29492
22991
18730
20690
22200
23193
23944
27959
21124
25731
36552
37480
74677
44910
36876
28280
28084
27680
27020
34367
30379
19970
14597
37519
20643
26825
30473
25102
25586
28293
31101
19032
16983
23781
27333
23925
19985
19122
18966
22599
15337
21891
19156
28473
69450
22865
38845
28521
40576
14107
25110
53832
18557
23360
16876
16703
25065
20427
23672
26479
21598
17689
16741
23651
22931
16618
31618
38890
21778
26094
24172
33347
27906
27689
34649
43860
32773
23686
34333
32532
22219
78459
30240
20994
27015
257382
46985
25186
23106
36191
35609
28659
29821
37723
32403
20712
28140
20320
87489
21904
20983
27181
19726
25375
15317
43262
28079
27590
23591
15858
20128
18558
49977
33091
27358
24204
18447
51579
21820
34274
22817
24541
20822
18885
23681
15419
98720
20823
14704
14414
16737
17810
19985
18263
18850
18650
61127
21262
19454
22212
9681
22329
24197
24191
19886
21708
25316
26737
34994
19378
29841
18665
20020
25961
12925
19056
23992
33826
19467
22128
22799
21684
30089
21150
24424
16631
19117
24738
20488
20183
17521
18514
17789
14786
24847
26983
18792
28291
24343
17210
15164
24503
16641
34519
17172
24383
31665
18596
26871
15607
24023
23458
20753
17961
16317
20899
20064
18519
30508
22276
23252
30540
14354
13504
17145
18061
13754
24516
15718
10887
14929
19346
16467
19473
18953
16603
15180
17609
25728
8174
12521
14144
11196
20835
16186
7282
16365
20464
13807
15708
101526
17040
23572
14714
29655
18006
13277
31832
19508
25297
21760
16333
11083
24846
20502
16131
17903
13151
15948
13498
9541
11530
13112
10110
10548
15910
14054
11035
11268
14866
9998
12209
9529
11093
15521
11707
11492
29173
10137
10920
11345
13231
12004
12539
8607
32062
11303
12073
9310
10824
10262
9024
12941
8173
8479
12033
11260
10814
10112
11360
10361
9131
11330
8794
8709
9018
8683
19036
16132
9047
8568
11452
10612
12284
8618
20826
8828
11047
10608
9069
9313
13266
12039
10662
9211
9497
7054
11587
10870
14924
8673
8029
6483
9487
11134
8795
7747
8193
11017
10988
9050
8494
9693
7701
10428
7206
35926
8507
8923
19251
9682
6755
9400
6742
9483
16412
12110
22362
7320
11909
6699
9590
9851
15944
11301
6291
14799
7818
12783
10323
10214
8606
8642
53733
21575
11105
26026
9630
7230
21329
8564
28099
8417
13710
8958
10246
27022
11290
9213
15475
12554
28392
8964
13106
12770
8715
20615
14022
11994
13909
49443
25630
13999
14454
12698
12246
11481
16953
18690
20483
11828
28253
22198
25741
31502
8268
13071
14653
11413
12778
14872
17973
11981
24825
57206
9066
14476
18820
16076
26172
29494
15899
9029
16464
13039
22262
13780
9974
21684
10166
7602
14378
12317
12092
14833
12134
13942
15494
23202
10133
13662
9115
12481
15455
14765
14330
12898
11023
21839
12744
10431
29067
12119
13296
11828
12916
11374
10131
12961
11878
14901
13203
13304
11518
21425
29342
10387
11028
12404
22292
8900
16045
23189
13574
26804
11931
9860
12155
15556
16801
12706
12919
8427
14581
14985
8691
29145
10688
18913
15115
13017
12049
12055
14956
10110
23596
14930
11637
29346
11946
11861
19362
10830
15305
12420
12813
15327
13562
13407
11676
13915
26893
9210
24707
12032
24208
16191
10269
19141
13854
28672
8496
10378
24467
10636
17900
11307
28062
13237
12048
10350
31581
13460
15921
11936
23010
17502
11452
10632
14961
7664
14165
10234
12035
9143
15474
26247
24280
10250
8573
10540
9604
9401
15343
11159
7717
20563
8748
10907
14319
12500
11574
9631
9592
9070
12846
7482
6433
9809
9262
11601
9069
10091
13261
7544
8799
12081
13007
13295
7475
22816
11827
13856
10885
15247
18733
8438
23764
13056
10010
10753
11705
14992
15642
41029
44071
17886
12915
12923
33689
11278
141514
13010
12895
9973
11833
19966
11315
13460
30889
43518
11765
11184
13432
26924
16371
26231
12622
18633
12743
13659
10560
287628
22139
9408
13387
15139
13780
19681
10655
10624
16447
17276
9342
9388
8281
8187
15308
14913
11735
10439
14523
9000
10051
19540
13058
11452
13033
12600
8008
11063
10889
13138
19055
11819
9977
14149
15284
12549
17871
21723
11059
127830
23487
15341
10198
13756
20088
8329
12361
11099
9967
11920
21777
11001
13908
17483
15153
24437
13746
10214
9866
28522
9329
8555
12192
10342
15299
11065
11979
12665
21968
12366
26046
15885
13106
8689
22090
8361
11678
10982
14898
12832
12367
9933
25347
12121
10951
9189
16678
7827
8512
10812
11679
32958
20547
17509
17105
12987
10152
14802
18292
13251
12256
17008
19262
15417
12016
11817
14751
18278
20278
9532
17778
15963
19107
17243
9559
13428
10602
16886
11910
31916
9859
10032
7630
14096
21717
11144
9656
11409
7974
11787
19223
23195
13860
35662
10040
40144
10327
13261
11454
9966
12921
21172
57160
10077
19389
11137
14434
8376
18135
21958
16768
8154
31489
27087
10376
16663
11810
25750
21634
14410
24054
12890
10645
23870
16161
17848
49882
8603
9716
15110
8674
17016
11498
12956
14660
17478
13263
12956
12234
10323
12338
20279
18096
18015
11569
12694
13863
10720
11453
9244
12488
8447
7417
11514
12685
27695
12036
12016
12173
8651
11765
10805
8042
16552
8481
17213
22862
11954
13683
11823
10431
6150
7494
9560
7662
8915
14637
6861
12950
11784
11186
8559
9571
7084
25770
7912
9130
7858
9591
31963
13124
7577
12355
9298
8295
7757
12769
9984
8479
8024
8738
10657
9703
13125
11562
9901
10739
9901
9904
12192
20752
14337
9152
9051
14612
14035
6663
10902
9167
13014
10320
7580
12372
20283
23998
16264
9334
12391
11275
8384
9276
7068
7223
6635
10494
9417
7921
7405
8954
11416
9778
22732
10396
12193
9076
7878
8396
9753
10486
10356
11390
6050
15413
11005
6927
12976
9310
8214
7825
9727
8921
17314
26962
12362
10061
10862
7339
8985
10697
12090
7906
7279
10586
8743
14436
10599
10268
7209
13036
45377
9990
13991
6912
18086
8628
10510
11584
13412
12510
9829
8772
7856
10338
9412
10714
6806
9920
8674
8315
9915
14022
6949
20750
20078
6105
9053
8993
9252
10038
9763
13259
10311
8023
11727
5931
50308
6075
11544
13740
14420
10024
6238
8701
11125
5275
7367
11321
7819
4792
8483
6819
6994
8818
20088
6533
11728
19792
6133
8081
11554
17680
10095
6902
10217
8639
16791
14769
7949
9485
5377
16044
7232
10093
20700
12856
12247
15293
29201
14443
7292
26896
15668
17656
13689
22835
23865
18474
21542
11954
8654
7776
10178
10157
74887
8205
15244
9947
16469
10589
12748
16100
11542
10094
8952
9513
14106
11926
8028
14529
10241
12541
12885
7995
6940
11795
12549
10228
13323
13689
10477
7457
15047
7553
14182
8070
7215
7152
8840
10402
9601
9939
10029
7499
13934
88541
9802
11424
9347
26269
11837
11352
11447
10863
10421
7728
12532
13830
9722
16473
7658
6740
13093
11183
29663
8869
9458
8559
40725
13137
8344
12750
11672
10446
8108
11966
29271
8668
7823
12043
9690
8338
7112
8780
8321
9456
10870
20547
12131
13421
66335
10192
18961
9927
7679
10857
10698
12738
12437
10187
12847
13651
26006
12449
25813
8028
13176
13704
19676
10320
11251
8066
11431
24290
7941
10053
13302
13186
7922
8339
8929
11077
10556
23799
14023
15472
11392
24345
14169
10162
9154
9718
13010
9703
8346
6296
18773
8268
6513
10049
8686
15557
6926
7442
17276
11029
8793
9451
14551
14731
8213
12867
8680
8292
8794
16851
8850
7750
8974
13645
14685
7030
10709
7432
12073
8769
7608
17849
6459
11379
10163
13792
12456
7925
6915
8596
12690
8319
9115
8602
7805
9748
8985
7188
9990
8001
10766
17422
15783
10588
7497
11693
7705
4704
13250
13990
11686
9274
9131
11282
9419
10266
9542
7255
7653
11339
7039
19555
13449
15419
21866
7833
9312
8023
12205
9433
14483
7720
6179
8516
8430
14859
8306
18441
9074
8015
10676
10188
7427
18488
9108
14735
7766
10934
16357
14475
11391
8647
10155
21569
14789
9572
16611
12271
8359
16120
19239
13238
10475
19665
12242
14047
10224
9765
8627
11192
8353
11472
15342
7557
7556
13416
11729
8055
15170
16752
11470
13712
8411
17067
13814
15671
12500
8899
49968
12893
13642
10736
13937
15307
9917
14843
14202
18039
16672
10646
22591
17655
14972
14597
19293
18470
42097
15288
22884
31066
20537
24419
45977
23692
22721
45289
16573
18520
30678
23501
14329
19628
19226
20397
27676
23465
33412
16882
20812
23355
21640
16967
17099
82690
23991
23749
16349
18954
15281
17082
21183
16463
25864
12906
16024
25987
17867
11935
15174
10874
19126
14724
14136
16198
13591
11216
11103
12759
15554
18228
14555
17775
9495
18611
13923
15365
19092
16698
11847
13100
11429
12619
19745
12207
8605
10792
20878
7816
13855
7979
11078
20717
11939
14710
12487
11976
12407
10334
10276
14383
26662
9442
12145
12676
15734
12016
15996
20911
15537
21267
15680
14691
48182
8602
11795
15790
8329
16295
15064
16673
20419
18139
15841
21330
17508
19510
26833
21099
21677
15800
20894
16510
17801
43820
23405
23427
10096
22782
20118
60185
19352
18568
27863
15549
20272
14126
22827
11704
20852
24428
15231
26704
22006
87412
36802
55693
15901
20685
21878
21455
20232
14138
18020
38830
25155
17760
20383
13481
16813
17996
18470
17136
31950
37076
29335
27000
25434
15258
44293
20385
22543
17392
21372
14380
13167
45338
12451
23721
33321
16295
37966
15517
15190
16411
13046
14350
13638
15426
13279
15158
20387
32239
11258
23434
29951
28774
14074
16013
17143
18536
24218
36296
21388
20563
17039
17380
22269
12655
58107
29373
15623
18261
24186
17513
15039
22422
20559
16504
13520
20111
21988
19486
19988
15938
15982
14286
18228
10227
19235
18610
23443
19072
19187
16696
17620
8430
13009
20178
18369
18397
13761
10164
19719
24342
18646
23878
15148
19531
15723
19684
17036
21581
11766
16066
15287
20393
20918
20292
19208
21320
19118
45058
19484
15492
28279
20770
16969
15551
16329
14011
18558
16769
21314
22994
16678
16626
21422
17268
15088
14220
16471
16692
14991
26442
22656
18794
19567
21119
126166
11808
19458
16480
14107
13730
23050
17064
10358
76532
19862
16917
16836
31794
24935
13212
10432
20708
13081
10341
15040
13374
9639
11237
15204
14963
9081
9453
14858
9966
7420
7625
17305
9381
9309
10629
6507
14106
11022
14574
9700
10655
11631
11948
19386
10769
11695
8329
16974
8042
11417
12974
9762
15403
10649
8959
9265
10423
7604
9340
8163
7070
10295
12153
7105
7320
8329
14011
6133
8378
6960
12071
7645
14062
8463
7573
10469
11465
9488
11523
6413
10856
13696
13435
9226
17295
14169
6922
14084
6315
15217
26345
10684
32641
10571
9738
8263
9525
23087
11838
9095
9145
7868
12872
7075
7214
13706
26115
15443
8812
8122
11083
9995
7911
26135
25540
7445
8056
7042
7787
7754
8825
10414
12468
7561
6276
12244
10433
9747
9547
7991
12070
13970
5204
14982
6706
24270
10781
7006
15756
8593
9505
7684
6059
6093
5619
9163
8291
8028
5393
10226
6549
7587
7517
5285
11704
7567
7461
5561
6203
22737
8283
17283
7603
7073
7443
8944
8072
8127
8631
18496
10757
22957
9115
10376
6449
24177
23966
9134
8258
6578
6055
14824
10051
5543
10836
13313
5906
10225
8674
6814
8683
8635
8077
7180
10697
24247
6469
8950
7819
5558
10835
8475
10439
6456
6920
8250
13976
9721
6268
4461
7489
12029
5731
7402
4882
8216
7191
6975
5933
5059
6087
6883
6649
7712
6346
5729
9364
7952
7454
7102
6337
7989
10812
7362
7410
7749
6997
7582
8644
6460
8570
8641
8099
8331
7288
20696
11263
5953
8027
8854
6501
7180
9829
6532
7672
7924
6653
6608
5079
5936
7269
7327
7869
8094
6709
6860
9133
7533
5966
7116
5639
7571
8400
7479
7059
8524
7798
8059
6455
6772
7868
6112
10814
10327
11667
6913
25758
7850
8295
7238
12456
8516
8541
7978
9293
9608
9271
14531
21421
7929
8845
9628
9300
9471
6215
6711
9079
8620
4815
8512
10782
7801
9221
8091
6561
8897
7071
7429
5355
7555
5208
7648
6332
6944
10038
8521
7561
7413
6931
5005
6119
9674
8175
5592
7014
9148
7736
14811
14556
7768
6628
6729
8953
8991
5951
7184
9076
7820
8531
7970
11124
10772
7019
6541
6056
6468
6939
6934
6922
7554
7087
10424
13340
7040
7868
8162
8296
9265
10067
8876
14029
8434
8214
6634
8412
9883
8796
17172
10179
7913
23616
5796
11433
9807
13337
11160
10196
14282
10311
9511
10050
12046
8299
7194
9944
8290
10660
9802
9420
7496
8941
10900
10044
9238
9803
10385
8769
8008
8521
8927
8037
6801
12630
10719
9888
9471
6483
8158
9051
8567
10438
14908
13298
28710
11431
12925
11766
7982
7870
8312
8998
11834
12924
11782
9185
13988
10795
13887
15503
9793
7179
11469
10593
9682
8415
10514
15729
13842
9205
29809
15323
14474
29030
10975
14509
14141
18722
14609
12915
14818
15238
17432
11444
11081
12986
13320
16960
13688
30551
14705
11597
15134
15235
13095
12583
13572
13299
19752
12895
10132
14552
15137
17375
13235
12456
10347
8130
12018
13252
11480
46359
10957
13636
10265
12549
14194
11524
15348
12591
11115
18161
44164
18964
15002
22143
13641
13508
14838
12072
13320
17542
12507
19285
15082
11283
13152
18846
12224
16661
14865
11338
10799
12069
11905
14190
11444
14644
15519
15381
30078
16233
22431
13490
14602
13616
15250
18441
14330
31084
17930
18740
13742
15108
11765
19116
10494
19783
16408
13483
16099
23324
138549
106516
15223
15155
16400
25793
20283
13142
16866
15020
18892
13052
47396
17547
15709
12434
14012
9917
15483
12839
14377
11364
13765
8371
13950
12450
26516
12183
12907
10549
8503
18115
15009
14500
14170
15647
15012
16799
10485
16604
14149
14510
14470
10032
9202
10479
17287
15197
11262
15188
12020
17666
10963
11778
16275
29983
12173
15077
12924
13987
17751
11603
15774
10928
13897
12093
11125
12255
10976
14170
12492
13047
11559
10217
10900
9167
12333
11784
11114
21548
7553
11261
10895
11188
10099
12664
11410
11580
5730
7757
8649
8898
9906
11514
11878
8224
12049
10189
8542
12183
21935
7521
13415
6285
7678
6499
8988
9783
15152
8988
11800
9854
10266
12820
16995
7950
10102
10748
6382
8891
5136
10723
9140
9462
116434
17602
4887
5368
11654
9867
9054
11432
6208
13612
7939
9933
5267
8264
9581
8489
7687
9811
8762
11671
11495
8196
10760
13104
10784
12716
11406
13271
7693
28488
8143
9573
12488
9033
11729
12097
11181
10236
17152
11674
7988
7603
5985
5934
8576
6714
5660
3851
8342
4779
6896
6142
4097
5792
4636
7740
4994
3688
6879
6724
4540
6074
4860
5284
6469
5829
12672
8122
61946
8561
7111
8282
7792
7000
6350
7847
8175
5854
6053
6413
5723
8409
9265
8560
8334
4519
7135
4328
8241
7250
7586
7281
8806
7838
6932
10124
5928
11324
4352
5959
4638
5159
6288
6545
6457
24207
5394
5000
6330
5077
6286
3664
4249
6233
11657
10237
6858
7856
6445
9672
6742
5235
5366
4499
6962
8031
5364
8769
4793
7467
4639
5296
6002
7388
5946
6416
6354
4343
5720
6048
5462
6429
6782
6521
6214
5997
8558
7727
4110
6055
7915
12054
6345
7316
7458
5696
6092
4162
6021
7241
7083
6023
