2961
2888
3075
2735
3260
3418
5458
3229
3443
4297
4195
5191
3772
3805
3712
3384
4279
4984
4277
4193
2947
4125
3455
2839
5068
3220
5313
5081
3486
3832
2428
2920
3997
4391
2804
3521
4679
3820
4347
3663
2782
7807
4851
4370
3097
3351
3149
4765
3093
5152
4269
3675
4506
3446
3509
3496
4378
2528
5045
4047
4989
4355
2568
4376
3900
5085
3196
6220
3284
4603
3709
3389
3718
3580
2392
4826
2562
11123
4626
7402
5844
3960
3176
4172
5921
4337
4103
7522
4397
3402
6586
4035
3011
3768
2733
4827
3413
4424
4445
3432
5292
4823
5320
5439
5300
3018
3841
1530
3648
5630
3562
4158
5911
4168
1880
3022
3608
3346
5998
1545
5388
5506
5325
5067
4205
7922
3027
5172
2025
4483
3020
3397
7167
2880
3415
2637
3215
3337
3974
3077
3642
4569
4527
4916
4500
4156
6518
4838
4328
4718
3337
4031
5098
3874
3061
3189
3994
5066
3162
4173
5658
5591
4750
4000
3170
4257
3627
2972
5082
3405
4118
4431
6884
4699
3952
5048
5108
5911
4358
4565
2856
4183
3756
3968
5055
3195
2014
4198
2709
4377
3191
3211
3379
4161
3657
4310
4218
2681
5611
4822
3940
4107
4222
3194
4558
7230
3132
6025
6844
5252
4175
3699
3658
3456
2277
3533
6197
2451
4398
5159
1909
6404
2446
5586
3172
3485
4803
4108
5316
3629
5081
5187
6224
5117
4504
4324
3813
4028
5141
3269
4064
4334
6052
2568
3610
5113
4469
4033
3287
5809
4002
3538
4940
2439
2933
6317
5443
3484
4178
2406
2786
4156
4160
4556
4549
34440
3039
3816
3949
2656
6181
8326
5492
2799
4964
14926
4631
4023
3318
2799
7143
3506
4167
4442
4936
2647
4019
5061
1517
4683
3469
3595
6773
4336
2773
4094
3383
3829
4580
6039
6021
3860
4488
3460
3471
4269
3021
4665
6331
6956
3160
5539
3668
3410
6348
5512
3429
5001
7480
6318
2529
4988
2950
3273
2655
23857
4214
3594
4427
3329
17857
3900
5865
3810
2524
2595
4346
5013
2871
4728
4803
5006
3382
4543
5070
3974
3120
2762
3313
4231
2739
2305
6115
3445
4648
4427
4701
2018
4172
4948
5249
4920
3623
3462
4041
3888
3155
4321
4694
3462
4363
3965
2905
3078
4179
3805
3501
2969
5050
5053
4960
2604
3841
4527
5005
4250
3945
4071
5152
3475
3148
3942
3980
5897
4062
4098
5515
3585
4924
4991
7543
7098
3619
5548
4465
3851
5104
3448
3972
2941
3102
3179
6196
4402
7922
2140
3742
5465
5456
4386
2513
2253
4418
2509
4969
4130
4370
4033
5090
4907
4858
6946
3528
4542
5095
6008
2944
3902
5795
4499
3762
6223
4173
4815
3371
5546
2626
5090
3215
6273
2910
6355
3644
3240
4933
2323
3871
3910
8477
1773
6422
4388
4743
3806
3191
3108
5646
3795
6193
4402
5069
3830
2932
3526
3522
4674
7063
4285
4208
5264
3366
2971
3581
3982
4490
4710
4706
4354
6128
4632
3861
3806
4231
6458
4661
3795
12554
4678
3870
8134
4186
2730
3168
3927
3698
3558
4646
5453
6415
3047
5001
2482
6660
3475
6521
3993
3675
2966
3416
6896
3903
7067
3339
8165
6672
10028
5181
2764
4727
3063
4711
3022
2364
2683
3372
2520
4783
4960
5512
15215
3179
3958
7468
2990
5452
4994
3593
3144
3599
3343
3827
4938
4118
3721
3624
3726
3458
6542
4404
4262
4886
2645
5388
4076
5522
3709
4704
2702
5203
2896
4624
4600
3848
3639
3794
6570
2619
4201
4170
4091
5360
3299
3060
5874
11523
5546
3131
7022
4760
4365
5215
4557
4061
4049
6176
4128
4237
3706
3913
3437
5232
3528
4045
5876
4695
4193
3072
3180
5417
3977
2742
4100
3890
4302
3314
3360
4993
5098
5447
6474
3592
4150
5952
4945
5346
3219
5323
3441
5391
4931
3073
3565
3369
2892
3705
4378
4481
6876
3404
4998
2559
3326
4738
2101
3317
15363
3070
3377
4299
2929
5415
1946
2548
3076
4291
2944
2981
4377
5572
4328
5396
4382
3073
5401
3701
6452
5021
4903
5032
5522
5883
4292
5347
3401
5224
5887
3051
4504
3180
3586
2469
4170
4776
3926
3156
3631
4381
4161
3749
5809
3591
3908
3396
4049
3189
4255
3873
6393
2935
5249
4210
3813
3615
5005
3756
2890
5832
3975
4208
3051
4363
3260
5040
5527
5753
3373
4487
4178
2870
4320
2292
5936
3213
4677
5213
2929
4977
3670
4251
3561
3878
4359
6468
3386
3046
4177
13321
4688
4462
3292
3249
3225
5119
6759
2012
2910
4364
22165
3314
3218
2649
4950
2888
4661
6958
6148
5356
2475
3613
5027
3828
6079
6043
4200
3748
3705
2838
6067
2698
4205
4721
3134
5283
3476
3826
3958
2322
3187
4404
5112
2456
2832
3877
2884
2453
5157
3868
7992
3864
2911
2564
3686
2401
3745
3678
3292
6570
3029
21074
4250
4224
3840
4378
3383
4275
5284
4346
6165
3604
4989
4003
2748
2553
2947
4543
4516
3298
2961
3461
4600
4454
5060
2655
4380
5327
3859
4503
3250
4581
3470
4314
6229
4044
3007
5724
3230
4660
4746
6078
2442
3690
4273
2825
2582
4049
5103
3213
3020
4605
3315
5126
3750
5504
3065
3115
5530
5500
2864
7758
5108
4427
3366
3802
4152
4358
4347
4419
4063
5027
5212
3452
4053
6411
4401
4413
5212
2515
3456
3553
3619
2726
4906
4197
5857
3564
4218
4634
6011
5171
3895
3918
3200
4511
4569
1868
3281
2962
7503
6147
4129
7225
2784
4722
3973
4252
4502
3240
3331
3294
3015
4128
3360
3122
2982
3980
3269
3504
3519
7599
4013
4700
4502
3859
6292
5379
2729
6752
4035
3809
2974
4740
4215
5459
3013
3348
2948
4471
3587
7697
3850
3938
6474
2216
3239
3770
3530
2694
3848
3279
3673
4586
4777
3703
3591
6501
5994
4129
3915
3086
4529
2629
2803
5297
5965
3680
4791
4661
3604
3713
4463
4318
2966
3071
4014
6259
4728
3873
3507
3729
3648
3315
5033
2349
2560
6634
3113
4621
4222
3459
3587
4516
4149
3803
5657
4333
4321
4751
2252
8921
5095
4140
3343
3499
4271
3399
4444
4042
6518
6955
4062
2626
3586
4224
3968
3155
2915
5497
3647
3768
2653
4661
5892
5447
3804
4914
3285
4499
4641
3965
2868
3862
4700
3636
3501
2812
3676
3099
3064
3511
3558
2062
5298
4067
5506
2320
2724
5259
7326
4275
2628
4349
4017
2737
3753
4090
3404
3722
4245
10639
5397
4201
3802
3134
3290
3185
4725
3000
4065
3836
4075
3809
4768
4347
2938
4578
4307
4707
2253
4136
5100
2605
6905
5320
5813
2259
4094
4602
4781
4136
3866
3412
4054
3954
9439
3473
3984
5572
5761
4762
4669
3600
3114
3523
1766
2929
2969
3352
3919
5075
3959
5593
4518
4758
3282
5630
3858
2422
2646
4106
4516
3755
3970
3178
3522
4549
3504
4459
4694
5775
3610
4129
3590
5566
1918
4624
3496
3878
4376
7702
2886
3461
4404
5103
3422
3977
4696
3428
9083
4907
4051
4000
6622
3490
7493
6118
3333
7552
5124
4038
2378
3597
3750
3670
4372
5153
3599
4130
3430
3096
2898
3622
2735
5332
3257
7281
3405
2225
3748
4266
3835
4854
3325
3365
1675
6323
3767
2923
4469
4241
5054
3464
13989
2770
4404
3022
4533
5300
3878
4166
6613
3971
3573
2965
5796
2186
3063
3040
3535
3744
6241
3876
2831
5100
4642
3283
1980
3312
3956
2870
4521
4605
3558
5251
3897
3417
3461
3820
6354
5226
3634
6032
3307
4925
3873
7035
2296
4192
2647
4904
4782
4004
2465
2569
5071
4907
4441
5634
4644
4959
4150
3333
3637
5630
4284
5480
4406
3682
3487
4564
4764
5293
3189
4448
4347
3136
4804
6607
3843
3802
2077
5794
4962
4831
3196
2789
4236
4954
3269
4241
5323
2367
4242
3782
3427
4320
2209
4136
5918
2500
3612
2510
3119
2300
4546
4788
2598
2614
5797
2942
3480
1056509
2683
3673
3737
3361
5415
3689
4107
4470
3855
6904
4554
5020
3142
3267
3541
3058
2863
4216
2247
3293
4278
2736
3250
3830
2557
7440
4900
3390
2963
4088
4198
3433
3315
3241
3494
23292
1720
3207
5191
3573
2523
2342
3531
2749
4389
3347
3162
2617
3805
4328
4629
3709
5232
3586
2676
2330
3142
3804
3879
4177
3305
3386
3887
4634
3541
4843
3192
3461
3555
3448
3802
5571
4916
2369
3978
5383
2822
4396
3254
13800
6107
3901
2630
3360
3810
3820
4227
4183
2567
2990
2727
3594
2341
5289
5503
4401
4465
2857
3342
2193
2849
4613
3376
2810
5564
2621
3792
3462
2676
3114
5592
4378
7054
2179
3806
5282
6076
2737
5927
4529
3406
3453
4746
4575
3803
2915
3368
2344
3125
3754
5444
4939
2989
1925
4296
6160
3262
3285
3656
3107
3414
3199
2498
3907
3700
2899
2879
3013
4040
4582
3543
4630
4859
3533
1111
4309
3787
3157
4582
3799
3628
25110
5079
4392
3851
3939
4764
5548
3133
3430
5042
2532
2178
4681
2817
3931
2482
2496
4817
3289
3715
4247
3302
3855
4815
3891
2790
4544
3436
3865
5655
2979
2967
3149
2953
4353
3429
2027
3274
2596
4029
2965
3896
6311
3828
3223
6223
4511
2356
3125
3662
4232
3023
1986
3025
2852
3976
2816
4308
2635
4083
5456
5930
3661
6089
3170
2586
3554
4283
2922
1910
3020
3639
3939
3766
3083
2653
3954
7900
5105
3195
3754
2940
386472
4404
2752
3850
4990
3416
3953
4021
5115
3564
4083
3306
4763
3902
3757
3988
3270
8880
4850
4109
4920
3931
5111
3829
3260
2843
3368
5048
5316
4289
4168
2590
4355
3585
3149
3328
8750
2634
2587
1961
3079
7069
3440
3392
4441
3186
8353
3456
3194
2704
3954
4347
3212
4419
7121
4615
3809
4476
3696
2842
2164
2635
5463
3154
4053
3381
3833
3394
2563
3528
3972
4701
3958
4511
2893
3371
4234
3567
3431
3569
3415
4410
3624
3571
3347
4344
4101
3195
2110
2623
3090
3764
5370
4227
5484
2779
3161
4751
3983
4842
2640
4779
3715
4478
4394
19315
2628
5154
2326
3397
2520
4118
3406
3249
2432
3607
3230
3172
2459
2653
1767
3911
3186
20411
4287
4148
2809
3744
2450
2555
2343
3444
3801
3697
3719
4681
5395
3884
3729
3065
3520
3529
4881
4487
2300
3337
4969
2291
4281
3193
3150
3348
2938
3862
4891
4899
3727
4474
2420
4314
3707
3256
4508
2971
2816
2969
3621
3855
4767
2676
5440
2947
2660
5162
5031
2800
4905
3271
3344
3720
3847
3093
2883
2919
2861
2244
3748
3225
1297
3256
3883
3143
2570
2493
2710
4163
2991
3531
2318
4612
2738
3385
4907
2418
3621
3002
3562
5043
3139
2991
2673
3731
5579
3561
2497
4431
2906
3444
2748
4444
4937
2704
5975
4037
4026
3945
2162
1944
2665
5862
3549
3651
3870
3864
4324
2866
21161
3683
3872
2339
3863
4634
3259
3160
2463
3318
2524
3310
2497
2387
3589
3695
26928
3369
2969
3806
3457
3905
4649
3271
4108
4187
3157
3133
2948
2806
3503
2936
3124
4016
2464
3695
5918
5928
2565
4569
3140
5461
4309
2096
3483
3603
5043
3530
2934
4238
2658
4312
3003
2965
5482
2861
2375
5256
3655
3505
3323
6228
2801
4471
3667
2894
3415
4403
3135
4015
3533
3252
3136
5539
6194
2804
3162
2498
2997
4130
3789
4622
3264
2517
2487
2761
4828
3873
4781
4619
3022
4972
2477
2843
3446
3136
4018
2626
4255
3019
3445
6153
2571
2122
2818
5039
3271
4015
2819
2896
4645
3228
2603
4046
3773
4658
3425
3550
2336
4357
3946
5294
3948
4515
3181
3391
5037
3347
2583
3899
2869
3059
3747
1867
3166
4776
1987
3392
6473
3704
3487
4339
6535
2703
3177
2763
4286
3004
3647
2942
3342
3945
3041
3144
3700
4962
3023
3562
4138
3698
2167
2749
1938
2572
3643
2966
2906
2399
6901
4937
3330
3792
2704
3800
1710
4438
3114
3373
1252
3362
2857
2802
2317
2743
3505
3552
3205
3070
4447
2854
4207
2616
3378
2864
2938
2860
4690
4977
3169
2311
3722
1927
6714
3751
3876
3377
10229
3059
5610
3233
3142
3374
3241
4962
3080
3012
5262
1486
4547
3093
4405
4018
2765
2887
2955
3189
4953
3395
4175
5194
2343
3373
1290
3029
1800
2577
3412
2507
4499
5335
2797
3623
3362
4494
4623
4911
5167
3444
2196
2787
4809
2473
2671
2368
2637
3279
2059
3815
4763
5821
3157
4158
2985
3591
2917
3962
3213
2647
5323
2211
4683
6428
4325
2036
4689
2106
3422
2648
2730
3572
3488
1857
1967
4233
2598
3608
4146
5686
4136
2878
4060
4982
2526
16524
3629
3713
3036
4689
3753
2812
3328
3131
4104
3330
3034
3879
2941
4505
2356
3686
2699
2748
3462
2143
4249
2552
4301
3394
4178
3783
3927
3290
4238
2066
1726
2061
5145
3887
3731
3454
3822
2833
3086
2723
2500
3596
3471
2228
3023
4302
3500
4004
4190
3677
6034
3516
4944
1950
3174
2389
3926
3448
3859
3499
5180
5283
5512
3354
3766
3810
3728
2146
2413
3766
1856
4053
3529
2736
2566
3124
3163
8216
3663
3264
4243
2507
3482
4181
2683
5725
3494
2771
3490
2355
5517
3165
3872
3191
2822
3291
3051
2058
4582
2630
4816
5838
3734
2903
2191
6388
2866
4344
7683
3633
3891
2339
3384
4377
3118
2724
3973
3491
3886
2423
4233
5238
4826
5189
3853
4205
6062
2071
2845
2607
3093
4696
3391
2929
3542
2743
3826
1595
2779
2250
5434
2632
3223
3127
4524
3693
3965
4783
5135
3978
4155
3160
2717
5359
5442
3343
3195
3419
2899
4244
3896
2812
3654
2323
2960
2900
4552
5407
3385
3996
3405
6010
37525
3595
2608
5134
3674
4155
3484
4528
4995
2005
5356
4025
3769
4081
4469
2409
1666
3955
2451
4113
5891
3490
2948
4001
2330
4247
2653
5602
2403
3179
3017
2231
3111
2450
1766
2930
2842
3172
3607
2802
2576
2812
2024
1767
5134
2267
3069
3574
3318
3597
2385
7212
2513
2761
4062
2847
4222
2148
5124
3820
2270
3996
2914
3250
2529
10940
2678
6890
2619
2951
3186
2458
1596
2520
3834
5599
4789
2760
3297
2225
3818
2482
2783
2558
2523
4132
3961
2698
2965
4191
1743
2415
2879
4372
2072
2770
4027
3116
3505
4304
4084
4826
2753
2718
3401
2388
3094
3499
4465
4375
4113
2324
3529
3168
2218
3127
4967
2778
2748
3552
4082
4528
3899
2459
2697
4021
3340
5241
5128
7594
2215
5605
3834
2299
4444
4752
3649
3747
3351
4034
3620
3445
4747
5691
5475
3244
2986
4465
2495
3656
4479
3749
6729
3729
4460
5586
4436
3616
4877
4254
4894
2908
2955
5599
3840
4179
3399
4237
3314
6773
5276
5131
4082
4433
7391
2905
4625
3961
3638
3808
3589
2759
2600
4726
2876
37393
2968
4282
4659
3788
4575
3523
2898
6360
3705
3012
3567
3813
2461
3777
2654
6856
4273
4284
3122
3260
6949
4312
5929
3224
3584
2044
3531
4629
5099
5000
4433
2948
3539
5986
3968
3488
2312
4548
3434
3037
3345
2745
5489
4400
3282
5064
3411
4917
4147
4245
4418
3492
4214
4035
4591
5802
3661
4051
5332
5188
3623
4414
5564
6230
3731
3637
3995
3628
5214
2909
5434
4262
4269
5854
4528
4592
5225
5458
3950
13399
4301
2381
4557
3017
6227
48231
5869
3274
3782
2884
6604
3102
3853
3223
4105
4060
4996
2453
4156
4138
4555
4673
3190
4322
4505
3454
4586
3200
4866
3091
5352
4285
4996
4511
3564
2523
8212
5209
5014
5107
5477
3335
3425
3889
2707
2965
2619
8045
5035
3040
2323
5220
4125
3665
5259
2409
4144
3091
3495
3621
3439
7187
5524
3663
3480
2314
5381
2559
5229
3720
5166
3743
2499
6353
2731
2492
3021
3071
3041
5141
5040
3826
3817
4705
3093
3837
3901
6342
2669
3910
5436
4624
2890
3565
2904
3754
5600
5426
3907
3108
6401
4282
4007
7082
6304
3335
6193
3513
5845
1852
8740
5807
6590
4485
5504
4464
4233
3712
5215
5302
3629
2342
3948
3090
4847
7010
4280
6203
4295
3834
3757
4238
4501
3785
3466
4172
2496
3521
4457
4558
4038
5720
4166
2452
2963
6297
4365
6560
5179
6100
3602
3845
3336
5118
3328
3490
5063
4603
3754
4108
4671
3655
2950
4847
3930
4151
5548
4449
2708
3308
7805
3328
3679
4577
6158
4708
3893
2594
3747
4861
2646
2978
6488
3690
3479
3347
3320
4585
6552
6995
4308
4153
8423
5179
7544
7210
4963
5919
3913
5896
4668
4985
5469
3616
5625
4208
4106
4419
5226
3464
4772
2048
5043
4505
4615
3656
5217
2728
5895
2576
6451
7355
6164
5656
6595
4003
2453
5369
3768
5579
5841
5084
2515
2806
3753
3497
3068
3292
3047
5948
3133
4637
4974
4077
4477
2846
3726
4074
4533
3521
3868
3482
3726
3398
4021
4058
4837
2716
4586
5963
6199
3294
5135
3866
2534
4651
5637
2371
5347
3545
2776
4057
5045
4002
3050
4383
3564
3285
5090
3367
5454
4632
3156
3165
5237
3530
2562
5440
4870
4520
3754
4643
4221
4466
3156
6315
5446
2612
4562
4467
2581
3758
2907
4121
3073
2021
3404
2209
3183
3058
3434
4555
5228
5207
4206
2758
2795
5951
3314
2996
3533
2813
2998
3462
2963
3627
3344
5437
2588
2648
4156
3054
4951
3835
4100
3448
4814
3451
3021
3805
3046
3265
3216
3495
3746
5419
2619
3353
4241
3300
4569
4269
4320
5328
3848
5253
3260
4916
5965
3721
3730
6525
4777
5154
4065
5825
4238
2578
3017
4038
4420
2508
4042
4176
3712
2879
3658
6683
6747
5920
4576
5274
3551
6241
2904
4007
3594
4511
3475
8123
3784
2742
4197
5345
4124
4811
4251
4566
3046
6162
3755
5806
5415
3448
7348
3331
4981
6365
2870
3296
3440
3197
3067
6564
3665
23451
4908
4785
6547
6719
3180
3539
4301
4686
4357
3550
3036
2944
3701
5448
2318
3594
2834
5476
3508
6457
4639
5597
6958
4990
9493
5226
5657
4537
4724
7409
5200
3962
3748
3327
4909
3615
5290
3522
7164
4285
3052
3997
7892
6116
5761
4760
5961
2102
3659
2169
2806
6111
3977
3379
4025
2906
3577
8596
3590
3125
3458
3400
2859
4823
3250
5178
4389
4126
3807
4551
3735
3928
3567
5377
3382
5401
4932
3893
3594
21961
5027
4179
5355
3671
1941
4816
2659
2982
2176
4845
2544
9552
2954
2305
6608
4528
4842
3549
5061
7749
4685
3322
4425
2506
3870
18426
3344
4387
4282
2729
3817
2433
4227
4706
3490
2653
4080
3672
3203
5948
4200
4057
3618
3664
3855
3339
3878
8000
2792
2975
4046
5489
4936
3736
5493
4752
4293
3576
2787
4297
4205
5703
4790
4698
3986
5212
2987
3398
5447
4432
4720
5961
3192
3929
4175
4073
3292
5468
3090
3307
4414
865
6134
3253
3295
5162
2827
5923
3095
3429
3370
4834
3839
2739
4715
2121
4480
4924
4730
3274
3620
4451
3981
4870
4058
4154
3866
4100
3506
3671
4961
5446
7994
3301
4296
4168
3840
6562
4997
4011
3050
4769
3661
2777
3178
6146
2700
4273
3215
2686
5224
3163
3311
5434
3071
3094
2911
3764
3249
5502
3248
2383
2513
3269
3470
2737
7006
2417
2980
4785
3399
2255
4738
4417
4536
5917
3949
3542
6828
4236
6522
6559
3810
2700
3543
5440
2375
2702
2417
3425
4705
6434
4414
3154
2406
4020
3015
2681
4707
6099
5015
3403
6862
5077
5288
5211
3726
5050
4259
2095
3481
3604
3808
4325
4366
3542
4088
7415
5157
2951
4338
5050
5106
4033
5075
5549
3617
4134
3446
4118
4724
3995
4912
2557
2324
3434
5058
4839
3574
3449
15051
6512
6245
2696
6049
3149
6689
3442
2819
4319
3128
6856
6017
3480
2735
5870
5542
4855
5096
2437
3702
3964
4056
5699
3420
4669
3051
5420
3240
4907
571
4224
4205
4240
4549
4472
4460
7440
3013
3855
3229
3461
6113
4058
4403
2635
3193
4108
4351
6638
2390
4141
2592
6579
5509
2146
5198
6680
6614
4418
3224
4871
2921
2069
2932
2860
6221
4285
3819
4415
4490
3500
3879
4397
3320
3651
1945
5336
6048
3389
3088
5670
3031
4858
3975
3145
4137
4235
5635
3567
2920
3308
5483
5985
3377
3531
5788
3367
3809
2439
3365
4895
3185
4567
2751
3159
2617
4296
5834
2833
3411
1026
6523
4743
3762
4618
4065
4789
4232
3718
4675
3307
4007
2774
2794
5153
3719
4431
4330
4194
4926
3148
2385
3720
5354
6874
4095
3092
6191
3535
4380
5002
2683
2566
2590
3631
4773
4909
4290
4421
3902
3976
3875
4694
3096
2683
4784
2646
5075
4578
4427
3744
4508
3103
3532
2495
4998
3677
3242
4583
4995
3109
3342
3223
3206
4281
3043
4193
2812
2718
3498
2457
6662
4212
3111
4706
4610
2258
5673
5541
4500
2128
3204
3286
2870
3384
3428
3077
2108
6107
4066
3030
9109
3665
1849
4928
3316
4172
3848
2618
6116
4729
2807
4470
4190
3713
4942
3633
6696
3720
2733
6859
4325
2824
3284
5979
4209
3575
3960
2753
3626
4938
16341
4070
4732
3329
2307
3752
3812
4976
3546
3813
3400
4063
6017
2316
5740
5389
4296
1880
4578
6073
4118
7918
4386
4083
6272
4741
3477
3484
2697
5669
6119
2897
3932
4834
2982
3396
3756
5179
3411
3178
2825
3539
4269
5141
23998
2629
2750
4685
8139
2883
4528
3296
3371
5508
4157
6078
4190
6535
17273
3357
5468
3515
5185
3821
3918
2863
2834
2943
3534
2627
2661
3267
4083
4630
4373
2477
1945
4361
2662
3563
4399
3185
4107
1910
3504
3045
2963
2699
4711
2901
4063
5797
5467
2960
3355
2620
5112
4253
3711
4693
2314
3302
4100
5335
5164
3028
2414
3178
2870
3653
3144
7550
4038
4088
3884
3493
3200
4132
5181
4415
3333
2455
2858
5042
4543
4397
3462
4450
4192
3463
3943
3269
2599
2522
6013
3982
2718
4519
5674
4166
3357
4329
3504
3619
2224
5504
3717
3390
4198
3824
2567
3237
3691
5525
3122
3996
3721
5048
2743
2950
3217
3577
6282
3381
4639
2305
2300
4301
3325
3665
2381
3069
3885
4173
2665
2320
3477
2683
3398
3942
2670
3122
3731
4160
4325
8578
2851
2974
5582
3613
3242
4322
5651
3918
2764
2780
5283
2774
2672
1803
6176
2229
4200
4313
3477
4104
2362
2148
3541
3466
9226
3333
4076
5497
4884
3698
2877
3316
3688
3313
3715
2462
4139
3256
5391
5629
3375
4458
2419
2767
4441
3453
2639
2996
2554
3308
4519
4524
5352
2883
3900
4578
2638
4149
3418
4265
3798
2422
4259
5318
3874
4368
3435
4500
2627
2679
3765
2734
2317
2918
2157
2750
4883
5133
7229
3410
2446
3483
2749
5518
2912
3203
5329
3194
2489
2884
2745
3669
2759
2230
5030
2782
2263
2462
3081
2612
5260
3659
1588
3044
2772
3088
3438
906
3398
3975
3044
4493
4083
3493
3175
3304
3951
2521
3047
2089
4014
5757
3783
3892
4762
4203
3845
4328
3610
2231
4555
4733
7430
4030
7655
2268
3454
2602
4422
5094
1954
4214
2684
3151
3309
2803
3489
2878
4344
6124
3138
3045
3673
3838
3601
5298
1983
20284
3434
5413
3528
3112
6470
4675
3845
2608
3330
2875
4104
3258
3571
4712
3252
2544
4262
4793
2343
3817
4068
3935
4615
3677
3288
4293
2806
3697
6362
6718
2573
3145
3608
3508
3074
3196
6761
3018
4529
5078
2159
5306
4844
3278
4629
2663
7399
1925
2754
5138
4414
35215
2657
2843
3705
3088
4220
2950
2846
4567
11378
3407
2947
4340
3738
2187
5119
5240
3866
3053
3946
5644
4520
2751
3816
4107
2440
5007
5026
3843
2982
3596
2549
4399
3513
2979
2900
2936
3505
4056
3282
2800
3592
2116
5057
5877
4174
4262
1680
4995
3201
3291
2774
2157
3440
6428
3599
2816
2326
5274
2986
4061
2515
4554
3582
4438
3241
3818
3546
3319
2465
4242
3807
3441
6171
3062
5000
4325
4110
5561
2939
5122
3842
2936
6539
5413
4993
6581
4166
8570
2933
4560
4422
5831
8818
6842
2762
3863
3820
4716
4042
3215
11216
2872
2846
2564
4568
2832
4007
3065
5090
5497
4774
3564
3114
5461
17859
3989
2579
3669
2640
4521
3255
4420
5027
3801
3922
5900
1664
1432
4175
3048
5150
2913
2058
2785
3599
3385
5834
3770
3341
3398
5450
3909
6042
4666
5828
3771
3197
2436
6083
2834
3891
2989
4937
3531
2553
2189
4927
7919
6305
4956
3269
2982
2907
5222
4952
8617
5458
3971
6201
2327
3675
4192
3198
3456
2572
3645
5100
4805
2936
5955
4355
2606
3382
4676
5379
4105
3781
3226
2596
3467
3990
3061
3307
3814
3743
3972
4328
3375
3426
15936
3156
4473
4331
3184
3734
4306
3345
4702
3542
3677
3952
4488
3840
4091
5351
4125
2298
4245
3411
5107
3452
3433
3629
2403
2987
4012
1912
3028
3810
3008
2591
5535
19407
3761
3395
2193
3030
3689
3584
3971
3478
2999
5032
4175
2979
4090
4432
4120
6414
5366
2036
2821
4379
2687
4661
2793
3616
4591
3224
2480
4882
3921
3968
3471
4284
5427
2115
3127
6986
5105
3716
3917
3014
3312
3276
2554
2949
3024
2277
3169
4128
5345
3690
2724
3356
4142
5345
2088
3472
5371
4217
2477
3797
4057
2303
4103
3740
2927
4672
3467
2693
5066
2841
2857
3897
3325
4403
4626
4806
3949
6355
4988
2911
4282
4771
2662
6006
4789
2275
3632
2066
3253
3886
3502
4111
4766
2760
2884
3303
4271
5432
4006
4112
3224
2642
4544
6226
3130
4283
2651
3568
3698
3218
3035
3350
2792
2937
5270
2915
3058
3044
2741
3687
4306
2168
7128
4453
3403
3213
3708
3029
1782
2612
6021
3858
3543
2931
3995
3738
5229
5441
2666
3025
3937
3260
2708
4332
2894
4767
2842
3339
3023
2462
2836
2338
2928
3306
4565
3020
4089
3886
3094
1951
2207
8129
4041
2681
6527
3524
2957
4035
3092
4153
3695
4309
4861
2854
4112
3189
3427
3667
2688
3621
3573
3090
3487
3880
4223
2307
2407
2540
2792
4771
5312
3879
3855
4413
3306
4879
5503
3560
5019
3270
5195
2803
2715
6592
6474
3770
19224
2680
2979
4189
3994
3033
8341
3978
3265
3381
2959
4609
5050
2131
5175
3096
3009
4497
4817
5494
2691
6856
5510
2669
4406
2169
6464
2279
3721
4581
4600
3610
2411
3918
6834
5983
2709
3052
3490
2452
3204
4685
3903
5947
2672
2632
2964
3831
3178
4287
5619
4480
3734
4941
5130
3252
2604
2190
4680
3710
6903
4977
4184
2303
2563
5186
2899
3086
2860
4118
2352
2166
3441
4705
3125
2649
3587
4560
2977
3952
3182
3127
3649
3280
5225
2986
5257
3178
3691
3924
8888
5204
4063
5239
5036
3495
3759
2963
3779
2261
3998
2225
4422
20988
4447
3840
3764
2971
3408
4430
4326
4368
3679
3449
4585
2765
3001
2982
3698
3896
4163
4068
3683
4183
2920
2308
4656
5631
2659
5655
4303
4637
3567
3588
4656
4616
33471
2954
3536
3387
3091
4121
7432
3105
5695
3534
3601
2647
4789
3895
3702
4745
5447
3559
2770
2888
2502
2568
4535
6027
4387
5361
2965
3159
3029
2920
3809
4652
4681
3879
2621
3349
3635
3513
3541
3841
2982
2930
3819
2165
3244
2520
3907
3919
5392
3423
4314
3850
3752
2585
3515
3268
2942
4327
4851
3147
3097
3207
5374
3790
2818
4351
2041
1795
4996
2135
5369
5091
2503
5217
4040
5673
3839
5451
4295
4416
3866
3619
3738
2942
6948
6161
2721
4779
3044
4708
4762
4816
4555
3405
3337
3771
8630
3922
2915
3332
4329
2844
4422
3847
6229
3212
4709
3812
4688
3169
3475
4402
13478
3213
2915
3320
3288
3049
3558
2970
5326
2957
5264
26954
4337
3495
2168
5446
3374
3717
6215
3270
4439
3168
4999
3665
3969
2851
2788
6664
8253
2775
5451
3846
2944
2484
3192
2162
2970
3273
3619
3613
3562
2875
6641
3722
4077
4178
4483
4475
2674
2386
3786
4863
3883
2450
2552
3942
4075
3845
3327
4158
3591
3455
4530
3604
2943
2070
2512
2940
2552
3682
3438
4523
3851
5866
3415
3769
3992
3317
3477
2600
4326
3406
2873
3182
3740
4785
3036
2416
3695
2518
2680
2489
3225
3502
2594
4365
5173
3304
3773
3968
5543
2243
3486
2139
1323
2712
2456
4209
2712
4039
2819
4858
2357
2649
4134
3962
4364
4069
4995
2951
3238
2521
4858
3345
4386
3093
3184
5252
2886
3406
4206
4326
6526
5165
3211
3812
5980
3576
2832
4869
2594
3376
6251
3248
7440
3908
3788
6075
4042
5470
3742
3757
3857
3917
3400
2820
3828
2779
5965
4125
3028
2061
3049
5381
4747
3138
3334
20490
2814
3202
3830
5752
4084
4628
2608
3465
2583
4491
3356
3538
4328
3368
3204
5653
3593
4683
2621
2280
2511
2276
2516
4604
3502
5595
3180
2770
5865
3445
4048
5938
3026
4780
3237
5641
3680
3239
4236
3258
3017
2990
4720
3988
4866
3085
2296
3484
4105
3660
2514
3257
3735
3665
3097
2180
2567
3292
3343
3181
4300
2871
3052
2298
3802
3185
2415
3533
6037
2784
3982
2789
4891
4454
4645
5271
3775
5596
6054
2396
5019
4186
2641
5572
4020
2891
3255
3847
4925
4068
3811
3961
5381
8662
3252
3944
3103
6266
3356
2354
6433
2282
3524
6897
9021
4991
3358
6303
3846
4007
4006
4552
5345
5113
3686
3518
5114
3467
4559
3261
3453
5023
1664
5624
4324
3594
3714
5347
3335
7299
5343
4446
3809
3215
4794
2818
2422
5589
3716
4026
4539
2887
5297
2498
3475
3491
1974
3297
2380
4053
4290
4391
3846
2752
2855
4839
3032
3751
7140
4208
2688
4689
3646
3732
7483
3402
3215
1831
4548
3394
3547
3691
3584
2467
3245
2043
3943
4125
3244
3429
2326
6824
5008
2950
3516
3061
2697
2644
5250
2699
3920
5097
2076
5879
3787
3856
3925
3799
3666
2586
2849
4212
4621
4471
7036
3655
5108
6407
2804
3372
3363
4711
5725
2916
4091
2989
6140
4498
3318
3941
3898
3709
5279
3189
2709
2786
3548
3313
2979
3399
3395
2347
3042
4904
3315
4318
2616
2125
4719
2984
4055
3484
4678
3300
5305
3906
4487
3317
2396
2622
1929
4387
3741
2337
4167
2273
2223
3899
2480
3681
2958
2123
3654
2981
2677
2108
2296
2114
3493
4522
2030
2103
2530
3103
4063
2552
2790
3304
3150
3083
5664
3413
4823
2337
3158
2521
4238
3068
5057
3338
2874
2458
3021
3076
2572
2395
4945
2985
3446
5956
3178
3185
3657
2186
5703
4552
2882
4460
3615
1840
2864
4036
2572
3014
3492
2719
3342
2816
3062
3734
2940
3127
2748
5316
2518
3780
3844
7257
3490
3071
4297
7185
3174
4782
1936
2293
5191
2593
2479
2291
3294
3361
2565
3069
5430
2717
4572
2473
2572
7605
2965
2915
3165
2881
2937
4580
3406
3389
4120
4699
2516
3363
2480
3010
1923
2250
3414
4478
3278
3501
1418
3492
3139
2723
2707
4777
34763
2010
4212
3139
20266
1997
2803
2163
2264
3542
2676
3777
4034
4420
3747
4686
3136
3870
5519
2943
3809
3693
3229
3213
3332
2638
2335
2917
2719
3119
3482
3258
2890
2146
2843
3260
2122
4813
2360
3607
2175
2905
1697
3542
4048
3725
3218
6200
2359
4375
4262
3928
3397
4201
2793
6042
1734
2641
5290
2982
3885
2740
2033
2034
2769
4524
2754
5745
2397
4391
6379
3327
1936
3742
2226
4410
3249
2806
3450
3655
4176
4042
1993
2702
3325
4210
2579
4010
5698
3442
4613
6709
3023
3314
4935
3334
5788
6044
4619
2460
4619
3153
2788
3740
3255
3059
2423
3216
2741
2609
5052
2645
3896
2324
2441
3793
3992
4299
2685
2053
3340
3414
4459
2476
1702
5230
3593
4805
2933
3940
3882
3026
1552
3076
3331
2649
2090
6514
2023
3008
2778
3099
4437
2207
3901
3977
2818
3751
2512
2555
2344
3430
2953
2029
4304
4124
3720
2361
2784
4907
2812
2429
2933
2953
2267
5390
3785
5010
1719
5377
2761
2708
3929
2607
2430
3091
4482
5131
2511
3179
3016
2092
3190
2666
1665
2164
2337
2935
2492
2077
5674
4510
5115
2982
1941
1657
3119
4091
2274
3721
2570
5078
2615
1380
2772
2593
4205
2492
2425
5458
3833
4261
2373
2551
4302
3843
3378
5124
5477
4378
3705
2633
1915
3378
3732
3434
3037
5389
3129
2793
4727
3468
3242
2927
4182
4841
1942
4619
4788
2806
3275
2587
4950
2854
4589
4836
2580
2489
3209
10480
6175
3249
3184
2522
2861
3343
2757
3672
2616
2837
2544
3445
2340
1901
4160
2526
2519
3929
2388
3038
2852
2959
2552
3202
3284
3376
3767
1639
4581
3288
1905
4638
3128
2163
4074
2921
5172
3193
3781
2517
3276
3966
2968
2523
3832
3250
3860
4074
3257
3200
2132
4215
19195
3330
2763
5436
3397
3378
3656
5145
2872
3339
2028
2367
3736
3446
3943
2588
2969
51236
4834
2484
2452
3963
3309
4357
6592
6618
4044
3418
21435
3376
3884
7328
2753
2642
3296
4228
4524
2901
4807
3173
4869
4607
3380
3404
3672
3359
1561
7886
4073
3994
4109
2604
1978
5670
2208
4726
3328
3464
2718
3111
4958
2304
6366
5392
5299
2168
5112
3038
3276
4010
3200
1944
3730
3429
3264
2842
2442
2621
4372
2609
5601
4045
4106
4872
4493
5589
2800
2810
3409
2234
5450
2127
3452
3083
5361
3187
4052
6053
2027
2816
5898
4385
2561
21373
2738
2945
3345
3320
5030
5172
4577
2375
2136
3667
5356
2842
2896
3056
5634
3506
4355
3704
3663
2274
4614
3923
6110
2468
5135
2664
4666
3142
1830
3128
3585
3563
3934
3085
2426
3026
3184
3762
3013
3110
2857
3840
3605
3040
5227
3996
4854
2613
4479
2415
2738
4147
3684
2466
3460
5678
6274
2151
3259
2948
4277
3282
2320
3247
2491
4598
2753
2961
3407
4227
3053
1952
5345
4180
2258
3877
2589
4290
3091
5056
4570
3767
2903
2208
7560
3400
3096
3951
2925
2705
4078
4172
2951
4799
3429
3094
2971
4558
2676
4627
3985
3971
4991
3298
4280
4530
2791
2853
2671
3489
5305
2718
5045
2719
19197
3117
4301
2312
4507
3134
3325
5364
3124
3736
5402
3887
3182
3421
4417
5408
4282
6125
6165
3591
4560
6393
4785
4291
3015
3706
3099
3473
5511
4220
3530
6005
4106
3127
4880
3186
3533
4773
7680
3102
4114
3141
5056
2480
5456
3972
4301
4048
6591
5352
2996
2742
3421
4899
3441
3685
4587
3347
2936
2587
5067
2618
3065
4573
4416
3388
3044
3285
2767
4231
4107
2687
4783
3229
2506
4099
3132
4152
2436
6506
1980
6169
3756
2810
5427
5749
2831
4612
3368
3470
6855
2944
3421
3327
4665
4055
4725
3575
4667
5391
6289
4364
3732
2841
6826
2886
2860
3622
3093
4042
5265
3422
2332
7077
6697
3725
2714
3723
3592
2427
3266
5498
3346
5493
6365
3447
2996
4671
6968
5406
3011
2113
3767
3543
3725
2314
3858
3582
6151
2646
4263
6268
3470
3167
3740
2594
2392
4833
2212
3868
2599
6159
20686
3039
3247
2979
2466
2739
2412
2655
3508
3547
3150
2463
2372
2369
3617
5138
5796
3022
2649
2598
5649
3421
3883
2996
4732
4923
3276
3930
4980
4720
5667
3617
2552
2822
3384
2794
3075
4509
2048
3791
3642
5317
5506
4107
3876
3770
2690
1954
2131
3184
2492
2765
3679
3004
2708
3578
3062
5068
2687
2914
3091
4361
2604
3172
3057
2976
3524
4082
2904
3628
5162
4123
4277
3605
3220
3409
3119
5596
3278
5910
4319
3024
2701
3364
1822
3082
2593
3281
3458
3310
5658
3233
3823
3377
2973
3277
4958
3343
5203
4119
2930
3136
2452
3085
3061
4070
2471
5038
3199
4880
2331
2550
3208
2028
2528
3285
3269
4016
4482
2705
4172
3458
4332
2814
4161
2880
3833
3821
2968
2609
3562
2590
4910
2985
3562
2078
3666
2339
2996
2235
2584
3450
4478
4281
4082
4119
4467
5286
5060
2695
1729
1507
2334
3245
3107
2740
3902
2760
2275
4515
2471
2848
4157
3185
2647
3012
2349
2913
4609
3450
5322
1730
3381
3052
2123
2824
2157
2178
3439
5730
2820
2970
4407
2638
3305
3720
3044
1821
2464
4623
6074
2463
3980
2020
2763
3809
3019
4063
2152
4486
2678
1592
2224
1562
3596
3204
1994
3015
2116
3228
4331
2653
3112
2295
1599
3227
4638
2220
2222
2400
2449
2780
2204
2960
2633
4290
2589
2703
2864
3617
1578
1946
4555
3449
3462
5231
1575
2949
5604
2527
3671
2751
3371
6500
2778
4676
2686
3169
2703
2837
4347
2429
1973
2875
2573
5309
5664
2496
2567
3816
2200
2853
3449
3596
2468
3879
3881
3327
5641
4052
5483
3111
2431
2840
4306
4965
4685
2696
5015
2837
2344
1877
4926
4746
2785
2938
1799
4501
2928
2650
2258
3867
3869
1899
2974
3282
2200
2636
3219
4172
2287
3083
1657
4889
3608
4301
4404
3855
4610
3766
3572
3370
3099
4656
3785
2914
3409
3184
3859
2446
3202
3158
5364
3315
4217
3195
3447
3123
3322
3171
3825
5113
4094
2934
3732
2510
3054
3969
3576
4727
2788
2616
3332
2679
3116
3817
2324
3823
2676
3751
4229
2774
3608
2765
18478
4209
2467
3246
3421
2518
924
2417
3571
3041
2694
3217
19147
5095
3019
2178
3926
3444
3492
3817
2799
2362
2678
2956
2711
5326
4617
3283
2644
3238
2398
2681
3465
4546
4545
4477
1563
3067
2282
2025
3446
2549
3316
2640
3539
3263
3418
2731
2831
3450
3320
2617
3086
2314
5009
4323
2223
2970
3359
1737
1532
3933
4118
4274
3732
3902
2874
3050
4910
2344
3290
19511
3481
2771
3853
4123
3509
3394
3535
6377
4495
3683
2951
3883
2101
2733
3953
4486
4374
2603
2682
3073
3057
2774
2804
3923
3377
3869
3461
3175
4537
5655
3529
2746
3727
4188
1391
3843
3567
3773
5497
2826
4441
5851
2895
3742
2677
4209
2848
3565
4878
5186
3521
5456
3648
4140
3052
3992
2244
2630
2978
3782
3762
3548
3384
2608
2901
5123
3482
3363
3395
3174
2509
2387
4228
2742
2628
3465
4299
2741
2771
2582
4616
4038
3651
3470
4043
3489
3313
1602
6909
3327
5452
3264
4041
2628
2710
7036
3574
3700
8427
4360
3127
3599
1960
4827
5122
3285
3612
3525
3161
3919
4609
3912
2640
3383
2686
2580
2590
3084
3460
3813
4695
2583
3114
3683
3436
2626
3033
2630
3962
3417
890
3225
5787
3858
6713
2560
5221
2217
4312
3113
4978
4335
3479
4411
3138
2666
5219
2403
4147
1956
3323
4095
2516
3501
1988
3309
2640
3611
2456
3940
2697
3545
3340
3185
3874
2832
2719
3806
2946
3094
3574
2031
4946
3327
3030
3881
3056
3060
2972
3221
1108
2368
2787
2972
2275
2373
2389
4614
2619
2797
3583
4206
2338
4644
5531
2902
2748
3136
2599
2616
3133
3442
1555
3211
3065
2947
2760
3295
3663
18632
2370
4890
2568
2795
4230
20237
3034
4007
3498
4438
3912
2641
3053
2358
3215
2555
2423
2975
3625
3193
3560
2113
3671
3384
3124
1831
3120
2751
3127
3592
2561
3692
3107
4441
3777
2813
2833
3273
3162
3726
2320
2765
3579
3094
2667
2751
3254
3293
4058
14958
2985
4132
4518
4979
6347
2868
2821
2043
3028
2468
1634
2656
2805
2786
3646
1637
2611
1836
3924
3219
3526
3160
3407
11262
2270
2018
4035
5662
1917
3701
2903
1910
3297
2660
2593
2426
1992
3014
3035
3514
1994
2721
2293
1637
2205
2264
2271
2487
1931
2591
1840
2016
2496
4079
2476
2383
1418
2171
2841
2426
4959
3826
3907
3014
2306
2191
2898
2669
2859
2420
2871
1341
3726
2140
2305
2738
2166
1973
3842
3653
2804
2269
3194
3563
2688
1446
2938
2529
3198
3898
2004
3358
2575
2635
2246
2943
2528
2352
3146
3038
2243
2753
2540
2318
3201
3121
2131
3127
2130
1919
3641
2440
2915
2893
1963
2995
2659
2567
3646
3589
3829
2530
2208
2103
