2104705
3973701
2050528
2120906
1782262
284403
1915994
1846441
1597986
1899170
1869128
1951206
3168901
7517580
1699120
1935109
1761091
1805370
1749263
1944125
1684606
1721823
1904371
1636756
1534066
1978070
2078514
1605739
1953932
1867283
1649489
1681904
1877082
1841702
1933975
1978327
2058158
6153879
2402114
1844088
1762570
1671895
1736958
1283459
2357079
1681522
1257421
1734438
1510440
1362132
1930179
2821210
1793300
1706094
1661612
3604917
1984416
2106612
2394073
1607972
1962450
2102187
2162498
2123590
1831892
1826997
1930960
1725747
2980734
1968101
1778137
2090606
1842426
2766168
2307239
2123330
2069444
1796540
1659324
8424264
1851781
1931637
2128940
2083341
1781618
3327400
2230417
1729757
2048483
1952032
2190224
2095253
1959283
2125026
2289770
1951388
2168713
2104140
2192307
1689411
2382697
2081021
2241473
1959832
1838815
2059773
2195754
3039389
2282508
3965311
2052122
2783144
2025619
2416583
2130409
1920678
2191585
2207626
2201927
2388539
2181575
2445349
2223321
1862970
1922448
2358978
2078030
2514060
2179898
2494256
2143819
2184739
2127107
1970304
3543662
2415251
2310012
226936
20688
2826195
2314783
2344537
3301820
1799002
2181811
1918471
2131093
1872703
2094428
2042739
1820816
2071001
2021195
1807536
2539093
2716224
1844455
2142545
3192924
2138695
2313763
2188794
3260187
2036029
2146768
2210757
2461936
1749818
2238767
2656681
2036091
2401334
2582378
1929921
2155429
1956856
1663104
2238376
2167826
1987813
3004620
2027730
2160280
1934633
2172569
2121096
2119616
2167334
3480019
2198033
2087943
2267185
1854511
2260124
2139034
2121012
2298365
2181666
2221246
2301770
2296781
2246592
2318300
2160464
2436835
2448389
1973922
2323702
2937726
2931324
10122886
2568849
2632864
3038866
2462968
2597531
2571120
2946550
2597946
2812438
2317368
2299945
2627912
2859200
2626741
2544529
2363298
2478772
3314095
5422511
2528507
2455973
2645776
2842797
5185631
3012288
2904441
2847604
5317187
3286856
3281904
3292917
2843646
2790001
2890240
2557659
3130653
7901212
2871258
3057587
3182380
2469337
2984405
3017004
2850311
2653645
2776510
3035279
2932694
3646139
5603587
3035989
3604618
2697939
3395618
3460262
3030466
2876330
2909747
3134340
3635386
2983218
3907544
2865521
3144977
2954787
3129832
2776911
2903063
2859043
3635447
4708252
3368283
5698617
3541006
3141466
3199651
3048357
2590614
2844352
4203031
3227702
3337138
3046940
3402539
3256830
3258190
2617621
3286704
3010872
4388655
3737314
3408086
4523962
2920854
3429975
2815646
3128317
2883304
3802703
3072989
3691901
3043338
5792972
2636835
2850097
2740191
2881020
3470824
3126624
4430539
3131322
3058766
3195902
2769650
3175852
3504922
2991438
3270332
3836529
3955255
3758925
3930138
3818411
3349652
3641818
3615830
3547230
3904067
3680040
5311905
4076745
3950116
3365115
3495466
3008749
6149994
3292779
3618167
2869624
6138031
3131993
4051097
3018987
3356617
2919711
2658212
6999181
3170101
3050137
2599132
5233481
3334078
4806280
3458089
3891136
2794662
2850916
3260805
2756819
2893977
4180839
3242342
2845880
3532570
3319660
3609280
2649427
3134103
7388401
5273660
3169396
2945709
4580620
3085190
3244235
3779445
3176357
3172094
2943480
3140830
3310423
2725748
2793932
3125057
2923382
2589599
2576091
2474810
2568155
3339797
2802403
2728794
2548228
2792323
3217934
2591496
2697083
2616768
2833669
2828170
4961035
2786516
2551357
2865836
3040548
2953995
2946581
2579025
3019264
2723074
2892779
2934761
2921043
2800760
3428751
3354532
3098969
3343801
3156628
4074961
3038286
3183046
2975463
3296970
3093101
3125461
3773488
3047743
2978159
3132026
2785739
3026299
15672837
3138847
3640722
3232398
3056434
3405956
3495124
3334245
10001289
3577850
3044315
2956882
3183348
2985447
2929678
3386432
2974284
2633200
2605791
2704200
2989559
2511353
3071981
3447331
3197829
3287174
2619111
3963237
2923615
2757219
2821481
6264898
3220798
2961514
2752985
3109649
2745547
4280954
3802800
2959803
3010365
2420213
2925295
4016570
2424882
2855461
3058779
5197904
5066018
8870058
5278827
2840883
3105786
4532904
3292853
3634860
6083372
4225688
3490344
11081508
6111341
4986003
3774740
3199194
3799423
3579055
3831954
3120306
3045823
2933660
2223693
3290383
4249484
8995254
3587239
2165333
2202215
2186854
2195136
2911244
2626160
1897787
2369191
2100727
2131318
2342540
2217568
1902203
2239807
2170348
2195348
1908472
1771340
3063526
2079059
2045308
1992666
1599616
2142752
2750042
1985897
2142264
2458220
2006223
2092993
1968381
1649361
2098214
1944076
2117169
1646137
2063929
2179996
1844942
1632047
2204549
1746622
2118437
1633850
1990692
2204261
2219440
2843301
2107467
2404305
2171768
2034541
2221094
1967692
4455923
2280401
2558737
2134423
2045976
1715610
1966712
2033767
1779168
1897287
2048941
1991548
2019581
1919256
1920932
1953757
1608554
1860486
1813925
1812226
1866706
2200648
1961203
2101355
1593552
6263308
1431686
1823759
1892181
361630
41084
2209372
1888290
1674633
1505928
1294124
1377981
1457535
1711364
1603967
1508181
1542359
3576904
1765467
1524245
1482057
1389339
1571321
1131247
1782004
3211116
1229079
1398028
1454034
1474503
1465693
1035328
1323727
1397314
1720926
1353084
1410938
1207658
1316207
1375749
1659537
1685057
1479938
1347510
1450825
1290482
1531524
1386323
1588097
1360097
1393344
1526973
1451446
1405134
1100842
1464749
1194603
1574076
1197521
1432581
1456332
1461047
1440764
1207409
1804070
1680588
1377443
1517308
1452378
1717744
1481498
1244811
1505568
1209651
2080198
1590398
8285128
1591700
1525659
1661759
1374267
1683351
1620236
1453337
1459487
2449136
1539555
1961658
1476383
1558864
1522274
1573673
1861587
1588517
1918967
2061687
1825146
2022477
1968847
1661830
2092553
2025717
2337617
2334562
2865285
2256232
3047844
2330086
2128524
2465980
3148450
2179185
3921459
7167359
1809747
2667960
2116248
2277721
2281853
2406880
2063336
2036997
2407353
1888598
2414896
2363293
2267435
2308161
2314625
1889189
2105574
2515775
1677287
2165463
2427276
1732257
2362972
1952252
2134645
1871197
2253978
2515044
1680518
2199965
1939266
2233452
2558372
1979181
1970464
2163496
2670221
2273471
2263919
1905366
2455009
3222066
1686000
2170478
1842249
1970165
2019708
1761640
1889960
2503061
1681249
1812950
2226445
1711707
2006175
1690982
1951186
2015049
1809512
1476413
1704642
1376046
1847807
2170141
2020971
1953480
1820854
1859432
2621694
2141808
1931892
1889513
1872224
1622550
1968586
1587829
2032077
1762652
1994496
1595503
1569013
2232906
1942455
2277159
1636482
1955762
1519881
1859466
1999302
1804547
1879015
1779537
1998725
2186925
1863965
1799366
1915040
1839948
1871254
1717511
2026388
1680449
1656797
2129285
1917414
1919422
1747265
2316898
2108783
1852872
2133914
2242408
1990418
2520033
2108794
1823826
1812913
2097723
2218150
2108205
2189692
2143967
1885599
1910316
1951135
1694898
1692675
2061791
1874780
1666562
2135590
1736088
2011984
1765960
2153784
2065471
1750288
1664104
1975216
1935282
1924114
2051438
5677112
1951118
1842863
1716357
1981575
2091883
2220894
2130877
1709779
1813306
2675724
1914949
1666713
1818710
2365239
1633341
1693297
1571755
2000919
1796692
2579125
1886923
1800900
2177811
3154971
2924172
1657286
1745335
1810122
1812323
1887735
1994781
1860121
1900976
2252097
1635609
1914885
2207764
1918592
2264233
2962446
1991022
1966586
1934744
1929457
2082471
1758511
2388537
2020236
3385918
2482715
2227155
2038120
2170726
2301983
2021728
1863400
2307187
2306499
2179474
2083091
2096913
2030415
1843390
2300654
1757671
2592778
2550492
1854462
3179680
1799632
2174244
1828713
2336494
2317377
2053456
2235726
2358379
3574182
1759890
2040477
2965025
2262490
2215019
2157402
1967067
2097626
2213045
2084900
2359841
2421492
2636247
2149207
2759712
2520949
2302496
2389097
2020554
1872957
2230730
2339624
2008618
2131122
419782
52411
3283982
2302112
2526675
2053876
1991449
2042276
2266861
2322253
2256328
2316310
2268491
2197989
2502126
2306320
2049678
2052499
1885512
1839408
1766370
2143978
2020529
2086057
2808778
2129881
1931635
2104049
1574330
2164719
3798676
1908747
1834127
1971725
2490129
1785979
2073040
2278923
2644904
1648328
1965124
2260153
3252888
2592593
1791483
2127922
2262777
2133970
1654358
2217821
2409963
2347157
1778553
2108051
2493062
1906933
2098145
2000326
2232789
1809577
2178364
2505530
2629627
1977150
2547122
2106106
2272750
2317060
2433941
2224408
2676763
2441494
2742492
2208674
2069141
2183043
2358203
2113819
1805273
2034336
1990787
2185048
1993429
2181658
1659688
1874057
2401621
1960243
1905487
2152200
2303255
1887450
2321849
2155836
2247462
2249610
1667671
2217306
2400699
2192120
1885767
1821889
2257445
1998176
3479422
3283920
1781678
1572638
1923616
2471441
2089945
1887860
2118449
1979666
1795440
1686143
1987445
1809615
2117938
1795161
1883988
1898532
2056134
2041404
2134151
3816552
2067039
1844094
1614289
2223588
2067669
3493826
1897010
5333214
1753888
1705300
2057112
1913556
1583630
2161055
1848087
4333624
1678314
1794173
2209813
2305097
2016256
2064830
2325648
1883678
2154824
2315242
2753820
2237855
2438412
1725641
2117954
2216720
2154317
2630195
2018192
1914605
2036725
1846261
2130119
2048811
1846742
1965854
1963165
1974782
2124505
2400464
2291333
4571168
1508865
1925745
1718423
2123436
1871879
2071430
1775218
1947335
1791601
1875719
1870305
1741345
1994688
1719891
1977918
1897637
2172328
2330574
2241223
2158779
1688368
1723379
2078587
1843632
1750735
2038485
2164304
1903510
1544357
3500607
1897986
1700267
1972585
2590019
2007392
3860979
7035877
1465046
1802520
2102939
1490553
1914958
2623439
1653572
2185330
2623400
1904814
2223941
2254985
2562426
1963053
1919915
2036632
1890135
1919154
2367756
2004708
2761293
1814074
1968004
1645887
3182601
2166088
1855234
1934835
1815151
1933187
1978614
1701094
2034916
2139192
1697478
1592071
2203327
1595778
1995409
1926352
2001789
1825883
1995112
2065955
1928440
1895605
1872142
2379371
1846446
1967222
1668043
1878202
2347084
1673232
1635264
1953148
1574965
1767729
2193996
1831911
2420703
1584013
1613726
1900196
2273919
2570482
2241005
1919544
1751956
2269687
1485197
1767753
2055753
2128238
1835881
2147242
1563532
2111539
1862209
1810207
1755192
1898870
1995593
1616247
2133096
1834716
1884287
1877723
1780206
2365811
1863683
1790725
1771446
3055262
1855969
1869125
2834546
1788247
1724327
2171953
1611318
1952059
1848750
1888696
2206142
1971402
1818073
1125345
2211018
1791640
2046541
2048376
193666
52350
2468520
1993910
1905256
1767937
1774423
1788066
1924984
1325844
1578235
2094943
1658829
2046371
2003844
1871830
1813854
1399278
2088152
2298206
1622479
2091407
1959657
1877115
2067492
2260093
1595938
2358891
2238945
2023316
2117678
2086944
2733505
2659041
2526141
2607804
2544478
2583134
2311167
2918900
2920595
2913786
2423093
4023689
4320879
3097465
3622420
4981858
3178514
3698270
3409252
3307717
4046028
3396840
4388252
5468579
3791092
4245732
2807746
2873134
2290746
3886764
2744237
4214481
4489091
7310155
3687212
3938385
4341449
3099696
4216798
4196538
6388008
3215538
4446046
4256140
3875737
3366289
5679052
4815993
3153754
4805059
7589935
4032534
5290492
4795356
7325461
4218115
11115613
5323660
4558992
3741309
4258042
5282151
5302193
4743666
5206481
4230235
4270480
6376873
4752273
6232013
5039599
4352308
6160892
4901453
6809265
5685200
4655586
11123229
11419967
4515088
7440732
6081757
4501176
4450324
7949644
5293369
5547197
13551928
5120767
6509998
6123521
5450070
5686057
10192492
6123264
3872469
4759566
8002117
4760765
8325779
6672269
5619206
16808667
5924439
5264752
5173972
5691490
6273701
5536205
6445846
4461786
5625282
4111359
5423868
4120591
4913923
4165115
6319572
4959280
6042600
5470341
4157793
5130334
3792244
4301473
6691463
5547306
5724758
5187716
5273091
3890886
4639580
310923
106852
6381963
5102311
4321724
6772059
7944313
5024756
4977136
4821821
5959210
5033155
4288769
4418187
4865779
4857224
6696130
5540551
6184001
11628556
5397164
4711395
5149629
5694985
5160377
4104329
8987939
5959993
4503450
369625
74195
7228669
4785691
13196456
4688378
5726772
9832601
4949708
5279995
5501728
4301503
3832106
4485306
8594100
5395752
5572331
9098195
10316150
4607000
7085902
5630934
6278201
4918487
5152444
5353102
4873402
5200589
6980044
5316077
4846037
10081527
5838110
4695887
5380872
6560888
4474308
4066879
7742685
6166622
5097109
6840336
7615899
4957309
7995258
5789620
4737919
5283983
5714851
4471221
7239606
10638254
6924123
4119929
4834859
6327286
4945635
4323605
215499
84189
6093447
4180439
4293846
5172845
8323464
4720016
5308816
5678695
4480259
5132492
6354255
5424764
5016121
4666106
3787974
4429199
3877045
3889323
4574411
5342868
17350045
6486908
4411986
4556485
4430165
6421585
6313177
5036711
4286983
10260424
5474077
4521938
7206380
5197268
4444904
4532293
5316959
4762288
4496130
3510292
4504516
4244259
5265185
3152151
5780623
3536764
3119591
2983446
4569234
2747148
4400891
3584905
3741333
5150932
3590415
3386471
3079368
3492524
4368409
3843976
3579987
4145808
4257584
5319549
3738852
4341235
3769642
4985294
5139541
3813452
4644169
3861704
3965689
3304900
4070543
5538837
11504731
5279427
4582378
4662183
5101861
19527574
3710469
4623262
4501812
5459227
7457961
5229806
4587655
4988456
6394328
4245102
4349627
4146943
10858236
4479083
319872
102288
5492600
3593498
4910167
4047345
3865040
4368033
3465339
3098111
2918377
2469513
3636359
2691121
2023248
2310734
2648965
3014136
2464787
2989026
3414154
2952591
3555582
3475850
3734535
6647231
4242832
4510498
4426647
4304547
4678837
4141740
4219610
3916908
6502793
4223819
3921340
3253464
3030272
4505049
4578938
3857954
3409628
4744651
3478905
4048629
3240743
4350634
3882441
3716465
3951568
6648047
3875677
4484455
5646259
7330652
3984913
4321989
4424740
4931203
3945158
3685878
4487644
3629727
2743588
2793117
3673939
2978500
3081504
2969535
4016084
3724729
3409547
3699063
3517446
3725833
3260628
3193482
2575776
2766556
2904460
3241382
3172283
3529797
3415132
3681933
4538670
2737632
3211996
4369541
3197253
3553425
2882761
2844795
4756900
4334489
2958441
2957201
4600224
3604296
3209633
2747469
3176510
2712375
3242961
2860906
3550037
2617932
2879389
3525003
5260253
3841066
3762485
3696580
3096965
10225989
4339291
3992121
4072677
4166649
17968201
6304077
3950276
4190541
4332810
4870514
4913677
4355550
5578879
6034424
6268735
5932742
5953584
4118944
5188730
6045231
5715455
5302985
6025071
5433499
6408099
7265726
7141220
5735895
6174246
9284230
9690811
5140968
8769443
5088556
5423219
5445842
7785281
12631711
5224264
4628278
5033106
5779248
5647796
5168396
6079932
8383310
6182316
8010975
5745906
5359151
4885765
4848412
5380755
8433386
5177147
5889328
14413551
6356327
5761004
6467308
5412280
4658783
4698555
5548666
6527723
6644963
4912151
4698685
4925067
4987730
4324719
5026352
6555934
4962912
5630892
4903232
3943579
9439509
6404663
4839274
4875826
6261260
4978273
4231486
4671155
10226335
5630646
4948950
4927546
3954731
4003372
6521173
4088211
4344855
4763698
4992385
4797931
4607353
5418931
4227722
5209010
6008724
5120349
6589043
5052993
6197444
4842209
5881962
8637213
5491654
7439177
5915803
5464922
6274884
6959405
5949040
5526785
7042374
7919012
6780852
7039264
8000673
6335016
5936221
7821111
7288549
7741100
22404872
6092580
7864736
8678835
8092136
9514639
5942655
6907183
6843189
6560071
5798859
23293749
9139911
11143710
7051967
7575325
6718719
6861418
9200280
7532620
7761578
6999733
11606297
6483352
7164075
7394506
9725728
5716205
7971121
8171301
7880360
8521847
7668297
8757017
7888337
7021422
7404686
11733066
6875385
8605644
6987339
5690990
8722248
573007
58280
8090925
6729083
6612652
7416559
4764559
13107627
6825951
5670937
7232736
6965933
7173986
4567650
10209072
5851175
10259456
6171083
7009906
7696864
6392761
4661509
6512583
6002265
9449304
5209290
4546459
4613929
6187362
5510366
5225479
5867240
5185581
6897381
6649184
6684702
6054278
5952831
6855221
18165382
7712204
6833921
4416961
4987059
9441511
4796439
8707162
6610325
6499626
5636693
4967397
6872581
8058448
5707783
7498840
11423557
6217988
6289762
7716823
6154008
5623112
5682461
6549650
5584131
4826274
6243753
8367189
4373992
4509664
4705627
5413244
5852643
5548747
4912282
4777341
7469127
5350987
8981969
4786997
4747084
4821996
4567672
5791781
4501039
3712983
4856454
6400414
4511621
4889416
4239368
5530282
4459251
3827306
3651940
4574533
4749468
4985443
3711601
4202380
3213295
2937718
4391118
3320574
4525835
3857179
4225008
3990938
4143695
3425643
4160000
5743177
3981509
3629075
3725319
4087048
3755544
4474907
3758253
4094278
3881310
3641270
3433092
3970061
4965377
4366994
4288970
5035911
6661337
4696406
3645884
4461756
8917083
4387337
4413140
4554559
3987926
3942714
4160289
7399885
4202009
4273199
3190666
2989222
3091699
4547767
3912916
3835578
4333873
5508438
3475626
2952113
3592143
4350104
3504423
4833519
8827959
4736758
4727980
3726018
5610988
4132847
4491230
5349289
4284791
4815700
5519107
3687077
7221763
4550964
6352818
3711973
4314166
4014116
4156138
4123870
4175341
3101177
3428922
2993411
4156618
5115979
3830235
4831642
3773251
5765621
6956986
4817878
5023319
4200403
4418284
3664922
6610836
4733348
4473015
3659386
4058717
4885506
5491016
4744918
4560357
5089777
4173436
3804380
5534971
7380925
4554568
6119118
4293645
4229150
7271023
4813666
8532953
5499357
4905515
5815736
5126225
5081653
5251617
4290518
392027
55811
6661000
4460837
5701666
7791676
4728183
5466276
5796349
5696333
6564457
5471830
5512557
4485216
5339568
5178704
6328014
6204507
5866058
7273995
6291729
8655198
6263662
4770420
6561362
5071813
8141585
7776681
6977695
8312988
5898645
7822341
6696555
5469579
6107619
5721556
4514197
5308735
5512498
4748328
6187626
9270371
6649052
7554721
5344908
4768003
4631773
5823685
6217910
6323052
7620560
7703347
6024271
6954969
6799303
6112478
6585843
6658143
6548114
5915476
7386382
7159268
9654121
7979001
285335
74811
7189323
6664181
6062951
5755006
7453531
5685796
5285896
6614315
5708493
5832839
5804257
5121896
7677014
8349372
4992895
9904491
6139022
8599125
7456841
5381527
5019680
11533035
5538038
6554537
6300283
6393902
5580061
5650774
6648771
4711422
7323017
7342036
6093114
10364609
5893796
6716341
7237168
8965499
7706784
7199907
6373233
6321467
8301797
5640031
5560941
5685517
7872239
11526051
6641790
5693775
6217331
5599977
5762947
6190124
6049776
4650330
12345474
12272171
5263471
5284396
10130208
5514444
5550889
4821874
5908504
5247785
4832496
6407178
4870413
4926452
3981079
4382108
5031147
4520614
3997062
8231657
7396045
6385215
5988497
4221962
4850232
5058551
8402140
4462415
5685820
4027022
3613488
5668477
4900989
4477081
4333562
3333695
4871334
5397165
4174853
4330532
4689765
3690305
3703664
4494399
5985433
4890368
3624803
4646673
5091234
4318976
4762128
4223818
4549621
4264199
3758295
3106010
2746870
3043063
8083938
2554083
1814544
1958819
2117304
2420493
2208537
2236032
2090945
1855249
1992621
2142994
3218368
1975937
2029254
1448264
1537268
1613362
1593825
1245612
1461154
1450794
1344114
1755706
1579957
2269961
2146811
2572061
1745337
1893358
2062159
1394150
1670894
1622751
1867061
1839171
1860853
2218833
2308084
2348713
1946963
2539331
2867815
2613743
2865586
3040609
3292538
3023614
12596070
3667689
3062563
2963589
3065154
3307384
2994239
3119809
3135925
3886382
3766831
3066747
2889660
3130836
2786605
2933355
3058876
328824
114648
3730801
3251669
2767654
2842161
2908679
2606136
3134175
2267525
2981109
2400123
2299740
3291453
2745560
3631503
4173190
3335406
3447250
3168992
4285236
3423906
3076807
2538251
4098556
3055467
2468654
1968179
2000655
3108260
2724148
2853775
2149432
2212899
2498884
2609828
2926566
2585873
2613624
3050298
2493869
3140640
2807995
3010789
3145006
3093845
3196782
2802838
2704276
3626567
3901249
3179615
2972356
3659469
3439699
3579130
3461397
3314053
4113616
3392219
3040141
2475974
3005614
3083485
2927206
3402738
3471227
2447131
3544718
2812095
3019125
2947108
3000199
3240519
3492201
3880063
5792258
3248653
4696241
2965012
2715504
3391851
3009995
1994071
2637329
2220038
2452612
2529710
2622340
2667267
2633720
2711956
2377847
1993901
2085457
12898081
2441600
2703103
6098700
2433189
2585635
2142159
2695357
2037579
2080916
2427840
2333983
2894954
3306447
3391051
2524888
2286905
2387767
2147857
2084163
2536893
2257873
2062953
2810386
2887758
314031
101604
4243279
2102956
2442649
2309855
1958332
1939645
3109849
1701580
2240487
2215478
1985079
2284000
2024654
1839535
6963605
1616229
1786575
1845363
2059701
2250590
2337669
1641148
1908309
1885185
323929
51998
4228406
1948905
1379783
1741412
4010303
1809124
1746396
1892859
1873388
2225652
1950954
1520027
1871500
1647432
1806163
1969975
1600812
2477194
2553489
2038091
2418730
2213274
2803868
1926941
2278715
1995154
2294583
1975940
2073526
1972237
2254034
1736289
1566404
2655768
1949067
2433594
7080842
1914185
1748826
1935094
2489307
2422228
1895109
1897601
2180849
1930877
1957735
2185827
2396647
2508002
3872766
2447033
1834668
2111405
7116301
2436366
2462778
2488722
2641288
2171257
2377100
2363188
2275355
2271260
2673665
2504016
2084576
2063125
2042215
2391300
1786209
2034591
1980303
1691193
1597921
1654433
1874244
2095302
2052574
2001160
1881350
2383732
2223625
2154548
2509208
4473178
2572217
2226988
2075676
3698547
1818646
2162682
1786572
2190549
6727248
2102512
1927071
2684228
2223170
2456193
2114475
2600570
1682461
2076072
2630475
2337498
1845626
257740
53998
3032834
1591780
1978148
1890211
2027643
2240767
2794168
2109656
2046788
2106106
2202489
2060965
2359480
2672854
2243843
1818478
1646309
2453943
3482724
2338078
2223416
2518049
2688918
2165447
2400001
2138373
3682599
2541237
2252371
2549199
4756669
1956377
5008753
1864638
2060386
2364332
1924803
1895235
2359353
2477886
2412910
2621698
2581686
2146287
2633275
1969501
6527921
2034701
2798324
2781608
2574194
2077191
1951132
2084504
1534145
9622523
1550143
2171490
1884819
1616007
2005915
1703171
1537133
1843822
2287290
1748791
2205738
2060206
1770153
2732020
1803132
1591459
1861948
1267516
1254492
1593798
1683011
1551437
1457755
2827620
1551040
1133193
1419506
1263605
1474386
1736867
1778403
1732405
1312574
1435283
1413148
220774
35527
2255464
1430979
1409201
1202118
1257080
1374457
1594275
1271381
1438138
1398886
1656201
1358535
1605153
1727455
1683909
1403509
1148037
1285574
1216841
1564177
1476425
1443180
1695695
2736417
1650254
1767137
1768325
1869899
2828811
1756758
1299610
1556865
1590654
1748829
1722291
1889729
1577241
2089486
1599559
1989693
1998857
1438985
1785506
1606749
1546227
1738499
1423011
1676680
1563475
2033814
2127826
1851319
1657668
2424150
1806216
2159423
2298762
2515322
2219425
2101058
2266489
2310753
7408610
2078924
1765200
2309070
2057847
3267442
2229247
2422905
2405726
2226473
3562536
2909480
3227262
5046408
2746069
2628865
2257138
2513557
2682960
2186920
2635217
3313881
3184345
2558777
2750141
2731715
2494662
2789016
3076676
3544676
2893074
2938767
3428369
6487538
3355615
3729002
3530578
3274893
2705331
2814391
3977434
3362937
3392022
10389012
5464343
3430942
4086832
5814085
2832913
3322332
4335947
3092848
3223325
3678119
2889122
2472979
3208774
3313096
2964906
3470547
3550404
3634698
4269467
2934432
3916732
3467764
3102749
3125227
6520927
3840001
3838256
2928535
3400278
3367041
4393345
3113641
2785215
4288111
3026466
3206260
3197097
3776918
3566344
5596359
3546629
3267698
2750984
3275389
2699932
3397354
2955853
3261245
3239626
3684170
2879846
3950049
2978604
3033173
2845983
2766199
2476012
2773922
2791811
2772695
3024482
3133293
2787840
2821080
2503757
3357689
2966775
2559750
3367404
3405212
3241497
2756652
3079065
2535335
3306404
2738957
3802624
3418806
3326202
2984332
3366821
2977133
692978
127655
4546301
2662934
3203395
5270967
4828106
3793174
2587365
2658012
3370783
3043985
3466548
3145184
3138734
3245501
3104652
3301387
3478649
3053005
3140216
3284133
2863006
2614014
2856312
3316173
4031115
2638223
2696249
3231771
3301603
3572111
2741452
3369982
3229497
2762941
2947662
2958779
2752950
2747690
3350906
3347729
3095750
3389678
2811021
5237631
3852943
3928123
3624758
3051986
4038227
3208733
3771896
2543760
4803038
3563977
2934656
4270000
3985744
6512197
10403247
3689506
3941298
3769151
4147827
5161831
4479923
4289464
4480068
6622626
3664289
3618104
4006447
3665770
3699004
3743541
3351204
3109253
3479197
3349578
2993446
5053712
4460954
4549540
4731113
3989042
4103244
3978428
8139692
3737288
3833609
7458397
4321318
11463862
11773355
4059725
4673146
4838961
4523056
3499283
4560963
5575392
5079282
4701874
6152379
7804866
5826913
5702634
4512864
8319501
4690135
9227399
7194137
6179673
5191428
6842540
6498129
6148869
5414216
5220119
9520116
6664705
6358083
11701642
8970851
8447265
10434994
5772847
6770662
9272155
6769721
10796862
5654229
6332473
4490765
6576751
4336162
5472668
4957373
6463016
3873463
6435277
3996217
5434462
5639571
5514614
5991967
4125908
5692324
4644548
5972301
4916306
3864054
5298867
5210116
4870264
5370562
4921764
6799191
4611849
17595536
5124462
4593508
4768186
5154289
6662229
16872948
5013129
4923661
4855420
4895610
6719853
5357325
5992424
6264463
5187114
5805537
5325474
5271362
6049765
4505006
5903935
4307634
4152253
5404705
5156686
21168149
7976528
5367945
4214647
4812408
3602391
6351331
3133297
4732971
4862268
4949968
4223543
5185073
4284226
3679534
6922536
4734708
6316452
13162034
3563705
3836492
3927052
3588920
3530093
14650115
4013794
6609388
4986435
4767305
4238259
5447046
3718529
4472337
5602538
4937463
4012325
6651485
7582658
6706173
6167802
4458455
4553710
3444477
4168717
5683261
9838290
6351250
4807116
3601059
4036146
6996292
3212109
2777052
5222967
7993799
5078182
5532140
5542186
8750361
5770789
14063169
5707522
4659501
10101968
6312781
4848885
11341319
7983346
7607156
5216031
6744840
5122017
48750
5091508
4357616
3407431
3098753
2723767
4063887
8861915
2792574
2572390
2976532
2780991
3859585
4314282
3256042
3494036
11048605
3185370
3620345
7035606
5422554
5975642
4015550
4746916
4580242
5092534
4718817
4413945
13799524
4780674
4757918
7263922
8303050
5284969
4611836
4097050
9058939
4645540
4427794
4514657
3603874
3837900
4451607
4708939
5650848
5408891
6922037
7420798
5130853
5701880
4133021
9643168
5651586
9928383
6028495
5780971
4999851
6745573
8283500
5009274
4696697
5769213
4274746
4145507
4400514
3465139
3329677
3330712
5211622
4344787
4309208
4051988
4157331
4893363
4185712
8756235
11945009
5397454
4600681
18489442
4687342
5389838
18363936
6337616
9124368
5108235
17885546
7155456
6128234
4368744
6680157
4670253
4355650
23243163
5318004
6362727
8679426
5741120
5144573
9247880
5653986
5539116
6000175
8563511
4946390
8365445
7191867
18994235
14652677
6675569
9102068
9935348
9969994
5452665
9535483
6210631
7035958
6557128
9139126
6318237
6126773
7024551
13232543
4616411
5664801
8946813
6807897
4843268
7577595
7182937
7005050
4837021
4925260
8305244
6385438
6140779
7161872
10935521
4873146
5374807
6469339
5230503
7976820
5666802
8163659
4727393
5748768
8631445
11865078
6415788
28075590
4571666
5512198
6046943
14291997
6365364
13419750
1000000
72872
10872484
11251130
22345019
6077453
9935077
9339080
6734352
6651655
5153179
11854294
22945353
12128456
11389230
5365456
5822785
7825382
6315785
14401537
14362374
17338900
15252862
12456470
9109261
6491190
7941074
15227560
6108264
7353600
6637308
5902641
7378723
6426133
7234378
6714088
7038506
7892743
5748724
6009643
6822475
7762051
11042498
7831741
6286416
7144250
7625400
7525423
5506301
15612469
11207166
15342411
8339780
9557383
6025428
10040852
12058580
6545693
6605092
7386913
6351101
6352087
5786905
6629705
7047788
5003758
5600763
10127868
13504543
11764179
8454341
5319179
10073567
7067209
5220006
8420356
7415606
7020986
11828057
8234789
6107987
7887979
5430815
6481964
6177133
6801712
7417973
13551677
6275276
5631585
6277193
6213782
6437978
5176137
9907604
8846622
7831868
4933094
5298283
5871291
11746271
9247297
6496813
5009811
5630561
5473244
5706041
5271131
6710928
6327313
5178329
6363395
6568178
21476314
5160203
5174598
9873462
4975060
9813874
3678377
7030925
6575060
5417794
6417637
6329548
8156164
7228175
6817342
10002511
8964257
7146035
11128242
6637989
29153890
10325921
5352158
7031298
6356964
6355244
4942562
6683969
6749079
8054658
17329805
5209212
5283529
7076264
18292848
6904508
11665267
22449694
5250878
9988136
10164534
6971791
6017099
5678079
8958741
7257559
6871979
14110727
5914659
6283223
7100684
5392536
6911580
7855914
10241475
13739262
8705194
6610717
14850648
10617612
7241059
10933899
212617
98917
7803051
8223310
6162273
6498130
7041626
6854446
7266973
8164874
12854221
6640419
5934345
6884810
9868585
13262716
8886999
12805190
6063439
8966370
7144102
23870644
5247431
5799118
6085842
6782053
4996673
10181486
10981744
7581930
9522122
6696280
6291148
5808515
6709302
5832606
10680373
5755399
26342461
6814453
5793792
9583122
12113599
7118749
5640840
8439987
9886224
8401364
6889329
7395702
8688989
6265920
10312396
7415713
8616476
13788505
7383770
5889288
9593266
5887573
9731481
13436913
9995541
9407464
6555144
9031759
6363836
11603890
6862874
10974060
9489713
9466289
5884246
7067158
9666862
7985512
5288923
6552153
20497014
10012471
6855356
6428614
7197641
8512123
10498156
8239382
6325166
10196362
6056543
13327703
6208832
8474800
8662406
9356074
7049189
7647485
5988234
6346124
7178551
9864905
6687190
8541351
7513850
6076792
13118430
5523137
15759705
17115263
8817049
12969151
7631015
7093568
8117874
8931761
8259994
9653598
7836782
8002100
7939439
7019840
11657967
13073707
6160095
7134542
6764818
12498268
7375694
5756726
9174276
10112655
6324514
9415528
8714856
11241580
6505615
19649857
7419322
6949028
5698177
6044158
10047529
6259863
10568307
7130234
9145004
5679873
6397989
13353062
9517941
10356966
6203291
6970047
7997568
5647706
8578965
7547615
5274659
11653311
6046025
7794870
6946560
6737850
14678532
8867318
6502697
9933709
10175799
12550448
11720604
6861602
8584831
16830154
6388607
5710105
14617136
5986938
10726486
5890792
6525173
6974253
6192037
6831388
6978880
5538230
6631464
6288010
5926526
5990148
7959492
6888585
7581684
6183920
19637969
6413949
5945282
11735292
18273042
7970928
19737924
9589676
4932928
6278242
5199451
8356304
8079907
9901187
5690628
7747074
9128617
6444497
7416007
6295403
6796093
9722340
11309806
8654223
5855358
7549685
6508262
11612125
6524393
4823191
6949357
6979344
5863746
6110885
6181641
5925530
6606009
6523066
7124348
5096045
283987
85233
10818838
10103794
9482007
21084687
8255895
7014211
13405935
7651430
7968018
5893465
10192312
8279968
5439812
5886352
11759649
7116614
7248287
5492697
6015941
7344671
5689453
12013200
6976328
6541007
5975503
4603255
19084934
5157836
6697821
8437070
7439866
5615545
6959240
7954921
825904
179135
22116261
5357909
5729529
6469718
9437294
7452170
5853198
6528076
7583347
11553063
6815409
5904072
7454876
10290803
8176907
7770960
8072422
8546707
5954970
10134076
6860306
8493297
6009589
7991023
11587215
7323646
9160917
7627433
7258517
5991554
6947758
7714773
9079980
8980062
5868039
18982470
11362121
7504709
18944368
6447324
6244950
326740
260999
8109673
7149081
8649243
5496701
8007017
7727697
6894363
5522577
7068549
13676875
16603896
8545432
5803777
7377334
7529056
7903291
7861820
8148274
18293923
8575564
8947091
7219914
5890021
9794309
10433371
15758261
8553594
8660012
8008537
7397249
331919
135163
12557074
23831602
6092370
19663168
8234436
8951570
8578749
337141
100550
16289341
7335863
6855696
8012197
9409405
5232514
8893028
5769976
6777448
6036267
7634162
7980695
6170887
7247373
8798645
10171213
11833294
7280191
7567591
6232965
6325569
16148489
7505430
6152466
7222100
7673215
8464415
10475592
18959656
6550039
6893130
5668029
10208670
6289740
6973108
6938406
6521751
6383294
14397976
8541551
7547925
6214260
7014461
5981109
10674942
7313077
6766887
7957040
8108971
8638629
8438119
8021032
9571665
7442949
14098405
28972444
11322325
9741738
9565519
6495533
12677412
6355835
301506
83810
9368116
12849656
10741587
6718263
8581842
8935829
8017322
8611395
8569272
8340472
10228468
9675873
12156686
19388071
6984939
13358077
9353496
8814535
7427652
10435799
6114190
6601978
326564
92255
18947071
7092824
11401803
6501849
10830661
21208503
7509989
10731304
8021515
7457300
12395138
25020849
12913404
6686498
9201216
7364630
9810670
12294998
16290249
15946123
7764620
31457979
6952997
7047087
7173303
41897286
8266452
6928520
9437035
16818702
9673900
9364624
14925599
10617371
9983011
6656834
7573448
9002784
12799848
7753763
6866543
11703588
7651236
7804107
15221426
8320002
7606708
9243246
15979522
18307561
11132702
21419595
13145732
16670218
11461787
7729317
7891455
10666408
23522117
6621765
10149512
7734320
8185941
6634796
9775794
12720485
5964771
24193694
8403666
3555841
13201737
10069539
8219895
11321897
6658639
15028289
14564096
7476768
8853642
5699631
8852600
7677998
9565316
10313519
22194937
8238694
7749086
7965060
6703731
8042714
23906138
12108100
10350729
7805517
8875859
7842532
7323031
6987009
18370775
7519975
11226822
8317245
8245169
12046016
9189897
12728836
10416505
12006096
9865064
17306299
11182516
18094605
55409763
7660954
9113306
8374027
14797272
23463664
24849347
9891330
11373607
30356683
8737711
12863653
11876638
6402609
6837251
12834353
12139266
7823858
11484885
5841939
11441578
14098972
21156622
7196176
6380600
11564615
21249696
7563868
20596012
12662938
9549389
7397056
9211844
10791115
9716711
6954810
7659170
7052170
7880149
7480936
9285240
9220332
8235400
10755403
5050129
14082453
8761133
9230482
7115714
7166265
6160460
6770674
7014920
7993389
7571134
6968847
7720067
9491473
6070053
7277406
7345856
6397990
5839505
6453108
8067103
7423671
11944736
5737121
6423596
6266987
7879708
7914763
355109
89821
9196397
7567879
6881714
6491718
8680237
7001779
11150260
12279699
6429971
36933512
7573290
7417294
6624869
9652495
17395533
5499509
9405211
6153723
8595499
23364520
5285574
9142985
11829058
8591401
12086159
9390995
8864267
5867984
13767613
12987292
6231853
13160927
15542326
9736372
7582519
7864764
10288230
6434039
7343652
7769768
8812247
6769915
8058648
7376520
6793116
11505523
7709499
7963805
31093414
229390
83035
10127566
6126490
6912946
5702616
39069679
19659182
8032449
33449011
8083288
10773707
7340147
8332871
8863913
8980845
7521875
8155957
8103956
14784131
11254505
6426743
7739838
16093216
8936630
7685895
8759511
9721589
8297192
7004296
9177495
6459452
8851054
425523
1150708
9604213
8748917
35983151
16058631
18404431
9616140
10314841
8685192
7317773
7057859
10323538
8412077
8562547
7084467
14899061
8521372
9283335
7891699
17320559
6276986
8829719
8895882
9368699
15432437
7898636
13589435
6932418
9304514
5946112
13202274
6320503
6698162
7891119
8855824
10923447
7286815
6583514
8896492
6188856
8741334
7499979
6971837
7403395
9826067
11113957
8522371
6346084
7128887
13759168
8037858
8881445
7871483
8687394
7438435
9118994
14696134
6336978
10565826
10131517
12071109
14812513
6345267
13503152
9521134
6454096
11951247
8462290
6131863
6243688
7107335
6340210
10484805
32421858
15080127
6186646
15815353
11573036
6242130
7891153
5745045
20146285
6214736
12711025
15122464
6128391
6674709
13809209
10779128
7195819
8576977
17721052
8718112
16957817
8744479
259106
128056
13874799
7544660
28375011
11879680
8289199
9043641
8974507
12150913
15061562
7358793
7941570
10709939
12206253
5807467
8270664
7270882
7171981
10491385
6051540
10716276
10943512
8114695
13074737
10926897
11412769
8538498
8659171
17752001
7408848
14359351
8739649
10345589
6927507
9110201
6139949
12189790
9604107
13482481
16088213
7264521
8744169
7944179
9124176
5002128
9736892
5813853
6247712
9525315
7821336
5977012
5054237
9444208
6531242
8661435
4759400
5024760
6424918
5401764
6596276
5833189
5437587
6463538
10250643
10734276
4150301
4690228
12838380
5955882
5401743
5954199
6446806
9615783
7387138
12449314
3991033
4808023
3826526
5670496
5339824
4099156
3962449
5560679
6031861
5274634
13003224
5571061
8875254
5476911
4842673
3909266
5681589
5285020
3690003
4346796
3402421
3675175
4267107
5210001
4523090
3672154
4616465
8968947
22903383
4293604
7930474
4881825
6854856
4703697
4014468
7505310
4111594
4082824
5364931
7390217
5202678
3932869
3757143
3654449
4074683
6556281
4635776
7203113
3919712
3639732
4810936
5275720
3437356
4183144
5050920
4096420
4194364
3439191
3628890
3918331
4374405
4112599
3383266
3575922
4816896
4176503
3157596
7018919
4130089
3763413
3463626
4351826
3962599
4379562
3128967
14016509
4020130
4531875
3758757
3069749
3353865
3620984
4629640
3883254
3509742
3953020
9584396
12040918
3747877
4223051
4875952
4395234
3683864
4448425
4360488
4418845
4307912
4415145
7275916
5249127
3831179
4932269
4097310
4626117
8388902
5644752
4164019
4442625
10759413
4619459
5511129
3999466
4814345
4222867
4897279
5718922
3743659
6218643
3854831
11213523
9553077
4637733
5373229
4967858
6633295
6226693
5307511
11430461
7023839
5081497
5928288
5525323
5138617
4974159
12967432
5035363
6222680
5276507
6382149
5680436
3973875
4394262
4641695
7994530
4594079
7060898
4401111
4704278
6995701
7460961
7031053
5268682
5049891
4640750
4915724
5038821
5291576
7820652
5521500
6012621
4823908
5303720
4801981
5983309
7884690
9314087
4269926
5319437
3918839
9950167
3444955
4352988
4956294
6789660
6874889
6386869
5560024
4569318
5912081
8796399
7452601
5896122
5364538
5801574
5229861
4176373
4859631
4790764
5534547
5134989
6592900
5687975
8437627
8457450
7696424
4440683
14061832
4494673
4612145
5966799
4518131
3363135
5997985
5481055
5241829
6522125
3953890
5630145
5662417
5893262
3957515
5299274
5209531
11116178
5058366
4116110
7224228
11056794
9304808
5557973
4326429
5384454
4578233
5167085
4382779
4996909
5590639
5067262
6837140
5534927
6277929
15821740
5429699
6320004
7299389
6557194
9826248
5904386
10358496
5609794
5112136
5271231
6951284
5038709
9911522
9065780
6727272
7893534
5933753
4950234
5363951
6111682
5549845
3757669
8715171
6336334
4019184
4831283
5340004
5110204
4514753
4842486
4984008
3814332
6168079
7671729
5829889
4538636
6943803
4231234
5271305
3473335
4806341
3939508
7633026
3920898
568250
74742
6242477
4003696
5124275
8502732
4043488
3870523
5264306
4255402
5460477
4632715
5372611
5551773
5251431
3411918
5210024
3809796
3951889
7357395
4436345
4593822
4725954
4354163
3507622
4635557
10642783
3772538
3759455
11542191
4870631
4411451
3856352
4498297
3944841
4068698
3973646
3813412
3301957
4271974
6710928
4432709
8058013
4614586
3975022
4903242
4397514
4504471
5950546
5168265
3735841
3861805
5373075
3906768
3485473
3730961
5131098
3960969
4447533
4630663
4757996
4748848
8537714
4187194
3535931
4466930
4403075
3664743
5269782
4359055
3192382
3858670
3773796
6403266
6026415
4617824
5463602
3484917
7625304
4637507
3979221
6016115
4202959
4287791
3574614
3303577
4833417
3847584
5782602
4931385
5182337
7554852
4371178
4921443
14801198
3524773
4474307
3555593
10806315
4348827
4488089
5799363
4852094
5764861
3097374
5076507
4976380
4337485
3781452
4188684
4753488
5254302
4343211
5045441
4700039
4153666
8994683
7678149
9771919
4526983
5995096
8193435
6345878
4837078
4917224
4078756
4010340
3284389
4714357
3614886
4436459
4717845
3808501
4439279
4597230
12302179
3467739
4321889
3804021
4369507
3543992
5644894
4489911
4556066
4558199
3651784
3933068
4756079
3722617
3779025
4665070
4819320
5187505
3830173
16033110
7685818
4236568
4486875
4813995
4868808
5405711
5823932
4203352
3632875
4808163
6229076
4961024
3764124
3554917
3232139
7826701
3981453
5056897
5954495
4259245
4793522
4517526
4755910
4780399
4679108
3561610
4845082
5978829
4876166
6715968
9928114
4348405
4281690
4361237
7622356
4549843
6900704
10535316
4521209
4580532
4610802
9799585
7975133
4462635
4982875
4093143
8865847
4200475
4937728
7474425
4757696
5818356
4780396
4349471
7632488
10372204
7224883
17233701
4792801
4757485
5626822
6346858
4182888
5763914
8849550
4928372
4756068
5161643
6323040
5742189
4530863
7384010
8590686
5879835
4239903
3991289
5339694
5395777
4161786
5381810
4881065
7400491
3989041
5001348
4458865
5360228
4528027
4260294
7075766
17501881
13391592
4735804
6331772
8637687
5905151
11163665
4088077
5145549
5162866
5556389
4253679
7689304
5869301
5025665
6211430
9536799
5022337
7167067
8850755
5084317
4593830
7481508
4512080
6417739
5496340
5220422
4820702
5411474
5760429
5288596
6077957
6307460
4118361
5959311
5461111
4491031
7008463
6362093
10097210
7662592
6335153
5134309
5068938
6842637
8416437
5780538
7130101
7130723
6249010
17070511
7276108
6121336
4941093
5981606
4548368
5183846
8048900
7368051
5244805
7098107
5610044
6105255
5536545
6096952
21254561
5774651
5645587
6761587
4777527
5060199
6964259
4948079
10649436
6447689
5208849
4190172
5171962
6764649
11245395
4711641
4467442
5853187
8021770
5657403
5730294
5204248
12863251
6786628
239573
98012
7643059
4498933
7018638
5389449
4785147
5510470
5158342
7727723
10995033
4136596
4240396
3808018
4570599
5932599
4395253
5091000
4234333
6176612
4095969
4269006
4262622
6784289
6829355
4158675
3714455
5252121
5822314
4609972
4202277
4527370
4166924
6599127
3921551
4392392
9827321
3804432
3708808
4505132
4447715
4970733
5542533
3565797
6263990
3465932
5726429
5900978
4459481
8076247
5276763
3941106
4221973
4283684
3782624
3642160
4769169
4502824
4954862
4418048
4888956
5085850
4840485
3900239
4790875
5414806
4298286
2341117
3991193
3730912
5968682
4330959
4671986
4315568
4832417
4032669
4499662
5272051
4928608
7310217
4864564
4234330
5026611
3807241
4592439
4773879
5312598
3906704
4612509
3771155
4459247
4711940
3982964
4468194
6789053
4647190
7356128
6854914
4557190
4816934
5080387
5103022
6921947
3844901
6063002
5147304
5441295
4924819
13528434
5193487
6602377
4703537
4524004
5507698
4350308
5906639
4266905
5706495
4652333
3603007
6982621
16557003
3950869
5219229
3863071
5837109
4458866
9849223
4285590
9439477
4171448
7015807
7363798
5546989
4745076
4846429
4681586
5677546
4853999
4958005
562681
64922
11942103
4888797
5229205
5111988
4814261
5420351
4535879
4798648
4499115
5109971
4663280
3889293
5892016
7102517
4601023
5244864
4030091
8825354
4344968
4839501
4691569
4634698
4060606
5071664
4878535
4991789
4541296
4436625
12487649
4659082
401930
67480
4746928
5223250
4860687
5185989
4507394
4061970
4361289
6620012
3547994
4012938
4687479
5376437
6032504
7197690
3753763
5412125
9440116
5068083
4373605
4711336
6969217
4468367
3889141
4874369
5158683
7164918
4222053
4885380
5571250
5009432
4502709
4716624
4069793
4724142
5321244
4586282
5467915
5750586
4860107
6726007
5226472
4236245
5068582
4821552
4507402
4224605
4737194
4728688
5054319
5830066
3695062
5660784
4987295
9454093
5865461
10007229
4364682
3777137
4224702
7160568
5446192
6915641
4161844
4902309
4757831
3557056
5277013
5086279
4106901
4957851
4025061
5093855
4790858
4854326
5005946
5191756
5074298
4229768
4514166
4478681
3810546
4653231
4865749
4369825
5049941
5229043
4180793
8024738
4850695
4486230
14509444
5316206
3668994
4601731
5081613
4907180
4326824
5304914
4303369
5984036
5387455
5153395
13473550
4493819
4478174
3976245
5585906
4076000
5183508
8399048
4135691
8307088
3975450
4308029
5016071
4761535
5170989
11864742
3804799
5500966
4751174
5077460
5042386
4168281
346322
114732
4728464
5735591
5545390
4817588
6204050
5711573
5984145
5301906
3635902
4810553
5274079
4595455
4872293
3944999
6888035
5111222
5121737
3828048
4640975
4352098
4566054
4736215
4483363
5221252
7312108
4074917
4515987
4468119
3831840
3747931
4014167
3729883
5150537
4434985
5377242
4486133
6080097
4679765
3658207
4237377
4717285
4198689
4259049
4413496
4476134
7018146
6627602
4652816
5048129
5379102
4000087
6693678
9708492
4380555
4126568
3701227
4866648
5760074
4987821
5539593
6958771
5023705
4332460
5350773
11070197
4397146
6946587
5046153
4261931
5389897
6721677
4162812
5471843
4526728
4823547
5091748
5221459
5189071
4347055
4017161
4616438
4986879
5386211
5328751
4562077
4803085
5538358
4358983
4356038
7324196
5833723
11795476
4555393
4707266
3753809
4856009
3502414
4825925
4194506
9202897
5039454
3576008
4310386
10009515
11746649
4696479
4614840
5707648
4184780
4558670
6425540
3860994
5539344
3787020
6677276
4641817
3511431
5604331
3938160
5192063
4780060
3939956
4084861
5272836
5681980
7607213
4329387
4325343
5529372
3634082
8095055
10208031
24347237
5319161
4476271
7649976
7730472
4164686
10180289
4566893
7176543
6080788
4370434
4774515
4752570
6369302
6175907
3817534
4360713
6932131
8535692
5142802
5025675
7569156
3782218
4895002
4535076
4912078
4092232
4107938
9110685
4574671
4650589
4467604
4594624
4163984
8681443
3896207
4726801
5175380
5559072
5353303
4176399
3551217
5011812
5243190
5911313
6083465
4987426
4791524
7320132
5056992
6672897
9820615
5057405
4758345
14227425
7138954
5986399
5525689
5286612
6114783
5196371
5828177
5081537
3769576
5598752
4013399
4260776
5599149
4050923
5687198
5485189
9485648
6175906
5043596
8317982
5691327
4689958
13421691
6292793
5448457
8387075
7210929
8186186
6667417
4336489
8300651
4483134
7038249
5135814
5309670
5419962
5287706
5043710
4296660
4357863
10161603
4706043
4723931
6441909
4051769
4290341
4574110
3659999
4100063
4241115
3828466
4088168
3925020
4169313
6490383
4423353
3560146
4165512
3158276
6436489
3622462
5479302
2996431
3042613
3165485
2766800
291455
52277
3510955
3087375
2771524
2453432
2712284
2692367
2495825
2779358
2467141
2526233
3098569
2331485
2694678
2781370
2991400
2878398
2744457
3150702
2690452
2277782
2228589
3267593
2855801
2576026
2784857
3148256
2649103
2415858
2975800
2753813
2940641
2592306
2785343
2538014
3995653
2588132
2881898
2950807
2762824
2989592
2852829
13218916
2577254
3458315
4310182
3390083
2969107
3311017
2813009
3555450
5317871
3220067
3516795
4330629
4147855
5694183
5909914
4399309
6484872
3790141
11513461
5383071
5446958
7560834
14314608
7398301
8547749
6778856
12092515
10617699
10107864
10988131
7922280
6192036
4540666
5904102
5272828
5384319
9989439
4984532
5723387
6373436
10569216
6460777
7259714
14869578
5028340
6043662
7520440
5449341
8090112
7342413
5219751
5681092
17972826
6935651
6813196
6850822
7239269
5215698
6595361
5514600
9571487
7704006
4571421
5226297
4811419
4530870
4550457
4327202
6938288
4367837
4754037
5259592
5180455
4693564
4754394
4879188
15768614
5336951
5813490
6496647
10451148
5222216
3865342
5247308
8567915
4538618
11889406
10617697
14798475
4844115
4197530
4362098
6711619
5098452
6939502
4836533
9760266
4868661
4726243
5376213
3824443
5245332
8961887
5104876
5926237
5983567
6829873
5759328
9337530
4636267
6553997
7075900
5645948
5920652
17519794
5425219
7679880
5887197
6295215
10442208
5734212
4298113
12231186
4145600
7379905
4674003
4295189
4245952
5264421
8730805
8339510
4905203
11734697
4072845
3313851
4288152
4206675
5044689
6429324
3454088
5210491
3997958
4387451
17055064
13394673
5285524
4825772
4302415
3496246
4148629
8866500
5027357
6635113
14036558
4656357
5935640
3545281
16489531
4263903
5330784
12584822
6762636
4958887
4568356
3943333
4426137
3424248
4211242
9027083
5915397
22191346
4111318
3786284
3585262
3991988
6402263
4632810
3167287
3477318
8280683
9642213
3847166
3957219
4704952
3867024
3923437
3949447
3457303
6448829
4221378
3799259
5498358
4056302
4209297
4262440
4013102
3972147
7566028
4957311
4659161
4084987
5756626
5671524
4190078
4153763
5234522
5315782
4515553
3865246
5064910
3989576
4459703
3968327
4263205
7521417
3648311
4217722
4158707
8426620
4426179
3621573
4226936
3687420
3727530
6180456
4945411
4887759
5523293
4917531
4660244
4048087
7700578
4747289
6487140
4598675
5675472
3187468
3596816
3741198
3596270
4047607
3191456
3797491
12251000
5752084
3709922
3703762
3756091
3931202
4017080
3939215
3541815
3632985
3462983
3781691
4031774
3823185
3495148
4170260
3584403
3390832
3522225
2923081
3266378
3339319
4612980
3525329
3623848
3119044
3454856
3361339
2559726
3258932
2748038
2724654
2843871
2476883
3038469
2924515
2584785
2572286
466685
41694
7366833
2744268
3341375
4610034
3373138
2880697
3073749
3181354
3104940
3220521
2504338
3204061
2956908
2891696
2904584
2946306
3143611
2705572
2145800
2606541
2114481
2952487
2825823
2263372
2844111
2877286
2337793
2522519
2263213
2477041
2307999
2890965
2058059
2059455
1651358
2179576
1757562
2626536
2348486
2345289
1957404
1935486
2135327
2196940
3272842
1788895
2019561
1880485
1808863
2183495
3617051
2151988
5705604
1696979
1512451
2073650
1992816
1917792
2598356
2006841
2291765
1694283
2167672
1924923
1637170
2356064
2144699
2374422
2275980
2276373
2209923
2094721
2341625
2451659
2704514
2138169
2244862
1809343
2128963
1731525
2088574
2120039
1997228
3229266
1740501
2541442
2006680
2533574
2234624
1755709
1574385
1966287
2154604
1594612
2125493
1728293
2367767
2157173
1755799
1922218
1592051
1704994
1790672
1885395
1520957
1765737
1869996
2415516
1339521
1456258
1601413
1714839
1486709
1602519
1764490
2092050
1861292
1866958
1362190
1272080
1368380
1528788
1827730
3149896
1570583
1318887
1934400
1721181
1921023
1704856
1818135
1966523
2527916
1870590
1839244
1865824
1610905
1843689
2026454
2049727
2055976
3323329
3496862
2701003
2010747
1591119
2772547
1642485
1976862
1682915
1817174
1969514
1931404
1966353
1734811
1669877
1533025
2168778
1897308
1959398
2010955
1653545
1952086
1971891
2416392
2058439
2211434
1755868
1815467
2078307
3395646
1899966
258713
32053
2773462
2255131
1853896
2224882
2319325
1938320
2136079
1748566
2217946
1966547
3327845
2191978
2296766
2210694
2299849
2206140
2288561
2409149
2801054
2055251
2281468
2680345
2334451
2464283
2652764
2433394
2534890
2355450
2640527
2758667
2465061
2315687
2416767
2463458
2053039
2333074
2323107
2292078
3694975
2586094
2428429
2530924
2236037
2073131
1975469
2497201
2361575
2121817
2628876
2348261
2535770
2231843
2396066
2210227
2559497
2441150
2719773
3493293
2683095
3166703
3763778
2810402
2818798
2514707
4990301
3575839
2507580
2647656
2521321
3192385
2779615
3377010
2988799
3004032
3651984
2741959
3259512
2754392
2606182
2531394
2805469
2087906
4593500
2691423
2503376
2497906
2460868
2458021
2871636
2658587
2753943
2353150
2285351
218422
49459
3667645
2548892
2797700
4002739
2805583
2732777
3174906
3111863
3107962
8816837
2695384
2944237
3762279
3877645
2813098
2604946
3205263
2571977
2684419
2830675
3133679
2465247
3144504
2957791
3149249
3007429
3483850
3252763
2785340
3538060
3477556
2820274
2829995
3526569
3384680
5871610
3436960
2988633
3149684
3494474
3010524
3279318
3192853
3553954
3834927
5654564
3607223
3382894
3700298
3662793
3710369
3812345
3009118
2984169
3852113
3461575
3090436
2700401
3119289
2941075
2933409
2811441
2759695
2979382
3349312
3227333
3320757
3474772
3061588
3416473
3811665
3053927
2885903
3658234
3539811
3418297
2797531
3621815
3590261
4393926
4026295
8810958
3341364
3613436
3484680
2897047
2685660
3635267
3011820
3181030
5097030
3805447
3489372
2640985
3417011
3402977
2482911
2850034
2834828
3273282
5079233
3277957
10718024
3605425
11261687
3620009
3316698
2860976
3046565
8583399
3254850
3247226
3212716
2998210
3699031
4137501
16421095
3557436
3746364
3242584
2983583
2983253
3375996
3061438
2703049
3141384
2889177
2945810
2458999
3306122
2532661
3696422
3848233
3508152
5298400
3527258
3152745
3582806
3006058
3303904
3083145
2701801
2792515
3333300
2673150
2511541
2724250
2987656
3031587
3636431
3226223
3288730
3534369
2991140
2935523
5129512
2874363
3047874
3006957
3004808
3969847
4804549
4822165
3299664
3142697
3584861
3304383
3964120
3605977
4349635
3137537
3270474
4435157
4271774
4251815
6408847
3059734
3778559
4370142
4332652
3841602
3058658
3963078
3786835
4346907
4104491
3301144
4236485
4017347
3971726
4091366
4012067
4169995
3833805
3271828
3334788
3273313
3612391
3654002
3658762
2809501
10742514
3208747
3642599
3099287
3270782
3448187
4474802
3321466
2729079
3017608
2954175
4496255
3267948
3084254
3255680
3564400
2941937
3300668
3622405
3316354
3181988
3935908
3504255
13232628
3841548
2802064
3308514
3805345
3603894
3581425
3321886
3460289
4575715
4418349
4234972
3336445
3277050
6358324
3928187
3676054
5645866
3221146
3435593
3524782
3585389
4784626
3345832
2920515
3993295
3528204
3503527
3264874
3539973
3607736
12244423
2876753
3614296
3400178
3292119
3525585
3600910
3267877
3525267
3118465
3497897
3445743
3637375
3540799
3367997
3466348
3714670
4664563
3032869
3491998
6886588
4299721
4985154
3914375
2877727
3536527
4929339
3249800
3887930
3275655
4221072
4333429
4369155
4068665
4583165
4032646
4446962
4914797
4443293
4615434
4818860
4698796
4908127
4331878
4227833
4851426
4860568
3710239
3920934
3918761
4409877
3644900
5233726
4560048
3724580
3790283
3564330
3546090
3447631
3848710
4326744
3679299
3548996
4320318
3855500
4323511
3942249
4207622
5986525
3609350
6682532
3884389
3990368
4295185
4653055
5408757
3577253
3849793
2969735
3774482
3147315
3307253
2511713
4052778
3011947
2885162
3566977
3525832
3244436
15632199
4075849
2745806
2403631
3077466
3283333
3090395
2831882
3319797
2664686
3210872
3253160
3206881
2926381
2799876
3136039
3248237
2802471
2945087
3099894
3077912
3599739
2711334
3364251
4880689
4206867
3054632
3610101
3827497
3164969
3553814
4197844
3217053
3419476
3020356
3621204
3505242
3241088
3639723
3381633
2712726
3545784
3330339
2688796
3371797
3044843
3306363
3247555
2848347
4103963
3464230
2782793
2904118
3239530
3872689
3179939
3136420
3212969
3641632
2749383
3888653
3445930
3027817
2949165
4914214
3538157
2490545
2460959
2690743
2429649
2671347
2375483
3032223
2814043
5479908
3286965
2781618
2987417
2598328
2386605
2473175
2967228
2771769
2839723
2845570
2554516
3192662
3263584
2328230
3480552
2469339
3791351
2680233
2792243
2698698
2696783
2535721
2698040
2446588
2355967
3266038
2850313
2792907
2154300
2569429
2432253
2575685
2553548
2336996
2432365
2525536
2266139
2516949
2524508
3518067
2743499
2474075
1927978
2261166
2847441
3053990
3137552
2238650
3537870
3152327
2475446
3123332
