2762
2921
2438
3408
6731
1870
4056
3658
1801
5355
3285
2446
3158
4571
3361
2688
2846
2557
2611
2634
3672
3778
2617
3049
2785
2962
2463
2393
3405
4312
2855
5460
2469
2424
2477
3961
2981
3865
3064
2869
5643
3891
2925
4112
2702
2872
3206
4494
2604
3230
3488
3301
2337
2371
2783
2854
2396
2493
2749
2363
2718
1763
3798
2227
4736
2980
3270
2023
3596
2821
2773
2961
2701
20943
3029
2466
3754
4346
3115
3418
3509
2482
2801
6271
3481
5330
4232
3046
2836
2911
2305
1900
2469
3748
2593
2683
4364
3108
4594
2630
3432
2156
3833
4279
2996
2980
3424
2487
2576
2846
14802
2855
2831
3894
4233
3872
2599
4211
2590
2074
2942
4690
3346
2460
2698
3677
2501
3030
4813
3069
2698
3204
3148
3572
2330
2856
2680
3022
1986
2893
3417
2506
3300
2097
4293
2793
2055
3559
15008
2910
3383
2509
4343
2777
2727
1840
3846
2321
4279
3733
3138
20921
2677
2816
3690
3356
2875
2586
3620
2818
2810
2948
2093
4920
4477
3765
3430
3306
2303
2829
2985
2132
2178
2603
3320
2901
2961
3178
3217
2675
3221
4528
2448
2136
4813
2537
2140
2847
4556
3117
2045
2643
2497
2624
3177
4333
3194
2347
3279
2647
9587
3769
3737
3371
2625
3720
3867
3895
4141
2227
3736
2598
1548
2451
2405
3096
3422
2805
2571
2634
4064
2573
3201
3172
3427
4115
3229
3125
5748
2064
2196
3505
3536
2921
3109
2682
3637
2638
2895
3792
1914
3028
4482
3251
2133
2343
4215
2383
2265
2291
2596
3289
4065
3082
2478
2204
1939
2275
2596
3071
2220
19925
2445
3290
3571
3023
2613
2648
3168
3638
2509
4033
2724
1626
1366
3005
2956
2757
2698
2248
4483
2620
2814
4816
4113
2415
2779
2253
4443
3087
2412
2624
2417
2959
2541
4229
4982
2788
2345
2654
3445
4288
2070
2155
3501
2450
3379
2883
3343
3175
2079
2982
2486
2611
2285
4080
2473
3186
3865
3436
3238
2866
2694
3676
2659
3028
3672
2858
3350
3254
2422
3217
2952
3338
3269
3509
3576
2987
3179
2364
4108
8753
2931
2565
2224
2389
3920
3867
3699
3404
2768
3033
4026
2454
3471
3555
6093
3362
3522
3015
3590
3114
3090
3585
3066
2735
3079
3303
3653
1778
3858
2320
2530
2855
2268
2483
3973
2681
3134
2430
3015
2703
2564
2914
3057
3654
2479
2372
2652
2899
3714
2148
5833
7086
5011
2837
4139
2933
3060
2785
2560
3428
3730
2792
2700
2895
3091
2865
2916
2970
4262
2620
3124
4072
3274
2117
3158
1928
2488
3265
4819
3321
2416
2510
2932
2566
2947
2875
3244
3830
2418
2240
3228
2793
18374
2665
2562
3761
3561
2986
2931
2887
3067
3885
2352
2657
4008
3053
3125
2696
3011
1884
3323
2797
2560
4154
3687
3238
4603
18066
3721
2685
2678
3733
3197
4415
2614
2603
4417
2200
2848
1812
3116
2498
3014
1971
2523
1927
2477
3211
3889
4134
2410
3984
3873
3335
2629
6172
1434
3451
2676
3951
3205
1721
3002
2711
2757
3607
2744
3513
2685
3323
3414
3069
2367
2633
2603
2789
2596
2584
2809
3647
3805
2340
3948
2787
2336
2283
2784
4271
2433
18618
2429
2470
2760
2418
2968
2919
4318
3959
2268
1925
3002
4565
3325
2787
3258
5059
2996
1840
2656
3443
2956
3518
5057
3675
6861
1801
2169
3788
2766
3823
2663
2297
5290
4429
2578
2321
2889
3453
3086
2440
3409
2948
3059
2551
2413
2636
3796
2684
2859
3018
3396
3032
4245
2951
2998
2857
3819
3317
3649
2337
2371
2789
2719
1895
3516
3010
2176
6857
5819
3773
3673
3160
3150
2808
2757
2631
2640
2522
3768
3407
3421
1878
2406
2845
2593
2686
2683
2973
2241
5729
2075
2512
3236
3595
3663
3786
2252
2336
2223
2698
2341
3372
2641
3548
2434
2564
2690
3823
2234
2622
3996
4378
2644
2996
2237
2797
2405
2488
2524
2593
3389
2269
2888
2176
3617
2740
3240
3680
2705
2769
2357
3270
5334
3896
2492
2832
3335
2714
2224
3319
3032
4645
3480
2657
3061
2459
1752
2193
2201
4900
2575
2874
2972
3250
3201
2125
3737
3716
3440
2467
2678
2052
3971
3529
3375
4135
3251
2850
1955
4000
2815
3385
3389
3120
2443
2628
1832
2198
3450
2971
2035
2030
2804
2377
2743
2798
3562
4697
2535
2875
1939
2465
4720
3415
2338
4270
2172
4847
2442
3100
2879
3205
1795
3004
5864
2086
2364
3347
2669
2798
2390
2681
7142
2647
4463
3101
3022
1599
3300
2204
3970
2268
4010
2955
3349
6146
2907
2830
2377
3308
3394
3393
2544
2842
2534
2992
2346
2740
2746
2884
2716
6664
3550
2361
2197
3004
2950
2959
3123
4771
2609
4014
6251
3030
3468
1904
3208
3625
3809
2117
2045
2475
4300
2938
2754
2808
2780
2393
2621
4832
2269
3163
3282
2833
3478
2502
3261
3862
3071
2256
4218
2642
2249
2256
3540
2168
2386
2449
2495
2132
2509
3015
4133
2369
2696
3153
2397
3204
2299
4222
2876
2169
1905
2145
2435
3404
2714
2839
2648
2505
2630
2479
2178
2586
2097
2285
2272
3506
3047
2375
6219
2170
2008
2223
2152
4300
2192
4175
3486
2720
2641
2570
2396
3340
3657
4958
2732
2275
2757
3011
3312
2396
2027
2245
3091
2079
2779
2561
3283
2542
1618
2527
2794
2799
2798
2707
2707
2583
3110
2434
7514
2734
2083
2326
3953
2571
2402
2741
3319
2350
2975
1813
1991
3256
2893
5089
3480
2526
2301
2313
1794
3001
2984
6285
1623
2670
4017
2340
2448
3319
2972
3728
2311
2895
2604
2308
2856
3287
4150
4347
2389
3127
4016
3837
3776
3193
2928
2440
3342
2641
2735
3110
1674
2557
5707
2867
2419
1873
2994
3012
4363
3031
3089
4097
2419
3090
2243
2093
2577
3603
2466
2980
2686
3981
2979
3900
2594
3455
2524
1887
2143
2178
2409
2518
2115
2622
2887
3146
2395
2900
3170
2568
6090
2633
4385
2474
2613
2535
3168
2387
5042
2860
2427
1979
2407
3495
2785
2698
2863
4393
5097
3965
4381
2933
17202
4400
4714
2564
2767
4950
2263
2781
3543
2428
2336
3825
2564
2541
2836
6637
1639
2163
3972
2599
2984
3231
2533
1831
2904
3554
2333
18284
3517
2416
4401
2181
2843
3223
1722
3816
2916
2881
2980
2932
3002
2601
2825
2773
2780
2170
2216
3117
2260
1873
3185
2126
2483
2973
2546
2575
3285
1813
2815
2786
2844
3431
3058
3193
2432
3632
2406
3873
18716
1984
2252
2166
2764
2555
2386
2770
2597
2802
3062
4445
2403
2486
2503
2520
2889
3717
2685
3367
2389
2743
2494
5836
3421
3127
3667
3612
3297
2989
2385
2782
2617
2561
3004
3100
3638
3045
1840
2646
2380
2934
3272
16924
2652
2537
2659
3755
1691
3308
2544
3442
3075
2850
2879
4880
2701
3397
3011
2735
3511
3556
3178
2268
2181
2513
3400
3475
4281
2120
2754
2528
3252
5809
2657
3441
2305
2977
4146
3959
2445
2929
2530
4391
2292
2856
2894
5021
2987
1940
3265
3271
1983
19180
2498
2946
2180
2898
2626
2659
2439
2513
2869
3026
3072
2655
2917
2827
1996
2779
4195
2713
3349
2440
2251
4421
2412
3485
2908
3282
2512
2209
2628
2505
3632
2205
3559
3419
1923
3141
2468
2965
2759
2639
2715
2638
3494
3248
2790
3589
2075
2421
1837
2893
2401
4818
3185
3336
4007
1954
2161
2129
4573
2727
2839
3393
3520
2632
2125
3641
2941
2553
3081
3432
2242
3016
2714
2477
1450
2767
2940
2637
3081
2467
3916
3116
2665
3268
3199
2770
2521
2652
3938
3328
2305
3003
1932
2971
2601
3531
2022
2385
2538
2196
3425
4124
2422
1723
2920
2551
2353
3842
3373
2792
2759
3151
2344
2471
3980
3256
2830
3003
2140
2693
2442
2599
2479
3179
2044
2789
3104
2901
2943
2414
2502
2373
4050
3062
2406
2777
2201
2447
1852
3851
2226
3871
3463
2282
2729
1785
2351
3022
4502
2021
2338
4330
2692
3316
2514
3639
3042
2256
2642
3700
1731
2442
3288
3615
3219
2528
2808
2219
1741
2560
2878
3068
2555
3086
1926
2407
4429
3652
2218
2460
2567
2535
2465
1913
3227
2894
1872
2425
2673
2199
2969
3674
2801
3889
2264
2515
2953
5245
4060
3531
2652
4632
3156
1959
3558
3493
2845
2507
2502
2794
2878
2261
3773
2486
2976
2196
2694
3019
3086
2553
1898
3548
2266
4319
2906
2763
19824
3492
3588
3946
3480
3783
3356
2805
3157
2632
2791
2324
5267
3221
3112
8051
2585
2943
3217
2118
2042
2411
3057
2875
4271
2646
2788
2532
2803
2836
2849
2250
2537
2866
2575
4309
3630
20523
2321
2216
2694
2923
3550
5823
2746
7057
2670
5504
2749
4218
2056
2941
3328
2653
2363
2080
2447
1788
3794
2622
2542
2005
2857
3721
3649
2908
2206
2824
3193
1784
3397
2668
2361
2808
2703
4729
2631
2035
2855
2625
3245
3608
3022
4438
2354
3527
3456
3178
3019
4398
2756
5517
2517
2341
2603
2565
2538
2286
3788
2195
5726
2476
2951
3709
3223
2600
3996
3828
2670
2838
2753
1952
3180
2759
4203
2651
3225
2327
4779
4462
1942
2259
5273
2250
2609
2847
2672
2513
2176
2374
1969
2811
2516
2739
1958
3419
2966
3691
3335
2700
2721
4064
3758
6276
2670
2631
2192
3647
2862
3191
32160
4914
4499
1906
3651
2035
3155
2093
3085
3063
3680
2884
2208
2650
2092
3075
2782
4289
2879
3179
2070
4406
2503
4226
4861
2905
1978
1979
18766
5804
2678
2680
3501
2240
3318
2497
3258
2898
4755
2538
4317
3264
5314
2446
3136
3293
3861
4459
2879
3247
3150
6011
3628
3656
3052
2850
3836
4090
4426
4114
5926
2547
3296
2376
3773
2777
2991
3618
2844
2575
2428
2790
2348
2697
3364
2502
3472
2925
4062
2428
3935
4385
2291
4971
2856
4083
3168
2912
2352
2618
2359
3000
4617
3630
2249
3438
2047
3350
2502
1674
2259
2624
2914
2756
2632
3785
2592
2924
2279
2468
2232
3551
2723
3078
2670
3103
2908
2165
2018
2494
2003
3379
2382
3046
2894
2292
3567
4159
2967
1815
2888
2735
2402
4003
1978
2513
2986
3976
2461
1986
2301
2985
2368
2630
2535
2539
2812
2854
2329
2225
2662
2780
2733
3323
2806
2155
2617
4999
2609
2517
2272
3108
2973
3759
1974
2760
2663
2628
3046
2496
2237
2836
2263
5231
2362
3446
2863
3026
3012
2672
2086
2397
1858
2023
2301
3646
2440
2637
2329
2383
2312
2654
2365
2675
2967
1782
2541
3194
1882
2629
3604
3662
2555
2109
3361
3128
3317
2340
2617
2731
2250
3138
2480
2169
2637
2933
2748
3341
2917
2793
1810
2622
1464
2937
2607
4023
3379
3081
2850
2985
3173
2710
3139
2809
4433
2332
3035
2976
2889
2276
2055
2619
3478
2969
1944
3030
2633
3953
3415
2095
2417
2785
1970
3490
2406
5438
2537
1875
3010
2783
2831
2844
2393
2364
2575
2386
2999
3066
2445
2238
1923
3048
2832
2924
5289
2904
2514
3544
3065
2127
2228
1925
2695
2662
2478
2342
2704
2340
2540
2544
2633
2398
2459
2318
2485
4410
3618
3368
2458
2140
5617
2551
2545
2203
2698
2868
1854
3835
19234
2664
2625
2464
3190
2579
2172
1782
2361
2860
2643
2460
2115
3321
2904
2379
2913
3643
2695
2943
2367
2713
1703
2926
2167
2671
2466
2233
1581
2769
3024
2720
2371
3121
2009
2949
2311
2721
2665
2208
2703
2900
2640
2405
2764
2500
2404
2718
3022
2429
2604
6224
2554
1683
2765
2452
3106
3056
2595
2369
2693
2504
3209
2593
2621
5411
2362
2863
1766
2775
2316
2500
2989
2192
2285
2016
2714
2594
2621
2918
2359
3310
2676
3081
2041
3163
2816
2686
3453
4576
2279
2540
2797
3492
2817
2743
2474
2565
3555
2338
2845
2805
2284
2669
2045
2413
2029
2669
1779
3021
2213
2825
1605
3417
2923
2826
1908
3225
2595
1793
3084
1857
1815
2424
1707
1721
2634
2491
3117
2060
1894
4158
2750
2731
2432
2240
2095
2515
2979
2364
2605
2844
2271
2480
3296
2634
2355
2722
1836
3042
2448
1989
2541
2911
17541
2583
2292
1986
2530
2270
2353
2454
2192
2757
1755
2404
2397
3231
2519
5341
2488
1950
2561
2023
2725
3082
2102
2258
2546
2641
2876
2182
2448
2618
3511
2248
3008
2678
3154
2229
2997
2507
2865
2479
2955
2990
2575
3068
3734
2504
2672
2437
2744
2885
1720
2412
3086
3261
2966
3430
2390
2269
1951
3472
3650
2242
2071
2912
2609
4371
2363
2714
2023
2090
2554
2337
2129
3144
3098
2039
3249
2361
2351
3084
2430
3220
1612
3231
2030
2451
2365
2219
2458
2782
2394
3136
2038
2698
2890
3280
2631
2116
2456
2710
2331
3498
2484
3268
4516
2377
3006
2234
2477
2529
2558
2442
2613
2787
2133
3295
4793
4412
2339
2903
4689
2948
2883
3369
2755
4176
4086
1617
1958
2735
2308
3022
2484
2153
2279
1987
2260
3053
1841
2958
2819
2104
2873
2283
2345
3073
1986
2059
2562
3044
3158
2449
2962
2855
3033
1517
2538
2557
2415
2300
4301
3587
1748
2880
2302
1906
2258
2180
1950
3487
2765
3716
2184
3002
2949
2509
2249
1969
2369
2855
2588
18195
4440
3125
2244
3467
2155
3398
2159
7225
2670
4742
2517
4011
2757
4849
2879
1941
2729
2291
3549
2449
2628
2443
2553
2232
3788
2430
1955
2833
2776
2818
1666
2094
2820
5169
3299
1888
2764
2836
2876
3077
5088
4570
3852
3648
3848
2136
2598
2929
4076
3547
2243
4156
3402
2335
1970
2448
3022
2590
2835
2809
2202
3132
2269
2019
3541
3483
3510
3416
2660
4029
2470
3303
1879
2561
2377
4393
2726
4165
2434
2305
2806
1956
4982
3328
2013
3062
2184
3047
2335
2563
2865
3371
18867
3019
1842
2235
2421
4151
2358
3855
2467
1808
2494
6947
1932
2945
3090
2996
2131
3136
1929
1644
2407
2449
2676
2340
2384
2089
3116
2431
1594
2471
2505
2790
2006
2274
2450
2124
2421
3323
2606
3382
2245
2539
2394
2155
2763
2472
2322
2901
1917
2127
2879
2635
2800
1982
2438
2171
2712
2911
2199
2365
4306
2470
2998
2855
2878
3260
2908
3506
2684
3051
2729
3020
3145
2661
2218
3224
4450
2495
1777
1784
2923
2715
2008
1976
2569
2437
3751
2640
1670
1871
2323
2708
2754
2486
2401
2630
1946
2424
2992
2752
5494
3562
3170
3154
4134
2993
2403
2919
3013
2088
1926
3476
2294
2807
2141
3120
2913
2707
2749
3705
2512
2369
2130
2763
2709
1907
3962
3650
3004
3774
4143
3920
2270
2094
2855
2453
4687
3074
3014
2699
3326
3673
2700
3679
3359
3243
3540
4713
3848
3289
4283
3316
2322
2932
2463
3877
3091
2786
2711
2121
3792
4391
2661
3581
2991
2687
1960
2612
2973
5655
5921
3322
3516
2329
2046
2008
2909
3922
3044
2663
2858
3427
1845
2581
1800
2918
2556
3240
2164
2102
3761
3623
3834
3656
4095
6268
2218
5002
3268
2652
3034
3952
2720
2298
2025
2862
1859
2604
2562
2771
2347
1766
2145
3149
3447
3697
3030
3181
2593
2568
4099
3145
2870
5261
3168
2363
4493
2581
2553
4715
3017
1979
2274
2877
2690
2847
2594
3346
2080
2875
2677
4154
3063
2572
2065
2595
4046
3634
3575
2400
3278
3747
1777
2835
2247
2785
15230
3109
2744
20348
2476
3607
3834
2523
2341
3014
3328
2583
3689
3403
6032
3670
2841
3558
2979
2080
2177
2931
3052
2444
2073
3609
2588
3861
2385
3180
3828
3869
5231
3112
2826
2597
2167
5494
4041
3214
2764
2577
3488
3044
3385
3049
3636
3182
2481
3825
3177
6048
1737
2986
3238
3593
2212
2529
4379
2794
2756
2024
4134
3132
2762
3545
3188
4091
3666
2670
2292
3442
4374
2881
3658
2231
3070
2071
2302
2712
3398
2484
2390
2991
2179
3264
3068
2830
2326
2831
3395
3074
3120
2837
2560
3062
2391
3282
2762
4709
19169
2526
3538
2706
2756
2829
2474
2708
2925
2591
3811
2953
2446
3021
2888
2892
2277
2147
2324
3065
1762
3117
2305
4051
2062
2668
3224
3261
2701
2556
3059
2262
2964
2587
3468
2115
2977
2523
2425
2750
2692
3509
2284
3112
3131
3257
2544
3169
4115
2923
2854
3035
4733
2250
3700
2662
5961
3310
2456
2625
2462
2133
2972
2863
3363
3156
2937
2165
2322
3355
3653
3691
2887
2377
1923
2881
2455
3809
3275
2301
3032
3294
1885
4533
2290
2529
3165
4270
2201
3341
3281
2029
2207
2284
2548
2721
3392
3121
4545
3083
3907
3411
2780
1621
3481
2809
2354
3194
2870
2610
3166
3707
2622
1948
2220
3446
3902
2353
1819
3758
3079
2737
3916
3082
2701
3862
3456
2757
2831
2185
2692
2731
3118
1771
3546
3929
3879
5961
3539
3075
2696
2664
2542
3881
2497
55479
2450
3716
2718
3591
3038
3531
2345
2236
3216
2369
2010
2820
2887
6630
2773
2424
3744
4548
2698
1723
2428
2446
3245
3463
4425
2562
2690
4909
4367
2211
2641
3335
5474
2247
2151
2993
2309
3869
4838
3029
6224
19257
2662
2609
2460
3379
2889
2555
2294
3397
2606
3240
3469
2573
3547
2355
2721
2378
3954
1816
3156
5320
2089
2629
3031
3198
3356
4126
2360
2356
2213
5777
2009
2851
2683
1694
2216
4386
3857
2870
3155
3263
2147
4093
2463
2301
2548
3536
2069
2764
6305
2717
2526
2882
2461
2915
2161
3447
3021
3422
2499
3274
3171
2360
3113
18414
6490
2927
4441
2010
3445
2594
3190
3473
2682
2263
1898
2967
2783
3038
2326
2954
2437
2638
4046
1893
1958
2481
2599
3604
2975
2285
2169
3396
2610
2506
2673
4188
2253
3775
2748
3386
3440
2770
3170
2316
1988
4049
2519
2526
3638
4725
2941
2414
2868
3222
3252
3310
2991
2604
2164
3111
3262
2424
2553
2093
3142
4312
3140
3114
2394
2382
3151
4612
2586
3262
6271
4168
2854
2455
3274
2852
2632
4390
3786
3826
2529
3708
2879
2813
2176
2381
2311
4468
3120
1947
2441
3198
2767
3913
2409
2116
2745
5915
4890
3011
2583
2672
4752
2687
3172
2556
2333
2117
5007
2662
2933
2963
2753
4809
3272
2409
2227
2786
2884
3796
2296
2554
3083
2596
2584
2497
3138
3781
2213
2321
2042
2509
3337
3131
2100
3497
2895
3183
2591
2843
2148
2849
2854
3226
2530
3448
1750
3231
4221
4972
3491
2492
3802
4370
1882
3582
2858
2869
3582
2251
2673
4356
2376
3484
2441
2421
2853
2201
2629
3099
2738
1715
2969
2310
1814
4581
2368
3553
2286
2786
3582
1977
3588
3970
3326
2835
3153
3167
3548
2931
2725
4986
3228
1724
3014
2437
1504
3800
4422
2652
2713
3036
2918
2762
2192
2861
3772
4524
3507
3364
2006
2821
3091
2665
3253
13974
3865
2728
2628
3029
7437
3033
2944
2194
5784
2767
3480
4703
2728
2632
2182
2449
1838
2703
4262
1770
2621
2566
2392
4041
2458
2965
2138
6019
3437
2334
3096
3062
2132
2505
2026
2772
2877
4319
3872
3376
1345
2307
2993
1248
2085
2064
2318
3526
2886
4153
3116
3669
3331
2662
3518
2259
2328
3559
4477
5528
2577
2941
3009
2895
2871
2726
2825
3809
1869
2523
2697
3868
2631
3304
3157
3390
4246
3689
3305
4681
2519
5068
2933
3078
3242
3073
2716
3711
2587
3668
4786
2710
2582
3112
2522
2654
4167
2929
2978
2702
3537
3138
2970
2942
2625
2218
2409
3040
2946
2728
2827
2932
3562
3084
4427
2529
4711
2018
3537
2494
2587
3600
3055
4455
3639
3952
2970
2705
2836
2796
3217
2865
3790
3060
2626
2372
3070
2504
4875
2486
3193
4203
2457
2794
3182
3946
2500
3227
3014
2736
2841
3008
3037
2663
2189
2896
3569
2644
2606
3049
2254
3807
3219
2592
2543
3606
2999
3435
3545
2489
3047
2771
2146
3506
3410
2544
2651
1564
4063
2512
2803
2562
2822
2366
2615
2875
2413
2097
2567
3763
2800
3022
2372
2514
3455
2577
3072
2427
2860
3506
3006
2753
1761
3163
3396
2424
4415
3233
2456
2733
4407
3282
2321
2723
2331
2786
2546
3934
2345
2624
3058
2638
3482
2906
3028
3393
4364
24014
2146
2206
1866
3083
2888
3182
4906
2029
2393
2525
2629
2537
3060
5581
2293
2966
2671
2908
2587
3903
2979
2629
3151
2291
2311
1032
1766
3105
2767
3641
2922
2763
2156
2817
2323
3497
2423
2124
2252
1986
1986
2199
2411
2483
2611
2117
3661
2061
2675
2016
1406
2661
3896
2675
3197
2821
2362
2040
2078
1722
3009
1841
2731
3107
2244
3355
2836
2355
2998
2877
2285
2464
1709
2966
3571
2548
2222
3824
2151
4066
3026
1844
3164
4211
2124
3685
2757
2665
2211
2615
3203
2390
2343
3411
2143
2450
2918
2518
2314
4292
2300
3416
2444
2099
2270
2984
3579
2175
4223
3624
2667
2361
2932
3469
4979
9329
2981
1325
2423
5138
3231
2239
2898
1493
2208
1668
3082
3006
2907
4304
2272
1816
2110
2292
2142
2621
2653
2631
3070
2311
2751
3957
2867
2692
2929
3312
4000
2580
2410
3038
2614
3717
4124
3580
2471
3071
2995
2825
1704
2444
5029
2671
2261
3125
2622
3553
2166
3573
2509
3477
3811
3706
2753
2818
2697
11147
2967
2609
5374
1602
2898
5006
2656
2656
2718
2579
2337
2994
2499
2831
2636
3435
4814
3098
2665
3251
2633
4962
2812
3350
3098
2250
1732
2229
3261
2806
3319
1423
3283
2344
2641
1568
3180
3584
2595
3029
2231
3037
3304
1726
3147
3441
4248
2872
1846
3750
2439
1560
2458
2740
2546
4053
2125
3232
3104
3148
4055
3293
3387
1217
2881
2291
2610
3055
2544
3549
2535
2941
2063
2828
2826
2931
2616
4555
2357
3137
4542
3079
3358
2616
3430
3000
2507
6208
3038
2755
2784
3134
2093
2484
2548
1927
3727
2029
3588
2381
3299
2942
2454
2459
2386
2477
3981
3191
2873
3459
3166
2632
4738
2328
3011
2258
2276
2942
3189
2095
2583
3464
2989
2322
2918
3950
2751
2837
3212
2760
4082
3268
2479
4438
1591
7549
2814
3057
3485
3486
3312
2898
5458
3234
3630
2553
2091
2291
2854
3176
3340
3298
4265
4900
2489
1708
2493
2491
4338
5399
3726
2660
4338
2667
1506
4076
3443
2371
2482
2169
7182
5138
3099
3940
2904
2865
4636
3727
3451
2977
5359
2547
5424
2757
2625
2741
3453
2766
3162
1932
6520
5034
3016
2648
3894
2072
1995
2487
2329
3945
3080
3073
2490
3388
3284
3414
2594
3963
2370
3271
2054
7332
2616
2701
2380
2014
3680
2094
2330
2631
4066
4022
2836
3200
2616
2446
2338
2397
2660
2636
2885
2468
3633
3139
2751
2673
3062
5661
5615
2820
2393
2109
2357
2557
2658
2499
2025
3779
2889
2557
2873
2742
3386
3155
3107
2470
4398
4527
1660
2217
3748
1880
2868
1862
4248
2897
3190
4144
2734
2622
2927
3632
2104
4875
2310
1687
4573
4721
2467
2739
2586
3248
2070
2570
2262
3825
2496
3093
2880
2601
2709
6372
3038
3149
3352
2741
2779
1828
1906
2871
3290
2095
2394
2184
2423
5042
3128
4464
3778
2657
2509
3087
2020
3278
2160
3600
2069
4543
3902
3667
2704
2082
3090
2725
2354
1781
2500
1875
2906
2545
2179
2832
2790
2794
3530
3264
2287
2392
3813
2497
2383
2945
3181
4104
3095
4327
3003
5149
2528
4401
1773
15672
2571
3240
2695
3488
3108
2947
4062
2847
1475
3033
5109
2386
2872
2829
2841
3695
3902
5134
2208
2709
2508
3094
3534
2204
6193
3759
2354
3935
2953
3741
2550
3323
2869
2501
2740
2789
4596
5066
4567
3040
2411
3221
3022
2705
3544
2875
3420
7918
2191
8928
2641
2323
2590
1588
3010
2953
2458
2425
2629
2970
2923
2397
2876
4036
2368
2423
2326
4043
3252
2305
2514
3229
3688
2557
2525
2142
2656
2759
3102
1954
3755
2383
2301
2701
3011
2279
2503
3582
2974
3444
3735
2496
5785
2895
3020
3250
2398
4403
2511
2926
3379
2287
2817
3902
3965
4249
3326
2439
2298
2485
3469
2423
2835
2425
2759
2841
3166
4075
2672
3622
3144
2938
2611
2490
2609
5576
2269
2871
2490
2659
2824
2603
2838
3162
2145
2236
7623
2766
2867
2637
2939
2967
2937
3673
2345
1817
2391
2731
2177
2683
4317
2807
3061
3214
2369
2446
2831
3554
2166
2610
2841
4716
2552
2726
3583
3336
4046
3578
2443
2843
2641
3060
2579
2154
2451
2995
2658
3058
3972
2873
2821
2635
3006
2799
2519
3261
3490
3146
3238
2522
2779
12637
2819
2936
3513
3091
3021
2248
2480
3141
2804
2634
1898
2486
2427
2645
3645
3327
2989
2564
2512
3441
2728
2972
2973
2460
2808
13880
2681
2149
3688
3389
2827
2205
2447
3356
2679
2023
3482
2768
2272
3188
1995
2499
1740
2550
4367
10575
2687
2037
2737
3152
2871
3012
3298
18140
2023
4920
2624
2531
2462
2749
2713
2004
2679
2533
2481
4110
2215
3050
2672
2583
3077
1778
5192
1962
3811
3569
3114
2692
2398
3293
2709
2513
2938
2310
2303
1390
2592
2323
2991
2651
2628
2893
3121
2372
3190
4033
3524
2879
3388
2216
3253
2399
2480
1518
1969
3079
3811
3201
3490
2913
3397
2742
2429
2680
2851
2795
3648
4966
2657
2912
2954
2602
3127
4743
2274
1972
2594
2735
2801
2829
2725
2418
2479
2349
2857
3081
3048
3135
12684
1904
2609
2041
2083
2333
2630
2168
2949
2099
2988
2139
3139
1913
2388
2845
3623
2662
3203
2859
2712
2781
2004
2558
1885
3570
1855
2240
4609
3296
3176
3851
3225
3263
2794
2528
2791
2915
2002
2657
3504
2714
2312
2852
3038
2540
2515
2378
2656
3473
2796
2699
3322
4933
1419
3208
2770
2752
2926
2443
2656
2644
2935
1795
2489
2744
2310
2965
2513
2341
1564
3622
2488
4419
2704
2559
2591
3410
3084
3023
2766
3092
2548
2795
2938
2513
3470
2411
2435
4155
2950
2749
2611
4447
3403
2971
2724
1986
2927
2532
2779
2945
1995
3562
3672
2684
2076
3674
3253
3301
2986
3150
3224
2889
2422
5602
2937
4978
3186
2579
4109
2250
2358
2771
4792
2699
3980
3708
3453
3179
2568
3788
2515
3364
5369
3245
2203
2814
2538
5090
1974
2230
2861
1825
2545
2324
2515
3273
2652
3231
2250
3701
3028
1745
2867
3958
2715
2812
3359
3218
2428
2323
3660
2358
4205
2739
2905
2442
3039
2791
2340
2869
2752
3268
3669
2427
2523
1653
2413
2420
2367
3825
5318
2860
2311
2642
3110
2918
3989
2851
2506
2777
2542
3577
2496
2939
3268
2916
2154
3888
2502
3793
2784
2492
2578
3157
7560
3394
3641
2873
2941
3991
2722
3186
4279
3344
2757
3847
2321
2617
3217
2719
3516
2355
2072
2903
2732
3909
2563
2562
3068
3125
2228
3560
2765
2590
2381
5226
2140
2864
3054
4106
3206
2965
2569
3537
3306
3600
2647
3357
2631
3601
3875
2646
2752
3770
4990
2636
3073
3732
4780
2025
2062
15970
2922
1874
2937
3130
3334
2633
3183
2462
3634
2596
2665
2606
2927
2871
2345
5779
7180
2215
3752
2949
3852
3196
3366
3175
5304
3281
3669
2490
2526
3904
3542
2649
3371
4181
3390
3007
2552
4886
2191
2548
1891
3320
3783
3090
3813
3415
4170
2788
2086
3048
2821
2655
2729
4576
2859
3594
2883
2686
2288
3034
2859
3410
2432
2817
2321
3423
3544
5084
2920
2047
2750
3639
2416
2371
2739
3428
2356
2669
3153
2903
2718
5997
2678
2238
2750
2918
2773
2142
3479
2832
2840
4424
1777
4321
2796
3146
2883
2923
4490
2327
2228
2635
2884
2322
2895
3999
2470
2955
2353
2901
3129
3110
2873
5351
2590
3252
6294
2393
3141
2236
1781
2600
2607
3489
3129
3113
2482
2408
2835
3063
3070
3011
3305
2410
1908
3330
2875
3126
3354
4051
2864
5272
1587
3299
2653
3685
4381
3852
3058
3914
3514
2887
2453
2524
3451
3322
3548
4921
2281
1870
5048
2802
2364
2698
4034
4271
2671
2695
3615
3512
1991
4776
2715
2469
2520
5614
3082
3061
4492
4098
3628
2285
2706
6846
4949
2618
1973
2881
3402
2575
3084
2619
3627
1933
3702
4164
1576
2710
3093
1972
2023
3906
2162
3202
5485
3939
3697
3701
2464
2897
3994
3527
3660
3055
4122
2956
2995
2003
2554
6640
3808
4392
2706
2953
2814
3110
2561
2193
4668
3833
2455
2504
2518
3533
3027
3006
4174
1971
2896
19482
2410
2194
3451
2289
2161
5093
2363
3101
1997
4016
2363
2797
2248
2510
3077
4051
2942
2407
2162
3289
2603
2421
3225
2416
2667
2881
3808
2320
3055
2866
2722
3348
2572
2984
1540
2690
2520
1771
2745
3387
2873
4340
3564
4326
2279
99043
2166
2669
2051
2826
2740
3265
3444
2519
2301
2459
2588
2766
3683
3689
1849
3177
3144
2144
3122
6101
4368
3467
2649
3125
4302
3075
3918
2941
3023
19041
4508
4135
2777
2331
1950
4850
2558
3410
2360
2594
2599
4137
3400
3083
2807
3839
2531
2827
3174
3614
3467
3584
2655
5850
4240
2394
2071
3042
3359
2894
2816
2907
2855
3400
1827
2912
2642
4692
1971
2474
4306
4044
5619
4594
3903
4212
2659
4078
2622
2979
3001
2697
2210
2239
2188
2521
3694
2391
2249
2865
4530
2883
3386
5824
2792
2745
2633
2086
3413
3195
2645
3164
1844
3159
2560
4700
2444
1954
4608
1470
2879
2296
2422
2674
3470
3386
6010
2731
2730
3399
2481
3382
2067
3411
3886
2531
2727
5805
2151
3302
3150
2584
3767
2547
2417
3087
2771
3612
3177
4658
3660
3479
3076
2289
2156
3135
3419
2295
3032
3816
2534
3119
3842
2507
4070
4484
3194
2809
3520
4254
2808
2454
4018
3832
3795
3210
3632
3611
5142
2810
5053
2932
2291
3371
2552
2723
3163
2693
2640
2781
2365
3929
2552
1985
5227
2839
2829
2878
3040
2481
1943
2776
1819
2406
2169
2508
3897
2755
1881
2371
4123
1783
3491
3207
3066
3019
2526
6363
2204
2613
2579
18947
4680
2742
2010
2386
3648
1286
2490
2832
2465
3184
2385
3513
2711
2085
2998
1769
2252
4391
3322
2657
2090
2366
2665
2227
2488
3204
4041
5538
2259
3656
4142
3810
4001
3712
3137
2288
2735
2945
2417
3940
2680
3240
2465
2665
3179
3144
2421
1807
2651
2865
3105
3229
1891
1520
2838
2304
1660
4542
3748
2145
2531
33257
2701
2336
3629
3141
3372
2928
3030
3534
2739
2803
2867
5209
3690
2406
2571
3833
2020
1612
1860
2403
2657
2481
2189
3308
3219
2841
3069
2731
2713
2037
2698
2321
2357
2972
3969
3355
3230
6121
3128
2277
3004
2840
2984
2566
4141
3451
2621
2304
1960
3181
5108
4176
3456
3185
2567
3327
1817
4601
2674
2424
4128
4112
2993
2034
2538
3083
4221
3651
3868
3322
3087
2709
4639
3185
2178
1775
2742
1864
3013
1934
4542
2311
2132
2302
2526
3349
1985
2927
2208
2277
3927
3067
2700
2718
2378
2827
2226
2952
2841
4565
2598
2624
2867
3004
2787
3283
1883
3872
1930
1999
3026
2065
3053
4581
2775
2690
2873
2379
2475
2997
3766
1848
3674
2192
2206
2850
2443
2821
3636
5048
3624
2763
4556
2701
2459
2967
2233
5208
4541
6878
3347
2709
3396
2728
6627
3427
2493
1866
5959
2519
1858
3438
2836
2612
3395
2521
2332
2587
1842
2548
3450
2530
2865
2337
3653
4311
2670
2919
2658
2526
2887
3175
4598
3047
3456
4112
3994
3733
3748
2785
2545
5680
2283
3226
4091
2763
2488
3705
2839
1702
2612
3095
3004
2741
3832
4111
2531
2075
2803
3424
2826
2761
4222
1836
3045
2536
3128
4376
1852
2597
3518
3077
2880
2822
3673
2659
3052
2653
3707
2892
2579
2860
2756
2565
3277
2819
2403
3337
2621
2878
2045
2780
2795
2756
3026
1992
1712
3535
2156
3416
2223
2509
3100
3431
3821
2323
4190
4108
3196
3896
1931
3778
2739
4265
3232
2339
3195
3167
2944
1714
2390
3192
3434
2215
2263
2745
4169
2356
2479
5425
2616
2482
2114
2015
2457
3049
3456
2414
3049
6587
2496
2423
2466
5307
2544
2942
2864
3762
3154
2489
6825
2089
2554
5144
3110
4201
2215
3618
3795
2935
3588
1300
5132
2402
3057
2822
2415
3613
3854
2465
3263
2768
3570
3014
5652
2717
3327
3901
4154
4225
2818
2771
3965
2814
2594
2906
3192
2160
4624
2483
5755
4326
2817
7566
3294
2599
4036
2840
1745
2759
4055
2854
2798
2812
3089
2980
2068
4406
4372
3399
2502
2493
2563
2235
2633
3001
4786
2589
3929
3403
2597
2877
2479
3300
4724
3418
2315
2864
2504
3304
5893
3502
3184
2631
2587
3919
2831
2967
1547
3063
2354
3604
3337
3728
2958
3190
5046
3287
1956
3289
5782
2927
4305
2976
2793
2577
3520
4466
2461
3782
2722
3006
3635
3358
2902
2801
3033
3419
3304
2758
2470
1726
2911
1886
3956
3981
2728
2550
2538
2114
2645
2762
2600
3694
3286
4145
2638
2647
3794
3441
5813
2292
3918
2784
1850
2278
3504
2407
3957
2577
3084
2523
2845
2869
2798
2498
2364
3696
2133
2368
2625
2477
3429
3136
3128
2281
3901
2592
3860
3123
3010
2445
2415
2474
2820
2582
2836
3465
2658
2130
2771
2814
2631
1875
3891
3906
2712
2565
4800
2167
2306
1818
3382
2661
3639
2786
3531
2382
2531
2707
2345
2948
3442
15465
1854
1848
3480
4880
3226
4236
2972
3098
2870
3106
2711
2765
2109
2856
1970
2182
3487
2766
4269
4951
2758
2249
3183
2800
2642
3745
2907
3384
2217
3029
3966
2225
3172
2493
2614
2778
2740
4540
2659
2519
3418
2394
7646
2883
3907
2389
2554
3962
2619
3536
3007
2773
3640
4523
2745
3702
3695
2733
3591
2518
4413
2698
2722
3832
2502
4032
3260
2027
3211
3144
3199
3262
3297
2477
2855
2972
3124
2731
3279
3130
2530
3369
2972
2574
3248
2008
5800
3653
3029
2605
2937
2554
2788
3534
3377
2552
2895
4141
3293
2549
4001
2690
2984
6350
2178
3205
4402
3724
2133
2841
3231
4333
3174
2280
2232
4051
2311
2981
4002
3482
2942
3079
2592
2858
3484
2186
3230
3094
3672
5364
2117
3177
1662
2282
3048
3007
2852
7438
3368
4418
2523
3911
2674
2950
2841
2852
3140
4665
3074
2765
2797
2893
2706
2936
2904
2469
1674
3494
3409
2972
3705
2259
1774
2836
3236
3150
1999
3012
3532
2541
5602
2336
3098
5557
2436
3191
5021
3505
3966
3462
2638
4812
2864
2008
4442
2626
4467
2896
2882
3085
2503
2570
3873
2581
1921
2488
3718
3932
2835
2548
2731
2130
2637
3441
2520
3794
2968
3619
2854
2821
4304
2302
2600
2697
3011
3052
2228
2747
2602
1961
3454
3198
3873
4222
3277
3086
3775
2893
2540
2468
3572
2675
2638
3389
3443
2927
3091
4346
3360
3205
2798
2060
2626
6912
4575
3040
2644
3748
2910
3389
4290
2228
2494
4751
3000
2455
2680
3298
2300
2621
2831
2440
2840
5297
2323
2162
1840
4434
3776
4629
3360
3099
2574
3903
2444
2986
2889
3791
4102
5486
3208
4993
2462
2750
2631
2918
2647
2205
2503
2533
2684
2531
2204
2935
3741
3820
2708
4576
2573
2624
3154
3548
3938
3033
158337
2199
2287
3172
2671
3448
3138
3891
3210
3352
3481
3401
3375
3210
2605
3174
3651
3393
2149
3379
2465
2817
2999
2956
1958
2209
2492
3802
3222
3384
3164
3112
2578
2482
2654
2206
2111
3050
3271
2315
4451
2979
2413
2347
4120
2860
2901
2560
3367
2639
2569
2919
2401
3461
2326
3460
2909
2653
5282
2701
3054
3168
3064
2646
2379
2310
2534
3365
2620
2984
3204
2616
2125
2217
2713
3712
1836
2580
2765
3141
2236
2279
2763
2857
3254
2679
3893
2922
2352
2628
2661
3159
3330
2939
2815
3482
3357
2031
3060
2298
4443
2932
4259
3184
2503
3401
2251
4446
2914
3352
3205
2503
2623
5302
3752
1891
2092
2812
3338
3784
2332
2620
2033
3585
2871
2808
3845
3102
3753
4109
2427
5316
2307
3441
2356
2268
2676
3285
2897
2554
1930
3377
3070
2767
2705
3335
3223
2443
2616
2670
3461
1338
3100
2057
2672
4254
3484
3218
2510
3400
2797
5710
3288
2878
3037
4653
4410
2378
2016
2923
2403
2811
3880
2879
3579
2134
3076
2782
2850
3223
2146
2862
2496
2586
2641
2582
2940
2790
4357
2934
2996
3068
2577
2954
2456
4680
1385
3053
3044
3011
2358
3042
2786
2639
3621
4837
4579
3231
3117
2318
2974
4122
2966
3565
2767
3266
5728
3609
3278
4096
5422
2460
3638
3488
2428
2749
3396
3294
3154
2702
2102
2707
3198
14860
3089
3150
3157
4035
2668
3537
2875
3857
3193
3330
2875
3882
3593
2748
3006
3009
2790
2849
2739
2784
2817
2602
2500
2461
3061
2775
2803
3152
2726
2839
3099
2461
2577
3272
2221
3110
3535
2804
3132
4263
2970
2487
3650
2910
2869
2494
2577
18689
1985
3841
3393
2786
3308
2821
2746
2811
2560
2867
2224
3202
2369
4611
2769
3239
2907
3078
2315
3266
3224
2536
3076
2814
2486
3132
2572
2325
2604
2496
3119
2600
2607
3370
2793
3052
4672
2802
2809
2567
3133
2622
3638
3740
3694
2666
2652
3324
2885
3448
2502
2287
2340
2654
3256
2876
2387
2574
2211
2566
2870
3007
2202
2573
1909
3324
3245
2840
2748
2524
2764
2264
2793
2505
1952
2453
2426
2723
2086
2399
1684
3957
2668
2990
4220
2651
2718
3313
2599
3216
2926
3591
2636
3827
4001
2519
2529
2806
2660
3651
3830
3992
2866
3084
2164
2694
2582
3324
2222
2067
3013
3139
2643
2373
2072
2004
3354
2593
3470
2378
1640
2739
2916
3196
2881
3175
2984
2809
2061
3266
2552
1906
2649
2789
2156
4220
3113
2858
3337
3009
2810
2778
3456
3941
3326
3431
2925
3001
2802
2801
3087
3116
2920
2056
2731
2687
2326
2787
2930
2681
2822
2842
2858
2477
2384
2326
2911
2041
3232
3111
5548
3465
2183
3588
4519
2454
2928
3146
2662
5300
2618
2213
2603
2762
2503
2705
2204
2369
2646
2439
2761
3404
3838
2670
3146
3362
2572
3483
4096
3004
3262
2020
2959
2069
2983
4128
2259
3138
2527
4058
2003
2604
2717
3569
3022
2259
1964
2529
3308
3022
2818
2716
2287
3103
3082
2789
4046
3040
2450
2882
3307
2845
4047
2706
2718
2638
2794
3968
3127
2515
3213
3543
2508
2840
2565
2541
2517
2910
2058
2425
3447
3573
2692
1774
3296
2881
2488
2532
2830
2353
2609
2747
2680
2632
2492
2449
2162
2546
2865
2351
2895
2494
2836
2587
2313
2355
2555
3023
2750
3024
2341
2473
2706
2433
2367
3184
2517
3598
3169
2918
2195
3460
2485
3530
2718
2632
4207
2607
2651
3012
2354
3118
2951
2660
3026
2387
1837
2651
2369
2143
3052
2900
2464
2633
1696
2694
2483
2439
2499
2980
2510
3375
2369
2198
2530
3029
2830
2658
2282
2243
3594
4923
2786
2524
2659
2081
3889
2583
3062
2275
3146
3686
2274
2312
2143
3174
2030
2648
2632
2534
3306
2300
2871
2639
2694
2422
3376
3038
2831
2255
3377
3767
2875
2821
2746
3372
2663
3302
2627
2664
2500
2433
3249
2216
2426
4145
2884
2590
3439
2813
3784
4207
3008
2212
2954
2977
3192
2769
3468
2672
2847
3202
2687
3362
2155
3134
2401
2118
1965
3059
2986
3552
2705
2072
2385
5147
2684
3566
2676
4043
2449
3136
1819
2323
2218
2586
2459
3176
2318
2530
2670
2940
2353
2223
1763
2203
3562
2345
2107
3406
2509
2441
2751
2532
2596
2624
2496
2641
2471
2874
2640
2382
2468
1796
2097
2665
3108
2919
3121
1665
2986
1466
3131
2741
2379
1807
3095
3104
2363
1831
3027
5788
3492
2442
2341
2993
1221
2612
1907
4940
3099
2452
2898
2304
3189
3234
1935
3214
