7463
4643
4378
4630
6655
5299
1844
6079
4077
7484
5814
4749
4779
8735
5350
4075
9523
7994
3404
4320
4322
3792
6412
4495
5101
3740
3765
2273
3743
3794
3631
5729
4676
4951
3598
4298
10084
4979
5522
7705
5008
4117
3503
4713
6561
4268
5508
5944
7517
3874
3981
9271
4844
4342
4975
5481
1161
1342
2439
6807
5468
4504
4599
6925
4592
4244
4977
6217
8773
4787
3753
7804
3201
5458
3955
4183
4460
5357
3941
3071
4444
4241
5232
3581
4113
4960
842
5865
5064
6225
2941
2675
3416
4388
4001
5070
5127
5120
4642
6392
3957
3467
7145
4887
5267
5164
4617
7244
6394
7549
6725
7860
3178
4913
4438
9914
3877
5996
5356
6504
4495
3282
14599
5134
7221
4043
4018
5669
4294
4811
5513
4269
5078
3390
4268
3777
3994
4523
4311
4180
5431
4530
7161
7020
5927
1585
6263
5863
4303
4514
7013
6321
4541
2207
2958
26383
2597
19534
6077
4477
5706
4067
3773
3766
3546
8409
4077
3398
4578
5191
2507
3664
4667
5268
4048
5642
7560
5635
5062
6454
4700
5656
4928
2207
3821
5241
5663
3372
5171
4413
9104
6890
5627
2017
4057
3472
4418
4214
3140
6709
7983
3546
5278
4521
4723
3874
4300
5618
6308
4305
5214
5335
3529
4083
4057
5582
7644
4993
10372
7078
5069
4887
5421
4822
6067
4968
3613
1379
4646
4849
4285
7206
4471
4477
4594
4743
3729
7633
7824
3050
3976
10070
4469
4139
7178
5243
4101
4150
2765
4010
4356
3024
6280
5574
2363
3682
3939
4770
3190
6001
4352
4597
3022
4383
4754
4144
3960
2279
3683
4214
2322
3680
6175
6051
5175
5088
4085
5120
5991
6533
4767
4899
6210
7175
3366
3706
6041
4487
6281
4479
4327
3344
4535
4462
5293
3005
3741
6714
4773
4897
6102
6304
4575
2762
3818
4495
5328
3607
5149
3539
5300
3273
4196
5040
6041
4663
5321
5739
5150
2970
5551
5905
3619
6410
5990
3834
5128
3262
4168
4173
5742
8212
3354
3318
4108
3399
4259
5944
4810
3976
4263
8176
6870
3976
2125
5198
5435
4979
3507
3604
4397
3289
3867
4389
9031
3884
4087
8043
4873
5002
3978
5432
6474
3457
2354
3071
3959
3430
7401
5338
5099
5476
4238
4628
4118
3909
5413
4998
3048
5885
3411
5578
2727
6289
7336
2965
3842
5089
5208
4670
3459
7209
4177
21898
3694
4133
4337
5560
2641
4918
4013
5160
4132
4171
4160
3442
4722
3975
6402
2068
4441
4119
4690
3271
6438
4654
4402
7506
5486
5102
3718
4401
3823
3690
4149
4160
3010
4672
4870
6834
4613
4234
4619
4571
6325
4075
4578
5137
7027
4442
5064
4616
4238
4400
4728
4075
5009
3202
5484
2560
3846
4031
6392
4480
1365
3312
4226
3892
1638
4838
3898
4175
5600
4456
5442
4625
6898
4918
2591
3956
4193
3673
3404
4492
5319
4571
5764
4944
4012
5163
2918
3742
3119
3009
4698
2652
3563
5731
3505
3246
4711
6358
4027
5710
3775
2960
5592
1855
4305
4681
4147
4275
4807
6460
6880
4469
6300
5573
4869
1905
12524
1781
8607
4146
4340
4552
4783
4559
4924
5165
4779
9538
5856
4941
4132
5475
4089
3651
8953
4624
4736
4167
7364
4668
4072
3713
1878
4510
4521
4736
5571
6850
11452
7534
3872
2741
9548
4503
4120
6686
4617
3095
4715
3849
4014
3554
3067
5338
4015
3293
6423
7252
3968
2932
5092
3313
4316
3596
3571
6648
4974
3975
5423
4369
5695
4272
20775
4087
3466
5465
3922
5767
3389
4903
3112
3257
1866
5976
3628
4117
994
4172
3194
5468
5663
8953
4003
4175
3640
3414
9110
4456
3935
4014
3767
3312
3680
4931
3266
3267
3595
863
4086
3005
3951
6757
4848
5541
3746
3044
3143
4660
4996
3274
4158
2799
3473
20997
5089
8709
3813
3777
7060
2246
3369
5519
3052
3995
4172
7558
6262
4795
2706
3864
3146
2968
3819
3659
3839
4116
3968
4651
3554
8032
8424
3761
3899
4366
2117
9438
3334
3926
2109
4633
6148
17844
2827
3333
6436
4917
3421
3740
3522
20951
3952
3768
4831
3823
3146
3476
4253
6626
1340
4392
4770
3994
3189
4446
3042
3274
4777
2194
5413
4389
6111
3710
4260
4649
4309
6184
4050
4629
3540
4390
3577
3102
12171
3706
5233
4375
2792
3976
3206
3137
2962
3901
3400
3810
3053
3883
3369
5593
4655
8220
6102
5481
5820
4612
3810
3662
6391
3828
3955
3631
3336
2821
3210
4145
4166
2934
3489
3967
3429
3767
7530
2315
4747
5263
9177
4888
3770
5968
9445
4356
4377
3393
3628
3915
4144
4089
4895
2349
3542
4067
3265
8225
5354
8590
1008
4441
4492
4907
3026
3692
3696
4056
5844
3546
5551
5326
4923
3849
3022
4518
4280
2000
3341
4617
5646
3178
4242
3600
3959
4523
20077
3439
3974
5863
3977
4457
2669
5146
20355
2985
3279
4673
8530
5750
3183
4743
5910
4163
4060
5176
3372
4075
1480
4211
5484
4507
4245
3835
4931
3892
4537
3691
860
4347
4381
4763
4383
4054
3503
5630
2576
4248
3823
3328
4606
3518
4303
2859
3443
6669
19413
3622
3861
3884
3856
5434
3667
4009
8803
4129
4544
4168
2952
3895
7050
4723
3327
3606
10755
3396
8805
4078
5239
21304
7922
2306
5177
3437
4047
4131
8505
3945
5377
4782
3895
4788
3232
3515
7607
3249
3096
1269
4538
5166
3274
4591
1742
4424
5267
5175
3460
4107
2514
3416
3846
21340
3496
3635
18660
3300
3380
3193
7186
2825
3142
6369
3944
3742
4630
5733
3437
4880
4976
3888
3932
4356
3498
4329
4179
4072
15602
3371
4378
6323
3895
3973
4543
5081
3014
2683
3139
3877
3217
4050
2618
6693
4363
12486
3136
4397
7749
3178
3874
4209
5130
3568
4853
4615
4452
6206
4051
5210
4315
5378
2686
4148
3674
2610
3761
4775
3902
2863
4677
4527
3578
4808
3708
3786
4648
4685
4720
5674
3946
6525
3275
3323
3458
3951
4021
4000
3421
3592
4492
4559
2813
1201
4453
4535
3071
4237
4343
3908
4252
4201
4375
3599
4375
4448
3982
3611
3570
4844
3366
3860
4670
4788
3569
7975
4986
3627
3537
4219
4674
3482
4084
3432
3443
3704
3206
3345
5064
4158
6353
4644
3396
3900
4085
1705
4854
3948
4953
4984
3752
2564
4035
4852
4024
6259
3981
5041
3315
3804
5231
3782
2825
5670
2648
3610
5273
5669
3569
3932
3378
5869
5078
3801
4661
5631
4089
18996
19809
5513
3533
4986
2287
3651
6149
4603
5067
3761
20565
4142
6275
3572
6370
4656
4790
4382
3950
3788
4186
3802
6118
2374
3663
4045
3966
5542
3909
4583
3437
3436
6244
3983
2913
3488
4126
4508
5273
3857
6952
4778
2126
4078
3174
2381
3688
3215
3663
4323
3628
4131
5210
3636
4482
4016
2450
5349
3994
3745
3705
3806
3262
4327
2810
3601
3029
3245
3961
4048
2402
3715
4518
4626
5827
2582
3647
4019
4225
3653
3346
4438
4707
3369
3522
4961
3773
4045
3982
3912
2830
5976
31732
4487
5601
4860
2609
2707
3767
3099
4481
4684
3409
4271
6904
3945
3276
3492
3081
3399
4204
3681
4127
4175
3735
5004
6064
4167
4690
3744
3067
8576
5754
4016
1534
3824
4194
3850
3329
4976
3892
3132
4762
4389
5503
3464
1686
2946
4338
3333
8404
3782
1388
3496
4257
6506
3616
5243
3205
3653
4829
2669
3336
6711
3184
3637
3895
3326
3527
3337
3756
3226
2981
2490
4822
3745
2964
4535
3284
4228
5088
5713
4003
3442
6043
4284
3478
3938
3260
4374
3683
4188
2661
4437
4140
4145
3945
3960
3845
3297
2891
3214
3280
5222
3488
5057
2807
3359
4511
3718
1957
3307
3861
5831
6879
4840
4907
3665
3604
3436
4813
3678
3856
3628
3805
3214
17818
4475
2336
1661
4222
3591
3740
4908
4417
3893
4198
3614
5067
3810
3597
5968
4599
4000
2627
4924
3666
5186
3538
3725
3382
4288
4035
3004
3525
4184
3844
3708
5022
2875
5408
4248
6394
4780
5331
3576
4705
3787
3637
5134
3299
4073
3327
3172
5494
5045
3650
5454
3809
6272
3817
4240
2362
3745
5802
5053
2403
4801
4775
3611
5304
1073
3740
6979
4123
3561
3422
4686
2055
3748
6896
1163
4956
4687
3124
6551
2880
4368
3741
5328
3669
3837
3915
5528
2492
3163
3450
3653
4762
5923
4553
3852
4847
3910
6215
3332
5801
4035
20349
2415
4546
2047
4922
3800
4667
3829
3112
3466
5593
3421
3698
4697
3664
4668
6146
5623
4130
4453
2365
3203
3689
3899
3488
5423
4239
7846
5745
3418
4304
2872
3872
3008
2727
3708
3467
3109
5568
3405
3529
3258
3482
5007
3686
3647
4325
3885
8110
4590
5454
5837
3649
3590
4908
3355
4521
4635
4146
3806
3825
19901
4580
3100
4836
22760
4246
3941
4088
6676
5597
4275
6074
4474
3944
3705
3203
5412
4816
4120
3455
4249
2948
4275
3216
4250
5777
2949
3781
6331
3499
3298
4400
4908
3817
4956
5746
4285
1163
5585
5633
4272
3060
4561
1531
5875
4652
4306
3703
6672
3253
3797
4356
4650
5995
5020
2534
5211
4582
3743
4271
4312
10942
6271
3882
4446
5448
5501
3043
3512
5848
3474
3422
3803
4754
3374
4161
3026
4821
5352
4219
4053
4161
3225
3847
6281
3296
4197
3416
5933
4575
4055
17127
5557
7716
3713
2327
4758
4001
3977
4020
2838
4294
7738
4171
3814
3821
3676
779
5410
4380
4181
4975
4124
4318
3718
4667
4383
2010
5143
2349
3952
4277
4153
3686
4321
4327
4699
4690
4962
2990
2552
8324
3494
3711
6108
1338
4401
5387
8605
5035
6775
4212
3969
3534
10578
2913
4126
2884
3358
3474
4033
3691
3707
4013
4690
6402
4431
3481
4042
4005
3521
4098
4082
3820
4510
4189
5528
6074
3596
3808
7007
4769
3788
3265
10410
4080
5404
6523
3677
5098
5572
3872
3490
2972
3654
4545
6031
3898
4331
3336
3686
1642
5609
3567
4162
3281
3147
7036
4167
4213
3508
4522
2388
4541
5462
3865
18762
5495
4271
3797
4693
2474
3832
3608
4189
4876
13851
4087
3612
3880
4887
21326
2004
4620
4470
4178
4110
4836
4159
2748
3966
4348
3800
3910
3603
3477
4011
1075
2977
4694
3812
3758
3789
4298
4055
4168
3742
3439
5253
6214
4006
3615
6597
3610
4202
3216
4186
3473
2826
5350
4088
5678
4085
6254
4176
3344
3474
4970
4397
4136
3660
3018
6619
2631
2746
4723
4931
3915
5166
4039
19477
4236
3553
3072
4731
4632
4371
4496
3167
4040
5596
5110
3934
4881
4221
3525
4977
4189
3672
912
3824
3402
3391
18110
4991
3977
5091
6485
5317
4500
4848
2042
3265
4433
4022
4755
4157
4916
4612
4499
4806
3161
4388
4311
3868
4050
3330
3050
3824
4340
3517
3678
4508
3387
3156
4089
3921
2541
4026
4348
3937
3217
4233
4426
4466
5279
4401
4870
3817
3665
4037
3761
3037
3971
4773
4982
6953
3027
5024
4725
4071
2807
3783
5828
4193
4413
3324
6446
6607
4544
5786
3704
4035
4263
3885
1364
3993
3767
3958
3992
3699
4190
4227
3721
4092
3809
1902
19822
3789
4398
5190
3773
4164
4314
3981
4207
20969
4184
5227
4082
3801
3804
2765
4263
4625
3519
2898
5268
5128
5038
4201
2804
5224
3989
4438
3556
3741
3780
3414
3488
3780
3431
3843
4184
4007
2909
3516
3963
3997
1616
3552
21409
3338
4689
3205
3267
2519
3657
4048
3772
3770
4048
3480
3669
3943
4031
3518
4023
4651
3222
4128
1865
4186
4327
6824
3195
2918
3565
3625
3317
3583
3773
3958
3701
2335
5330
3917
5039
3140
4233
4490
3764
4165
4175
4294
4298
4482
4009
8055
4189
3265
4035
3491
4023
3568
3344
4265
3810
4245
5034
4072
3511
3886
4667
4306
3089
4066
3557
6738
4331
3151
3535
4457
2833
3661
3707
3984
5536
3958
3914
4905
3899
4571
4725
3662
5613
3790
3499
3599
4516
2537
4104
4556
3309
3584
3183
4325
3668
3481
3854
4998
3213
3109
4104
3373
2957
3872
4273
4359
3304
3684
4031
3499
8073
3404
3572
4499
3335
3541
3791
6261
4362
4539
3816
5761
4032
3711
3676
4169
3690
4148
4470
3672
3458
1774
3840
5637
21172
3987
4478
3155
3446
4392
5627
3592
4067
3448
4071
5217
4051
3470
4213
2932
4438
4293
4488
7554
5570
5209
8609
3347
3653
5221
4539
3172
7326
4709
20972
4051
4972
3903
4209
3704
3053
5644
2833
3862
5348
3900
3291
3419
3359
4273
3385
4100
4220
4483
4323
4143
1586
4548
3817
3079
4481
4792
4455
3844
4131
3095
4034
4036
4357
4410
4061
7121
1523
3367
4982
3980
2791
4366
4489
3889
3622
3526
3636
3763
6168
4597
4334
4579
6698
3953
3017
3496
4946
3155
13132
3642
3777
4598
2875
3070
6910
4705
3918
4048
5224
13712
3248
2979
4548
3506
4381
2567
2404
3088
8931
5524
4259
4793
4271
3685
1557
5089
6042
4262
4288
4343
5561
4123
4814
4062
3500
5765
4215
4483
3724
4189
3712
3578
3189
4553
3591
3476
3846
5372
3068
2358
6598
4723
3996
4508
3811
4560
2953
4508
4488
3185
4137
5782
3592
3163
3488
6373
2854
4869
3357
5905
1168
1621
3889
3611
3340
3820
3123
3176
2732
3971
4949
3431
2383
3480
5851
3937
4898
3723
3683
5213
5099
4883
3578
5488
4308
5221
2598
4260
6281
5139
4490
5000
3517
3765
3642
4788
3281
5325
4272
3360
3016
3909
4394
3696
3379
4591
5900
4361
5968
4170
3812
4724
4079
4593
1814
6909
6585
5008
10842
1657
5340
3488
3855
2874
4432
5265
5216
4807
4899
5046
3478
3840
3914
4596
4183
5921
5530
3449
5161
4092
5859
7017
5847
3720
2043
5283
3983
6044
3663
4587
5277
1907
3659
8886
4364
4663
3559
4118
17236
3773
3540
3684
4167
3396
3247
3936
2817
2276
3313
3795
2375
3929
4106
3413
3593
6717
2701
5762
3756
3861
2302
4021
4511
1386
4630
6693
3153
3928
2765
5768
4115
4136
6009
4306
3623
4343
3167
3325
3361
3944
5354
4852
1899
2966
4079
5004
4854
4630
3472
3295
4862
3988
3163
3135
3760
3163
4939
3519
3521
3910
3162
20863
3396
3532
4136
3814
3969
4307
3782
5174
3666
4010
3298
4027
3448
4950
3263
4098
5129
3097
3142
3661
4549
3592
3728
6772
3830
3598
2290
3989
3579
4089
3594
3881
4411
3744
4168
4216
4609
4130
3843
3540
5945
5145
3315
3539
6130
4331
3959
3177
3340
3881
4051
3956
2720
3774
3421
4309
2594
2915
2969
3001
3297
4647
9906
4980
2883
2516
4052
7350
5279
3197
2711
3923
8204
3774
3720
4035
3421
3637
3281
7278
4795
2232
3247
2757
4399
3235
3507
4555
2440
3621
3999
3014
4303
5326
3170
4771
4476
3851
5575
4471
4658
4574
1959
7413
6865
4383
4314
5217
3887
3459
21329
5505
3379
4289
3703
4703
3827
1090
5681
4559
2535
4620
3909
3632
6667
7395
5335
6736
3259
6269
4388
1866
2981
3819
5155
3942
4438
5616
4128
3893
3316
3884
4892
5864
3282
1025
3535
5305
2771
7969
3997
4610
5442
4268
3108
4110
4343
7033
4467
4565
3997
4052
4402
4546
3922
3908
3275
4195
3728
4119
5068
4515
4948
3541
4399
4217
4045
12980
3093
5669
4102
4364
3644
5640
5038
4841
4841
5601
3901
3465
4675
1135
4648
4721
2112
6196
3677
3850
4134
4965
3755
3474
5693
4136
7065
3412
4820
6360
7734
3918
2628
3390
4747
5409
4202
3481
3969
4592
3627
5327
3772
3141
4636
4779
4237
3141
1999
4312
3891
4720
4183
3557
4457
5551
4163
4091
4285
4372
3570
4108
3045
5051
3197
4343
5229
4684
3729
4232
3806
4074
4320
4553
4445
3411
7185
3481
4677
4872
3943
5187
4031
4726
5085
8938
3772
4276
6668
3933
4184
9053
4876
5489
3901
4053
4981
4589
3981
3680
4716
4528
3615
3739
1943
9058
4240
5062
4408
5316
4555
4479
4578
3756
4371
5391
3767
4646
4308
4971
5401
4536
3997
3592
5246
5117
5143
4929
4951
5612
4867
3583
4487
3638
5157
3837
4087
5950
7232
3749
6450
4784
3775
3695
4065
3801
4735
3464
2966
3525
5097
3963
2846
3465
5974
4514
4672
6534
4135
3367
4119
3798
6417
4313
6118
3166
7176
4428
4101
4539
6511
2408
3937
4868
3969
5286
4475
4692
3419
8884
3917
3694
8760
3675
5056
5152
5001
4052
5923
7314
7207
5275
3769
3486
3903
6538
4872
10008
4044
5702
3354
8355
5524
4794
4217
3732
3848
4916
4223
4405
3683
3925
4358
3707
5010
4896
5208
4994
2742
3338
3512
3285
4502
4185
3941
3788
3859
4599
4617
4073
4090
4433
3502
3575
5759
3109
4468
3978
5018
4381
4489
4888
3242
3611
3621
4793
4060
4885
3307
4439
5649
5428
22374
3288
4901
6741
3456
3654
4917
3443
4386
6286
4505
4367
7491
6139
1064
3764
6723
7182
3283
6512
4309
3848
5628
3371
3924
5339
2406
3824
3470
4662
4737
2998
3776
6082
3819
4584
4242
7246
2741
2196
3979
3935
3592
3468
4598
4548
3769
8052
4296
3769
6656
4449
3418
3488
3828
3432
3809
3664
4313
3948
4281
5658
4079
4233
1436
4723
6958
7045
2258
4214
5305
4061
4666
5788
4175
4428
3834
5760
4117
7227
7986
4228
4469
4895
19416
5625
4761
4013
4371
10023
3045
4407
3763
6285
3998
4157
7770
3989
5140
6655
5462
4608
4860
4546
4296
6334
5689
3788
3857
6853
4282
4359
3948
2718
3632
5424
3372
5171
1993
3732
15397
7702
6464
1602
4507
4903
5503
6590
4300
4380
4995
3500
4201
8417
3702
3274
4387
4791
7798
3813
5558
3107
4424
5095
3711
3900
4833
6299
5543
4000
5484
4529
1540
1267
4499
4417
4953
4857
3743
4889
6403
4140
26000
6098
4992
3850
4307
4106
3852
4026
3523
3819
3245
6393
3012
6708
8883
4727
5148
5640
4475
4310
5755
3442
6454
5995
4245
5624
4025
5313
5686
6247
4432
3951
3496
7196
4693
6449
4153
7192
5404
4410
4251
4138
5466
3458
15713
4555
4032
5839
3460
3806
5223
4240
5601
2951
5414
4021
3311
6210
5344
6810
4880
3236
1563
3528
4469
4240
5178
9909
4039
3827
4066
2810
5080
3750
3949
8553
5037
4124
3861
3786
5472
6019
4588
4628
3577
3613
3684
5943
3720
4154
6288
4441
5061
1785
5861
4985
5860
3796
3648
5221
4087
2032
4606
6693
1963
5486
4468
3308
3786
2457
3928
3218
5781
4459
4427
3329
4173
4369
4233
3698
4536
4584
4699
3844
4591
3908
2097
3649
8584
4135
2883
8292
5754
5509
4733
3748
4649
3618
4510
3775
3441
3509
5491
4379
3794
5314
5519
5057
5232
4568
4819
4010
5422
4342
5410
4072
4786
3737
4139
4684
5662
6971
3669
4485
3410
3979
5119
3991
4350
1932
5741
3109
5679
7936
4701
4604
2752
6758
4252
4562
4175
4497
4336
3643
6245
6402
4977
4008
7365
4548
3840
9923
6884
3370
3783
3428
10672
4120
4258
2803
4031
5554
6558
6473
8690
4771
6636
5688
4168
3077
4639
3768
4494
4480
2342
4645
6212
7536
4478
3411
5964
4508
3376
3201
4577
6491
7467
5084
6002
3487
7159
4044
14394
4751
5233
12570
4098
1200
5084
4195
4212
6168
7618
3978
6142
4629
4865
5108
3585
4547
5898
4953
4655
6369
6043
4606
5318
4610
4735
4390
3913
7583
6080
6058
3758
3041
4145
3132
6191
3841
3723
4976
5438
2133
4372
7496
3945
5633
3815
4694
4589
2579
43394
2324
3892
6062
3977
4120
4613
4999
6957
4807
9080
6602
5242
3842
3600
4414
5336
3698
4793
4714
11735
4490
5079
6686
4170
5796
5075
3855
5329
3997
5909
5232
4756
3873
4889
6715
5252
8814
3497
8053
3466
3690
20953
6366
5285
7893
4213
3674
5244
4886
8497
4325
10370
5315
4611
4296
1887
5595
5850
4445
5330
4200
4562
4432
4163
3967
3310
4544
4662
5033
3116
4548
5189
4220
4835
5333
6484
4911
1459
1549
4887
4309
5543
4741
4579
3554
3812
4075
3116
4393
4253
5920
5056
3711
4110
5830
4474
2643
4151
6621
4551
4283
6089
6632
3974
6720
7131
4113
6088
4728
6135
3708
4805
6012
5334
2160
5400
4016
3691
4833
4666
3966
5099
3252
4812
5287
3519
4501
6046
5396
5885
4404
5941
5180
5300
3259
6443
3470
3222
4348
4303
4126
1546
3694
5122
4204
4159
4370
5590
3686
4504
4400
3487
4544
6081
3189
3764
4284
4848
2515
3855
4939
4791
4954
5088
4445
4117
4244
4362
7865
5296
3375
6084
3699
2264
4086
5089
3793
3515
6686
4935
4943
6823
3689
2530
5546
4307
4850
4865
5478
6861
3428
3762
1237
4052
1857
4965
3213
3949
3481
5422
3058
2029
4737
4501
4042
7561
2827
3498
4216
5634
6003
4940
5170
4408
3671
4392
5351
4223
3546
6115
4468
3067
4930
3639
4894
1683
4425
3939
7154
3369
3996
3462
4286
5106
3653
5960
3445
3781
4809
3871
3192
3788
4227
5087
4431
2136
4238
4328
5692
1764
3799
4278
4297
4677
1982
9159
4125
4594
5105
4873
20415
4331
5262
4414
3267
9783
4352
6187
4291
5211
5490
5436
4435
6179
5038
4301
3705
5273
4439
3811
4665
4329
3679
3048
6520
4694
4469
6169
5234
4094
4954
13997
4923
2547
5408
3732
2297
3831
4354
4255
5098
5850
4255
3288
8916
2160
4355
3588
6739
3916
4233
2445
5124
4506
3309
4584
4530
4037
5656
2976
5105
3888
5872
4338
3742
4641
5801
11385
2550
5693
4188
714
4962
4535
3985
4725
4689
7647
3430
7174
4201
3561
5827
5035
3678
7076
2554
3791
3983
4335
9200
5611
5864
5487
4928
5040
2480
36786
4492
3913
3404
3967
3703
3914
4298
5411
5175
4584
4182
5006
3551
5199
7477
5217
5096
2267
4605
4309
4215
4117
5803
3137
4187
6311
5957
4248
4028
4315
11678
5655
4545
4988
4525
5093
5892
6361
4855
5385
4487
3863
4395
3722
7451
5620
3520
3996
4084
4708
5347
3966
4561
2942
3844
3670
3782
4752
3506
4783
3666
4427
4240
5339
4233
4560
3916
5189
4048
5446
4807
3242
4225
8284
3611
3227
4793
6165
4346
5744
5061
5878
4716
3025
4471
4248
4064
5476
5156
5986
1726
5204
4198
3906
4467
4773
7632
3849
6763
6702
3953
4600
4276
3639
4859
4750
4647
4563
4770
4387
3756
4506
3546
4665
8404
5176
4470
2672
4015
3162
3450
4465
5738
7529
5455
5505
3188
6248
2493
5028
4493
4268
3155
2708
5698
4387
3154
4186
2316
6271
4905
4910
5765
5140
4173
5151
4296
5004
6379
3786
2081
5144
4100
5668
4994
4580
6699
3427
4094
4597
5258
7035
4218
3974
5238
3056
2545
8237
3696
3823
3582
4354
4186
7645
6984
10726
4638
3795
4169
28753
3188
3916
3447
3258
5744
5059
6776
3516
3385
4225
3076
2679
3468
3321
4198
3979
3910
6253
3536
5986
7148
4329
3640
3740
3804
4125
3943
3630
5539
2892
6420
4357
3887
4883
6757
3166
2882
2676
3927
3677
2547
5770
4007
3844
7787
3698
4120
6072
4588
8008
3954
3785
3977
10186
2653
4543
3986
6387
2728
5267
4830
3600
3268
4841
4369
8422
3071
5201
4168
3230
6530
4974
5881
3499
6119
11014
5612
3516
4837
4682
3890
3500
5534
3554
3606
3641
5772
1569
3871
13143
4568
7070
2079
3118
5679
1897
3737
7219
3962
4486
3493
5128
4098
4596
3980
3945
4607
2761
3600
2259
3434
14427
4493
4802
4814
3206
2848
5566
4595
4914
8869
5554
4289
5326
5838
5322
2076
4916
5600
4345
3312
5385
3475
4191
5321
4382
5853
5134
2461
6407
4251
5523
9250
11682
4527
4603
3182
4146
6428
4080
6089
4074
5266
4946
2467
8720
3606
5069
5105
2432
7327
4074
4155
5021
1835
4650
3500
4547
5770
5812
3960
3827
4601
3657
5542
6135
4389
4635
8007
3407
4371
3670
4506
5596
6196
4717
3997
1903
3334
4872
5519
1389
5493
4200
4145
5931
6517
4458
4893
4153
3619
4364
5032
3799
5406
4092
4432
5909
3888
9787
4112
6391
5585
6101
4617
4244
1834
1200
5568
3981
5366
3403
4487
4541
4031
4465
4672
3744
4483
4243
4018
4485
3659
5322
5889
4897
5721
17361
4738
5616
4391
7064
4394
4795
3470
2737
4711
2392
960
5066
3747
4361
5759
5076
4425
3974
4671
5660
3933
4077
4855
5406
4636
3700
3950
5079
4676
5035
3861
4582
2548
3986
3894
4300
4300
3754
4527
4312
5415
4585
3067
5164
3404
3849
6465
3918
3331
4126
3503
5186
4561
4765
4917
4128
4811
5528
4468
4344
3684
7726
4901
4201
5311
4822
3471
4014
4541
3181
4027
2747
4790
4865
4929
4958
6841
5263
4243
4264
4431
4033
4687
6693
3725
2953
3309
4759
5870
6190
4571
2768
4355
3486
4488
3402
4055
22064
7093
3959
5027
3695
8241
3374
4717
2894
5146
6037
7918
4129
4142
4731
5131
4249
3363
4320
5996
4571
2166
6341
4205
3697
3819
4889
5808
4160
2968
3771
3866
5672
2640
5751
3962
4112
4315
5325
6938
5433
3496
4235
4399
5807
6067
4343
5360
1541
5897
4370
5554
3938
6470
3998
4358
5528
3564
5578
4031
4517
1517
4029
3502
4530
7823
4125
5242
5042
3818
3634
4122
4032
5250
3272
4811
2844
3593
4713
4634
3646
4747
3762
4204
4266
4649
7177
8347
4170
3827
3690
5196
2139
5099
4784
3987
4142
4292
5180
4237
4157
4195
4105
3084
3906
5489
6837
4684
6728
3616
4570
2953
8407
5094
3651
5668
4748
4901
4937
3779
5146
3444
5284
4786
4843
4833
5498
4152
3719
4462
3686
4217
3997
5680
6788
6981
3359
1413
4149
5335
3648
4980
3600
1265
4373
4930
6364
6972
3696
4878
6109
4295
5957
5924
3698
5030
5167
7558
3502
4684
4195
3619
3417
3295
5939
6422
4906
4837
5371
6592
3951
4696
2821
4408
3728
2276
5214
4071
3474
3893
1182
3597
15404
2514
4967
3963
5392
5208
6226
5606
4288
5378
5883
3172
4837
3231
9946
7527
5430
5707
3425
2796
3378
3875
4087
6108
6161
3672
2453
5454
4283
3884
4927
7420
4885
4495
4536
4771
3865
4151
4288
3118
3720
2769
5051
3561
5588
3852
792
4072
7603
3735
4268
4009
9069
5072
4182
4267
3073
4875
4287
5042
3978
6743
6209
4959
2353
4151
1601
6226
4346
3403
4741
7017
4184
9135
5553
4639
7476
3347
5041
2578
5060
5369
4957
4108
19833
4947
3568
4045
4570
3558
4808
3327
7028
4723
4033
2382
3947
4614
3790
5943
4091
13614
4181
4011
4766
3871
3707
4127
5080
3269
4120
3672
8113
4761
4515
4512
4342
4952
3445
4676
4128
19642
5029
2054
6979
4187
4153
7958
1525
8056
4659
4273
3911
4715
3477
4994
4258
3154
9817
5060
3513
2741
4986
3759
3605
5159
5223
1323
5410
4157
3626
3457
4402
5162
4074
8369
3755
9873
4229
4892
3750
4232
4778
3922
7190
4273
4317
4757
4255
3948
4278
3971
3184
3695
1465
4051
4061
1774
7587
6708
3512
3378
5575
4502
5581
3115
3702
4498
3547
5955
4957
6070
5345
3752
1688
10632
4495
1991
5215
3709
2456
3281
3895
4271
6176
3871
3627
4312
4104
3796
6914
3281
5021
4591
3427
5656
4733
3637
3517
7739
12485
4983
4292
4304
5761
3707
4036
3130
4011
4253
3907
5253
4955
5889
4695
4955
4561
4697
4183
3530
4962
2563
4588
2911
5399
3802
4141
4677
3430
4793
1491
3402
2667
4111
4247
3457
16580
4768
3291
4568
5432
2663
7194
3272
4825
5209
3413
5688
4582
5743
4128
3916
3573
5241
5042
3707
6307
3744
4539
4987
6935
3682
4632
2700
4014
4221
7728
5203
8649
4407
4021
3969
4652
1058
6381
5182
4262
3179
5492
3351
3324
4940
4417
4228
6762
3403
4823
5708
4437
4976
2399
3951
5005
3799
1242
4943
2290
4810
5087
3179
3196
4162
5985
4739
4410
3434
4148
2645
6097
3356
5201
6780
5465
7212
3971
7089
6781
1439
5091
4138
3088
5632
3813
4716
2736
3706
4627
6863
5098
3924
5575
7616
8475
4645
3253
5735
4636
3202
5816
4122
9303
4792
3622
4170
3646
5013
3326
4960
3819
3760
3538
4760
5545
5681
3870
3030
7344
5485
5383
3753
4151
3178
4287
4255
8295
4795
4179
4449
5703
4625
4329
4082
6935
5320
4347
3539
6702
4612
5875
6508
4774
8778
4909
4899
3110
4273
4041
2352
4120
2061
4527
5112
3854
4584
4639
4916
1758
20305
6143
5604
2871
4366
4368
5831
4366
5139
3664
2254
2169
2675
4321
5179
2026
3433
3816
4107
4102
4265
4664
4091
3897
3267
5714
3680
4882
4377
3513
4186
4006
5250
2783
5921
5209
3132
3325
5074
6164
5216
8330
3997
3826
5028
3022
1836
7849
3798
3051
4729
4509
4212
5105
3605
6198
5645
4988
21389
5036
7786
5859
5703
5489
4276
6187
7971
6013
4695
3822
4440
7466
4700
1298
5800
3323
5695
4508
3524
7815
5329
4154
6181
3028
1754
2168
4936
3797
5719
6781
3382
761
3916
5824
3403
4860
4007
4962
3369
3541
5525
5107
3989
6898
12134
6672
5743
4103
5476
3817
4414
5195
5982
4120
4295
3533
3019
5851
3993
3526
5920
2956
4143
4164
3602
2411
4753
3279
2989
3678
4928
3960
4198
4679
4705
4231
3385
5391
4421
3259
5494
4126
4313
4472
3801
4382
4294
3473
3029
4159
2673
4782
3783
3144
5306
4361
5620
2993
3749
3367
7614
6021
3613
4438
2808
6076
4989
2565
3885
3821
4192
4202
4733
3896
3787
5561
2045
3965
3996
4925
6489
6094
6562
3588
3033
4112
4317
3281
6573
5870
4808
5456
4645
4227
4536
2423
2611
5022
3443
2778
8668
2489
3467
3928
3469
5742
6794
3596
4331
5553
4790
4440
3865
3867
8233
1875
7869
3921
5788
1897
5807
3471
4833
4220
33892
6678
9974
4489
6757
6433
8139
4009
7699
3105
4314
6111
4184
6693
7328
3246
7362
4570
10048
3876
4314
5793
4694
5619
4897
2341
3173
5530
5750
2535
5501
4647
4078
6388
4177
9639
6067
5108
4238
4922
5376
7015
2163
5746
4169
4589
3431
7411
4150
4167
4067
4245
4653
3428
1508
5531
5620
4461
4505
4869
1384
3455
4249
3741
3554
4173
4060
6304
4375
3446
3834
3767
1971
3149
1196
4646
3022
5301
3556
4685
3160
4154
4250
3514
3048
8962
3820
1546
4388
4126
3072
3647
5622
4415
4201
2933
3477
7916
3616
5023
20738
3392
2574
4152
5187
3575
4378
4404
4199
11309
2423
5415
3679
3107
3906
4748
5035
6098
6099
2961
3651
3579
4587
6402
2779
6014
4412
4278
4069
3215
4056
2115
4383
5358
4682
3421
5076
3886
2165
4357
4301
4040
4607
3394
6606
4111
3881
4772
4703
4954
4347
3925
5826
3546
3059
3860
6720
4264
3774
6450
2675
4460
5469
7510
3821
7089
3855
2741
4288
4727
3825
3134
2346
4000
4437
4201
5418
2334
4035
5637
4043
4187
1922
6347
5413
4392
4712
5173
3184
3893
5016
3458
2960
4959
3491
8308
4529
2710
5758
5556
5301
1644
3230
4352
3496
5142
12778
3642
3412
2867
2445
3750
5089
6184
5105
5426
3934
4321
4086
4521
3277
3990
8818
4146
3436
3607
3419
5106
3859
3913
4066
4457
4830
2459
3840
2862
2143
4163
5544
5327
6895
3539
15534
5369
4115
5195
6324
3265
4479
2790
5255
4395
4820
4306
5889
4670
6248
4473
5198
1549
1602
3560
6742
5641
4381
1236
3724
3188
2919
3737
4230
4836
3510
5716
3637
1169
4411
4922
5665
4915
5908
3342
3404
4291
5184
4258
4574
4451
3936
4885
6620
2577
4354
2912
3463
4457
3779
7535
5910
3573
4801
7443
3213
4244
4228
5973
4186
2903
4224
5312
4978
3019
855
5269
3113
4124
5103
3858
3258
3407
4564
3609
5734
4858
3848
6685
3656
8523
3984
3130
4541
2808
4679
21071
13739
2236
4079
5602
9233
3952
4276
4240
4211
3180
2618
4100
2459
4186
3853
5201
3630
4249
3990
4244
2320
4401
5513
3617
3326
2419
28425
4124
6865
7300
3618
3422
4176
6098
5156
5104
3493
4272
5201
3214
5273
3840
5993
12610
4373
3486
2683
2825
9440
5716
3493
4050
6072
4227
6950
5722
5255
4056
4198
3454
4546
4271
2420
3101
4896
3935
7994
5192
3888
6130
3716
4352
4262
5146
8273
3279
3777
4740
1838
2620
3571
5797
8805
4151
5951
3939
1331
10122
5400
5215
3531
3752
6360
8756
5714
5299
6292
4644
4726
3058
3921
4959
4194
36887
3872
3432
6857
4317
1812
3239
3433
3664
3705
4559
4305
2267
3828
3356
3394
7308
3883
4257
6093
9375
4261
4927
5488
3645
3828
4605
4348
3280
4667
5282
5904
3901
5656
3136
4665
4106
1329
4881
3133
30031
1946
4429
3856
5237
2714
4654
4756
4018
4711
6068
3190
6263
6734
4115
5439
4348
4349
6849
3954
4530
5559
4834
3959
3950
3885
4728
4349
3373
4695
5392
4486
8639
2250
5567
4654
5424
5004
4489
10050
8798
2830
4836
5002
4427
3847
3782
4514
3812
4146
6150
6377
5500
9176
3318
6541
4577
2821
4871
2307
5416
3430
4210
4233
2858
4238
3837
5553
3647
3814
5915
8071
7589
3996
4069
4311
3208
3693
3055
3721
5009
3809
3407
3505
3985
4664
5472
4357
3025
4255
1268
4668
4571
5544
5415
5021
5511
3498
5048
4661
20632
5175
3977
2721
4611
4507
2528
4001
6509
3665
3823
4664
3564
1212
2276
4502
3869
4948
4391
3977
2848
4746
3778
3209
4793
4587
3335
3678
4181
3583
3659
4150
3343
4538
1874
5678
3935
1165
4241
4301
3746
3667
3915
4412
3868
3521
3857
3294
4078
1286
3920
3592
4165
3459
6538
3919
3601
4972
3621
4794
3794
3302
7915
5077
4362
2885
21508
3685
3683
6134
3713
4492
4807
4240
4090
1366
4505
4487
4333
3983
3937
3214
1942
4713
20654
5650
8011
3341
5328
4813
4022
4574
3951
3786
5334
5347
2833
4543
4174
4083
4616
4503
4962
4083
6512
4572
4151
6193
7284
4502
2220
5246
3726
4588
4725
5167
7962
3637
4731
1266
5282
6193
6667
3441
2428
4335
4286
2821
5135
6014
8204
4303
4381
4436
6383
4529
3454
5496
2819
4296
1349
4154
4051
5037
4856
3478
3564
7501
7986
6077
4165
4243
4850
4745
4569
3932
4168
3805
5513
4530
7272
5003
4764
4588
5187
4578
3786
5052
10100
9955
3536
5331
4368
4548
15543
3941
6602
5054
4663
7341
5055
4266
4021
4247
4623
6630
4967
4066
4033
5664
3709
4104
7021
3449
3861
2014
7407
4338
4221
6715
4833
4226
1043
6061
9092
4383
4845
3587
4615
4355
713
3707
5746
5374
3633
4421
4003
2433
2998
3538
4304
4001
3759
5157
5305
3393
3138
2390
5827
3389
4469
3181
3649
4105
3929
4836
4671
3854
7078
3975
5186
5030
5167
4006
4855
4206
3822
4098
4482
1855
4912
4465
4493
4630
4666
5579
4435
3846
3743
4262
4975
4705
5859
3257
5194
6098
4176
9520
7060
3812
5255
4033
4854
3824
4808
3882
4654
4929
4637
3324
4341
5763
3777
3472
4830
3833
2857
5018
4599
8739
4364
3654
3768
4077
3790
4226
3789
3251
4724
3942
4170
4011
7181
991
4372
4005
4006
3684
4170
5517
2917
5243
7146
4382
4292
5080
6425
4506
5157
3042
5357
3292
3776
18035
2968
4481
4195
3593
3887
1429
4334
1224
3593
3304
3695
5171
4889
2414
2468
3117
3823
4154
2287
4640
3598
4063
3971
5323
3365
3842
2139
2714
3815
5103
5057
3246
4555
1357
4794
4137
3235
2835
3323
4091
4164
4670
3762
3862
6926
4059
5062
3337
3452
2561
4273
4616
4829
4896
3782
4328
12442
3429
2007
3386
3271
4666
4205
3738
8162
3990
1970
4159
6012
3176
4255
3316
4079
3973
3491
3354
3607
6407
4316
4148
3452
3435
2196
4252
3972
3298
5266
4292
4785
4291
5726
3624
3723
4611
3033
3205
3076
3849
3262
3137
6067
3601
5993
3843
4284
14510
5844
3331
3603
2839
4177
7643
4169
3630
4097
4104
3768
4189
1071
3975
4922
3831
3252
4045
2966
6041
3666
4286
3459
3389
3847
20165
6049
4127
21964
3707
2324
4502
4611
4885
4614
3305
3867
1943
4405
4976
6258
3894
3191
4107
3105
4602
5717
4130
5268
6234
3814
3415
3028
3698
4286
2452
1916
4981
4216
3492
3515
2847
4208
3684
4350
4718
3945
3229
3308
3991
3413
4490
3735
3297
3971
6180
5823
3670
2991
2959
3665
3904
2867
4387
3578
35560
3777
3568
3353
4075
4579
3580
3012
3330
3267
4218
3557
3869
3835
3654
2982
1963
2516
3721
4371
5015
4751
4305
1951
3575
3660
3827
4532
3240
3401
3233
4753
4070
3337
4344
3813
2807
3714
699
5351
4502
3771
7325
37575
7031
3910
3760
2166
4118
3944
3707
3922
4643
3692
3149
4495
4162
5656
2493
4140
4678
4089
8301
4285
3894
5414
3255
4304
3571
9172
3092
4196
3664
3777
4367
3448
4479
5428
5820
4268
4047
4092
4184
3840
3691
3974
3095
6721
4203
3434
4870
4177
4030
4968
4508
4490
3289
3416
4095
5996
3874
3912
3438
6842
4647
4442
3923
3853
3377
2904
4917
6157
2622
5531
5341
5992
3653
4833
6136
3326
3843
4255
3824
4679
4355
3440
1576
4386
3152
4204
2816
3082
3212
4113
4137
2547
3697
4734
4841
3686
4501
4095
3733
7545
4099
4252
3398
4567
13450
5213
4068
4486
4538
3837
4031
2714
4347
4907
4130
4194
4338
3932
4604
4564
3364
5728
4875
3995
4661
4703
3735
3664
4042
3715
5341
4846
4101
2751
8314
3724
5741
3141
4381
5128
3756
3072
4269
3381
4726
4979
4100
2381
6707
3554
4006
4025
3766
5174
4350
3965
5532
1203
4061
3432
5381
5146
5177
3903
6487
5098
5525
4131
3795
4242
4994
2852
8480
4367
3728
18752
3501
3750
2404
5172
2724
3555
4239
6817
4001
3840
3773
3561
3899
3865
3029
4181
3660
3443
5067
3731
3260
2502
6013
5693
4343
3562
3692
2121
3908
3851
5146
3396
4095
2766
4751
1709
4439
4969
4983
3756
4100
4976
3014
4375
4724
4011
4058
4201
3727
971
6025
3805
4220
8808
5486
3996
3808
3976
3706
4107
3981
3401
3453
3075
3426
1818
1173
1921
3342
3668
4353
3663
4193
4041
5442
4108
4289
4421
3857
5116
3704
4133
4307
4383
4145
3845
4613
3769
4743
3366
4718
5193
4797
3635
4072
3756
3903
3773
4386
4790
4309
3220
3469
5156
3075
3838
7196
4516
3807
3914
4185
4108
4362
3631
4201
3959
3497
4072
2131
3864
2981
4515
4160
2804
2764
4654
6292
4762
6460
4170
3790
4563
3895
4517
4380
3446
3521
4076
3629
4433
5456
5228
5732
3403
5480
3689
4136
4297
1781
7494
5197
4228
4780
8249
2057
4031
6106
3698
3987
3432
3784
3269
4330
3917
3582
3035
4086
4707
3499
3271
4430
2997
3058
4614
5387
4066
5195
3180
4132
4303
2682
4282
3618
3644
4964
4206
4083
4067
5114
3509
5587
2407
3170
4112
3561
3373
3099
3999
1805
4911
3274
4820
3632
3029
3823
5067
5454
3507
3183
19138
4300
2068
3525
3240
3297
3603
5591
3089
4609
4683
3085
4844
3505
4176
2812
3914
3745
3292
4110
3789
3640
3501
4298
3178
3695
5342
4950
5101
2041
3818
3761
4052
3478
5783
5217
3375
2373
4777
18291
3672
5282
3939
3147
3724
4916
5156
3993
3836
2896
2294
3494
3288
2492
3844
2262
3751
3773
4446
6078
3987
4930
5035
4378
3226
4797
3472
6951
3376
3095
4735
2759
4118
4328
3645
3253
5132
3762
993
4149
3055
4005
3833
4474
2905
3704
2984
5045
3495
4156
3493
3006
4032
4067
3649
2308
4114
3879
3942
3154
3333
4272
3714
2722
7278
3776
2540
4605
3161
3652
3311
3679
2984
7635
3571
3416
4432
3065
4107
2780
3687
3723
3160
3359
3602
3436
3371
5120
5618
3379
3511
3804
4867
3916
4922
3216
5640
3449
4480
3473
3020
6572
3600
2894
3535
4462
3670
3787
3742
3779
4634
3474
14563
4618
3201
3253
4649
