47350132
18741859
14219893
19669411
31325776
11329531
17231167
19785128
29131606
19510469
13216331
26663823
19385366
12761859
12211309
29793666
10601385
12099058
13467410
19080140
15249706
10027717
11572470
14617609
11736020
8850154
12291785
11721612
13915087
13700336
11409131
13414414
10083331
13029351
17643402
8993653
12000285
9635467
10707471
15452664
7774401
9639396
10893752
12836537
37332699
16934908
16053831
22666729
10539052
11049922
10300797
21319965
10341898
11901837
15670274
9912220
9822318
19182933
22890139
10120593
15870330
12302652
14238013
18802379
12268924
13630345
7293232
10538447
10628577
9396656
9431837
11038666
8092822
9821068
10527052
9910596
8046044
7661253
24026896
12871311
14316651
22385931
13183958
12184879
16372399
12651122
9729365
19037409
6836865
14657511
7978004
11475046
23852781
11412391
9807830
13424898
11888085
10212375
9850678
13253584
9797970
13113526
11206429
15216613
15413416
10695787
8771498
10535000
16038944
11778751
11777362
26369452
31496166
11923848
14432999
12410730
13576122
10640912
11493545
14934799
19327194
24696472
12746466
21347401
22947206
15058629
11958735
13296213
10942148
23975159
20156320
12411255
25189570
21687745
26595862
9842181
9816587
12599857
19030772
14990585
13403757
14444859
14076741
16058036
24183793
20520624
13979879
14058141
10706270
20872601
15043215
14389059
13864574
11997863
11855857
12747533
36496844
20297454
24016840
34308671
16977474
26074862
14831758
12907900
24615584
13865779
15016951
12641196
15262026
12865300
24000562
14353901
14021231
11644441
18901268
39281369
16132694
15910808
12299433
24281735
13893739
15371921
12003761
28661222
19493159
14360282
14127199
9983639
12919258
13687903
10330067
21572623
15925032
12971526
44511388
13778642
9879145
28544195
13969838
14161962
16800395
10290216
14954944
23843490
14093765
11287877
14673494
12523505
19788605
19688134
13574325
22878110
15279489
18455495
15098800
22383797
15066880
18370954
16196446
12392740
11820274
22538597
12856286
17253538
11816644
13408073
11662012
14854373
12224584
25387769
13859813
24938242
14771104
30766576
16588428
14495633
20316275
14596772
11271609
15010265
29767999
18061324
17864904
37890494
13082192
20390928
10580416
15400970
10983454
15296158
13117726
9337584
14433913
13834446
13089483
10116993
12162225
8840248
15050062
15356509
16086367
10187272
15096271
11556370
10532298
11542682
12038367
20656092
12877398
18476860
13219779
8320824
10265087
20234434
13513622
12464698
16234861
13914909
10878873
10423988
14304587
10882726
12200502
12694927
10007858
15750630
11153787
11754285
10421732
30809000
10497585
18300266
12245072
25428164
22700444
10476537
21102911
14190909
12108979
19826500
14725954
13854058
12807085
12070195
12466950
14602558
15397590
18899639
15485888
17671527
10232041
17658270
18884586
15027392
10000067
15964433
14425527
13479734
19011920
23455800
17229176
18593891
15422362
17567268
16655028
13048329
24929843
16433007
12992669
15722357
15739819
24261540
42499843
14691862
28842941
16868919
16405997
18779190
21469232
16729543
11143532
12032537
17802656
12646835
17866714
14413627
17038577
23464108
15751512
15194251
14018907
21360601
12895019
19090662
16884981
25488452
14698857
10271904
24828244
21549976
21211595
15746045
12607940
13944394
14729122
12918597
18425941
14878103
12781455
10435464
21016258
9483840
36299246
31152465
21820276
10121092
23031055
9228330
9066923
13287668
13418216
11853734
12371627
25165947
23235122
10277479
8423886
15808272
10572023
10793488
13965632
6672650
23706408
13042361
14470370
11374908
13636941
15557173
19182867
10064164
9992986
16969674
17891450
12217935
8223028
16146595
16135232
11261578
16167249
10494316
12379126
12666944
15229920
15202945
17226827
16371393
21425423
11284890
15789229
11290311
19468757
11865673
26551076
11576263
16703667
12677998
17209785
14136837
12680858
17052975
11064529
21579451
11828601
20436710
16126772
15409162
18710497
31989371
11544797
26521679
17432229
15856701
11825893
16454366
13459764
11238833
20391929
13616871
24008755
18521915
17429918
10168465
12004976
11709796
15639867
8329572
9656582
10940670
11907316
14091007
9453514
21075731
8151194
8503589
8860782
9392495
11090559
13879074
10652620
9563979
11469205
10697160
15268786
15034191
9638613
8858556
12737350
21166244
12362081
21870715
20545396
30548004
11432161
11817463
11061120
13055534
31921277
10809768
13212894
14303037
15909576
15298770
21575101
17740269
12637659
10486066
14494453
13775131
19656272
12140889
13412689
14776514
17023123
13036685
12892148
15398434
26256926
17478167
16785095
14579116
19416361
13866293
13258488
20515418
15551787
15737207
10807247
18399959
19637050
12792441
15013588
23340043
13031810
13646937
18053528
13939333
12436850
10521125
11328732
10674712
13317015
12357299
17590849
15224750
15836713
15688624
14632272
12101047
14769781
18850637
14634238
12948695
14217011
13516401
16418800
15411500
21355364
16820063
14470716
14523982
14987311
14072556
13174543
15772479
12534192
22487010
20445277
17691338
18094746
16712766
21478397
12932928
10903070
13280726
15954323
14796871
16590570
17169014
17711617
9455568
14657250
12829830
16155592
8990068
13230806
18093478
12521316
13763399
12706316
16326726
9652627
12601495
13425823
9807380
11093951
11654251
8725627
14401881
9403072
17714142
10660041
22785323
12353431
13989090
19732206
13945496
16031689
10013886
10416780
14636597
15340339
11214843
14193052
15285341
16955644
15102054
17996236
11752073
13965791
12012126
18102737
15320836
10654415
11279220
9003338
9929584
12859323
16674647
24715443
9546661
9106338
16863814
12478408
12701586
9886268
9276588
9076015
9085979
13559363
15985197
11267288
15034889
15892634
21517818
9254125
10778603
13803461
11332096
11292372
11049699
9480542
13451017
13954690
10800996
10558973
9849886
12120574
11581900
9577019
14427866
13435671
15859004
14259061
10890097
16952602
11489232
13505062
11704269
15226940
11057859
11672921
10420424
9881919
14476572
13989865
11313262
11734198
11188591
13830071
22867949
13830567
9533860
15079938
11520720
9553007
14455578
12103400
9656699
12017174
11121488
11383822
12686983
10229542
20346769
12158415
11099831
9302404
9402678
13714728
8691820
11395257
10489931
11478838
8877264
8871868
10091171
10744684
14962338
12301825
9936200
11627499
14007599
10863642
9864109
12952011
7595026
9794896
10038114
17412036
10607012
7249312
7701913
10804261
9158342
12790837
7592078
7949539
9968243
9125276
10117534
9518073
7175435
12035434
7737810
11489211
16677657
14174401
9455388
11110652
7966007
9796797
9707628
26259750
28013075
18863888
11440675
10831281
9226375
10887862
10373478
12584618
10543238
8048762
8839542
7928363
7539926
8607349
11389018
8908529
8885800
10256584
7855569
10847260
13173352
10379045
10965056
10961126
9911290
20954188
9819420
9836154
7537009
11942903
15737149
7830680
12219526
8704348
11374179
9791845
10645340
9552340
7562297
9886204
11968821
8230583
7950634
9484347
10208900
10478898
6947755
10035600
10182979
8002877
10315039
7891146
7463123
10365531
8897701
8033925
12373766
8095022
11210144
9890317
9778505
16160306
10438237
8677865
19365191
9725275
10790873
8908116
10107963
9056356
7439287
6652842
8345489
9759723
8152887
10567672
10765271
10641600
11337677
12808236
11399257
8688298
10039131
11887386
7891227
9170108
9883301
9511771
8986307
9847274
10681621
7629769
10080259
12621655
10215891
9562279
9159456
8485970
13241914
8460453
9824400
17913253
17598114
15979508
17260610
10754224
11350660
8885728
10229960
19063175
7792107
12349929
10236761
8798101
10235689
9731303
9597119
13894251
9689955
10373604
7993766
8652475
9868369
14908847
8539122
15434903
10710953
15692140
13412828
17723359
9902624
12565825
8953661
8575139
10872441
11095344
11217744
8556781
8805898
9145905
11890310
10450045
10272842
9373032
9543541
15842241
12227546
8945649
18842935
12055882
10277705
13872029
7587996
9953569
10589785
10827187
8195656
13816234
14191251
10449658
7508416
7682241
7318354
6983988
9593534
10613056
7835686
8061040
12019138
12334488
10797897
10840807
7626801
10349552
7950082
14304712
10387239
7276853
8807673
8747878
8526720
11671413
8511638
9417200
9197074
12263988
9922660
10306589
9688413
11668324
14130054
11600153
9580596
8703865
10202592
7037259
7757049
12242442
9309424
18240971
12318883
7398534
11621684
11438496
9464461
14232641
9536383
10588365
8781877
10369217
12642903
7842821
7728492
10982192
9902358
12467620
8460393
9253244
9868199
15829933
12429608
11601294
10667329
10162159
9840343
10456412
6819624
11275509
9787465
8832956
7533870
11939773
8562992
8721419
8231666
7370688
11772755
9645443
12535321
14375764
7992866
7085720
8038214
9086327
10024405
7146050
8559059
6930169
7808817
8442630
7608479
11593034
8736926
7615717
11019108
8941759
13053015
8829604
11163259
16078918
14142396
11703776
8917784
7922481
7166614
7241310
8184188
9199276
21232652
8303694
13554317
8732267
11511781
8183324
13349130
13012392
7624458
11112088
8188799
8829604
8547915
9020665
8344289
14565184
11242778
35367060
29952300
9734728
6543040
9928888
8016891
8286413
6933791
6293852
9908010
9874371
14403296
9648680
12581287
12826529
13712827
7863211
10249716
11442770
9044057
9605171
10999189
10485162
7151571
11249159
12702740
10198217
8265289
7940234
12087081
11576754
18624376
10529378
14709858
20158330
12480216
10444593
7284485
10130329
12126815
10028462
11236838
12183156
18019886
8925694
10064106
7781258
14911111
10247329
13577290
8093866
13546830
8104167
7865626
22408733
9714558
8942476
9037116
13568197
21151982
7107893
11140011
10048114
13115671
13167294
12321886
8324575
9210268
11335335
11721036
7885206
11311957
8522617
9204804
6960364
6982344
13886761
10843374
7828984
10875934
9962781
9092939
8571075
10252672
8262423
7917910
9782917
7708029
8834008
8902255
10503360
11067113
6789613
6798506
10153057
8382259
8407444
11162999
10393847
13366182
8782755
11498316
9493245
15463652
8940698
7927823
11570164
11069487
10891074
11129993
10503194
14127024
8145886
13777394
10672337
8256232
7676974
8127544
11133584
8441718
6416658
8152058
7648922
11332005
10334362
9603922
9709617
8212757
7203440
12396360
12325427
9076744
11230703
10132044
9672551
11873337
11381786
9179136
9321288
7839276
11388965
11868169
13017388
13701836
11846558
8378306
7718395
16042870
10563853
10707269
9669752
13028619
9856656
8927190
9331655
8740101
8044177
8706168
7720710
9697471
10850983
7296467
9799906
7680219
7403245
7490846
8784520
9527814
7899040
11409644
9769701
11060128
10363859
9794020
7670055
9870245
8243678
9214284
10169427
11462704
11635944
8484266
14013991
9905802
7770054
8977166
7653809
9137247
9150148
11250770
11975004
12586807
8956218
10514263
14634852
9518216
9035207
7961986
7989407
9680187
7305270
8155015
9158920
6932730
7151001
8267227
6925927
6968327
6854664
6765914
11826353
7564795
8280707
7986026
21482994
9771263
7581217
8087529
11828644
13116524
12799637
13264610
11376082
10445221
10067505
11684823
8783550
8663727
7995784
9656846
16265810
8835064
13963451
9144793
9838148
8007607
8621352
7809448
12486805
11018049
8433800
12034515
9297343
13834179
9078244
8346867
10383281
9655045
8076748
9033858
9055045
8622920
8607658
8353943
7226341
12286566
11362087
8746906
6075379
11177773
7699691
8319605
8565039
7690833
10648938
7192159
7024803
9665245
8414375
10789522
10530299
8606759
8548307
8666753
18595242
10963173
11539916
9431733
8832587
9783014
13680653
11568571
9851312
12245895
11694588
11258439
13950159
12746103
12958670
14040268
12408728
10259881
12282786
9348332
17144493
13349296
16008905
12075682
15411836
31555929
15507931
11742526
14283055
15017786
15422826
33279555
11943179
14006060
10296556
16052442
14279941
11786158
13863862
11459394
13381538
10676487
12272740
11615303
13692808
10332735
17182205
13597906
14205732
20111569
11781792
10491045
9371344
12945437
10280070
10297484
18692102
12611799
10542627
15690445
11805208
16776705
12975844
10770670
12933859
9742181
16231478
10676877
13078190
9101850
9437385
12727977
10208771
8690495
9457635
9942678
14713581
12920425
9074550
13429130
13342636
9716666
12771638
9790227
17217734
13685143
11531909
15789484
12130900
9747014
10474284
13865581
11744486
14798972
14714232
15030669
12057027
10362957
16368687
11229594
10591167
13858908
13357163
14949935
9413505
9426843
9884506
15193795
11490657
10046502
11014256
13647313
10940116
9798619
7610259
16941901
29927600
12457992
12708126
10216286
18089784
10784001
10337595
10434674
15070671
10330838
10236589
12411500
9101576
8607156
11162083
9630721
11655309
11729250
12816156
12016820
15651916
10293166
9086835
10250421
12619235
9698594
10413764
10190126
9972872
8461050
13275910
17827883
11521823
11500274
10183684
10159226
8040088
7447409
7738678
8612141
11666435
16726982
9178472
13058241
8002267
9198151
8801984
11466443
9168501
10459389
13140997
13916179
21536536
12528051
8266770
9915808
12796638
11392552
12797969
10871886
12074319
10248560
13904653
12977809
11569473
24374595
16979384
12316950
12842695
29186541
24692120
13061074
14734041
13512825
13703907
9543636
10770039
8069173
14102103
12645955
10642543
11895560
12784740
8266612
16249082
16511110
15719242
9519345
11385222
8716642
17966342
9659618
16069644
8957289
15497236
8998795
9894510
12378907
11548336
8896603
15072446
15561140
11489585
10673528
10479572
10933350
14822223
14258671
14720536
15152738
16094350
18808540
22464183
14574191
21930608
14155041
16406943
23995335
19224258
16148675
15661984
18562807
16054598
31527842
17299410
12767427
17489282
18878052
20468154
17955679
19180014
25531957
37687196
15552689
22534380
27411479
15744507
38506856
15104871
19684231
26275907
26556222
17012956
24818096
19914231
20605827
16129216
16420906
18323093
25304334
16782116
18293214
18655210
17666803
15577095
16911933
17775146
15616682
13938996
21374681
20620177
14102789
15926012
21537276
16945783
14350501
13247650
12942935
20551845
21783444
14496534
16241760
15973499
16304621
21319612
11945387
14756372
15715090
15807038
19876905
18337958
20623242
15281212
13642869
18715066
13369565
15469040
13781725
20465852
15990432
15179448
11725801
11487700
10209287
19936110
13883875
12075521
16132142
16774985
14724314
23116121
18343180
13988561
17048795
16033622
12842742
28240537
14963825
17224959
11668174
10726291
20897237
13048038
14451380
11146405
12751458
10306262
11480651
12578813
11096816
15005802
16949792
24285972
11450508
14704706
10724888
14390778
16450784
10383830
12547340
15829309
12009271
12051335
14860034
15472261
14265048
13102186
13650296
16549024
14865377
16129942
15240075
11055922
11549774
9987247
16446336
11016407
15498550
13113878
12299195
31595155
10160929
15444576
17876741
12535151
16676955
12949977
11004181
17946752
15339973
10819314
12531852
12441195
9193274
14165024
15311858
12590047
17259899
10286435
12396031
13190443
14492432
10244500
14496554
14693542
13355883
10406486
8557234
13508628
15825211
16169708
15946464
12867110
14772756
14702384
13334275
17595039
11859156
8979635
9567806
11601864
11480752
12033062
12029454
17395096
12709798
13676810
11539191
9739754
15643669
11291403
13509082
10893954
16777056
10801369
11891464
17464445
10214881
12616011
8546171
21416689
11594110
12562376
12946037
11087407
9112494
10665968
12117140
9262215
15891553
10626632
10367566
12206303
11393048
13765026
16133556
13505320
12144004
9819541
12270123
13958871
13758619
11566333
11868101
18230607
12629395
12528306
13359464
8663203
11532915
13584529
10193606
16044800
10191032
14403885
19575187
11601486
10271748
15684922
12516583
11596258
10925106
14994916
9739792
14925109
10075475
11124326
10118954
10975100
15505774
13290128
10968725
13233319
9781728
18788564
12019076
11032853
10136457
10706986
17249455
14680112
12102059
12379212
9469988
10637364
8785732
11024418
12333786
14240960
16890901
8855803
10262172
13142080
9691605
9957135
13624161
10018290
14619111
10408812
8980304
17139204
10862928
10342055
13573934
10698783
12867230
9749542
11597667
15272378
16930859
11443264
9120388
12166028
14822484
7956032
7919141
10735685
9504025
11132135
10803870
11232169
8859060
27124114
32228120
35857094
26984905
22190072
19844290
27695251
19340923
17298507
20084538
23260899
19584318
21204372
18586519
14736131
18091006
19300082
23371844
17612423
16398944
20891868
17518056
28029181
18385411
19970142
17247116
17263735
19695821
17512692
15511566
19275884
22353791
24188725
18704991
20178997
24450471
18269156
24736742
18655241
18957756
20952258
35096222
24345185
19833378
17449681
19502878
22284983
18121651
24393298
21554317
18852789
19447539
25281940
17018705
15727501
18474038
16797587
19989036
28337795
23620181
19341366
22932811
24001778
18182691
21016325
19778091
16721582
19739888
18066419
15400886
12624901
31081636
18991732
24428220
20363798
18224002
16886958
12175442
22406576
17211450
16209225
19669784
18220324
14991045
19128062
13500265
15102836
23608606
17538908
21245393
13555617
15479768
15736238
13792160
13261475
19417127
15265935
17601949
15030378
17943137
13173321
13204481
17081491
15047979
11318606
12443479
16383811
17527585
12703634
13570802
14805948
22776816
19780364
18666003
17945522
14165511
11173781
13449311
15596879
10826602
19502030
11326452
14091881
15946121
13100117
13577293
14766021
21131141
11750354
14431430
11773237
13391576
14091142
19309144
13738250
16592511
16228852
14953879
15707285
12476543
12893017
16268081
17468998
16146320
21892108
14334430
15699873
13549685
18423449
18121185
11514732
14607496
25567463
13953810
13364102
10699866
13227465
13364485
13138185
15243985
11830213
15323346
12194984
13954170
12587220
12391566
10098015
14596952
17631318
11455496
13259255
11350078
15121721
14543809
11562395
10542208
12259983
16549501
17532486
14213516
16611269
15136606
14396034
19922971
11603238
9460291
12764210
19211971
14344089
17436560
15726493
13527663
11819573
15462742
14018909
10957941
13198878
15626533
14591167
12547096
10659294
13988526
10514539
12371118
12617801
10442853
11232633
10702396
15828855
11110416
10937625
15749737
21437205
10944408
13234575
14289132
25736589
15145853
14373164
14384909
23903193
20513993
14000768
15606663
13805789
14895672
15899628
21582952
15988905
17342325
22647452
12522712
12941353
15877362
11620806
13535941
19026541
19217746
11227182
16306693
29987191
15487244
15379282
18539228
20430177
19683016
14565410
15187819
16748464
19259193
14494069
13925486
14393103
15174404
14930116
11802138
11651294
17289727
17151637
14151869
14776147
16710744
15452828
14707020
10990469
9246842
13100330
12051524
9534702
12249238
10404930
11034666
10891459
10376088
11384371
10639516
11336190
11107147
9836944
12765593
10509155
10727025
13267317
10154804
12999617
10238080
12620504
16096325
15487151
12191683
9403059
11302207
21393180
9609871
13081709
8938558
12713188
14897552
11128933
11800357
11647790
12013985
13232348
13150938
14595840
9511123
9791397
14367619
10633071
16789262
13749519
10428956
17284590
23170566
17827885
12261654
18865337
13902319
15261558
13069028
12973885
12106968
15901680
10352333
13972176
11472897
11815378
10901915
16390215
14647051
22297253
12336259
12312925
12666174
15088978
13851476
11295101
12798075
11444166
10329819
10303061
9848075
15920519
11453372
10470133
9444938
8798029
9588536
13918177
10126737
10670886
13307663
9221826
10872741
14016469
9991261
10169585
9738809
13444585
13541685
11070975
11738979
10618906
11510962
9792007
9554074
12552521
14158532
15986237
15470945
11029528
10249304
11399726
10612504
10669731
12080605
14281309
13825807
9382312
9300586
17874663
10675536
13344084
13243112
10737715
11814831
14702582
9633695
13524662
14295057
13865039
10856057
14683538
13837404
16292503
10871149
11075462
11602665
13631650
10446563
26804357
26760375
21969438
25115516
23204223
15448213
17699811
24151883
21448233
15765117
16782566
24716646
22082752
24824274
17354491
32942527
12854049
18568096
17471362
20774231
18107927
15603476
19590652
17757734
16595771
14930105
21987661
21404881
19269338
25407038
18652604
18798006
19839462
17843500
23418448
16455993
18352134
16068413
15209251
19360922
18215211
23067567
18174331
22581372
48855106
16378267
13487422
22338815
24631692
22803109
15407538
17660243
14345145
17475881
17187456
14262497
12948296
17929858
15753200
17108221
19727743
17443178
17181668
28613024
15877791
16565525
18448391
14534416
11423813
12873849
13151599
10661760
15309333
18469943
14661781
14696938
12056126
13308270
15470413
16231949
16230406
10956743
12410559
9987049
12589764
14991869
13471724
10706847
12156257
12481270
13706612
14162514
15194354
14734053
19035782
11654394
11980328
14460331
13123030
11479642
11887425
14362779
13161690
11591576
15641758
16253970
13760842
11442510
13093766
15659486
14095860
12418020
14820011
15421568
16976712
14086975
13455976
31860919
17245658
12585379
11679992
14576528
16110057
15844964
14328153
14389180
16462557
15529544
11994634
11087694
17582661
13103564
15083296
16355236
16294638
15188474
15544672
14624282
17566934
19918670
15290799
14042368
12605471
14106071
17534180
18200479
13174930
17151799
34062487
15562301
16775297
13113281
17534468
10718140
15346288
19135504
14866272
20296800
32167051
12983101
12490804
12395746
13057417
13426898
11858819
12378004
10817831
18786992
20403851
21407733
20962345
17715254
27616559
22767315
19706433
22830992
11642742
13253943
12920357
11371390
10051438
16388604
12884728
12048697
13718769
13323728
13188337
11010721
13531306
13019959
15801888
14565176
11462183
15722650
12734281
13962893
11854606
13635032
15165717
12296418
15505988
16706897
11018830
12496088
13915493
10732978
12119772
15762631
13884609
12436358
13518297
23267984
17053188
15880237
20584258
13999460
13498918
14805633
14897697
17719851
14459887
13251691
16490506
12726658
22628983
14923225
11554497
17105285
17972094
17076293
17235712
15772202
18918193
19099398
18301720
10672473
14346589
17871925
19464984
13521776
17488081
20206598
12108924
21624743
17007550
14981067
12834739
14687724
14358222
19244659
18979196
17413595
20188053
15774355
21947460
14453510
14267337
16328925
22658691
18214186
12242226
16248662
25141867
14729546
21967055
16255197
14407588
17751900
16859495
21034207
22779651
17797157
19246425
21940449
15887208
13388570
21506443
20558349
30755959
17929938
14600785
14821178
16043021
17529125
26832700
14833438
20915833
19421821
18576845
16622700
21164371
17392680
20083147
12498268
13396649
11410307
13512470
16284411
21926097
14907229
20520946
18499481
14377951
17620836
11583247
14589474
14510700
17535350
14615984
13626291
15425645
15998907
19814711
15669751
15917750
20918992
30387529
22214309
31766020
27730327
26895461
27167651
23369185
12328196
11766376
14750820
15872824
14311952
16133637
21078753
20204296
16124837
15772275
14865229
22042434
11714477
11764464
19774061
17900948
18313953
27242829
19051961
16114291
15204697
16007294
14573764
21770264
14468290
15189831
19379751
16596956
20458727
18706705
17409239
14762729
18816324
19030888
15290782
41000971
23093636
36260900
29920379
25476525
14621290
17622196
20743573
18644714
17511488
18963627
16624672
18908654
17912974
15447548
15996544
15667626
18153665
17075844
22352877
24677940
19145476
22118100
21810864
23017722
16483352
18325753
12713693
20882664
25666717
25220153
16421969
15506088
17238825
17037758
28369419
20299942
19809358
14538989
27388126
14462598
12741332
18539847
18473940
16227563
18826827
13990307
13668050
14493212
12761881
18737362
17329372
11751228
17507130
14011812
15340994
12996067
14452464
19815797
23338830
23848361
17719410
15309658
36696777
11915703
15605198
14937501
20531159
19961596
22546885
17241017
14518100
16857447
12836444
16713744
16668518
21676005
12102786
23426795
17939722
13100830
13174748
13606996
11135494
12378054
15363029
13710741
10070852
18585480
20010502
10601961
13511872
16540477
13717993
21127116
9645968
14842589
11526659
13999418
23651763
17200689
13098320
11971164
16545452
12039843
14416401
17892043
12899954
12537550
16738880
14638314
15589801
20934254
15039905
22616605
13711092
15276965
20229304
25820819
30375443
22923465
17391285
15277565
19230079
18215446
15128191
16948586
13178990
17619266
12485958
19290897
16873498
13032510
19324486
15119367
15932487
12005500
11652121
14622249
17944969
15007365
16728923
16836642
16922650
10999544
14169300
14254436
12944809
13341393
15106849
23998190
10597022
15297538
22080400
12459939
10174615
13293901
12124213
12280037
17686659
12031779
9480735
13509973
15440384
13292770
8665784
11735714
12424287
13096510
14475100
14582258
11841222
11120491
9989189
11233221
12832470
14119260
10917158
13509093
12853478
12268490
12237897
11662847
9639495
15176172
16942527
11934498
13361398
11023720
13629469
11472022
8734150
9577942
12660595
12552374
14539660
13212414
15113947
12678271
15829471
10056808
12007408
14395343
13403540
12290417
9150502
16061276
11093039
11936534
12686435
17742182
11129876
10460676
12970151
9425379
14320358
11973326
15412120
9518621
13185316
18647324
10343777
14549398
9685516
12303940
13732657
13925711
10366605
10666560
11672803
12442883
12218840
8492636
13653171
9241934
8790209
9682274
9459051
9276907
10303086
33576883
11131496
7997923
10905236
9801822
10302032
11099196
9378570
7527117
10722935
13368964
9014650
13430837
8717068
9173481
8801965
8168167
11290798
10405589
11439171
10299736
8509729
14958002
9691508
10515315
7396345
9832787
8859461
10622095
11103967
11715313
12567563
12154219
8468588
7551410
8549075
7822724
7497903
7096318
9463569
14341016
7588912
11756471
13407161
8500605
8097351
8570233
10683216
8012198
6578488
17806627
7840344
14916534
9712024
12288314
10262211
7391462
10710386
8430228
9902957
7841007
6110801
8774513
6569035
6809023
10974860
8816417
7442188
9213223
9099220
9899871
8187037
8994004
10865919
11661646
9222460
7840336
8449419
8812018
6809056
10445789
9023048
10571815
10860031
11465309
8252465
8897820
8326699
6479841
11469013
6558301
9828081
9691027
6578822
9552736
9095091
6344365
8264670
10425215
7970836
9892565
8298528
13391831
7628927
11593963
9790978
11161133
10639877
8455271
9663459
7541869
9152170
9366488
8798588
9921313
17641123
10538853
10494580
10886187
14005121
14949702
11531093
9135671
11120382
12331489
13693665
16801104
14213916
18130011
20104141
16254604
21747994
30538875
17045725
23552522
12909325
15780836
21127920
16331528
19766457
21911325
12420748
12097820
20848496
26545800
16563295
23441779
13885893
19665930
22391295
22181894
17050853
23055983
16300287
19174388
18157536
18026295
20324799
14511563
19628546
19364381
14736476
21093475
19400625
25067773
17056364
13853945
15882225
11143705
26707516
9913455
13611358
17490431
26789706
22398169
17318677
16065798
18359524
22842785
19527505
22253094
19231077
18857611
18486554
23760587
20169432
17421322
20476181
14256517
21134222
15905396
15359779
15832953
19181159
18269086
18547789
18056575
14422826
18839459
18383637
23699839
19996031
24319118
12554633
25728276
18464780
14397956
11413795
14666666
15863320
13353594
16178175
13952084
15050746
21420513
12785545
15476174
16010598
19039568
13751307
18328259
17182661
19172294
16273528
17098136
12478449
11355704
11379862
12260625
16929525
16786987
10302617
10339878
12040226
10430379
10727299
11406989
9621255
14479318
11998412
15562045
13296916
13528007
16617855
18951798
10334579
10698781
11434484
13675743
12112776
15416646
14317444
12717132
19848210
15749278
17466716
16589289
14763566
27356997
27582638
20023204
18666365
17030446
27434404
14304676
15667958
25877416
16157364
28147706
21631999
21211213
16302430
15130052
14840635
11562658
21764524
12048181
31788100
11507325
20111995
15809255
17362486
17972562
15122982
30323989
24408017
18773863
12913536
14757814
23591522
14930273
11405599
18899670
14010923
13950543
12624623
35915785
18904038
16556389
14976538
16963758
14138310
17998894
18896103
25732628
17646268
12255929
19755956
13981055
17643343
19412049
18007671
29101450
16689047
20799398
14746727
11676563
12530840
41394643
12333936
14721832
20450147
17326206
17006478
13085839
17719494
17469030
26969517
22859307
23291470
21725802
21617089
46471953
13829838
19204276
19535025
18028518
13121704
20547031
16132821
17960088
27511088
19988089
20727102
22339312
20130913
39806399
18514661
15080926
13108966
26426222
10729257
31033955
15600216
24438088
17452931
13624411
9857544
22154830
20419868
18400826
26742293
16942492
21104694
25417900
14309218
32090391
13521083
10527548
12626625
40945975
16283361
17643774
26299387
23760152
17106253
15032560
17203127
23031886
30022091
17482443
22689298
21232766
22911236
21101223
14588936
19324291
13659672
13159025
18389630
11185667
12445833
10792578
31089191
11723052
11337642
13825692
15190686
25522672
13750909
13950345
10543655
10440899
13823502
13908023
11386685
13988199
16621506
25905745
22329658
12869496
18984497
15627791
15593366
20727323
16311521
21432310
15289940
10588724
47772774
16195927
23734369
11521593
29655598
17562418
11721053
16737511
15881658
18414605
19282390
60159217
18572822
18248165
14058715
10881035
17596789
39894108
60195052
33475220
16718441
51337835
16427607
22315479
15693305
22893299
35597483
14265857
40843541
22702770
20496885
14952647
10439104
22088479
16758064
75853072
20882634
14968221
34556934
15581110
15550573
19930234
14216250
12112505
17529121
13718258
24358580
9469750
13875272
18661787
13015520
10417981
8944335
10495815
15019544
16012886
7603318
11418240
9013027
13525852
11439419
8775658
10286471
10955959
13023329
11398698
13337243
13391509
10444852
9081058
10004420
16205563
10192053
11955961
12697360
7946916
11692887
7867439
12159659
7804101
8310099
11662994
9721919
10783111
8271777
10837921
12852069
12086480
13610642
7538553
10878045
10970738
11255937
10775476
8984956
13735998
8577332
8425006
14892615
10306949
9109683
10791115
18923711
9044554
9174324
9030997
10936347
11859325
10874249
11896079
7958173
8455280
8918150
11240860
10791518
11447456
9622379
8536488
11061735
11959957
8263599
8566689
12641001
13852281
11625573
10413886
9080622
7226422
8508408
7691241
12688314
10357350
9053958
9980439
10231123
8225030
13891650
11315093
15433966
8963032
8547508
15195483
13461711
11623298
11569859
9323489
11324231
15367575
9938912
10689017
9319265
14670384
7824022
10829382
13561851
11591101
16938246
10734353
10331423
9045026
13133606
12754736
9376501
15235924
7640107
11167040
9006469
8061951
12321729
7538422
11539216
8863728
11364078
9225905
7561544
10144866
8638431
7687015
8024532
12303733
11294024
12847347
11426649
12171253
8910005
9631832
8246371
8372871
11827016
7931428
12377509
11943274
11836273
14665549
10357620
7397727
9167979
11362937
8334746
9801708
8362546
8871317
12473021
8469390
8142347
7199650
9130251
9493756
12210011
10571130
8821575
14030432
9096501
16482483
17099234
12634014
22053582
13260130
18084588
8938478
37352700
26491404
14576500
13317692
10710897
62804241
54126027
13168329
26000517
21795340
12649847
12170078
29137480
12031139
10167789
14277399
12483156
13102022
12275508
24474899
15215748
11797538
9594330
12479707
11517966
11406512
17892125
11934084
21539822
12061497
20848660
8214334
14408894
14706951
18671643
16463526
16745035
12339784
9102238
9134655
11855833
7326375
9144707
9512943
11413369
10056437
13414587
9733423
10427660
8895847
22314942
18234743
34907913
14381973
13989283
13292069
22064484
15029308
10549979
15423493
19782508
12411441
21751628
13572467
25469590
12258141
12349593
10685542
13491018
11442472
14060311
16968978
23734169
35311993
14111133
12755957
20467202
12606664
14860733
10461517
12759838
12723294
9635035
11692649
9340212
10308902
9236465
15403938
16348782
13785070
15175206
11201667
15148322
13268365
15734140
31062145
15330956
19326960
11433695
17225967
13186511
21789525
14617447
13711191
26409736
20623050
15251939
14993013
13093031
14358711
14103190
13950727
15079923
12384780
17841634
14444243
19754015
12284765
10745470
12145027
18773745
14811652
14165172
19393070
15167165
12848744
15420201
12287129
16970177
12613274
13699101
16835394
12240290
14278169
12441498
14487954
16447342
11905972
8781159
10934873
11393608
11058812
11730604
10743859
11191048
18291037
8141437
9229981
10020923
12042850
11543195
19304534
13627287
11789276
11002879
13447114
12977618
9112537
10933636
10092154
9408917
25847211
10810078
14038816
10065319
12083604
9213862
9576606
8524124
7720962
11763568
11492064
7306585
16850634
9123386
13143597
8180176
11651382
7132727
7403605
8557240
7366271
9347482
7911349
13557373
9243815
9837920
10810718
10058721
7174371
11022093
9716135
9710798
7532804
13945722
9252901
11442428
11193628
7598412
11169278
9836158
6744296
8750876
15921275
11294835
7948292
8751733
7217806
11010949
7489450
7691224
9325688
8711504
8159221
9799369
9007926
12885534
11626955
9077448
9066800
10815287
8300072
9199970
10349081
8731908
8850476
10927390
17136264
7247341
8900176
9296232
11562687
7709205
9020894
9685949
11754321
11487709
8923285
6902395
7195307
12175948
8874827
8062996
8659331
10566012
13429839
10224729
9936743
9238103
11085842
17845966
20521545
9707677
9507364
10114148
7243444
10082215
9773732
11172236
11636848
9039561
6911793
11041220
9542945
7817585
9370052
9435274
11186746
9815089
11780959
10487158
15415568
9169908
7383117
10948030
11619957
10395820
12353707
24225273
10140542
8723966
8958416
7005813
11552408
9342326
8181074
8931603
8439506
7995394
6996802
7842999
9178872
11870675
6962789
9388643
9162304
8992183
12896559
9100293
10296548
9622960
10058599
9740286
11166919
9241885
12140121
9136573
11432281
10103124
10077936
10722035
10519522
7543224
9005355
9069346
10756107
14176568
13068145
10395204
9542049
12166818
9551088
8030223
11041227
6870770
9124936
8408398
10745357
10718085
9613502
8882015
10762630
8098982
12313690
9422384
9212632
9075618
7318022
7212824
12321034
8994275
12196862
11112223
6819918
8102193
10557667
8704412
9266364
13368689
9314670
12345501
11689869
10587088
9269057
6648486
10078472
6791879
9370277
11382640
10596385
13438119
11735743
8606110
20022386
6616280
10516873
7374822
8323143
6712964
8038066
7961418
8201785
12308555
10102236
7746462
9557174
8238961
19397260
8917085
8772735
7822025
9781420
14160713
7706142
9564821
13279898
7797094
7489670
11842175
7789091
9286577
8954270
8996855
9202225
7654554
12038879
9081804
10026116
7278814
22182923
10249692
10324599
13956976
8678626
8910605
8532958
11390896
14681177
8683308
9134185
7312347
9064449
9310184
12775355
15141128
9150836
12829251
12388459
8852267
10383569
10240519
8549607
15075758
8908301
13502488
16718917
8033517
9156831
8466705
8298222
11021731
7494751
7550264
10171808
7087467
10090375
9634033
8820006
7117993
12030145
8301585
11939489
10029840
8758044
12561809
7776253
9869733
9833588
10778515
8638312
16194036
13253983
8417692
7422711
9025717
8159099
9198190
9189857
12931972
15488706
8685262
7942768
11049850
9956672
7591804
12972037
8506056
7732670
8620604
8485142
6738156
7161231
10305114
21798989
7051191
9591014
8631581
8153564
7625725
12477216
10275450
13847864
10182044
9746374
13964253
10494749
9184554
9147107
14849107
11049343
7450084
9167506
9046871
11674731
9401076
8060399
7245636
7781206
7747676
9233576
8166214
6977640
8687092
11432247
10594435
8273385
10706172
14594280
7632538
9051923
8427755
7524003
10534485
11966237
13651579
12123134
11918920
9206689
13138350
8116121
15959503
9486885
8512724
11233762
7648880
14994997
9213287
11403689
8275437
14352142
12325877
9620613
7527107
15382230
8892778
7912525
7763383
10600751
8705629
15791673
13517961
14365945
12356508
11779604
9560857
14949916
9981521
15202361
14623105
14716400
13669125
13136028
16401849
16808795
28006882
28216286
20381801
23294113
18444830
27590937
21895085
23674379
14465184
19012500
16771827
16814563
17240815
21924902
27171439
13376289
18038208
15133328
16416550
15817588
17904665
27294537
19929089
14705428
12520070
15035226
11015698
13392051
10895067
14605450
11439177
14703634
15546743
7453605
9377873
7936345
19055145
17627902
23393775
22993023
26876587
17136194
19093903
19256023
17576776
14015306
17386078
14627065
16872285
10683450
13483721
15496898
11806295
11799309
20363546
18037597
19756107
17278770
23758509
14238866
20309989
33652731
38160485
13846946
39607009
19584228
12783174
15033694
15421605
20054640
17965337
24778815
20929985
15696737
34962892
17487178
16700791
16383651
20810856
14001923
22039839
12995744
15955542
22357690
18240627
15326586
28489389
26631003
19609803
16540896
18160039
22217619
16714870
21793186
19960596
25780041
16788999
15876544
22573678
21180509
18552450
13079757
23308112
15567852
19869255
20511052
12598758
17699886
14624846
40195727
24761353
16282353
22153027
13599900
19747454
16667806
20502724
16412917
20202046
20108327
15093523
23489894
18652463
19931796
13610903
17694398
23010296
42808718
16970951
18365486
15811962
16961952
13762633
31346842
23028601
19669823
17680724
23680280
13273485
19334084
26518044
24325743
19983223
55091367
16195147
16861950
22869050
29474157
22821079
21377920
16219682
19666818
21810709
20302678
16173243
18074945
19490913
21792764
20259399
16757891
19328173
21391696
17244728
14207812
15209126
18053536
17542306
27289741
28469605
19629979
15994270
17829750
30901663
21305241
17975307
23608106
29899518
36407692
25324035
14035192
29171362
19734941
22441400
24086788
20357740
13713494
18135544
18494248
30630139
20413362
22066186
24109024
23539875
14506129
18533647
21437646
14756671
23449952
31181607
13615351
19933197
20677260
30880791
18533703
14130616
13135304
14581309
12961631
15635399
18828544
16366295
12050129
23658690
11318565
10077865
14742006
12861305
11713297
10262046
11173153
12815291
15049718
12707540
11474365
13616847
17429492
15714412
12686898
15447520
42753917
14129474
25155297
16474977
12341743
17306340
16398665
16214452
14495935
13008949
14846835
14946127
16637522
12730151
13038657
10827289
14219366
10718460
12251532
18025013
12422289
16831384
12827903
14982042
20138017
16171315
14495138
11851717
13048898
16992139
14317583
14749971
18324450
15665760
17461289
14332653
16757851
15688011
15042333
11498841
13526636
17271099
10810253
17645918
13957958
12234407
11126698
9510922
9863297
11859249
11344492
8522994
11098722
13743048
11367321
11982829
12279517
9034937
9491234
11171682
9608579
8678589
8899349
8816866
7955887
9986771
10581496
11752935
11134442
7870493
12601867
9568181
9921280
9641135
10698735
13159434
13222153
10801547
14356528
13979904
19149776
20779238
11295966
11114337
11959948
10239859
8620958
9038709
11846594
10252821
9940314
8610472
8874535
8283466
9602817
8280924
9008816
8638403
13230920
6855283
7297254
8155533
13212117
12184756
10736735
10408441
9808941
10561869
8061585
8657348
8458934
12751545
7060352
8398520
7414964
9221958
10123261
8631823
8999518
9776151
9763682
10100721
9803903
8844331
10798940
7425424
11509529
9234633
7577202
9323799
7855937
9210106
8654618
6326780
8730866
6881709
7312496
6284857
7269343
5359259
8122824
11881197
7308597
9255459
12785246
11359794
6157296
10370712
10600090
7337384
10164139
7309695
12119471
10081760
8354404
7895516
13404354
12509505
9249937
6154844
6977349
5330946
5584852
7057863
10013586
7940540
5189017
19226445
7842230
10959568
6546964
12213109
8310074
12580075
5924314
17084547
15779933
16243289
10894849
13158652
11389415
14563752
16824597
11318023
11967492
15923768
13390768
13571605
15677077
11865458
13942972
12837194
15001918
16422251
11464290
14553597
16039578
14591917
13266721
15021013
10178232
13468037
15356207
14472897
10395818
13709888
14580421
12420623
12555303
11135179
9027906
12812739
14872715
17077614
11208645
15927508
14321843
14791222
13909092
11524557
14708870
16482951
15616244
12765458
11605602
13027668
10633983
20239322
13188059
13097050
11215505
14502580
16097034
12492812
11196827
16327499
12187615
14698805
15023408
13907451
14063835
14138923
23470545
14820941
12872379
15307067
15642516
12884181
11553592
10238202
15062134
12638133
11495976
18576468
12027085
9277024
13060845
12835092
12259469
10934595
14126466
11589839
17310756
13417188
19372096
13783499
13702112
11639997
19688321
12204997
10124449
9808633
8950812
10812463
12210415
11936058
17585577
8607194
12956689
9488357
12546206
13283849
13412132
12522920
12200218
17683872
13921800
13531435
12594971
11343153
12480602
13897697
12090260
12807141
16865810
9650490
10363481
10600031
10539230
11748277
9676649
10410784
14287947
12216591
9607830
12213640
16188793
12769602
11765519
11599487
13996729
11557225
9709999
9497001
10965696
13417536
12136738
16885517
14139431
9212164
12931428
10097476
13535605
18023975
11601206
8504804
11186598
12518683
11189215
13645125
12474633
14985722
11940969
12019163
11629487
15415999
9883299
10895366
11309776
9086434
11634504
12886291
13812008
12772470
10157527
11035887
14111855
13014484
10258667
11830962
10828120
8988548
11816666
10124026
11290213
11501410
9131870
10316269
8082160
13026821
15124361
9605667
9551284
12606020
10172926
14389055
15488555
14713178
8891916
8980791
11644020
10056631
11344169
13940787
16167531
11182743
8917474
11663874
10356223
11359848
10468278
8460999
12677436
8761251
9180201
11821766
8711330
11053230
10684954
9340177
13360383
12248284
8613111
10959924
8055822
9393665
20288390
14768058
11947866
9875886
12373329
14309614
9788038
10981845
11641880
12084554
10618688
9610019
8816293
8638409
13613241
13617873
9560422
13271449
11515005
10355094
12014608
14142866
13414884
10311596
8065302
10348418
11680509
9121541
12975194
8728029
10265006
11375743
12048775
9391932
11798605
21044203
11710503
12250327
14492778
12149718
12863795
9288047
11113030
12206314
9250553
14246160
12544656
12376220
12199106
14999560
13834329
12443872
14094241
12296964
10021535
12012513
15807733
14943326
9712877
11026916
8759397
16490302
9543818
10131713
12691940
9794985
9886395
10666671
12239677
9503971
12993295
8554629
11406400
8952760
17783333
11264700
8737865
15206747
13444139
22974721
14618137
11026978
10654723
8368667
11995168
8451734
10311666
7704241
12135298
9605249
8513834
11693949
10440440
11238060
9370111
12263803
8813097
11177454
9256300
11962979
9512637
16188725
15478522
13526721
8877949
9668516
11759479
10476768
10780350
15056269
11161223
12178320
7740279
8709223
14654240
10677656
13041737
15445390
9513369
16030370
14608079
10791539
12832560
10669732
17009542
12712372
9735513
10278655
11075591
8736169
8652218
14030370
10189817
17540744
16743199
9366592
9454785
13961136
8382415
10853238
10026092
15434592
11051657
15043760
21775079
9752979
24779529
10029136
11766101
10781000
10582982
11145757
12250462
13502702
9539820
13587474
12259817
13940777
10639546
11403535
7925664
11372152
10969301
11018524
8586727
8029480
11285177
8653818
14005207
8208830
9834033
7359859
10216653
6888031
8931750
8236114
11556493
8334430
10029394
8326975
10693459
8013732
3499707
2155778
3091141
2360409
4054606
3993935
2639563
2915063
3434848
2640545
3084639
12081869
3816367
4441112
4066446
5172959
5649917
4223479
4558547
4381587
7958921
6106313
4436776
6309486
3038659
2837259
5288409
3340240
3614400
4169849
4396564
3690793
2672769
2386251
3150178
2809371
2991872
2880105
4066521
3204659
2685671
3423037
3319901
2469232
2181736
3206350
3390813
3348304
3375024
3834707
2520664
1749404
2622087
2810523
2246457
2390799
2479332
2728654
2389515
1632416
1634860
1848058
1931822
2008519
2075301
2651927
1800600
1991875
2573236
2198978
1834228
2841246
3468066
2439135
1674752
2178439
2618349
1504659
2598205
1908491
2426820
2659501
1872929
2905305
2730398
1954665
3423634
1797556
1876714
1499229
2428819
2663756
1857608
5533837
2635903
2854301
2021058
2142202
2089041
2161191
2324934
1488960
1387609
1655715
1322225
1188787
1217985
1093643
1352082
2555816
794556
845508
1044024
709418
3697250
1114123
461605
401317
517422
285423
391641
309199
464982
324187
325170
424086
412814
326203
403117
342560
277567
313084
335831
338722
526489
529668
404842
294640
418601
257476
321447
335987
333407
427652
281557
406921
292026
356453
348455
333172
314004
302189
410038
326338
285635
335437
345541
350402
349761
296609
327989
399212
372270
317867
387449
319776
387755
266235
390701
316054
461186
292117
349220
349033
335303
442769
281179
305698
302446
365958
401303
289664
375877
335768
343811
1357759
328142
340028
338322
316704
291995
339908
400102
396065
336513
276002
257050
311037
299901
321227
282926
370151
277489
302189
293343
288752
319523
397924
361272
372482
280589
381433
298266
374995
343855
347343
347325
341629
345337
370122
350080
375444
309657
344496
306417
407112
291505
