128789509
77171392
60953135
114550902
172664893
122024715
59621782
104795806
94469165
65044174
88330155
67641862
52123019
95775381
91379994
92684450
55806325
53812766
86985068
66858397
79305424
69711344
63333071
74018460
78006992
56581638
58392909
96775924
69163722
83292031
69062839
71486686
61937691
115915808
90277815
91861864
71669636
79063908
55955536
66432800
60065609
82121847
59112053
76583012
76272287
73867747
56652240
59974795
85587158
104304416
75412450
58133801
53705491
63558829
68870318
80819302
64898182
65924739
66803429
73539516
63646203
58527334
62159302
72366755
69622718
76322533
84955796
75009630
85642476
82245873
58506172
61550997
61750221
68464244
79345146
63680642
62235002
65516715
68736375
81069835
60434770
56450075
61895115
60758387
85168015
76239025
57015432
57283559
68751885
60807380
60016205
71432760
62343527
73661442
80462285
90308584
70419326
78508420
86964036
60455191
64436025
71873222
61305137
76189755
84328188
74762782
75923581
74250815
85611145
68180419
60727323
70034230
60068969
87377861
99813741
64510421
73352035
67903904
72507818
66636337
82089821
68155575
85846021
85144695
72292668
69775784
71062054
80604773
88582016
76486859
67937955
87419190
80605267
69608343
68237074
101128002
78553476
74506070
82139963
61147236
71589867
70653511
71510199
73389984
85298622
67618798
78980020
74173661
70306054
64732364
79117318
74653120
72135183
58763844
63841489
67877993
72605469
98948218
89106738
61948117
68132697
64025268
69382509
60071834
54062727
64446893
71666672
51596940
56431204
81143664
68761252
90627344
52044376
65054475
93326857
96613366
69990626
81151224
101125203
58304810
74276886
69214170
55971964
89968864
83711469
61464355
64561986
80469367
65959604
82626565
63278153
54867220
68054726
62123840
65381222
86282267
60953461
79701399
63456558
95576745
91413593
56142769
65438586
62043788
89691988
87071474
60926740
69566900
67276474
74088193
70760754
64238465
69726395
72825315
91363783
90660874
69239996
80906823
65871880
81969887
95035123
91438107
67568134
91785870
76688495
82756201
69256905
89107629
86905140
78831228
67038285
83960919
58604377
89518577
81663517
70306719
104131584
92847413
115553299
90490265
55976725
74576826
80161523
57734599
94708553
81064441
57408206
59116423
62157186
69112948
61995752
68130034
54684555
84178808
89242567
79631484
57848885
67625471
86110588
56265039
81490473
73475017
85993438
94923652
83149767
83587956
88146211
89684605
97016907
77758837
76722980
80218220
62613878
77414441
93818985
122685509
65455685
79931276
81303856
66299674
94102533
68801410
77093093
102973794
75097202
86946110
88697014
73639766
92776889
85160188
71062327
77436533
68444376
66207819
75524293
80809471
74646859
76331724
84828663
101493765
68785152
82678955
58123713
76740745
78424529
57562247
68258078
93520511
93525853
75934087
72553767
67763222
54568427
90661331
75205008
90742105
70340752
75318327
99792367
97723245
105407919
64463071
67939581
81347835
92593568
74865927
70292696
63522383
74235105
71943208
76265502
61532712
58537404
65576197
98259080
53914740
71595646
87494589
97960831
75429050
73438847
86371671
78059003
134653636
91798961
143997646
92902504
84836353
131559226
106605005
83048789
67298147
72839305
66116217
45003425
80841084
72188491
70858567
91289455
76911055
59069195
89336387
113382854
92976836
79981661
83477656
114032607
96739290
74564406
78022355
71402926
79132133
76060362
63845362
95270463
68893912
71854401
64438805
55360626
106424272
61588972
53215762
66950373
71047453
54409069
59289378
68568638
61270567
67992093
59671102
47878482
56735842
46514733
47683958
55552982
66575186
50552644
82269335
74580464
65532450
83624951
60975082
62264723
85527415
68669123
63785554
66163217
79354793
68535095
58015295
53487647
76753454
64070178
66149411
64301812
66059700
82996660
79443994
73041257
67140473
69004764
52579816
81019906
130577668
83376926
92392188
101829641
70951877
76482643
69486341
92105897
59507457
73221001
77445647
79978525
66188871
96796798
62246903
82401747
69118729
61554487
77714395
95487091
75313858
72884221
85426347
95902365
136167466
70966519
84007784
81910677
65891763
67725071
65210135
71953761
56896688
57593718
86241213
63139186
62467111
58906008
64858307
61693382
91356286
78379375
69930052
58569120
72741570
67398455
59571677
75645582
66069494
74397295
68787052
63289801
71587214
58592365
80675543
64324692
70845973
70102147
60321238
62494165
68762024
71076952
71453038
67251783
79289846
78694231
63809926
72967778
68845794
78648755
87380399
85828920
67100465
72851556
81148509
72386466
82335711
60483735
65154802
65779946
74310288
69642276
86531260
78248431
90886290
104376395
54102151
71712760
59781106
59776928
61186686
59653379
47460036
65870803
52324523
63434544
73895596
55307029
51890126
46961013
51990623
56864886
53642203
62477126
46035904
53932880
42629292
62259113
47100572
55694338
48732585
57207521
52249753
48386036
49917456
55225640
50916475
55450258
48862318
61531650
48421672
49952434
47267126
52618329
48356959
47745664
58382370
51735529
56796129
54047027
54364791
58523718
60466102
51209563
60134885
47810571
44460855
51150326
62762418
43413268
46001189
68673387
50983839
61453271
49513796
64112401
52199806
48720860
49271144
51048990
54078686
60827536
62680713
60968062
54459506
72121785
71828181
67258125
56427000
47081165
73818300
59811153
52734636
73661257
57818214
71247857
54841106
62766162
61148432
47170399
57440326
62721540
54257096
58976262
60265179
65672147
58180312
49209747
47670092
89383224
51370224
68834217
43578510
94008018
81101105
72884457
58434727
48972551
42235864
41666028
45129849
61638589
59545743
59838827
52387096
59587258
50306953
63758079
43893364
64064391
57264135
81060561
53166674
49505658
58070726
48820357
48543711
45447905
55603412
57906211
56140532
59979255
52244261
59356174
54057971
92862950
61470793
69216599
57737650
47520155
45664445
51972115
41686150
55190055
46843311
56756582
46416172
41465390
53768815
48093797
50271345
49556718
44503731
50503339
55142052
57050357
38271132
62356468
45915373
44093474
67635883
50373253
49647447
75503055
53329176
57424569
52762435
46692140
38058679
41746514
46135068
46820510
41856301
36695456
35925271
49972983
42417010
35328218
35816309
45234924
40352701
48036242
47165183
43401489
35650888
48092334
37143342
46833048
39765578
41338055
87410358
63080582
49864747
43734713
39750961
47619253
41231465
54648201
40207839
43821318
40824182
43026165
56836414
41838741
44507340
47137041
41538693
46743930
43659415
53936950
46191034
51955535
43962766
49381706
50659745
55327810
47590449
45915815
46344174
54122703
50676746
47631983
38794480
41345578
46581850
59981125
45673382
48706664
43016089
50886917
49272078
49880265
48787246
57525774
48106730
65984262
51397149
44689057
49305240
44997857
52063056
50210231
53091529
51387676
65172607
58223887
47592372
53562247
41685735
49133487
47026489
50020659
39435528
52499440
44424298
51023096
44780810
43285089
46929161
41603703
50810428
56983680
48037054
51288873
44335339
55374914
39752726
38448607
38496854
44419737
42354953
43636229
47515487
49905665
51973045
45328360
56662051
50482921
50191160
67311783
58550805
50511365
45085024
45653895
43484284
51503045
42886149
48087367
60776557
43810180
51201544
44001605
59370739
41369391
50214217
64876783
43165035
47852785
47859489
48775767
45446544
42869355
38380614
62233428
41820412
47483573
48176778
48805432
50159912
55679091
43470792
47922924
47152701
47300432
49888628
40925471
45974960
65727703
51872275
72785343
53171560
58533399
55504703
60059075
51660254
54981021
51402216
53930610
44715664
52963313
61289472
65708009
44037023
42528604
40389477
44498306
44172336
45725133
36128341
49069066
52786187
46046501
40269110
50815889
50911161
59993895
62885144
39077208
44651124
34099792
42885486
53943450
46344289
54110728
48695360
54062311
45610579
40528945
45368322
49744408
43953324
45887962
42021819
51835455
49094237
46105113
48278988
59295532
41593904
42951486
45695494
58536637
53952317
49478051
55255029
55223951
47227096
54173532
49577271
67879630
47066039
51078261
38771600
45150159
50229405
43824607
53137354
51387125
54188995
50271768
46023008
52266063
41963860
46771428
54830718
52883473
58038005
47338070
41691270
41786232
75270194
65457595
52819313
49379285
56082048
63255229
56167040
68170770
48680303
57363296
43886764
48233531
36397309
47456630
48511330
56047542
41317665
44932467
48235242
44285624
52574923
48120356
45942193
49135509
52884262
50790605
49474756
45486681
48133715
50807336
49540148
56843006
51958950
42782802
56210762
56301237
38916470
43842901
51081112
41262831
50482140
51278296
46388885
40620181
40241850
41043380
35496872
37018437
45451404
45990020
41222962
49286703
37445972
44168480
40785632
50881399
34727247
35143538
35246859
39848763
42036490
37047466
46546580
43679235
42468627
44410459
44041532
48943639
46281837
44045275
44409079
49221991
37996671
45271652
83689585
52761332
53158808
40323470
45058707
37410755
37825532
50916166
54647640
62294110
47391248
60547233
43983390
58607548
48847207
53108264
51264186
51993904
41781873
53162734
55981372
51902933
43141757
54215747
69996374
40961148
82085944
56070918
58543741
62912427
44117539
57984019
54804490
39706432
49103235
49384311
49118674
46919888
58702037
53640207
46864849
46443941
55929602
40155825
64950797
54050078
47558215
58671695
47883132
45165874
54426268
40791115
40889653
44665946
40177875
65770280
47643770
49504858
43713405
57356544
49674844
50548528
37490770
44179586
42850662
36612890
47508941
57244320
35779025
48676035
47665162
39848098
42200689
38881579
41068643
43679272
40616412
61864655
41858434
41993500
46674910
40635077
41790414
53973942
36601287
48925643
58900789
43966839
46909563
35594897
44055804
58281417
43847623
35970746
36307386
37876680
51393332
68224312
49639361
46508412
40798490
42788106
50318141
35985989
35120419
42963532
41545047
50398794
40998917
60547069
40960713
39794511
36078326
43927378
39814929
35413693
39309907
47475376
39608250
34103910
39987651
45686823
47947949
44539507
43617046
47870531
40388558
42791528
36703052
51317952
37236649
53209021
42127572
46488324
36455478
58583744
48508800
57561526
41968619
45809203
48091922
48851766
39605337
39710818
37259460
38612508
45967630
62764436
54404462
44382254
50451822
70380187
52966500
43039180
40502057
45909102
53667129
44439709
35182822
53205520
49634181
61213652
56626638
37228795
36021988
46232430
46856424
43938389
56941739
46910911
58791830
49071537
52286816
75463367
56839541
41493788
35070715
58100808
43275295
53728082
38134717
49502600
40823249
48735212
36093999
45522153
39719108
43852637
41752087
50009442
41187472
41701412
46416920
63236636
46978032
46953057
46605257
62691475
48325822
39016582
41790754
59010338
39924402
49802301
43946243
41784499
46137123
46341758
44580064
41459622
45799463
48686833
38064350
47522870
60354068
48875709
43264256
58193959
39986073
35043136
39805692
48710845
43845884
38910698
41183220
38943493
42856270
51090649
46705817
52313926
42560470
45788558
38160918
37360874
45209993
45012367
47911586
60352024
50481551
39991284
62143652
50525733
51535707
37777607
40886745
64865653
54786491
53035250
49906926
53591132
50235084
56654508
52296088
41632547
36977019
39532426
46938694
50334623
49198807
47496927
53196454
45764317
40949094
44823098
38339571
60835435
45153963
63691354
52623810
52706914
39634477
56775781
45639496
39919287
32787125
39514029
38283735
39850956
35915351
39805623
35498924
58633093
39560130
43172062
39294546
45363525
34962112
52024879
45750632
38858606
45640807
56298141
36664529
39605203
38032762
35702920
47781284
39802263
50136530
40391855
48338879
49458244
56452031
51870397
54319507
42056019
46765980
45127732
61357767
63796126
52679847
45708056
62706041
55509649
47258120
47001507
50558069
48879057
61319026
53190607
74088116
62726433
59170243
65459242
47232704
85293917
59502100
55989420
70170779
49536164
76351967
53764584
50931183
68781834
50953319
44319963
62818127
63133169
43968767
56946508
50176420
58705971
41715971
79575487
43576789
61152927
52064018
59329346
55314209
57549843
46311892
56334644
47802242
54161602
49034490
42975324
46699175
75848705
46770217
54869571
56205067
53656094
51332645
47163173
47003906
46774191
46748722
64596947
47163119
63790546
38814898
47525996
47888328
41912862
47153083
42411030
53247935
42257578
46415378
41240886
47419671
47080288
56807013
59800472
51322081
44762306
46076667
40978113
50238087
44701257
37155484
40735856
46525624
58102646
42306095
48315423
48756970
58401602
57072334
56548875
56425066
61499872
55055395
51044914
48198237
44320725
47162891
46742685
56803558
61235181
53990518
43507777
53532363
47279821
40617185
48131948
49797631
56382543
47008238
44299888
53157519
57386668
40208101
45881035
46386411
42272385
41938184
50315765
39512087
42905045
49932706
45480046
42903905
45556331
37332999
44021543
41572780
46909447
39730083
53346873
55308306
44676166
43413007
50164314
51310331
48014047
42504697
46706731
54461081
46093269
43204016
39007195
42706634
35242616
32075151
35448025
50594927
65885327
48265940
55408992
53368719
52183275
42004483
44142562
44187781
36632376
65517791
44860089
42292019
42242561
41907219
42666915
39473829
37756302
37145685
38814071
47675010
40408019
37276251
40935438
53234620
71636937
54669407
31984161
42660056
43166031
51029831
60315604
42686908
76771775
37233202
51316251
47531444
46554879
39996642
43781350
42439510
45906371
36584719
39780078
34661650
48051846
65525487
43312166
40928946
45593494
44833582
49556936
44627696
44228156
45529529
48517187
50255167
46569277
36508991
37147480
47877835
55387484
52083419
51508415
38050403
38066244
36524341
41448069
31007881
34502886
41812998
44022007
38713498
42786527
68940691
64030939
34610142
43665231
33525432
36503528
41495928
38998795
55246029
42339827
30390713
46413335
44605414
50392706
38496719
41194010
40952618
46767460
33174665
35879047
32270825
40058267
40579595
35599042
39129364
31427661
34207517
38978982
41464655
33652250
33214939
64770081
53225163
36709396
32129948
44695159
33466536
48439195
37711210
35596598
26889918
43158361
35314863
31241015
31265098
45666154
51240403
48942751
34856193
43284688
33573009
36398903
32925770
29479796
27032386
68031816
24906795
27995607
30929815
35815032
32700527
27184797
25445512
29395944
40394966
26518803
32162841
27691563
25875747
26579273
24987132
34309177
27161234
33882955
27401536
38334796
34855448
27794416
27962398
24612911
26438497
24237677
30832215
27509243
22656104
21226702
22493883
27084691
25794516
19754652
34925094
24120430
29926050
27353072
22401941
23043397
28382577
27280457
20763392
27656988
27955886
24148838
21285048
25665889
22261753
24138534
23645854
28052988
19420866
25592552
24956343
24677920
27014804
34719672
29020449
23699150
30884803
29347406
29012495
30075594
37175841
39544686
33235197
27312245
30600600
25366705
27762342
25212932
23254258
32644983
28043698
28354891
31002154
26531844
26555554
22245762
32808966
50779660
28974462
33050479
29701444
34105185
29271893
26604921
23546406
23248282
26138043
35994990
31832809
27643044
24518120
29083426
26546198
24389593
20825580
22781425
34681770
33318835
28451807
22333558
23998166
40234237
25598745
23530903
23865402
24744802
26970409
28896714
25075362
28924168
34338518
23836534
27866800
22269355
25203174
37625751
27406772
30084599
24619402
25778490
21986712
34892713
27895945
23741372
39770559
32539813
30740377
41669698
26718039
32085211
32742039
32942535
33262907
23580345
23893076
23501753
42671259
26909695
34821414
34534112
29348500
54097298
26826942
29094527
22321571
22939200
25819993
29526708
26237945
31989744
33853814
28455459
32001047
26556225
33552018
31879793
39734532
36192200
30656310
28422957
24866619
25730271
37037710
28340126
21554101
21137706
29540706
40101477
35038798
37638157
32286966
57951980
39127908
34500463
29330331
36433986
28181231
29341805
24904198
31469781
34707488
28821512
37643176
24887744
36119349
32685146
29519937
40560187
40845228
35770377
31662804
34166562
32488701
29004339
28708425
30562336
37695429
32656926
29475934
28606176
39168733
29632219
28068308
29796208
31331122
30080027
32641567
27951504
40583751
29354685
36712681
33266928
33981330
24317181
41454732
29547333
42226583
44103835
33817755
28796899
31773910
29700953
32130496
27223681
29493121
30781045
42716540
42301305
34517711
31871963
48326116
39831181
34650269
29710847
26710778
33047954
41587449
54166684
34195840
28968963
23161117
33153240
42770900
29837205
27297576
36296015
40655136
31908457
40686472
30338271
38729357
39216168
36162392
32587288
37630610
32366499
35363925
31560278
41926270
31444021
39575889
35295366
31584857
27680846
32140529
30656054
37400248
38097570
36956233
46248499
36026708
42390586
33698164
31228354
36078862
33585453
53977718
34471762
34915910
32277889
36121937
35264132
28828249
26557785
30134302
27574936
38308108
32447354
37107544
38283427
30176764
37955315
37445192
36869793
29047843
52053872
31056677
35277126
38081108
42889413
46683668
40299236
34133427
25617865
23939720
26065610
26373437
28333108
30882605
34680520
27301371
24371582
22816796
28879830
23848612
40811387
30347223
30779978
21318883
33920118
27735454
23566376
26368850
24956634
27553046
26114815
30688200
24363958
23023985
26601703
32246820
26224763
22895659
21056960
26557739
26112116
25448219
24050888
30508957
27685422
20453968
16167596
21060019
17958975
17496142
16430002
20574754
30823996
20066079
24829288
50771487
43157699
26892000
26880808
19856966
22617979
21228935
20355126
19131889
20707027
25349835
17732961
19574301
16289182
23489301
26500513
21024945
21031647
17754168
24123296
28863721
26322179
21376744
31990834
25608735
16661846
23538075
21641817
19725681
26512973
22528973
24117186
18670805
22022106
25721525
16784832
19468399
21234126
14778120
22471062
16700907
22100527
17943318
16111183
19143269
21433140
20060208
18582119
14014966
15925639
17152257
15823314
15919038
18080977
16817982
19974627
15767112
24073818
24281102
19988314
17828688
19520014
18490539
21060059
18070652
24418315
17584770
19728627
19757854
17165878
18756362
26677386
22265748
20013102
19461555
15905527
21312053
21483786
22549953
20982420
24358123
20461195
23229818
18188596
18038374
18521402
16520971
16514153
17043750
16198601
19231555
45226288
19539308
21054819
22010037
18228021
18277908
22154980
19298282
19155110
29261792
32273786
21933485
27044154
22511109
17815144
23103823
40208081
27033375
19424654
26915113
43183294
25689604
21905568
19458461
25781212
27664015
37854284
23689282
35264118
20774807
31658740
26909587
21761323
35664909
23096405
25408944
22619474
22930028
28030818
22562673
22320781
22253696
22356158
19870592
16795859
37188540
21876057
18106998
28427353
23358182
27199578
30501553
21696729
29531423
25727572
33579006
32176198
30506382
27334818
21035761
23411548
18211533
23735901
22623806
21474670
25694995
17296041
35584622
26025057
27746756
36444811
20128065
22796891
21564090
16186403
18993383
19275030
15558501
15027571
17714153
15365666
15676517
16608774
17517765
27243168
17317963
17260695
21175438
21301031
15174073
19641585
18294010
18962445
17915258
16921903
24260556
20811570
17710411
19634266
15631843
17619190
19552970
17704891
14649857
16696638
22038531
17590416
17381643
23167275
19672379
15005441
23254179
17016667
17974432
17056268
40315905
27462653
19920217
24899003
23354269
23485784
22946797
16535069
17977478
16872724
18434298
17788109
23533686
22301637
18296962
16442986
17458651
16180751
21084563
19007347
20330342
17794698
23208250
19463258
15389795
18955365
15275584
19690642
15741219
19635653
24150829
18462791
31424270
21104657
18334516
22033759
21515336
21663285
20425347
16872994
19729219
23342197
22577507
19112463
21421660
23177725
18197995
16781201
23430641
27717277
22059286
28967504
19574084
23474105
26354259
26581517
18907449
25348934
21524027
19058685
22912944
25259672
17791581
21056188
19991120
18036800
21581851
21987473
21198868
18336910
22046557
25536531
20240275
27411448
18269904
17716735
31066214
17351829
20417340
19974280
16928604
35911524
26453787
18668815
23279681
20775138
16518573
17094185
15206142
16463154
16619865
24261599
18139505
19874183
19004723
36147612
20803362
16779778
17507236
22105747
20048092
19689935
23452269
23521164
19659894
18197189
17687978
17565272
19805891
17738534
20480938
25326276
44476725
19902698
18663614
46572378
16924296
19790549
19693051
17396842
28822463
23116001
14999196
19064604
22968769
33412081
33578020
22549206
22983552
22027181
27739996
37971255
21839197
18788379
19104198
18501111
18681317
20203697
16828287
15971345
28969421
20917143
17684580
16772430
16159209
23115064
25989440
18914329
23577503
34524726
20832045
22135438
22025032
37651075
23392403
36686063
25817090
19633478
20479918
35707491
28448852
34165111
27481363
19105684
20568439
33233390
19810058
20109015
21307499
21900336
18505678
35658940
23113492
19834030
15554142
17117999
16342245
16654324
19964474
13409248
17658713
21309515
17537596
13442455
16822230
25299535
14035049
17740224
18824808
19962385
22782010
15565543
20106735
27453672
20925356
22459255
13529744
22061668
18549620
13124830
19773426
16640828
13251071
14352351
20223474
19017095
13078910
12460559
17811933
20022474
14766208
19171060
15627732
25453039
16512855
17288535
20477998
15888794
15971533
19550778
18265479
20092592
17770338
14789460
19873327
20450613
13466269
15992673
11714725
14054904
18228073
18234536
14920078
16967956
14788780
33822932
18538862
11081023
13685368
21180215
13624900
20245824
18071276
15314743
12093614
36633343
12620829
9686556
11662359
11536575
16519370
27845812
14367917
13239221
16354105
10540299
9869385
12339313
8960127
9782779
9624342
11157930
9205271
9427511
7140413
9079533
8980701
7389561
10382585
9973971
7708573
10765039
11361075
7866987
8759530
12166560
10514094
33256953
14525047
14552529
14111139
13258680
14744815
17929177
13383870
18411158
14011010
15073749
14493557
16063782
21040150
14876845
16619905
20618277
16112534
19749819
16645342
17018226
21330741
20013239
27306251
18191593
21865436
19699087
28005881
19291787
19654728
22655078
22588203
16747990
15830728
15221989
18088900
36240986
41441802
26489069
20027137
18714452
18286265
20369609
20460553
15951363
16287789
20244984
18225618
21217098
20342344
17630353
17153251
18922919
28287785
31974222
17424940
21848893
16307814
25123439
26849748
14659883
14546487
18370338
17618830
20873717
41357147
16954030
16411449
19202269
18222774
17266628
20205744
14181003
19829167
29513861
16366573
23335374
37817321
28811457
25932408
21620081
15734910
17711320
21292527
19700491
21398943
24719510
27797460
29646993
19464054
20043593
38373955
29924859
27751125
56591575
23662849
51247634
29859234
27399724
28486110
32735322
38894224
37535771
33919332
23499611
25735729
28630135
29510861
34248099
30524740
25591422
24458807
28671452
28269014
30759711
35587046
30256026
36850299
26366622
25634193
26797623
28373534
26760926
31852925
40421938
27342621
27745885
26227005
44808124
33258161
39204143
30108235
27915675
24976547
41532709
65084027
30115872
32692429
27255036
32203380
24341562
33266211
26715973
32369157
30838443
26909359
26958884
28444721
25421823
26712072
29915403
31325000
26596783
36487460
28737917
37244144
27392108
25613600
29424246
35432620
32731161
28101110
28178977
35737828
32856961
26569160
28112096
27633055
32108819
57128408
37059543
39085129
28975181
34320818
32814074
34517565
25433218
40999139
38205114
35298970
38899116
28099900
33079126
46998681
41315062
42902465
39341861
46425613
55733794
49285782
30250602
34576135
42979143
34421977
39295797
34776413
34520293
35868239
60910607
30035038
43827407
33372858
36295957
33733986
49347055
36246980
39131990
52943847
40558806
36138647
30047703
27665787
20215636
45777433
48171065
31271814
28042213
42109223
38210557
31713624
24111200
33531525
27911451
24445480
31091517
30301972
27479998
28202091
25682877
40446668
25587078
27641217
24552999
28938328
39416893
27323242
33810709
29854376
23069345
27417802
22808442
23627357
24404897
23403170
22035744
32424847
29675014
23540373
30227672
32928568
26287562
29089577
23801527
32893973
24414751
38198503
35596255
25624897
27605991
30841579
25918316
33373811
40633973
36195242
49105421
45842837
53163373
35766255
32631704
39715964
33472147
34550439
39429782
29635874
32607944
24701289
29128515
27950771
31852300
32353969
28142773
43794266
55926027
59466121
37516612
32200346
39284182
40470971
35712540
39335480
28352084
28429643
29231614
35760501
44543063
34804877
36518184
23797695
28410112
30917336
25320580
36777846
27118990
36120225
24002922
30845794
25093906
29685996
26071633
28527636
27205147
30989566
22796258
32358228
38557774
26827304
24190363
26041209
29399587
26078177
22281002
26620111
24105978
25208200
25560869
24772480
28460245
28453310
24489542
24209781
26613231
27261090
25072491
30921928
27330944
27837822
31283502
27371254
31326073
27367701
25855065
27366017
29329432
34390922
32445307
29812360
41539092
37411631
38618920
35742275
41665089
23686079
24441041
34098379
27001033
30571446
26444787
30247009
26840720
26942032
28506199
27175447
33734282
35125291
28245555
30720268
29126705
29866154
27900801
24986353
23376368
27412173
22620243
33852682
45537111
23576225
21547903
28031698
23677518
29227671
26638305
30781310
24526810
25405772
27382360
29734142
40568331
26642240
30169835
39578800
30884603
39898979
27138631
38744113
37996537
39288130
30023253
32018343
42282286
25777154
34850446
35642637
31566144
34692373
34771492
30174930
31609272
33766228
42375944
31455123
30335368
43046978
41147103
37901722
54205132
34425282
45475735
32124478
38550674
41263924
29579383
52211347
51720419
39948226
46400626
38369823
47006600
43741048
46064019
44819156
34421796
32412511
46588179
39787201
41519643
46609379
54620813
35822040
39293452
37138931
47589514
38371307
36237003
44608359
37310633
35697098
43131947
35418502
56007163
31714155
33395602
41206343
34393066
51681490
48562170
40945841
39943801
34453283
46478609
32440050
31920172
29262423
44435546
44213288
33941356
34468548
40941709
38086978
43990613
31274108
41010199
32103937
36150911
29960313
34448282
57003770
31626247
55621736
60218948
55877983
31647202
32639037
28427987
51407852
43908244
31681958
34145076
31006724
30210201
30558360
28257910
30406583
29994016
28624862
26889320
27433542
34382328
32100961
41221533
33015188
31359414
29596230
32753228
38105190
29255095
39764081
65859376
44878641
41743478
36293700
27579075
32081033
28545656
36630701
45817474
39162303
29179277
27829588
43368501
36899056
34569630
34667613
42762525
55660171
51181371
35145061
38591464
34894251
52015467
30873961
37775920
26538376
25903025
33659723
55515201
29419836
32702894
35988975
33373185
37663053
36538581
27591694
39609519
40344592
36424773
31612376
31099746
31968022
48944480
31775137
36087477
31161125
26123046
37584286
43706905
48721005
31098310
36880395
88399874
39168708
30532431
37267190
26131968
32491334
31574195
30700719
31453945
33821823
34353225
27003217
32092872
35536070
29176587
35890851
28005894
28408950
31192325
29521395
26692251
38242796
34538105
33926406
33140489
26521995
41562653
31125347
39426093
28466572
26154647
30694317
28470349
31491084
27925475
31901601
40488451
36061956
26758211
31934122
24737583
26430348
26259523
24793039
24114441
38050722
48245466
28137653
33621926
37627838
43309702
27159254
37798103
39345109
26819995
32312048
32920939
30266613
29286205
30168863
30281989
35135060
26302528
28677061
28484525
27687439
26871920
38934571
25660308
24012765
36284843
54575499
37303332
38494354
40830201
44290258
37990426
43554658
44238929
52907959
42964393
41081565
52167257
52001956
49677863
56904874
60085237
44493868
57244682
60946116
58261960
41127671
47270005
58193983
71497787
96321856
63863587
72400154
69813995
86244158
95016788
79896674
70964440
76382707
69859707
113135400
87212636
100576359
78632850
115485897
74334697
76541152
50466442
78682031
68913350
65788788
68468890
55666267
60943554
51018789
62948270
65328199
62063301
68361795
67465882
58194008
62209736
61334201
96977878
78691237
84667115
68142299
97608066
49968463
62005129
58255109
77830693
68565661
50679983
58365898
65350727
58386058
49894933
58265709
81654960
63726073
66867201
56325273
68226266
58362510
52879941
74516204
64728161
64392778
58899310
79709332
61335287
64282207
57415226
71304322
73001523
54168643
69939777
60337793
101449101
55761884
45554079
58384125
68711573
59668717
56974830
69197036
51496909
50523391
59153158
62460864
74141653
43523568
58949826
59301412
50527629
58703649
56411105
81718975
70562264
58191838
84631804
88873947
98927038
77943976
90075497
58596711
57921199
84311917
63240379
85039867
97959850
78646122
71037675
70565826
51910373
64332682
58463920
41979828
58913356
72323048
46171512
85784899
48987301
62476169
51392467
84908128
53194781
46497091
41233891
60081444
67208127
41800865
58593241
51293199
57206502
55252007
75184509
53825526
65407026
66170572
82648684
40768964
68258317
56503223
68414311
64480015
55514477
54870439
71456943
55428803
107624627
106720060
76128925
71928511
87458175
139383699
119150636
66081385
57316981
66540607
68681711
73593140
79769019
80294110
68711287
55968768
67332244
63620119
101784424
84673237
95671644
73041081
77536979
81466065
74006405
65853895
86987550
65259599
105629606
151657024
124193512
79761108
131502656
118277007
150772225
70174762
119580601
122156187
104192845
83091635
155489823
108556720
78161458
64616798
98276101
85179168
101841257
117083805
109285560
75200401
93420127
90995408
137766735
117570616
108428339
89644250
90669583
86454977
141530518
101988380
74959304
68345200
80856713
72888990
87757622
107932922
66822724
144264664
80807110
78058365
93834920
75272858
87483186
57570463
112867196
79949147
100546341
104435618
129538293
89449557
135328460
78187651
94135441
118196291
113341822
105565338
79944914
85938854
84275624
96472342
77040599
98286370
66762337
107866102
99413233
69255217
85839513
126054735
83212171
79000819
105028919
108647894
80419103
84335760
87968936
85920403
83380118
84436571
95943391
68274635
73653458
101437564
106619693
111072655
93670906
86449370
72028460
95212801
84198053
135312411
96085222
113192792
118513632
97553052
101534619
116852830
103406172
106070275
107933447
91294272
87929266
136474518
128482208
110849482
97488748
92708121
97572027
88526539
101746019
115888430
99555321
79933248
103297991
110366992
131235141
100632647
107123822
102535388
105996414
105582067
99075106
85024795
98486493
106866212
137976670
102909416
97342108
99920026
102590283
95142077
83128930
106729168
89073981
92405464
94516242
93506773
110211454
136881919
113543646
96370915
93742001
99916216
130320048
107427892
98349427
86134087
105697533
87042348
109828788
80921961
79743056
79179500
86616572
70941090
88105380
98984208
97963513
105701890
88245134
134427389
102389511
89503309
80523791
82031279
85980698
87219628
73740153
133885623
73496018
90967631
71433791
74922743
109112494
80450892
111192244
87606943
83701131
91635600
93485586
111398285
94576867
129229326
111971856
92152554
98486975
74742718
91842869
81799491
110419506
92977518
101043633
90011986
88657086
97684957
70771690
86557932
119585725
167436174
127386265
100571967
110999020
113556670
106216978
98494465
94117943
104532376
88811094
101564805
84988500
142837672
89201203
113845647
103595378
168161816
94964746
127141005
133492869
149618352
142829341
108723932
103276610
106116174
109471557
97760448
124848023
140183847
104390169
97927945
104174577
116988088
114883689
160264220
89330958
109397039
114512808
105277679
128817619
124767356
110362527
150388298
100327982
94401544
100231034
108383643
87852491
91821701
79739349
92186696
186293496
206624718
110146157
86541007
207263872
107573799
119534894
121960803
126288929
143846417
92291536
98658305
78510060
117998574
135297583
96005906
85820937
76510248
110183945
90850650
105423077
124318268
103096880
83937487
87960999
118051876
101963708
133655473
130641708
101230787
94704639
132760270
123916608
82205422
96088163
66860646
75841142
64784418
75188917
119447470
104385676
77478451
73242183
88512245
79263381
88719326
96940937
141241401
87958416
104162807
72331111
97908399
111784087
85062971
65603548
99785527
71773405
72527722
66590656
85707415
93970397
63822615
61712944
81758742
93292550
95551827
97049764
115809810
89854810
82156660
98318415
129113514
80655623
74655390
94155840
69722583
84417111
72102473
59066489
88018208
64329884
67430473
79043005
63662068
68447998
55749721
48775881
56667941
43535003
66250197
46248732
50422376
48768080
51285850
62476853
39713654
66014848
41513697
32577307
46686467
37254285
38703061
41180394
38147154
31600196
25916705
46136033
24436589
32071244
39972597
41214234
37350647
32427525
34736326
28788430
35821143
34849070
26103487
24810164
25834606
35762306
32843300
25146212
32649788
37546942
36224744
32695106
35763242
24466490
31347643
29653357
27273347
30305848
50412959
29691072
29992832
31636297
28496689
24507610
22801573
25762499
26815860
26057306
37234138
25115734
53403127
24246126
23834408
36874578
32349244
20764033
19325058
45457922
25527492
33162668
22487483
29266059
24380147
44644441
31063705
26116500
24626376
23918028
22570716
39909153
28981577
29043555
33528047
31772572
33387887
24096321
32868488
21412582
50130261
37936357
38715597
26464871
40453785
21608797
29762444
23096718
24610886
27063857
19610391
29294291
40489230
33043974
32232500
37594790
45579285
31595572
28195800
29312897
36373634
42987419
29226598
30631508
36364493
28359563
35513901
26287019
31878930
34285447
37040501
31191533
34269249
43313104
28675714
29527103
27378070
39701238
26822893
34577625
28269040
23800594
31969907
31431694
25275933
33865761
46588861
32411498
57565547
25728202
36889717
29436758
50240687
32260322
36238469
28585155
32912612
26719988
22778864
23781426
32741999
29554984
34964244
64499017
38941974
22311291
46993681
26123200
32402336
55757349
53554155
31213269
39327850
30787572
31879441
34077095
37906400
33996976
45439290
30061883
40231812
40143105
68759863
31587076
32972226
25129996
29491231
25682081
36099986
33782884
46659203
34616700
32757143
28394292
36825263
28817834
31737690
26988798
48144513
23802184
39282393
30998807
69482270
32015324
27837615
30969276
27130797
35922884
38863710
34329385
33752739
30907243
30961143
49510136
50882300
37986517
26011987
55954667
36920687
28780502
41086154
29270769
33381839
30872057
25739771
43902425
27859256
43675301
32741105
35205202
28738810
25096089
40879747
25479661
21437709
39743694
27220156
29023631
26665303
24495584
34978053
27285147
33326628
31231379
27763820
31319075
40291379
40259877
23077821
24008317
22823340
33255619
23230919
30063535
25103590
32649258
28099489
29858898
23484229
37979956
32095753
23127847
24036818
22889999
29115044
30066337
24383220
21766949
25019195
36214031
28345066
27850752
25823795
29230216
28162442
28160001
25374759
32642581
28011817
27151741
25305467
23703583
25504429
24414521
24485715
44828314
20730928
20368370
20627084
36702234
25809940
32457823
26135635
27540529
23147874
24391263
22132030
30092541
20923719
23094391
18516861
52898937
26181669
34205106
21377945
22518074
18661011
26605276
19593091
25404350
26516841
19163545
21027237
21613958
25623239
22846982
37446780
35684193
21692606
35894178
22365615
39376158
22117295
23737019
27059178
21025437
29212604
25516435
28884703
34943413
23899874
37755945
28080638
24816644
27041846
21660859
33546472
26958919
28290938
25141641
23940836
26819297
34600533
24217822
18867041
36633360
23504374
24730409
25182122
31557081
35265626
20597848
24197074
25562191
22669909
28712928
26963873
26133905
55431936
30512397
32613981
44770167
21182042
26778786
25498137
20401260
18831181
18287918
21116106
37786740
26057952
29435369
17968976
23246990
25429462
25420752
20784475
25812655
28353008
16421794
20892698
28185175
23961540
37460206
23919711
29329896
33399327
19555969
23411126
19271282
23449501
26575192
20601926
22869643
24208305
26751967
23197723
19926084
40505369
23388517
29755979
25029730
19366164
21518138
20438692
27819529
22289218
51012856
28023417
40221107
31005502
22212096
17775864
22021132
29512997
24589668
18237378
20061375
24711659
24961226
31156008
30516060
21125186
20067006
22036457
22845082
53271267
35243992
26310546
20073453
28872022
20289791
19276236
21573496
27959859
32123619
23438160
25492982
35311777
33656578
27961199
35643761
30155746
23012270
34854379
26924795
23986167
21200941
38054037
18542486
24966218
23640573
20122716
15909586
43156291
24788550
21531217
25750865
26122287
20651885
27524101
22737347
31578528
29491977
29928356
30917430
27530893
32244683
35487523
39108245
27247021
24916625
25731502
30462798
17645104
18788123
18809946
17063822
22754268
20556211
21516715
21393070
27052656
18125515
17485219
16900036
15974589
16650099
18026770
14460675
19287456
24701381
25574987
11498201
13675483
21754679
13698345
16021356
9599790
23669980
11431697
14158715
15428718
14538155
11926341
76780903
75772061
42272644
27249993
63281589
38195249
52390645
49632712
37643279
45789348
37162005
35256340
53080135
53724762
46129000
40865523
92010217
58568878
44744801
52099061
51491360
40904214
76398046
62452839
38620003
63883250
34990860
40721638
41922988
45063176
48392874
36951722
35526426
43404998
45214321
52704388
46167322
51465620
54491403
45097667
55978154
56133607
37266559
38058930
46746477
47319011
28797211
39946917
53290436
31242296
38819029
44861720
39831998
44875225
34999498
43542679
46285281
32628688
38429733
60102812
31921066
42571824
36992681
32918249
34529258
33730784
33750053
36785850
56799168
38943269
43966414
42532122
41720728
34123785
53607612
34170128
30077716
45094993
56667125
34652093
31619361
41274371
37736175
38822454
48138967
40961609
26216575
44081830
51717413
28076275
33704372
30830503
37200478
29148759
31019019
43207988
33717540
43746688
38611986
40689153
39076095
38453406
64885915
30946115
28057785
32205215
47887935
37231078
43926918
41142515
48937896
35942997
46530324
26170764
40496001
32955149
37142975
38245258
51106732
48158649
44063668
38705017
75916789
30276958
39116917
47540045
32358667
41806921
55164597
40797684
28382137
30867623
62286370
27993055
25037891
42106527
31433849
40575845
63149259
24206236
31803273
26167507
35466348
29127863
38881544
42060428
28946495
45872957
62038159
25858183
32295168
33828775
47407736
60868236
42822068
23920649
27945848
32899696
27937443
26633607
43266990
41690531
21256325
28789218
39853792
40438886
25119560
28707557
36225166
35857400
39710616
26251388
30914320
24092652
78377549
24734101
40875623
39130058
40404322
31089482
29852765
29239945
31817704
19016635
25742033
19851373
32594257
28363900
24703377
26160669
20629583
25719705
27251258
18204066
20460180
24816273
22666780
22820302
27076209
21650397
19048116
19761747
22279329
21547787
20801961
19428945
14838676
20816104
18469577
16049333
16228449
18886071
21341194
18298013
13980066
15167649
14470734
23773507
16225630
15680017
22331948
18960810
23101600
19016701
17559325
17147389
23793511
21148166
17478170
16338829
19530950
20247235
15872023
23240813
20779053
17814781
19977161
17400823
17279474
19880045
16326845
16549028
20163533
15855548
16255722
14853640
17621674
16548595
15351569
18852926
25759198
26194288
29038699
31831554
25667421
16138075
22136855
18717248
23123004
21276591
26095601
12766693
13747544
18957446
13673328
14217315
18507607
11988024
14092042
13786540
13892966
12253624
15054112
15687730
12195532
9941806
13677688
9478644
8741520
13489166
8285258
13518171
11647351
10505924
7914681
10414929
6415014
10119864
10548085
7055364
9253441
8014953
9300799
7916132
9377667
6372962
8269988
9265156
8038280
8202471
8917548
16362558
10206535
7266977
8900871
7068837
9066098
19971461
10208153
10252461
8900311
10275721
8125033
12688408
8991147
7196649
8466773
9331727
8337498
7157910
6005896
7451708
6968650
7970673
8466805
6662390
7698213
6141833
7576910
6559251
5443240
10450195
12843333
6783746
6772501
5673397
8087915
7146247
7067611
10190791
8042193
9809764
7923995
9224946
7168895
5975745
9201135
6780155
8145558
7202447
7733509
7361661
9541897
7996328
6997027
6415505
8063859
7930123
11549825
7903055
8207925
7608389
9040741
5906805
6508581
5933120
5964787
9187809
8446566
6749587
5750841
6727092
7471561
4903421
8244409
8991079
7763912
7151254
12234765
10103805
41848951
21612147
25272716
28264305
25090852
31531910
21166426
20416897
19276877
28713048
30169655
21275956
23202332
23428245
23193746
27704048
27878601
26814072
26506201
26013282
25260041
18015496
21892572
33705090
26864570
23892011
27148639
25068542
26412049
22866842
24277767
25254277
27642869
21703685
23252764
25837725
24256877
26757554
23538780
28338925
26719403
27367835
26489741
27470156
33437631
26912670
24222278
23537400
27555296
31742996
28217613
22997748
25424302
22945217
25487662
26250180
23224042
26039324
28220291
26949497
29983782
35084257
24888896
23523277
31599895
27977509
24113506
25220342
30468987
27811545
25426036
25098063
26671822
26770542
25302061
29247213
24088506
41654903
25731245
21840957
26786535
30943313
31508955
28885574
24612098
27619522
31215806
42933392
28796206
31946197
28441129
32100234
38944463
33180181
31669187
25676125
47027567
27205023
30937980
31679532
31899214
34563286
31438816
31194747
33281183
49375473
44369669
28145944
32813939
24763620
39673260
30943163
27472263
27974765
26123143
28617331
27089683
24088541
30585702
29971204
33573441
28549760
25790206
25439629
28898236
23544728
24175437
29079250
27808388
31007624
24184888
25802713
26963314
26594918
29198699
26527028
26656865
24283732
25954048
31811273
32722728
23337226
41455642
21280572
25374413
28626448
29156824
25209935
28424836
24443455
32774881
30406677
31524922
28241954
27571323
21807996
40107875
28212172
34379995
33228620
24885393
32623587
39879249
35382312
29886201
30134769
28722624
29450457
25940991
38852370
31349518
33051850
31803142
42673985
29177802
26930225
27106778
42430148
34502192
33265583
35799266
31773792
33645834
32179565
30584980
41958760
29971993
26598553
25608081
32754498
31633802
33739260
31060495
29607807
27134308
34825925
30052770
29440789
32240339
45140679
28131039
33606899
27562038
29885352
26690213
32260422
30356059
31649886
37492074
39256229
40103500
30554968
26237531
33941767
33998749
30109163
29168714
33199958
32797538
37154147
33573085
39660988
38667918
30519560
32300659
27781396
33240703
34516909
31283318
30566328
37426687
30056212
33245164
35064593
33088155
37827509
32187737
39821304
31883636
26711196
29800124
35403728
32843528
41502345
31065231
37693769
33449595
33186025
39787241
48547696
38331203
62917833
48268718
33871630
31885032
34201011
35963633
43753362
37443555
57153605
39161378
36456426
35869366
40890276
28658885
44250879
29290706
26255889
32048355
29489464
35963706
34008968
28439077
35405557
29213386
24405036
32517974
37633303
31013312
29493180
27943994
24872143
34133233
38191198
32022915
36675205
33559384
33573862
31372807
39281145
35027454
41180379
35309944
30849693
39841727
34198816
49378587
36412997
33721600
38704558
45098462
31354302
34616338
36771887
45250486
34305509
42646380
31677818
35695583
35890722
37242167
41001361
37446109
35534081
45998911
34027331
26632943
24163483
31532422
27605716
31566363
30122275
25552776
22862888
24602319
28954580
43123671
64949862
44171585
61949550
35871811
41676471
53015988
39741805
38333597
51530912
37946559
45547758
37144315
36211776
44552104
48574565
48461723
58822587
41647728
37774444
43103618
34525641
42021421
48051162
33230095
35871001
46248836
36475679
61349249
48138248
35732628
34437129
49991914
34846347
31156283
32590399
36583681
39687182
38788470
34717402
33358838
31040892
35718301
31960558
30388589
31110531
30613879
31495635
33564756
43190027
46999432
37124104
39173586
32904510
37843022
37291593
42465951
40609423
37321295
34800102
39102820
41967330
29220248
41347533
30895074
34895380
35435199
30753829
32239399
32803570
38387730
43334546
30093979
42512269
49825185
44647308
47931292
15349497
18962246
18828659
14763214
16843329
16766121
12689654
17574121
14687674
12742487
10518560
12577840
16213114
11482182
11568401
11315180
9965082
12553636
10189811
9779630
9133401
7476836
12959285
8679310
20973284
10730561
11532290
10089870
13973067
10892686
12369225
16721209
10527406
13197189
13821866
13340986
11833452
11172604
15704532
11948925
15890016
10171173
15139023
11149733
13590764
12492784
9038950
11808093
11554085
9539371
21775710
14307252
13250038
15628829
15088725
9965857
11611641
12573552
8504249
8551712
10567578
8135747
7932676
8058718
13034211
7127418
8802374
10304481
7851450
9017074
13137909
7656796
9491577
11672818
9331111
7563368
12042023
9556100
7405093
8279103
7122852
7738702
9227677
10209393
8265194
7492737
7558754
7541458
8790040
7474526
12379246
8903420
8863645
8245102
7750479
6381803
5400966
4306973
7059011
5696072
5660368
4363093
4268710
4522087
3978790
3302119
4214154
3517461
3481131
4098035
4025612
5217001
3908766
4404219
4258880
3937129
3990957
3251605
3290018
3892915
4015779
2719631
3113846
3207698
3326381
3362951
3031161
2879008
5565476
3091994
2867249
3216249
3058628
3408576
3376592
4108674
2979256
3317635
2725606
3779572
3098478
2672754
2562264
2948166
3318351
2678911
2948494
2985463
2677661
2532425
3353143
3461989
3227871
2415164
2945506
2982779
2646385
2770412
2802061
3628690
2962040
3221205
2665477
3318494
3401943
2345427
2596077
2823558
2754954
3021261
3033240
3498919
3163213
2886734
3085255
2201227
2899375
2614896
2805773
2846230
2706059
3085903
3029712
2610741
2736257
2857250
2414745
2616999
2677914
2335004
2946009
3750450
2759378
2572366
2948842
3024043
2539910
3344549
2918484
2836725
3195420
2371590
2727778
3208941
3449354
2972866
2646082
2627005
3434690
2756526
2537019
2952862
2715724
3192897
2728216
2705498
2495455
2585774
2674647
8462286
2519660
2911264
2882521
2477492
2746638
2667887
