88180
75997
18835
39431
96285
10221
122582
54250
40269
133438
143848
212062
36402
138921
173014
100653
45996
171070
104585
15609
383682
140584
98288
11635
171436
104173
29566
209556
105218
94557
187650
21242
144665
16225
64272
51817
23012
34250
93733
124688
1849692
178627
37945
34526
69872
107922
15293
48110
128875
119237
193806
118237
35633
24582
68220
44551
127299
86894
127171
120199
87452
95484
112905
33507
255361
49276
46461
132636
184792
88153
124667
182893
198829
108353
138465
113055
95512
71314
83508
95907
89128
106505
95241
35748
76565
107006
60866
139191
84730
140756
41007
107463
105916
74382
82792
158923
150478
27699
62176
77838
165472
67555
107356
175668
82078
36592
29491
50488
83898
313625
12253
78359
57597
109493
10151
32227
67474
108824
61175
164446
176546
33629
21647
56134
212860
133164
125906
132504
102623
144925
14462
29015
137589
85764
173161
60815
92111
117952
421401
24227
34071
79072
197776
36141
39692
93682
105855
70557
96713
96978
86193
113784
83871
98022
85732
22030
25617
34289
111978
66087
33496
33079
156729
82192
82958
55158
103109
12617
102633
107403
92019
151403
75287
45473
105266
73270
147981
28904
83156
132409
24111
78337
77293
33391
97205
98339
104546
31834
126625
97615
133589
86389
61093
64649
123933
71654
79071
127021
108417
104808
80483
34048
36015
85619
106216
133218
31864
85936
95285
116986
87356
98118
90231
119501
103899
83467
79706
108540
133192
90494
77718
298239
118649
47708
90288
98471
106616
114345
49515
123791
52852
32632
37560
52405
34920
107941
73683
62737
77102
74208
12233
120200
70048
75223
121497
28917
75064
100292
15000
36333
98014
77209
144448
76918
1582690
191275
106995
36207
26536
88622
33637
123259
80154
100968
119288
117377
50837
194752
28707
95235
38914
42393
162996
25890
27781
76963
654241
182168
124553
191037
99885
46510
98389
130372
107382
41361
102676
49520
112648
30177
51451
114684
22470
52856
37927
114885
142386
58851
304082
26632
66547
142498
67577
32542
86629
40350
95995
110647
1002171
85109
108063
13190
134674
113887
126375
115585
144583
118541
29570
56782
28081
31238
63391
57384
86721
44290
43566
23318
76828
43420
57837
62381
64906
73830
94320
42138
59859
19643
94912
201800
17469
31494
77322
114437
11464
40048
73120
317507
77399
62571
75817
24975
68919
30698
33837
51206
10824
85835
50645
20566
25438
64870
74539
11325
31187
26961
17488
70621
58898
88465
59523
61061
100976
114185
33157
105169
76308
38498
42363
75641
10866
34500
32653
72931
26493
73570
73294
36727
68955
50802
35317
26948
36328
16354
15535
62401
16815
29008
15817
885745
103164
57725
95715
116814
25658
34080
80255
78490
29109
28902
54299
101835
19514
96309
30664
13082
46134
26431
68471
43580
16637
42939
215143
64830
20420
166130
95104
25537
16232
117828
59239
50205
27717
37669
30189
54897
49538
18821
29855
16585
108083
12653
25906
31353
77254
62311
99004
55419
29023
56942
59858
59566
48724
30892
30145
33284
74493
68399
21619
26710
97329
25300
30884
21088
32204
59139
62619
36486
34583
25731
23485
41852
27183
45433
22020
45233
50687
41503
58113
30310
21890
61089
26151
33130
29003
39150
65315
34481
26352
56727
26253
25964
18767
27994
33045
49264
19338
101853
19498
29939
333076
37378
42307
133290
22075
12595
25999
33883
29574
39835
29759
49091
23129
17379
85429
25071
26850
29137
34960
87339
29651
31517
31485
29500
16026
21365
32360
84647
33197
34629
18368
32549
20875
58782
49815
46132
23035
20114
20329
30409
36031
12035
189076
13882
15004
31073
13069
47808
27088
25655
27452
56845
30629
10902
40393
76255
14976
9584
10826
66056
17542
13956
90563
79066
125313
25617
62516
97083
99326
67506
62462
41675
12094
30220
166906
74762
97047
105775
26383
93479
103465
98686
16866
29890
87378
113267
159061
38068
149166
77003
198003
76756
72856
103809
36589
107250
147317
157163
150655
105166
67613
183581
256408
156432
79009
66285
47403
66173
50767
37395
969670
88773
1045208
91190
81490
93712
202012
155232
212723
38135
111543
105922
108098
268106
487103
64042
164160
87553
75060
167934
48985
119607
31127
134628
75023
177290
107149
106585
92324
125035
107871
104795
113759
112847
116907
144785
103133
127760
124535
115669
161240
86024
77219
25009
104888
75597
93038
