6269310
3744938
12360594
4356751
5524015
13355020
4466193
5031638
4754757
13347467
3207908
3766106
2971917
3045459
6292537
5092055
3821463
3786797
4254735
3745580
4039908
6343861
3647136
4295163
3033874
3595210
4328562
3028198
4283629
3517133
3315892
4066679
4778457
4069864
3964267
3177616
4056731
5042206
3569745
3876679
3456556
8170342
3242906
5262093
3672989
3848339
3728356
5966746
3228243
5608819
4043095
4071432
3550740
2915639
5677972
4024503
4428979
3819747
3844666
4028949
4629602
3954907
3758195
3004376
10689082
3664933
3091579
18001648
3359484
3408990
8197688
3958360
7059059
3467589
4135670
2706696
11786500
3748808
3217601
4425773
7463579
3642956
5528316
8252333
3920051
3859352
4137465
4217728
3136519
3950162
4135591
3799097
3120199
4069698
3544967
11176856
3810604
3941540
4103856
4059394
4176699
3668281
3814002
4659383
3717134
3911272
3243432
3929288
7310749
7785026
2700109
3829394
4941635
3896435
4224268
4129601
3204055
3386459
2937208
3619204
3894303
5195669
3322958
4041476
3160469
3817458
4112073
15127329
5023225
7375769
3368312
3044913
2831542
4190138
3288002
8597147
4277187
7904782
3300707
14615496
3885600
19146820
3911452
4113709
3667814
7918788
17328281
3928111
5845032
4009018
4342761
3576654
4336271
3469806
5768870
3990897
3449373
5636791
4534690
4443812
4288465
5938209
4711915
4431282
3832267
3487497
4198999
5871689
3792873
6369104
4502714
4050187
4243439
4347357
4357155
5929815
26664752
3539688
4489784
4273265
6785262
4306395
4262485
3588191
4566502
7719462
3321786
4888869
4959216
3931342
4241692
6177499
7709385
4239326
3048983
4588775
4071794
15885359
7333987
4211988
4237665
10451666
4265376
4336110
4617562
6295636
8189440
3901705
4257841
3375399
5054723
9122773
3792824
4992663
3948890
5465056
3716367
3493344
3273120
7142274
11351445
2479875
4716410
4270540
3337589
4562181
3409124
6809823
3384244
3219039
3723575
4173519
4090799
2939256
5554718
3592936
4179316
4014776
2769876
3124032
5438430
5172590
4869216
3855692
3534134
3328006
4345261
3647864
3088716
8314202
7286281
3981009
11512858
4457851
3130812
3682323
3817961
4859819
4191361
15163375
4297739
3305594
4047598
3004725
3438448
3188711
6423794
3781179
3318348
3689722
3330652
3642671
23092234
4387253
2914083
3332878
3349963
4287247
5162045
3438727
3634895
6391042
4828174
3685747
4097125
3040871
4095608
4439880
10336139
3013683
3830061
3995296
4125995
2731244
3138561
4218374
5581001
3623108
3518078
3288036
3530727
4013093
3025957
5487216
13971788
3641500
4539595
3956882
4588287
3172746
6417921
4788314
4086775
3924036
3969753
7267625
6062619
3076019
3860970
3684025
3748608
4425480
3731574
12291669
2876211
3806998
3442644
5635464
3335463
3426477
3414270
3795213
4592863
2872129
4357109
5300320
3389289
3999495
3752655
6777178
4597578
4639382
3909225
14640505
5001073
4272246
9382503
7533930
5376047
4001297
3735409
4015254
4480918
4408792
4351945
4073489
4111076
3845096
3880446
4199438
4252249
8009576
3944329
5542892
3025063
3960188
29278468
7853691
12538781
6583619
6757023
11890429
4992360
4041257
3747998
3875559
4492156
2797598
3941548
3834750
3676229
3638062
5369785
3842549
4490257
3553728
3647680
3889786
5913949
3159223
3317826
4202176
4012749
3678671
3709309
15585078
2426039
5850568
3344257
2642323
2479945
3636376
3817978
3954708
3636893
3913236
3718450
3186276
3581217
3755738
3539279
2984803
4013930
3930227
2784372
4043873
3084686
4317449
3104196
6000518
4099223
4970563
4793476
4804631
4707986
28137482
5765980
2963146
11111637
12087540
4122741
6401322
4486420
6444111
4372141
4973535
3411301
4447746
5059364
5082667
4931734
5201201
3885940
3752493
8456578
4579162
4599634
5776773
32383647
5792766
3941661
6371618
3838887
3576464
3914241
3601943
3138690
3783377
5248253
2769987
4146799
4143975
2901672
3601632
3968925
3608832
3692705
2669281
2648650
3997648
3013508
4085424
2567724
3694687
2746179
3276254
3201440
3277558
2903146
4442464
4794222
4234001
4307883
3852887
4367510
5138073
4959475
4038849
5122311
5566950
5838300
4998306
3362053
3720534
4862778
5811793
4450223
3072243
7679168
3555561
4824310
3062336
6614602
5834277
3870456
3730154
5412016
4322804
5894216
6034872
4894488
5806712
3692705
6670797
5627760
7138785
7551442
7836401
6170564
4380355
6827513
5310052
7288124
4209885
4647083
8870738
5535763
4573568
8217791
4896022
10016699
9651995
4184536
5130534
5601778
5118009
7859336
8858819
7345217
5625386
4941238
5958126
5282544
8370479
7965543
11471721
8726215
6029388
5202770
6076180
8301424
10526442
4522517
6609523
4605327
8797822
3851622
5886557
10215188
5984266
5091984
7716421
19184511
11814527
6310182
8296834
4935471
4571296
3646207
3966752
4708229
3524732
6378182
4006027
4024398
4657223
6010569
4423883
3240499
3854773
4617207
4569428
5070016
4755153
4759456
10557928
10470999
6078472
4040779
3503148
4791544
5136113
3182461
4649871
4146828
4816113
10497157
4469828
6540376
4812728
4207117
5611007
3908776
4925133
5375789
5682514
3722179
5649056
2924611
3329478
5237900
9008511
5142433
4353747
4019542
3416107
3597087
4179703
4277679
3382281
10894229
9416842
3458190
3701847
4663641
4848530
4178284
4111353
4299489
11784083
6101799
6298319
4526201
4597338
4624772
3634881
4115581
3460352
4595935
4188969
5273788
2717176
3930794
3433288
3407457
4067252
3943295
4550587
4183115
4623205
4570112
9950179
4304437
4717667
3316957
5468977
3727892
4599655
3210137
5199385
4721419
3332360
6376365
6037416
4220186
4307118
4108694
14790689
4253806
3323227
5096003
5296583
3186105
4511648
3947681
6817204
6586564
3074401
3314350
5361072
4392614
4214577
3951443
4210726
3136087
5019529
4234423
12352797
4356986
3821279
3471845
5339191
6676735
3609783
3761776
5170717
3979806
5633525
3316124
5765095
3973043
5276179
3858249
5214271
4701336
4325276
3712200
5591643
4344114
3427434
13951671
3856858
4106551
3673588
4731373
3496871
4424195
2924168
3430094
4171747
2822176
3693267
3760376
2903570
2791070
3804969
3731633
3722271
3092677
5107101
3593989
3811425
3075931
3744197
2904374
4084700
4997647
2726802
3107085
2979803
4755508
3822663
4586571
5540439
3246614
4509736
3487156
2764123
2957036
3450969
3699922
2959391
5242259
3939359
3347073
3103290
2610941
3095408
4287128
2769781
3838464
3783571
4252081
5423683
2657687
3604632
3945820
7121276
5030126
3865843
3017925
3188318
4147989
3638078
3313611
2533265
3561395
3956010
2925309
3936888
2615885
4116220
3686653
3581104
2805499
3794337
3417148
3576614
3346564
3618420
2720084
4067040
3453039
4104362
3763408
3679921
3950976
3038435
2391617
4109204
3785473
4146779
3967808
3535617
3629218
4531230
3630229
2721022
2825217
3487749
3674842
2865889
4359738
2835657
3259934
2917406
5814024
2787648
3952966
3119618
4062943
4112026
3528787
3740082
3333343
3335548
6603667
3735482
3018770
2917633
3948672
4103175
3015980
3324778
3460660
3042237
3242201
3764081
2828640
3320390
4426768
2913732
4222047
4657202
3947042
3143519
4194544
2615897
4113446
2388138
4137321
5165550
3045269
3090136
2774703
4035581
3814069
3700766
2564795
3498069
2419382
3245054
3632291
4150486
3736319
3707517
2632727
3462657
3537946
2765892
3992180
2593056
2849909
3213323
3597567
5073093
2746572
2814498
3480916
3646626
3113054
4229733
2686166
3141396
3280979
4203128
2831735
3946181
2803008
9546231
3433237
3539216
3672470
2727089
3630555
3936129
4038385
2873179
3145189
3212432
9371502
3054160
2941270
3070652
3495348
3590075
3657192
2598222
3934419
3757968
3576872
3702620
3536328
2843613
3090104
2959556
3425052
4448500
2627198
5141400
2930804
2671570
3436426
5408096
3478084
3792890
3209708
3623226
3604784
3428086
2434778
3394925
7127185
3925854
3822580
5216984
2827174
4137371
3844077
3673590
3787455
3535980
3977085
3611134
3018842
4159870
3088041
3584308
3292097
5001676
3832674
3694458
2605222
3021217
2881547
3582526
5187247
2942351
4053488
4017385
3285909
3846457
3157914
2929754
3181641
3647872
4151595
5724162
4368026
3141853
3843284
3377642
3108864
3441572
2731104
3963407
2951897
11308982
3485831
3645119
3825137
2707256
3698549
3683775
3635457
3985956
5118092
3820663
3364159
2887247
3993800
3344044
4613031
3844781
3519742
4806370
3532020
4414511
4734382
5221009
4141107
4177999
3063747
7906839
3515600
3823738
3685416
3083409
4130197
3775231
3323615
2711741
3785645
5675866
3260190
3407107
3657122
3632766
3356818
3797319
3949813
3934418
3113943
5827005
2826744
2873001
4563471
3104347
3621343
3181677
3464805
3134733
3844255
3909919
3913215
2614838
3436026
3489621
4084737
5407319
3551745
4014158
12614796
4257119
4453341
2755719
4286927
4828190
3702421
3665009
3004152
3221981
3658572
3509171
4462033
3094901
3261918
3189318
3865327
3645178
4009877
3058146
2825717
3785143
3940019
6408805
3211309
3796186
4092292
4974359
3341990
3150367
4582530
3537167
2711322
4197952
4024952
3067226
4215141
3097942
2726635
3389148
5193196
5240518
3023860
3943356
4353864
8038845
3371179
2947312
3230640
2937903
5189933
4417502
4280110
3369546
2847606
3978871
2897954
5525566
3863795
3240168
2868265
2748407
3246122
3917606
2837857
4210775
3844382
3697192
3092517
4286111
4055962
3016575
2782011
2794925
3876644
3168467
3206491
3917049
3759869
4204690
3349081
2736149
3132643
3586105
2944429
3724152
3351726
3669178
2439831
4189939
4147040
3034061
3634530
3359269
2842390
4107752
2359582
3076568
5008750
4767904
3791444
5066225
4247712
2590344
3460820
5685605
2976457
3166832
4499327
3968979
3785715
4012424
3773075
2836686
2956124
3783933
3179331
5378442
3605312
6988319
6092970
2873102
3587601
3301154
3505073
2995767
2977412
3735669
3120046
3598765
4466028
2941758
2843118
2389327
3998521
3556306
4567879
3455008
4328019
2974129
3434508
4023166
3367788
5585106
2986413
2872423
3512378
2473293
3353525
9304728
3352211
2477202
3104004
12399037
4538039
3818526
5864994
2964247
6064682
2727712
3679033
3377508
3576773
3517176
4496976
3465673
2562006
3233377
3070649
3869531
3071860
3378975
4409776
5395413
4249230
2588056
2750509
3639385
3667450
3390116
5012921
3132464
4121959
4006137
3682365
4081512
3626364
4839805
3949139
5867721
3813760
3718625
3827195
4791680
4575922
3822090
3826208
3138660
5525938
3390561
3552914
3427161
3802630
3913615
2721844
3445665
3764960
3587498
7510697
4078212
3058114
3678029
2813227
3730198
3961978
4568703
3731628
3687445
3610148
3047297
3817289
3217470
2893314
3954153
3422774
3885426
3125947
4259657
3688799
3738859
4479534
5652259
3119529
4209929
3343128
4081446
3689595
3913811
3080904
3920941
3517228
3636987
3015673
4103281
2986976
3992814
3414408
3149115
9058006
3080672
4445941
4068767
4219530
4483415
4775900
3648292
4771697
14197464
4636257
9142271
3879667
5326686
5616405
5285215
10800266
3947629
5240688
3449450
3623988
22183930
17737067
5162843
6426857
3713972
4831655
7535074
2920834
4588016
5254482
9204745
4558834
4156686
3116678
15347799
4829306
4584130
3560155
5831841
4480059
3836837
3993868
3351126
4344491
6991965
4519938
3766439
6356566
4546371
4234293
6320573
4401582
4137107
5010864
3648872
3377810
12182436
6961242
3924023
3081444
5116757
3690790
5451881
6147306
4991717
4260059
4849436
4451892
3269786
3271117
7112406
5216474
3798104
7764330
4569344
3904572
8619745
14380894
6481236
4423070
7140447
5084156
8222553
4656634
4100445
3338548
4608023
4445893
3461007
4903609
4499869
3042520
4058143
2877355
12310193
4525193
3609980
4416774
3395760
4043590
3888395
3866290
3020179
3510077
8890567
4199405
3025891
2806749
4060877
5243853
3615915
4683003
3925800
2812523
3057733
4787169
4190684
4165673
3970337
3328539
3859149
5127513
3971548
4215849
4511471
3952375
5701142
3627362
3327868
4197526
3306185
4844198
5020602
4100706
3103519
3900124
2458189
3317440
3179537
3549414
4062464
3711749
3086012
4125902
3159405
3811734
4149302
3402604
3242510
3300682
4170608
3168722
3630969
5599846
4465535
7950052
3583849
3233402
5664135
4160327
4114238
3396450
4129769
5075008
3788144
5995958
5558296
3772998
4009838
4623409
2724177
3805470
4002800
3413382
7472603
4846688
5489279
5441860
3829228
3749613
3880778
4348103
7470351
5617107
3631246
4301953
5783127
6396894
5714045
3816171
3729279
3181597
5216136
5411128
4188064
2853204
4138998
4081142
3461542
4069430
4136894
4904120
5855834
4795048
8706740
3546918
14271625
10540418
3755130
4285084
3470245
2817164
3248327
5205274
3576916
6070688
4726796
2965745
4243209
4379461
3031924
4447222
5587357
3218111
9303365
4451027
15916828
3092976
8195914
4028634
3832921
7108015
8818007
5247018
3520877
2948271
6292228
4005753
3931089
7826269
4512817
4734208
6389432
6622155
4538445
6364589
3431596
6107790
18197010
4324475
3646801
7210405
7490458
4591056
15643124
4268676
4880066
5596292
5330025
4208852
21824660
4527123
4010931
2879867
5683773
4718559
7270269
4249698
4255548
7295019
9231967
3725383
5862039
7197287
6337852
10262544
5940710
3408967
10095249
4916367
3715308
3526322
4324034
4250077
3284334
2434591
3346790
3252402
3114777
3492674
3852411
4216486
5445474
3630658
4314317
3081568
3835463
3546124
2972252
4373451
4229036
2974914
2887285
2565698
3342013
3296409
3472570
2990475
3210198
3965435
4555344
3870444
3299137
2351933
3114688
5039765
3088205
2423007
3526137
3621025
3919676
2256185
2883041
2745505
3633782
2983880
3751935
2576370
2504225
5507781
4573396
3183884
4017781
3238144
3182816
4149262
3763306
3631531
2666912
3188053
3883793
3382969
3755126
2815928
3033377
3292365
2494501
2557970
3503561
3150577
3434529
2667477
2663795
2794049
3037302
3802216
2883337
4634514
3125486
4552684
3793282
11867788
2909368
3686330
3656404
3435624
4172942
5503601
3328877
2770207
3487660
3292159
4056157
3037638
4468803
4016186
3696531
3139207
4646717
3144624
2917823
2929457
2841260
8079735
4109470
3105144
3758799
4187217
2870427
3835572
3618271
3587954
3488985
3861671
2861320
4308799
5043684
3516040
3750311
2967264
4299926
3532598
2952575
8668783
3083396
3412724
3918598
2745017
2885318
3337361
3693091
4265749
3788591
2643731
3319220
3259684
3731805
2627395
4550937
3572410
3603045
3559510
3642640
3826833
3249829
4385748
3860055
3456591
3289422
3812446
3488544
2773519
4107422
2793453
4956564
3758015
3203094
3606557
4151416
3123108
2632462
3088467
3428047
3501384
3188670
4153102
3930789
2927960
3663504
2839072
3831245
3564931
6031554
4136356
3810166
3627699
3129763
2797505
7011690
2910185
2892346
3776838
3101563
3749983
4593150
4356385
4422255
4234789
3547954
4100169
3844008
2694122
4680655
3993344
2940634
2941461
3588659
3383998
2670566
2913060
5190507
3857409
3784539
4794565
3431775
3206300
5835837
3078660
5465843
4173666
3709187
3969924
3679708
4538483
3262622
3266569
3325719
3830541
2475729
3684544
4038610
3043802
3586044
3628851
3514901
2420569
3507004
4129098
3699782
4545014
3854939
3004371
3343724
3627377
3766303
4433222
5337871
3528617
2700703
3524046
3657099
3213074
4372191
4805680
3196985
4331002
3501123
3611351
3397837
4074236
3495881
2971175
3535627
3515529
18528514
3579214
4435753
2679808
3530956
3953921
3559316
3118606
3782970
2378048
3454743
3370595
3025196
3902319
2908085
3600643
2703172
4002186
3204827
2949171
2937213
3612394
3822348
3049877
5215792
3816777
3970423
3268758
3211864
3217381
3724437
4737407
2996819
3168921
2652264
3005833
3565062
3540552
4331206
3359811
3699123
3358853
5917247
3465484
3589897
3476004
3385851
3582933
3511542
3860223
2938724
4685031
3985831
2439560
4444989
3706300
2941857
3722170
3976850
4172549
3752566
5090959
3247302
3428033
3632229
2627777
2958268
4223059
4669114
2780687
3656657
3916386
3231142
3913145
3831335
2995777
3631107
2875298
3769427
2823463
2850308
2806735
3596059
3959751
3154001
2816535
2603987
3797407
2309029
3578040
3734855
3453652
2713698
3577432
3553718
3517557
3086136
2715123
3195923
3154973
3078887
2848269
3853412
2508395
3700494
4036023
3412741
3595846
2973239
2896372
3935477
2719578
2957962
4202406
3316961
3034585
2900820
3405416
3770884
3248129
3194639
2778635
3692900
4899052
3735725
3582039
3704410
3319026
3463088
2634154
3972785
3201386
3404109
3186612
2327841
3727102
3479659
3654908
4084604
2856255
2566138
3576119
3791092
2809577
2483592
2837631
2819419
2909950
2690085
3199570
3993303
3964325
3004098
3865344
3963234
2436310
4962412
2515651
3072532
3585771
2417064
3259100
4018261
2743999
2465592
3656458
3688129
3651797
3748918
3687756
2413385
2827750
2760023
4290976
3240896
3107981
2856244
3955910
2497932
2333170
2920864
3389614
3220768
3275711
3290436
4078440
3176397
3811576
3506041
3795929
2693192
2703675
3415481
2737551
3210541
3782141
3450776
3692062
4177210
3160533
2686332
3489955
2816991
3526257
2463569
2799054
2573098
2611766
4388713
4715985
3085212
3453864
3356258
3942948
4732302
2708199
3561751
2610741
3534969
3212475
3464742
5012616
2480138
3050716
3141245
2706434
3313480
2589630
2933418
3291933
3090630
2881676
3802156
2840858
3353435
3492067
3716663
2447300
4069398
3433435
2939527
3325845
4995380
3823542
3498834
3414253
2651096
3596222
2778547
3041781
3313208
2813598
2954940
2761306
3875954
3765386
3754469
3564911
4281725
2588827
3539250
2772781
3616887
2500923
3085908
2852128
3986224
2860183
3164443
3377337
3642851
3889743
2884667
3915120
2986761
3121191
3824717
3556114
3841948
2481959
3712300
2877603
3342973
3722671
4244160
3166268
3250681
3594746
3576961
3786910
3247389
3810839
3517342
2269859
4222128
2797624
3094604
4136445
2572002
3637450
3472999
2828930
2924850
3826043
2766380
5666457
3781232
2724897
3783344
2815107
3354124
2520507
3288643
2710326
3457294
2975791
5119521
2461230
2313056
2792856
3439142
3598587
3539774
3289790
2512492
3604064
3760427
2396070
2496405
2620259
3553427
2924806
4220193
4002904
3212727
2911765
3700803
3541934
2777039
2517438
3389110
2439300
3369533
2797122
3810787
3620391
3435717
4433017
4125517
7611874
3279979
3588607
3525667
2977245
3787747
3757125
5017921
7057233
3223143
3286357
3960596
4481629
4518039
3563001
3330686
3825394
3280212
4248406
2787426
3414350
2400113
3077597
3623318
3111957
2979086
3133676
2513463
3926114
2587361
3017459
3210294
2882788
5302119
3958866
3914671
4046503
4215602
2505938
2215374
2959016
2617514
3031697
3411124
3396655
2838938
3405835
6887256
3730735
2850553
4077450
3972005
2914835
3500919
4328198
3343760
2315159
3607733
2578183
2975714
3529103
3666804
2846922
3586466
8599991
3330105
3232222
3709627
2399004
3887257
3466778
2685986
3508266
3530288
3433618
3063763
3035679
3976797
3641358
3201635
8062262
3597892
3830008
3985379
3580602
3327867
2532331
2687325
3352516
3138911
2347329
2589560
3596524
3582838
3700857
3414769
3510693
3744280
3716952
3083458
3717241
3490868
3086120
3247557
3527372
2682866
5400293
2752760
2555876
3037530
3157323
3640865
3741152
3886559
2993487
2797689
3555543
3842429
3801171
2892278
3164692
3294058
2537555
2731400
3137325
14513144
3058579
3453989
2901487
4309787
5820297
3305090
3239402
5652707
3773210
2588485
3150809
3331870
3605241
4219512
3676151
3963551
3688384
3024549
3879750
2840798
3367545
3122908
3563084
2669818
3371416
3881540
3210567
3158033
3874335
3902646
3682137
3625423
3334485
4181752
3526072
3163779
2879649
3909931
3874307
5903623
4532862
4724364
2669754
4127278
4418166
3943438
3055671
6434500
5265560
3878280
3402968
3273586
2853466
2720412
3014172
4243368
4096660
2996575
3055300
3745161
3510018
4112801
3128504
3436343
2687769
3767139
2454839
3929664
4257353
3386224
3912965
4208325
2603748
2408752
2513233
3696793
3829250
5348902
3581516
3612268
3221294
3573395
3690217
3061901
2693327
2710718
3070810
3413634
4170813
3008796
2579828
3441620
3358883
2698905
3797269
5229840
2954372
3764765
3519892
2914493
3612601
2899882
3285670
3373321
3749334
4264365
5061708
4798393
4200295
4605904
3593565
3552403
4114479
4842399
5354570
3676240
11856077
4306268
4547541
3994596
4027249
4886184
4335744
3757554
3799370
3042518
3013072
4039977
3264120
3581005
3586660
3977877
3241564
4054427
4154336
4135528
3955734
3746743
3090409
11180915
3216113
6691496
3138808
3130342
3630028
3322602
11769676
4231998
4702310
3882981
4913078
4014833
4694817
4386325
3451650
4307444
4965152
4691465
3939780
6373544
4304372
3329571
4418969
3330176
2981201
4153043
4008156
3058917
4517702
2695533
3403006
4398458
4695743
4330936
3321640
3161830
3441221
12425632
3668446
4173152
5042482
4747799
4324431
4483313
2863153
3491964
3927398
3453982
6666247
5421121
3415191
5487845
4194961
2390838
4007945
4122023
4161197
3854302
3527955
3599365
3983091
3027024
4792035
3820834
3215040
2755045
4591031
7659158
3777390
4599826
5879629
5331912
4169130
3971723
5985973
3543142
8311739
4799442
5701930
4358545
18128191
4769410
4080030
6359523
4960995
7878098
6132372
5085833
7763548
4548245
5803269
5414013
5597260
4703403
5147207
5482870
5087726
5013479
3919377
5136992
4305706
4337084
5918561
3979090
4592525
5530609
4385227
4629402
4301039
5757416
6086555
4355584
4246707
4370483
3141936
5671247
5350565
3787131
5185579
3440472
4570971
6893791
4554046
6027577
4411852
5328084
4096191
4390321
4003668
3673831
3414079
5431802
3557410
5312712
5829866
4612619
11865093
5698783
4094752
4857688
4015552
4776271
4511055
9976958
3490070
3885001
4227732
4974302
5037617
4346103
3685507
3956657
4121803
3839822
3900412
3555735
9024809
5308865
4107598
4792334
3862187
3350136
2703556
3950667
4006100
3431972
6727217
4886414
4279117
4685591
3741930
3635881
3791451
3741628
3366780
2889243
3803518
3468222
2758040
4024122
3658940
3813727
2986009
2671739
3813142
3200844
3628862
3464512
3351310
3918304
3782265
3510562
3316994
5455025
4308302
2611093
3224354
3617895
3015629
3932252
4463500
3963347
4405906
4140785
5254782
3732268
2713948
3575561
4191940
2861163
5087961
2794558
4958003
3861880
4240678
3040544
4872429
3619715
5202301
3750874
3531641
3790830
4229390
4460175
2695374
3684702
14957419
4108487
3869233
3851957
3665507
4429789
2753288
3703039
4533319
3449696
2767179
3268515
3932244
4362468
3815968
3994434
3917345
2739072
3795986
2784092
4354148
2963443
3912343
3649882
3190406
3600042
3461362
4860456
3102359
3885842
3324378
3040162
3642307
4350261
4382245
3665581
2431877
3721950
4079473
3666486
4397799
2497306
2704910
2922188
4129391
3087973
3992128
3870535
3561223
3682819
18595729
3155098
3772461
2720054
3889064
6672327
4401237
3702310
2652639
3657389
3004920
2652096
2626853
4512896
2295678
2579868
3205408
3933192
2680538
3664656
3925950
4290905
2884772
2948655
3441126
2741271
2795652
3352949
2897765
3110439
2810166
3945348
3951834
4278529
9689207
3897782
10912834
10567499
3485034
3453556
2864067
2869228
3067112
3442139
3361680
6039171
3368183
2979880
3687798
3049458
3777319
2793167
3222116
3887883
3902174
3386816
3691968
5478179
2935809
2744678
3708036
8959831
4920583
3022099
3469696
3662290
4154329
2853205
4144484
3609048
3751111
4288586
4243128
4082672
4204008
9749722
4030768
5559911
3153855
3975193
3067231
2762373
4837472
3946294
2754766
3821666
7868293
3612534
3373206
3558948
3970971
4000159
9425451
4846740
3890072
3282009
3457770
2679611
3437192
3114940
3885871
4216064
3210192
2713036
3727626
3680564
3411674
2924995
2729042
3766713
2864191
3020984
3447203
2756492
3051656
4278261
3396884
2476680
3474596
5151355
3711743
3877904
3744159
3757953
4069708
3741804
2647610
2474720
3168130
2931468
4068187
3829827
4607967
3264541
4025022
3661895
3221423
4167126
3701320
5154088
3788698
6152958
2973018
3806868
3269682
3648402
4253383
3133488
2982717
2601207
3768643
3276196
3826455
3319626
4054062
3855909
3375441
3554281
5132484
3299069
3197328
3435843
2501383
2786200
2678330
3625485
2756938
8064010
3771902
2369726
2598724
3603764
3634020
4066783
2690854
4736152
3667458
3538159
3015926
3978756
3561773
3053728
2768672
4288957
4790540
3743642
3647217
4173781
3489843
3140058
3536723
3438194
5222530
4135032
5094588
22188483
4675253
3844283
2836868
3772370
2916689
3126432
3489670
5651651
3032444
4275550
3000083
4507092
3407668
3829371
3193794
7418530
4111971
4137971
3789103
3413411
3185282
3084229
4115367
3577692
4097941
3402196
4222846
3872526
3753969
4246869
2999532
3405639
3860657
3271179
3718364
3692483
2842540
4691473
2630610
5842102
3573739
2849242
4202225
2339490
3708244
4394909
3980426
3599801
2767943
3739409
4392236
3564430
4431289
4032259
5288907
5258536
3513343
4543845
3048190
3523597
3251362
3017445
3861305
3464718
3822737
3902074
2877700
2775197
3512537
4073018
5259413
4330800
3306610
3127855
3482353
3511996
4646115
3428823
3753369
3595689
2427992
2614443
2625125
3461313
4544800
2426046
3316949
2801284
3913246
3542005
4590138
2833420
2647422
3087052
3483802
3243585
2587528
2756390
3984990
4247443
4068854
2901673
3210205
3456421
4036164
7253767
4558303
5275149
3632445
3165832
2941724
2961137
4127384
3309866
3674397
3177915
4429954
3703900
3341797
2657278
3418179
2800114
2639714
3153605
3956686
3129481
3255178
7900703
3836330
3679599
3923446
3872428
7826292
2566834
2811558
3822981
3697999
3973691
4039959
3597840
3306103
3018358
4257606
5014131
4912766
3338370
3613744
3267076
3287706
3602594
2449706
5439379
3191881
4007090
3278454
5155151
10805472
9084251
4221836
3208059
4409405
17245467
4087107
3027219
3508952
3753155
3271895
4300172
3325996
3566621
3565898
3375863
3386401
3602301
3342259
3285696
4315917
3326219
3874215
3855385
3135062
3761149
2562195
3907774
4133993
7693545
3498610
3443224
2902774
3641206
2731313
5637778
4178908
4706226
3725791
3597062
9864806
2907574
4391787
3707713
3083753
3125966
2287281
3558882
3406544
3154428
3697830
3312713
2547819
3144137
2735880
2579831
5861729
3447113
2664765
3176945
2945561
3677045
4244216
3653484
2781963
3484157
2701650
8718962
3805754
2837006
3818362
2911720
3376625
3490321
2981389
3033825
2719974
3596583
4699749
2962894
3997919
3698224
12360593
2902430
3860603
2850735
2507183
3994741
3519509
3601597
3016610
3468081
3342403
4825335
3436436
3869134
4071268
3440247
6622887
4343066
3785428
8103134
9246038
3614639
3893279
4233390
2855782
3926278
2719775
5590435
3123986
8107268
3417110
3344596
3290905
3729926
4346746
2896461
4867585
3904248
4869057
3182917
3043088
2783224
2949888
3931447
3401660
3507567
3460839
4034128
3908293
4231181
4461237
3931154
5362690
3968765
3267974
4195546
3520152
3481386
3365593
4123999
3465701
11065169
3445242
2977192
3666559
3887697
3690126
3158387
11521791
4341575
3215220
2514958
4756808
4175331
3057177
4151342
3428663
4156856
3863009
3704039
3779304
3606730
3882977
14598540
4114650
4095030
4197797
13422853
12137726
4470737
3913663
5355374
3917980
21576551
6790736
3974977
3789020
7373558
5276517
5573413
3717857
15353411
5929462
4183484
5600157
4466077
6558167
4384552
3078521
5819876
10732755
4567465
4217642
3405868
9515282
9181542
12488893
12822261
12082630
4612612
3493412
4798938
3977806
6079062
4221367
13432738
4996643
4907954
3612040
3800421
11595995
3231865
5127709
4972891
3312925
3702181
3408932
3237619
4743748
2886327
4332794
2469163
3763049
4363086
5053458
4841546
6247086
3991506
3258711
3358462
4478395
3841492
3660301
3311725
4078500
4411177
5613645
3850567
4116640
3784115
4394417
5259967
3192703
3136364
2815449
3907011
3690836
3349077
3972739
3633379
3305441
4910615
4275712
4186999
2723368
3158451
3571127
4736953
5005930
3779876
3922458
3352851
7949560
3260327
4616404
4589476
3352003
4596078
3886651
4114780
6562786
3547551
4825067
3694759
3797620
3401452
19047105
4308619
3310668
3971000
4103020
5212055
3266725
3905946
3408336
3100700
3832010
4054531
3418562
3927586
2993700
3102081
4328594
3829965
4045311
2939760
4207608
3415801
3876688
4272173
5105824
4416542
4120442
3987779
3240597
3843219
3906782
4037817
4960698
4245087
3838153
5246401
4212596
3166161
5440022
3924324
4495128
3209076
11253878
3182316
3919970
4066730
3992126
4576224
3060156
4134655
3248907
2839997
4124694
4274146
3959894
2927031
4189357
4345056
3333639
3858145
3243694
3202968
3456957
3989396
4205723
3691436
6535843
3870086
4415497
3605835
3857365
3459284
3672037
3748697
2978407
3696156
4056547
4551286
3253343
3837327
4145336
3643925
3850118
3140281
3081738
11588705
3577917
4011165
4728686
4318861
4103759
4061577
11092758
5333607
4416772
3069681
7517453
3234661
4964589
13848047
5221219
4278148
4456873
5232076
11247693
5600159
4769460
4283437
6708504
5889762
5047271
5143108
8745840
5425723
7599867
5423923
3125251
3620926
3641157
8396571
4370230
4591080
9940146
3126597
3306888
15452737
3496525
6858588
3561560
4097502
7938259
4293640
5739777
11865805
8500470
4044410
10937341
8482681
4775472
3855726
4175608
4020322
4025826
2812635
4833394
2864867
3625404
5431932
3862191
3412128
3733394
4780940
6227814
5114668
5384182
14576561
13605056
13084859
6299533
6645068
12481231
7283062
4539352
3307314
4485667
4643455
4261445
10073002
5209830
4150738
3714513
5429030
4601591
7189303
11307004
4332989
8106359
11774393
5539889
20597069
4229557
4441224
4117332
4631071
5629063
6000015
3601535
5167967
4719101
7040788
6385168
3856353
9374256
4111874
3710680
4305808
6409098
4510130
3873888
7323804
5729846
3783085
15006503
5129161
5678017
4566852
6102836
6254409
12387608
4871443
4483887
4712246
4322559
4276986
5977522
11931940
5117406
5162682
4282006
4985009
4503721
4637674
13503795
4144345
2772517
4076527
3512813
5794731
3438820
3649301
3346552
3431306
3147168
4391882
3871010
4249032
3567285
2787226
3742924
2721221
2178195
4554879
2487981
3601496
3574893
2958534
2402294
3406479
2621648
7308233
4676618
2208790
6204652
4039720
3670227
3914045
5917966
2674336
3506837
3238687
2375599
2751511
3509468
2912853
3357422
2659304
3047292
2470932
4092888
2691438
3075721
2218750
3333895
2938764
3383756
3099679
7106088
3391269
5132220
2609569
3992024
2896739
3694900
3158293
3227314
3323659
3274829
3136390
3118944
3121222
4645609
2743476
2290751
3501553
3204965
3216761
3733454
3910105
3178457
3170162
3595509
3338636
3621040
2324954
3106134
3133068
2732480
3205360
3409243
2843677
3207505
3472549
2403265
4118321
3229043
3521235
3162594
3583446
2829032
3481319
4217941
2728051
2614751
3835147
2721052
3705715
3311884
2393079
3290312
3352315
3991046
2869943
3414304
3492569
2295051
3632756
2260776
3120946
2428653
3065106
2545991
3221763
3085128
3284698
3926235
2501918
2571231
2942112
2745982
2301399
3011141
3959453
3169164
2440869
2857999
3688199
3793733
2607609
3366808
2638575
2355881
4222171
3324364
2921778
3126009
3422194
3330289
2801312
2662429
3048386
2304008
3295578
3352127
3245659
3316140
2387246
2966786
3288127
3296200
4973526
4197423
2928695
3073354
3035014
3225614
3781010
3157424
3894137
3035466
3297048
3591573
2257480
2751747
2777879
2978068
3370628
3157318
3452215
4420863
3329443
3464568
2778321
3088778
2416691
3969432
2424044
3246324
3182990
2806268
3050925
2726064
2782615
3413140
3046835
3054583
2640566
3444037
3527987
2295760
2617094
3330429
3247687
4011880
2151498
3288414
3019034
3177014
3124875
2957211
2850773
3319631
3313782
3483215
2403280
3453061
3457163
2641057
3284083
2759376
3210598
3326591
3483354
2330193
3469203
2717967
3772177
4366572
2942739
3731095
2876555
3346526
2388107
2403994
3132606
3197538
3525736
2657456
3221221
3163927
3354305
2686370
3440808
3446617
2570636
2794400
2383359
2956233
3732104
2829565
3244520
3209983
3159027
3190758
3484142
2506223
2571562
3171251
2748702
3374623
3169391
3590679
3554703
3172298
3268188
3129191
3400824
2988402
3312627
4129766
3409078
2785135
3174744
3148211
4137691
2639671
2608571
2484934
3140969
2886308
2942770
2543785
3225517
2403320
4162851
3719566
3712445
3737827
3633365
3094560
3275661
2758252
3612303
3695381
2503827
3081964
2925220
3491762
2920538
3279658
3226940
2518342
4210754
3198192
3417932
2440242
7526006
2606566
5159029
3062238
3178831
2665308
4708502
4022629
2652076
2743406
3006025
2958567
2959855
2693435
3246858
3775129
2751054
3483276
3338326
2536743
2841702
3818742
3515562
2740790
2670513
3171791
2441999
4562077
3186875
2364485
3525105
3816312
3284684
3621555
2664046
2980883
4140762
3001345
3314559
3319154
3280623
3139833
2385989
2315938
3140800
2572764
3335392
2486554
2878410
3308439
2706215
2758582
2992421
2686525
2425728
3358469
3388779
3249805
2548638
3414945
3875441
2627856
3272130
2494339
3108538
2738471
3951054
3681438
3696004
3313562
2960466
3175853
3271728
2514067
3496538
2468315
3452946
2882327
2711687
3652708
3377267
3583101
2709379
3282442
5736600
2366711
2434798
2969675
2180165
3613422
2347344
3797938
2493452
2846892
3667038
3082333
3584328
3163170
3488538
3505835
3199956
2477509
3063409
2578873
3087907
2851446
2629647
2816849
3237236
4023319
2927405
3276073
7488279
2918940
2665359
3193991
3334315
3045289
3007173
3170341
3630815
2765874
3109789
3233903
3108526
3129548
3125594
3337390
2632166
3233818
3392741
3096047
3145672
3304222
2819176
2845266
7828749
2859002
2952394
3334318
3047057
3693983
2772318
3207387
2940051
2547581
3262775
2815224
2973337
2763243
2083353
3056068
2515335
3330629
2145992
2677836
2661739
2949447
2096992
2760636
2714892
3319146
2735600
2417109
2155258
2682406
2242661
2002686
2231401
2153843
3014594
2628681
3322698
2100434
2252513
2653786
2530566
2765745
2438079
2735587
3015441
2662548
2717009
4743549
2715667
4128029
3832695
2985113
2810283
5498186
3646721
2916780
7908547
2812767
4209675
4639945
2920612
3196988
7167796
4170897
4243997
5470744
4791647
3587410
3888559
2858562
9708350
4739380
4347996
4161293
3703295
3725095
3949981
4013456
3061441
4090018
4035881
2717726
7251980
2849538
3962258
3579396
3882533
15144995
7016025
5139886
3524552
3768140
3071849
2853502
4383291
2766103
3150927
4236059
4400718
3268470
3417232
7390952
4747439
3933575
4448000
14933088
3353735
5452536
3165190
5218420
3413862
14539877
4232305
4469108
5689265
4060753
8895810
5448182
9937004
5146818
4528579
5026887
3411586
3979259
4854409
3103714
4735037
4358645
4460900
2979692
3627798
3809096
4566635
3655876
8451198
3747265
3892912
4805002
5219239
3840873
5865937
5392368
5804496
3940606
5799405
4095696
5959436
6682171
5336327
5131053
5490490
4047648
4472897
5122903
4731343
4472620
12549306
7484018
11260615
3601254
6561548
3612426
5461169
4826125
4723972
5369057
3491907
5855644
12710906
5004187
3118306
4922080
3532268
7958091
4624585
3952785
4646620
4540192
3777949
14659922
4390181
4428547
5325867
4420141
4565120
3563363
3243879
6358163
4673419
6546448
4402598
3066222
3763840
2891719
3876431
4654064
2823136
10352186
4454564
4026073
4108529
3171433
2966763
4772756
4271626
5550618
3653955
4428141
14752461
3322883
17594936
3562870
3903783
5214563
3409662
5031541
4324743
20904178
3910303
5440868
3467505
5944359
3471542
4178474
20496192
24860102
3805919
3794122
7319605
4028001
3499501
3830581
2498599
12958137
4486179
3733761
4482109
3279886
6956449
3607655
2995054
8890892
5976288
4576167
6551839
3822869
2902257
3158986
5097545
4823422
6514714
2452647
5562351
2360034
6285566
4293739
2971890
5975894
3586699
3276865
3920659
2652699
5237100
3774502
4355843
5739772
3285995
7140304
5098294
2662099
7958412
2364384
3621211
3493661
7772149
2495326
4412836
5030074
3290196
3315150
3574729
3286286
2517725
3261291
3478510
3134159
2575385
4039826
4781810
3258238
2957151
7675421
3849384
3645293
3943177
4753526
7142691
3496131
5017127
3668538
4656687
3320452
4189426
3631753
11251352
2967717
3211889
2948622
3321938
3422792
2464826
2423145
2171086
2663421
3459880
2927187
2069700
2926539
2686664
1971471
2064347
2521398
2039286
2769085
2561679
2273666
2470990
2328053
3040823
2304013
2732523
1855850
3104895
2762545
2280754
3455088
2161828
2085456
3185097
2116707
2627901
2447296
2267806
2142430
3050064
2744623
2665988
3098145
2439278
1875238
2294324
2216303
2155981
2744097
2039645
2584003
3105063
2867136
3750915
3529714
5675545
3335700
2998295
3314635
2884602
2686709
3700153
5184948
3388658
4460226
2685818
2326570
2151940
1861517
2269927
2592167
3043877
2644887
3280236
2051924
3215930
2390929
2834478
3970684
2868757
3558603
4644579
4564107
4502414
3377455
3520844
3497266
3772035
2449497
3687832
4069789
2849012
4006672
3968883
9429777
2367021
4252689
4488767
2849874
3474550
3548339
3055026
3654237
4012046
3508172
2609330
1832611
3416043
3551358
2431248
2434964
1985443
2963556
4049616
2148182
3143649
4510931
4453031
2706814
3459002
6508032
7245965
6933883
4479181
4498081
5286749
4598747
3599650
4680306
9600468
3647095
3313684
4448404
6061923
5377936
3536263
2593804
4527382
4498618
3189535
3770374
4179281
2668149
5776068
7113658
6967234
4017439
3543884
6623445
4936568
4786905
3964112
5994872
6269884
3944898
5218473
3740318
7268744
6561119
4302015
5206994
7068638
3686569
9348048
5953572
5325665
4068400
8340817
4628798
3539273
6435119
6924163
5241364
3688036
6219599
3801974
15403940
3023528
3976826
6548445
3741615
4044673
5472629
2892908
3670411
6726634
4696738
4729370
4471019
4036270
3513050
5486250
3490322
3324900
5603729
3387430
3132389
6110890
4462803
4847944
5709568
3956896
3170445
14474766
7595453
3513737
3244433
10831614
4611043
5176421
3778247
6873045
3653129
5491532
4434695
4629971
3962323
7794511
5318900
4251731
6622059
4725248
3853519
5342261
3928430
5664728
5310639
6903490
4368511
5301653
5985923
5460254
7128597
4536617
6518449
4124640
4505003
4396060
6813182
4552636
4686550
19913650
5301526
4534700
6229433
4125630
4577648
4666844
7830330
4693395
4023933
5936966
4539845
4679285
4915891
3844245
3799804
5219496
6206615
6236065
5533405
6281971
4317032
4305246
5467674
16454351
6732452
6594376
6071663
6048780
4639449
5360420
5834913
6310216
7439850
6565792
6184903
8648739
10676772
10109766
7778083
6575504
11390868
16479957
9287860
8303312
8302697
7936395
6597843
10491714
6403981
5635917
4612036
5036973
7542472
5810520
4412027
5386532
6980194
6164352
5565628
5674212
6611245
4900273
5983211
7309534
4707996
6911613
5773363
7716927
5512824
7478492
5634077
8410027
4697402
6520697
4226997
6109468
4828513
8889044
7537999
6271826
7551949
6453555
4864955
6945285
6484179
5303479
5320472
6853036
6123728
4738747
8677799
5014311
5778536
6473695
4309479
4529638
5805926
6029110
4660879
4838014
6526195
4129508
4079240
3822645
7449409
6125334
11237569
4229219
6248112
5714624
5956574
5958071
5821061
8665217
5401000
8083085
5133346
6959748
6522300
5556937
4281383
6480546
4771493
6109393
6736269
5111216
6704507
5093050
7216870
7233595
6727753
6678118
5128642
4592601
3600019
5013942
6512867
9857978
5138332
4740710
2818601
7286954
5068557
3574461
3510318
4626958
3417863
3491248
5171392
6046741
5319395
6380281
3724240
3924691
6962237
6475458
4374993
4028710
7141346
8013587
3516528
14977476
4686069
3651040
2969167
3223658
3923148
3637224
2745607
2791969
6627341
3049099
3350962
5236021
3473285
3481212
5211026
5316949
3247797
3692634
4671805
5135464
3176181
3434373
8617052
5339054
5086044
3589993
3112276
4482690
4005883
3967319
4875169
6094395
2834237
5084218
3675938
3685573
8155353
3670288
3544747
4402552
10395872
2843417
5088414
3084374
5654337
5018266
4245483
3369018
4777805
4095795
3433081
2892347
5580139
3510107
2782730
4668539
3710779
4419038
4693557
4633097
6362463
3070044
2936521
2422486
2760054
3189432
3370179
2761595
4742070
3514622
3186590
2715937
3051189
2477216
4862501
3613873
3768460
3568418
2572386
2956509
4093556
4812607
2619910
4231015
2959999
3651494
3302740
3097534
2876950
4337408
5111046
2974498
3431633
3902864
5331492
4312462
4610492
3565043
4014158
4934573
4498204
5409258
3886016
6143838
4798233
2470432
4446772
3773658
4858259
3340093
9019877
6545964
4975853
4275295
4027922
4601835
7126626
16693608
5016335
2045605
1435955
1774928
2048563
1194719
2323120
2140646
1288349
2684927
1554558
1633158
1490234
1263222
1797747
1552160
1336688
1510468
1486092
1649460
1233611
1345494
1788384
1124641
1305588
1582925
1641944
1326136
1171971
1119475
1137605
1219261
1564582
2477886
1676180
1244388
1192023
1573779
1716173
1316359
1182831
1252263
1270451
1186594
1176143
1576818
1188438
1667023
1345376
1695385
1689478
1617520
6320262
1743957
1516245
1648758
2509278
1693570
1305419
1427439
1333277
2037584
3380507
2441230
1520524
1424135
1771183
2041144
1502428
1120338
1217552
1397113
1238409
1381949
1731456
1509957
1000467
1268243
1356151
1234358
1082322
992770
1081665
1408295
1612663
1436401
1359281
1169337
1155878
1178775
1075262
1539494
1259562
1020575
1096809
1264397
1481245
1477933
1465203
1049878
1433216
961612
1241978
1772963
1337777
1106150
1297858
1120660
1265312
922544
993407
1037592
1242990
1497006
1485009
933521
999752
1217017
987309
916337
867913
936692
1169708
883216
1120732
1339910
956874
913696
835093
891266
962762
1275347
992259
1212951
1266372
1229119
1139745
1340184
979947
1240457
824935
912969
925234
888127
978379
1033387
1144530
891492
1046845
964873
965998
852793
979770
1125075
1036133
1122436
1186837
937016
1111480
1152078
1020052
1233275
942565
918910
914700
1208614
1099653
898106
908178
919151
1181156
1170124
1221037
919279
1612019
1144915
881258
826600
949105
861560
1116739
1239319
816989
1625225
1006706
1197947
1195825
1181108
1173478
952588
935852
853928
1307619
1051794
1200221
1249355
1158740
904187
1105701
944840
968893
1140986
1168603
985949
1212187
971073
1238655
1033414
1222310
826371
1223975
1109070
1194341
1178858
1156070
1401441
1127168
1073415
853132
1070119
1191234
1191777
1219413
919005
1087124
911256
1163464
1063419
