14532
23940
15029
16777
13867
22235
23616
71370
29305
15884
26382
16302
31578
35171
38031
37120
25082
27453
33285
13309
32520
38409
27203
19676
25613
15779
17022
30598
15946
17806
15553
24673
26142
22425
44551
22030
30480
19766
32654
20953
15386
125667
19249
18925
23623
17483
35282
14837
25612
12348
23392
15372
24761
29622
12188
15172
36142
33949
13293
41250
25046
40344
17649
19638
28864
13534
30729
28397
30704
14644
15690
16618
16991
40037
17437
21218
52334
30329
27171
15106
31878
17914
40335
16362
38272
18776
22350
16268
17670
36921
47563
20950
24806
13678
14968
18792
37653
27862
17911
17949
22104
29208
12992
28008
17235
15796
18553
36172
18553
10705
18217
35143
17801
34728
17503
10214
25477
13830
16283
29228
76183
29453
39602
22061
14919
16206
33045
52009
31225
11713
73910
29359
54802
28036
14908
16314
31242
15092
14318
29038
28324
31311
9994
26943
28575
12486
12725
26059
16310
15138
14822
15078
42786
34165
31082
14914
29340
17268
27785
26508
33652
37842
14405
25521
22508
17043
28095
33837
32594
31832
28737
28923
15838
24849
42460
31710
43629
33672
14576
16525
34664
15397
36268
14975
13711
17106
29349
15602
29066
16646
17387
17499
29953
30077
33505
16612
30839
34887
30367
10560
32073
19817
44982
16840
25727
35905
30451
21997
41062
27791
32721
18402
12587
25319
45970
20251
18343
17067
13063
26026
28702
19053
18150
27612
33566
18622
30478
14960
26502
30438
13830
21543
14186
22387
17312
19925
26067
30478
20574
17393
21217
13805
36045
22855
36013
23647
16521
18882
31666
25506
27178
29015
30682
26580
10241
42214
22105
35127
33025
40738
24998
21796
27340
21443
17146
36886
18291
19462
27951
15453
14090
32800
41363
42676
18203
17251
16007
19023
16171
49204
13075
15376
12945
15333
29230
14356
15809
20420
16995
37479
20127
31219
36236
26820
26013
21314
15290
17003
22229
11452
15136
14973
28637
25504
17045
13036
50434
13745
30073
10358
59785
34730
13337
40535
22508
13390
27704
53679
13606
13600
19549
29270
28322
31811
24670
16888
26559
22152
28186
31898
30174
25339
16904
24726
14623
16712
18127
18577
33941
18422
15881
14860
20749
45062
12669
15987
14236
14021
16045
19572
15483
16643
29251
19324
31793
13413
30149
32321
15378
17937
37711
30955
30188
14354
34559
58033
17812
10017
27805
20212
34468
47669
28238
29946
27328
31007
32960
50510
21667
41271
64357
30879
27683
25250
30883
28691
26622
47732
26161
37914
28977
30647
37201
48290
42567
34074
26748
39943
43412
26976
59361
26760
29691
36286
25486
44328
27360
25705
31003
29148
25416
24563
34205
36210
35663
40891
23370
31326
32049
36431
44802
12733
39630
26494
17864
45817
55741
36721
36242
29852
34289
14664
39031
30940
17861
43231
51761
16022
28357
36325
12702
36148
45231
17140
31659
12445
52410
19384
43962
39902
16188
16955
27581
53483
21573
31074
24028
32282
36524
22930
26158
39781
26697
35899
40870
33725
30575
34619
36570
115173
50696
50525
35833
33357
32082
40048
31486
35017
33600
38526
30742
25211
82907
434497
25957
30444
32423
29717
30732
14901
32500
45448
1821807
24332
32476
43942
30329
34922
33928
36617
32440
48544
27461
30526
26320
38636
35030
17921
36955
39259
26457
47674
27230
30274
30751
43410
36618
35294
33971
13705
43597
34663
56387
31284
29055
29395
83986
36128
32466
32331
50581
30573
32520
45280
40876
34962
39855
37911
180270
36412
40167
34052
38784
31180
27978
52851
75311
34630
27335
41380
32292
33681
49637
35980
31448
32278
28529
36906
16328
31285
32999
37729
44215
29720
31581
32986
33002
44478
70791
36936
30657
34246
24907
37855
55936
36815
44652
60425
38509
14959
37699
30937
29518
34914
24170
35524
28135
25560
39724
37347
25176
25833
36456
43569
32543
30505
82213
13093
24435
36351
31206
27852
25466
32800
19348
36995
41479
42476
16349
23447
23629
29664
31314
25954
28336
29624
25402
34262
45711
32511
40222
31638
24890
23483
25911
36414
48505
21845
23345
35211
27687
24280
29314
28121
26308
60420
32098
14000
28672
18511
9710
45425
34528
44652
29847
30110
26001
29132
28059
25559
26431
31498
30896
27530
34276
35735
35315
28684
27621
30501
35181
26606
30000
29753
26579
32483
25079
28925
24945
32872
22070
23770
26717
26226
31368
28366
39053
34200
22846
32497
44782
44072
47003
24814
31044
29054
44592
25343
29935
27949
46795
40918
30315
22846
31293
119879
22847
24577
39484
31517
29755
27374
25639
29672
22448
48908
40816
44775
31041
27673
22781
25657
38089
26341
27265
28197
28692
29269
36822
36782
45601
47859
31282
33462
40584
42892
52086
24726
28193
48585
44837
28079
52338
37335
27559
47902
37685
28430
32469
12461
30838
27117
29631
30416
33274
27140
33186
29386
28953
36111
27292
29882
36499
26778
34125
33217
24596
35847
40495
59106
45456
40346
29415
26681
27308
30981
25766
72826
36122
33239
27322
53961
28547
27186
36079
26113
39715
54906
32935
28746
31522
28631
28084
61600
34264
47635
29624
32156
22439
31490
32632
32044
24801
46407
30707
55060
31368
40611
37221
18862
30468
28957
29141
29857
28755
33257
28345
49138
40276
38067
39267
30254
29278
43768
62486
32340
36399
31046
41735
51822
28575
26726
21725
31004
35713
45057
24789
20207
27607
27870
31833
16785
35011
41407
28635
29505
33080
30505
23506
38241
195162
34205
30102
29979
25414
49166
31839
25868
29039
31018
30411
26629
28136
31584
30040
37831
31049
35696
78078
15187
36934
32100
32919
24335
39591
35353
32733
35863
24540
33025
38825
36054
33489
48310
36431
54426
29153
25784
31423
33195
27205
32833
18754
31753
34567
33282
48737
34365
33202
35542
37411
26549
42501
35753
32484
27406
50230
39745
35810
33913
33312
32086
34414
35728
16419
17742
33438
57620
30840
43813
42382
31105
35997
15830
34146
64119
37730
26147
29817
42476
41240
30913
33141
33459
35942
66839
24965
37594
28188
12552
48412
26751
42027
42410
37432
43956
42492
34916
28697
29748
65972
35339
24689
28322
38853
34530
33954
40583
26319
30083
38454
28695
28321
24543
32490
23168
49130
26690
26964
35461
28833
31399
43589
21444
33548
37631
28131
32077
26114
35339
27040
23901
29059
31170
32006
13345
48450
25843
31537
133406
24181
30522
30200
32939
23487
24954
27889
36156
20263
28585
43743
17974
23607
28417
29116
30049
22251
34824
35412
32433
91257
33826
22572
28795
30897
25635
14902
31268
29334
32131
25282
29276
45998
57742
25494
42104
67070
31383
28196
38353
44535
26276
63282
24613
23978
33740
22728
30783
49412
31317
23776
42779
35341
25553
24452
33954
43970
58988
37155
30918
32564
37850
25099
28769
31809
43891
26446
31348
30400
31606
33343
34415
26198
40533
26780
33583
39592
41973
29857
46410
22857
29946
30818
23841
36127
33295
29192
26057
31706
45316
47394
24518
34977
45775
28135
27027
20774
31675
32018
33554
31506
31845
25087
30663
60168
23208
23084
28907
26402
27492
31699
25733
60960
43028
27259
55717
35266
26272
60466
29329
30636
43733
30561
50413
30098
36295
23724
46500
33209
32066
34543
43512
45279
34517
32482
32989
36357
25058
36206
33990
32984
56003
34629
34093
29527
30463
25308
26375
62412
32686
39597
40862
38260
25390
25474
27546
64685
28707
36151
29463
46604
44290
31749
21236
28714
29488
28685
43975
33194
34584
25791
31599
30734
28948
28557
22772
28468
25489
32378
23542
44999
61429
38190
32642
36412
31905
24245
40473
28401
32936
35545
41565
29700
36125
30817
34208
27921
39003
36652
34028
24668
29274
36059
32772
48003
38080
42988
25256
61232
33638
23115
43801
29600
58162
35249
34225
39518
32755
36865
31282
36492
37784
43005
47192
25567
74369
30642
23456
30118
28917
27228
28180
27365
27315
29463
16564
60406
29948
31789
26249
27818
34193
40378
37128
27580
82653
42360
27245
21598
18368
20398
41373
32955
30554
29511
28246
81706
358114
27161
31089
39895
31707
18247
38705
27518
16374
51704
24446
32131
26457
33918
23801
67030
44266
25207
49392
33878
28976
24991
27000
42161
27696
28825
23141
88744
30212
26319
38856
57600
39569
32670
33627
21448
27174
29947
24296
37839
37904
29358
32544
29096
24511
29633
29177
26452
33224
30128
33641
29777
26301
28958
28305
23005
39279
32861
22077
27815
27925
24716
53573
29418
22268
19554
49194
23375
22333
28295
28577
21146
34202
37663
34133
24169
26453
34451
26659
29598
51070
29206
29671
28458
17430
29043
14168
32113
36422
117966
14488
45267
28995
41558
44665
26349
28637
43282
18120
25746
49071
30740
32387
32195
32249
31788
50407
33139
43116
35430
30946
33630
45233
26391
28705
28519
36429
50183
33396
23603
33729
33114
85018
27890
32987
29520
31868
28392
40048
49151
29700
48212
25585
29904
32084
32644
47218
40354
57129
39713
37274
35988
30789
30465
38007
30585
23437
53518
42743
31429
31218
46061
35171
54462
32951
69198
31007
30955
35972
36934
39223
30647
80144
50063
37442
31513
35020
41482
43143
24225
35413
32362
35811
76508
25710
29646
29682
41850
45053
28119
39945
30766
24785
28588
25356
32963
38813
32880
37222
31949
52757
27625
40550
41201
55558
35580
32774
43137
41948
28973
51980
42279
33474
53867
24303
39253
75976
34918
51011
47309
30589
47264
26552
45128
31137
35401
31732
48468
39828
44510
28215
43090
34310
45652
72134
32642
37428
31146
35029
36019
27338
37830
30971
38870
29735
45775
34599
32408
43515
33902
35328
34784
40640
27590
36787
38022
31367
38115
69263
23640
33274
45807
41195
32229
67844
36447
32038
39059
15077
43661
15499
44133
55515
30159
35144
31855
29393
45411
31288
32137
151872
41574
34582
45512
32671
48224
44237
37135
42616
41978
34515
39971
17801
32333
40602
33465
38670
34339
42301
33438
33965
37940
30075
26107
22453
75715
28212
51503
33886
25886
35032
37390
37082
23971
32120
33070
24686
45183
59223
13027
34590
28543
43581
43854
31665
30704
29164
41622
29907
45496
37851
25897
35909
45069
32677
32762
102951
49605
46840
46891
34251
34987
32303
32525
32798
29200
46809
38350
41515
23488
34751
61887
36061
127578
23609
30120
33885
57206
31749
89915
43064
37257
40904
27042
58473
31522
44731
31267
33045
38167
37073
42589
28871
33254
45329
28893
30726
29740
30034
32315
39095
37093
34650
32010
28724
24276
35160
32810
37168
27540
40557
29483
80828
28039
46328
36034
32704
27515
47034
36281
32123
48509
36821
25979
57370
34019
28200
66657
32651
32836
36824
34423
39780
31223
25938
25000
33984
51821
39074
50278
51443
30129
37257
31108
27369
25647
29533
27785
60743
40729
31582
34545
28590
32032
44489
51553
32092
40068
44512
38244
34680
28703
18244
38764
29763
34224
64994
50593
35628
36399
27308
34186
30974
30446
47794
22837
38481
36782
44264
28275
34536
48515
43085
30089
29964
58578
30140
36208
31073
35571
61056
30402
30484
26550
29454
47448
30980
28896
40756
39778
24659
49561
39246
33364
26106
38577
28581
38422
41769
32286
28577
27167
26093
38360
25172
34775
29555
39493
47947
43865
55472
31522
33628
28923
62073
27644
31987
54501
36302
30260
28234
36730
34271
32242
30147
30685
51126
52089
40744
58297
24894
40619
29931
35606
28712
31311
33526
52052
54300
42050
41911
40916
34427
27504
48617
31104
35035
35166
23348
65034
32278
49387
52470
34527
38213
25818
27257
38317
45081
37414
74969
40840
29117
34065
39073
29465
35558
32335
36491
69839
48633
54794
39073
43333
54286
34182
39436
15525
34194
39957
19638
34383
29333
38920
29265
30713
39820
30272
30677
25447
32709
35282
32996
36634
37158
47281
36774
58586
30659
38989
28530
55095
45007
33205
28082
39257
31838
39420
28335
28442
50108
26116
54959
30389
26921
27889
40159
44936
28474
22224
33756
42128
33180
41163
49934
37952
38958
45232
40855
44837
37635
35167
36507
35386
40211
38183
39975
35776
23517
49206
32149
553449
40356
36061
29414
27122
38892
32088
35866
43789
42533
47921
48113
29415
59369
31128
447829
23371
30081
36064
28659
46537
34800
32737
969566
24276
462874
27888
70207
31085
44619
22067
26006
25531
31557
45003
32118
32555
38001
34838
38645
34252
610019
58492
34474
37573
835734
31879
662901
277208
27803
31410
28110
39871
29054
35166
37715
29064
31414
32253
32478
49215
14798
24611
34180
39850
32649
321018
28453
31560
34187
23211
35925
24523
65093
25944
32904
30321
34580
27346
32063
31140
16832
46178
36249
41736
34729
31632
29885
52681
27933
29628
31392
37950
29874
21142
26955
63159
34912
39789
28610
29519
30372
31967
36350
26759
30648
33821
60245
63246
60347
61295
29522
42558
41617
48231
28026
26752
27410
30871
36703
86960
30951
25088
29357
34327
63512
30297
56496
29552
29478
29879
37885
33121
32948
66703
27456
36068
29711
27941
56446
32616
31405
27204
29607
31106
27711
30309
29243
35096
32474
39761
34009
29954
26023
33281
29989
30299
32181
38937
43331
25772
21757
26467
31611
33403
34998
54329
40176
34576
33835
36022
34771
27140
32947
41413
37174
26244
37444
30017
13322
34883
53507
43484
24727
28435
27215
29096
36239
29698
44347
28040
37158
67861
25549
27071
45543
62336
29586
29460
29690
29062
17043
37412
38271
32173
31074
84956
22828
21933
49146
29351
35235
29236
46359
41111
29273
42788
47962
46935
30653
41385
24692
45815
35474
25711
50592
37556
51322
59289
36121
29671
43291
38320
34935
42029
30757
32601
40903
30802
26017
31967
32314
64685
34971
29543
30795
34833
42634
43303
35452
31103
31819
30442
26458
32946
25483
34250
27950
47910
33472
33262
38617
32463
24033
24512
29964
36715
48665
31394
47488
35231
55410
29411
32412
33069
44928
28922
34793
41637
37628
38289
45850
27539
32119
39458
30023
56789
31241
44353
47498
26758
29950
38468
27410
34522
30637
35175
30610
35160
34026
42279
39104
33936
32706
30917
27545
33623
33687
28561
39728
28683
34756
43474
28010
25727
39808
30309
29738
49758
32029
46257
44787
30812
22301
35003
30099
35320
39023
30767
45371
27657
31016
29366
39653
33545
57796
45283
25802
31994
38209
26309
31655
75968
28536
27907
31579
30471
15902
21601
31817
27995
28954
28381
27727
41308
41430
41977
46279
27375
30946
30157
47381
30836
32916
34268
26986
31226
33521
21826
41524
40873
31142
47745
27002
37784
33360
29482
28783
41535
31056
32120
27224
28701
31347
30538
34394
39195
56848
35772
28101
48308
13457
17141
23536
25651
36993
44869
33747
25333
22979
38528
1782781
37337
36031
31067
30370
43074
37253
36527
31307
29222
43013
33419
40446
22832
30292
16840
13128
22805
20745
40431
48690
15856
23674
20250
13107
15784
16930
32796
15484
16619
17901
22357
12331
48661
32133
29418
12576
14736
21083
31886
22875
38559
38529
21262
26073
24629
29786
35650
21958
25294
16719
27924
37425
14803
19568
17676
15534
41018
18485
35147
33746
44866
32422
17161
26751
36640
28379
24900
25626
15594
37849
25563
22328
23393
17450
35802
18157
35216
22124
36834
23170
63043
32118
15598
16952
29181
14949
15089
14985
30801
16600
17016
22630
30839
21277
27312
16703
56507
28982
30407
30790
25727
39199
30663
14786
20525
23335
30581
51138
21672
32441
25066
28178
75462
30546
31952
15395
15560
14110
78296
42676
42043
29503
38838
33278
38529
43670
27803
32931
75053
31687
42524
36818
27228
56804
48754
33246
59732
58105
36791
39331
38550
36348
36355
38463
28631
43555
42099
48451
48190
36510
55849
56991
31349
38824
30980
35861
41258
24158
45255
32378
26002
37979
33110
35033
58991
32968
43148
45112
37545
26043
33646
36180
35344
35289
33119
33412
39197
43853
34520
27705
48002
28368
30623
52153
31244
43150
47228
31455
28952
32960
82808
45584
39069
25110
32285
38842
32157
41095
33512
31107
31772
32515
45814
47095
33953
41966
33056
66578
47607
45393
45849
45358
32116
35682
39033
40059
27925
28737
38853
44770
33389
34665
30736
26845
40610
30675
41079
29479
26984
32932
24439
52870
48941
57938
32845
38331
61130
44345
29021
30539
30829
48234
43986
25597
40565
35604
31795
28353
35141
37920
29116
41658
24698
27317
41727
50883
49518
32735
31158
28844
25955
31239
25354
32114
46995
41481
30846
36225
45078
25009
29288
37078
31549
36029
30304
37239
30985
30299
46060
46810
36766
44688
70124
37412
34445
40391
51861
20851
79971
32452
24021
24082
33541
32984
39170
38661
28586
44972
25120
39234
41645
44683
32721
32773
24400
65578
41429
27412
31726
52139
49082
30491
40233
37900
38825
44263
26167
38250
28118
40278
39663
31789
58892
16521
15188
122589
39755
47390
32159
40022
20911
34459
37779
35129
33175
60814
30292
26287
41338
2039725
26280
33779
33955
40877
36627
56250
36934
39870
28942
34944
51384
29398
36366
32589
40081
16446
87788
44788
51204
34765
31822
19931
38855
37303
31740
30665
25072
24491
39597
37822
31838
27746
27203
28890
27384
29854
25116
30885
37494
32552
61606
31775
32224
25851
37632
34364
27232
29644
29418
36723
33831
32796
47814
32230
24262
24693
33263
65541
33623
30038
40579
28461
35779
66956
30757
29766
35124
36026
33417
41831
23846
12991
107875
30193
28441
35866
28723
29057
25288
26223
68182
26526
46520
48601
18000
14821
30461
37069
37473
52866
45447
29728
27334
32886
21005
42587
18460
37774
31043
34274
36816
29009
41871
28693
34240
38463
27672
61620
29544
31883
25771
28982
28287
58344
37734
22151
24355
39715
90111
27994
31701
39658
31023
23449
33660
57908
25362
47810
41269
50149
23375
29865
41231
31134
41037
32603
47249
34259
29765
31222
53445
44951
37275
29042
41682
33501
32999
27787
31070
38059
22715
29048
25687
27937
33031
54947
30216
16457
36281
26725
30683
48242
29278
44842
28634
30390
38157
32119
33576
26484
32681
58956
60329
21090
27677
41986
36540
24789
31458
29826
30624
65310
33702
31503
35986
41000
24420
31176
27539
52007
34791
27723
32181
32145
29415
36771
41545
27611
34308
26077
32352
32457
43033
52302
34635
17561
50510
37192
36474
31487
33260
39889
40566
46364
37571
36309
29553
31498
93930
40559
33133
39930
42460
23083
31771
66659
64352
20972
65725
62093
32455
33257
42731
19399
32320
27451
28080
38419
30187
39419
45856
29891
44935
47053
33101
33176
59302
30873
37725
34421
39033
37425
29357
30384
49147
49320
26158
27968
47267
12753
33825
38669
80248
37522
42057
37500
34766
16393
43832
30447
36451
27595
30635
34370
46368
35535
30793
38285
40696
31635
32350
36965
33542
39709
39939
74601
24720
43095
45411
27628
36884
30110
34532
40382
39031
52247
32431
40511
36473
29678
30182
39778
29565
36035
26938
80340
38983
47291
52137
158900
45065
25128
45494
56445
27532
38195
26022
34070
26941
29724
32021
35548
33472
28750
32618
44735
33777
34955
23757
30322
27750
25413
32838
25584
37017
25906
28978
33843
41399
39815
25140
28781
20762
30322
30409
47845
42120
39440
43511
36795
27639
37908
33880
38669
37511
40467
40124
37259
48768
27015
19218
37401
36635
26049
28768
34115
69733
40162
32863
30324
48207
37278
36628
39848
29287
32685
39145
29945
52368
29282
53497
30395
31235
39275
34128
52086
41503
15624
23650
32644
49506
22677
33530
60777
40656
39946
33666
38142
36932
25336
31388
31328
27043
31889
33527
32584
30681
31157
50561
34587
27310
39185
11687
44186
49071
18881
30676
32339
36047
37050
53733
34198
35677
22877
45335
45302
23053
36292
26473
40434
22628
26192
63168
32988
26223
28374
32415
42651
46334
40841
41259
38027
30289
72839
37723
45421
32058
34815
39940
39929
34130
33681
32410
35673
28297
14490
26415
37439
34293
29462
29529
52868
38256
101519
16285
15672
35904
40328
19262
15067
43440
29419
25100
41352
31664
24830
33434
40488
28556
30075
38046
23347
28139
43587
27556
34187
27393
32811
15117
31808
34746
42298
23331
32798
38038
15912
40152
33079
27675
34562
34674
28698
17526
13004
29322
34399
42295
28250
31371
50392
36275
39967
30920
26630
48189
35772
32161
24814
34132
21778
33891
29413
26709
27632
29115
34004
27421
21862
42034
28785
46514
39084
28733
35173
17238
33108
17993
26353
31326
14800
37327
19838
35319
23471
27448
81344
41021
28461
43915
14923
26344
27645
34200
36311
23146
15413
41636
35216
41290
33647
20859
25628
42544
29576
15454
24249
14182
23907
26907
15173
31342
42781
17065
35818
27790
56770
18575
62473
14346
28083
30469
29837
17049
15910
47244
29585
35332
26140
25052
17112
91826
347516
30602
33613
19172
31958
14960
18413
14167
35217
47489
18710
18697
33978
14634
17838
15414
15318
15897
18421
21279
17745
22205
38243
14372
48359
39235
17239
23561
37007
15119
15042
21825
16130
16130
38496
19662
15788
26680
13564
13699
13791
14740
22600
17027
38636
16532
12880
13226
18721
31772
15159
13810
14946
17721
20214
30498
14945
20350
16032
17477
14663
14587
16595
17171
16889
14690
18680
30386
39374
12642
10725
12279
14613
27253
30633
15008
16018
32846
28381
13361
17619
13504
46855
34182
12512
14061
12862
16300
12402
12418
30785
24545
14661
32172
18781
12456
20072
13553
10277
26895
15334
21103
17468
14924
13542
25387
28927
35843
37955
16527
17253
37632
14795
13745
16437
17597
17201
32796
20680
15548
15192
12885
13480
18082
15238
27212
14979
24811
16825
16428
13137
29094
27327
13105
14812
11750
33262
28612
36315
29590
34604
17958
15629
13340
12652
39191
25767
15274
14864
11802
19181
34631
32738
28298
25514
15762
14710
14100
13427
8863
23546
58748
15067
18882
29656
16364
15063
18346
17408
24812
17156
12701
14611
12748
32292
29559
15662
13373
43037
15654
19529
195310
10903
23725
15268
14791
16078
18846
15586
15054
28151
17563
17106
15370
16086
23650
17543
32025
21191
13910
30842
39070
21309
15161
29971
25876
17619
18769
45838
30712
14695
19734
19552
32311
13630
32272
29829
14566
18029
31214
31221
14905
15022
27411
15290
15134
16028
22029
16192
19024
13306
12246
19857
13569
16219
17001
41650
15686
14010
28577
12886
14975
15767
20950
14487
16967
14081
14091
15207
9905
12475
14716
18062
26596
31518
13576
14452
10603
34292
16473
14106
13634
13760
18601
16093
24953
13679
12187
27012
14333
17169
30714
16544
21917
32925
55320
30596
10828
13919
16649
14337
31179
33851
16362
29078
13113
13200
15867
9490
14376
20367
16829
17188
14322
16755
21336
23458
19288
39038
29039
17741
13110
31188
30777
10084
17530
15203
14127
15205
19201
29687
43979
18258
14732
12654
35551
26780
14327
13605
16645
14999
10279
13421
20517
17219
13600
36205
35976
16449
14865
13697
13981
13715
16533
13530
10782
15669
15652
15589
22347
13401
14046
29877
13424
21448
14978
14502
16626
18134
28008
13283
51504
45726
13521
29659
11523
29472
17739
15368
16782
548637
13644
13342
14486
35011
25282
23546
16350
17235
16198
14408
11859
35416
24212
35245
29704
36284
31593
17575
19239
31974
28558
17193
14741
14145
26686
14089
10993
705706
30841
32611
19561
27388
31218
16944
29910
47492
27000
15077
16447
13713
32511
36951
19974
16933
13467
16835
17603
14097
11486
37491
14225
45397
295483
39838
20163
50001
28819
14678
13219
27136
24471
14936
16062
25535
26390
31886
20993
38254
24202
22413
28647
13131
68923
13391
14712
60080
28897
16960
21864
16632
15596
13463
30884
34497
18673
24295
20366
44054
14932
22896
28835
49877
12837
18308
36823
26108
28977
15323
14640
31928
16982
26244
14137
12910
41047
31959
26716
14990
18701
17215
30322
17197
14682
13191
20068
17250
29228
26383
27789
13944
32328
18306
22163
25707
23576
19039
15049
14625
37391
34857
14982
14272
16399
16871
25199
42794
36126
13069
13840
21314
18954
14172
18494
34690
18976
25913
15304
37525
13335
25304
29056
32029
53359
15403
20446
15874
38197
29187
11233
17707
47233
11691
13679
27756
47063
18132
15368
10404
27143
27576
72835
12968
15483
15509
12745
17499
18188
11915
32221
45978
35532
14873
27697
19641
11271
27688
60028
30770
13229
15806
19024
27785
22820
15126
32857
15714
11345
16162
53119
19187
11527
18249
17019
18832
17872
16843
16096
14593
14759
16427
36570
19273
9882
29032
29869
40216
14169
13590
36851
15248
26692
20432
30409
15770
14408
23432
34938
38442
11970
18502
15458
33435
33684
16847
48277
29791
26981
26940
18269
13168
35768
26620
22997
14443
14390
13821
21330
32380
16512
23549
17557
18556
20671
9636
10537
16986
34708
30998
17749
14560
12339
26774
15170
26238
16913
14452
14683
14592
13273
24356
45051
11159
19318
37960
15679
48890
14360
31985
17490
14081
26703
14061
25266
23599
26137
16759
17387
27094
27635
18707
14395
11670
13055
43891
15429
33794
14418
14295
26055
16174
16945
27769
10029
35591
41730
12867
17237
26703
16368
14461
14543
22902
16991
36861
15754
32607
12819
15062
16193
36722
14092
15604
12699
11212
28306
13858
33012
14726
16088
20058
29413
15018
33775
9370
12111
701603
34955
41979
15058
10795
23284
13759
50687
22428
11511
26912
30455
18826
15255
28364
14414
16104
12162
15350
11377
14082
13136
18985
25491
23224
24279
11601
14658
16412
28289
35810
12839
24126
14587
10002
17251
14974
24739
16821
14688
25035
29880
27675
33966
19646
15889
16672
43536
14137
22358
26285
35729
41340
30337
46685
18427
16642
37116
29192
15069
16239
17783
13470
12774
15768
15876
28739
10316
16930
15152
14037
26870
29985
14612
18486
36405
19018
30184
9594
10060
31275
14478
14817
16100
12527
13585
10003
35572
23769
38376
13160
23731
29015
31210
14392
17751
15722
299604
16800
13036
14880
30259
18528
25055
28489
12447
59061
23962
19952
16209
13256
12583
16072
15951
39266
20727
30758
16671
14859
15441
14986
15085
27891
18067
16851
14184
17665
12356
15401
20054
11113
13782
19061
13165
20661
16895
13750
14627
16756
9278
12364
14933
42479
14671
14913
13420
29693
17815
13791
26305
530877
55564
12159
13959
16375
18291
18149
16604
47338
11364
14794
17693
16440
15297
10947
12918
12940
27626
34847
23007
17507
18058
13604
14393
11864
29044
10415
44991
14963
17508
33990
17877
14296
15654
15203
32133
41162
14477
44837
13448
30927
15707
36676
34831
34097
19787
27521
10700
16799
16041
13440
18278
39150
19273
12033
44346
12164
15287
15321
32923
32727
30484
34623
13838
37962
26347
19839
42119
32843
18022
21314
27494
33845
18158
11633
14599
31459
44348
17700
14862
17356
37924
39885
60000
20115
18880
19134
61979
15197
14549
13320
19457
27581
18699
23010
17810
10370
28964
35353
39916
171615
30074
41989
46806
31502
33677
24845
31497
22775
29650
42796
33325
37644
51762
30774
37343
46193
35607
14973
30617
31982
49343
38406
41550
34857
26510
40680
37954
16883
16137
29078
39913
32685
14294
26209
51291
43679
41929
37700
44262
30838
44237
47309
34567
32561
13751
39779
38250
42764
34922
48630
33252
36554
36253
34763
35496
34016
31554
45390
40680
29756
62967
90240
38442
50632
38431
53071
39734
51280
54521
45248
31753
36474
64518
52122
45362
37699
60070
63043
35365
53499
51162
34273
38142
37774
30254
49002
57606
35911
53463
33863
66839
29215
38609
31542
29288
39256
47726
43572
33305
57229
58150
47465
45953
77096
40936
64221
34625
52221
42552
56052
32417
159612
59028
32147
75808
58209
20126
38968
28148
39411
36210
31472
37650
32744
65706
70538
15531
52211
39930
92013
44209
35302
34116
57169
38120
32639
59167
43349
47753
37735
35433
46507
75083
37184
13493
39725
43837
56880
16516
33591
26245
39440
52339
29647
49877
34463
50791
48218
60101
58654
46531
81254
48203
42301
32144
58055
30746
39880
45434
59291
42129
69491
45720
31867
46439
59331
37244
33611
55336
54125
46529
40481
43990
31661
45529
32663
43965
39801
66463
45163
49902
45774
50014
52612
54795
93089
45884
48889
37676
15508
44440
60146
48322
69261
60315
66435
53140
36888
34112
42793
52841
293334
54152
34772
77530
60819
47195
42616
55288
42089
36348
50363
45642
34335
46272
62176
33691
52010
45931
43793
38700
37879
44985
53738
52381
55642
41586
36765
43822
45103
41460
31096
44073
48921
51017
42543
19218
17787
32647
59398
26965
43835
30374
17468
16365
13227
38625
36294
15166
22109
23352
23455
31779
26392
30630
14390
13072
26693
45384
32578
17324
33595
14676
20342
35803
14771
21212
41824
26414
24273
24091
17438
31745
21919
29113
32910
36300
17674
33419
16070
26139
18449
15203
27661
15530
42157
22937
36496
17794
15735
30262
16707
17305
14821
30568
23066
19293
28150
34952
16256
23447
19801
15845
12965
31773
45275
27374
18208
15550
15794
30807
31182
23710
44204
39956
29402
38968
16788
17022
13177
43050
16670
15131
28345
17894
32114
32080
39639
19678
25508
32219
21276
31728
41313
24478
28306
19150
27875
18435
30286
16223
36527
25419
40170
16094
32786
55592
20606
38378
14565
27424
31376
35409
16932
16886
43429
39383
33602
28484
18371
31659
19036
34403
34571
23147
32530
27337
39902
11656
14802
30873
30290
46242
39556
26177
15729
29661
23924
25510
30815
18764
38980
23548
16022
18004
25964
17438
14092
28241
27838
41409
14183
13447
32008
31977
30263
28526
27916
38134
15405
35222
28608
20589
26244
29159
30863
32749
9788
41783
27705
8740
22682
19350
16638
26056
38014
29936
16421
10646
29971
25226
25378
49900
26189
15682
33270
20398
28596
11220
42134
20716
36145
16216
35133
16086
38683
13594
36565
20613
17237
24472
30566
43034
32805
31988
24451
28945
27301
38760
39086
27256
15936
17119
32959
27977
27815
40393
23851
77089
30903
28862
47224
23344
35534
13975
43832
14951
17072
47788
13366
32856
13898
45762
15685
16635
14368
31515
18680
17191
28053
17056
36158
38796
28221
14229
30923
21185
30224
15199
1144120
13770
34925
69418
25175
28343
36659
31284
17667
29285
13971
27456
28213
10495
29292
16769
15680
22815
16219
27111
15633
14311
40779
21220
30658
30010
46155
25806
38562
17902
29419
27511
20205
32593
19684
14833
33949
15183
12692
16492
36925
27653
28098
15112
37671
15180
29167
30808
18581
14750
16225
48899
19036
27554
20504
14820
49903
13990
17498
27801
16676
32818
15320
39803
22331
19302
26036
17873
18110
16253
16444
15828
14841
21695
19169
17378
13829
29013
55601
14111
39898
11116
23509
36747
36664
50955
15408
35696
41253
38709
29821
30276
18791
27756
14870
22732
21639
40706
16569
29957
25746
17404
29677
16777
27186
24601
62407
17558
30598
39770
15870
16978
21041
33873
16086
15752
20425
20472
28089
14077
62552
31891
40115
33184
17095
29183
54005
46909
44901
22276
54497
39374
31068
34280
95787
72352
67369
48638
63872
18953
50148
41844
38988
67298
37673
38048
51776
40746
24563
22381
36929
34009
36093
29265
51497
51232
45506
25754
43142
46539
55514
48995
43378
66972
19727
30269
39729
43678
59673
20716
32545
36494
44965
33221
41194
46399
23228
31918
40772
47205
41535
69211
49250
35060
28150
32049
28946
28474
34119
44781
55924
64692
56493
44648
39784
52554
25169
32846
26959
38805
22051
45857
77029
31931
28850
75363
47930
15816
39710
58660
57597
51850
36772
36381
24300
82942
53401
37531
34929
40888
38715
41067
43085
62024
33361
34367
48336
46473
87906
56140
80950
54454
68517
59778
27719
77022
35211
9352
30058
44362
54184
55846
27025
25316
37243
59330
31344
23433
48948
39742
70264
45043
37491
57526
59478
64206
48042
46742
67289
42865
90743
80180
69732
190834
63813
81621
59677
33448
42186
81304
70710
76613
55277
31900
51064
34032
43685
44875
55269
32463
30714
50716
63827
40256
51776
54376
47017
32799
40627
66780
58712
73938
75165
46126
73792
48191
37762
29871
37997
78628
67477
42896
37088
36234
43187
48403
59322
50040
74848
65778
47679
44537
45891
47143
74913
45339
32298
56638
61983
43223
62229
65107
27522
26812
67786
35265
43314
29486
42665
59775
39192
40452
49421
70402
85289
72435
30313
67222
