1799
1775
1100
4741
2419
2407
4571
2241
2232
2780
2585
4338
2139
1986
2610
3297
979
2317
4876
1900
4049
2174
2662
1370
2002
1621
1637
1214
1937
2076
972
1090
949
2871
4317
2258
1786
2782
3091
967
1957
1909
2100
1376
1627
1697
800
790
2688
2978
3613
2812
1987
3427
2133
1640
3433
3310
6297
2306
3092
2663
4534
3326
1686
4406
2178
1803
2575
4070
2682
2986
1642
2540
2525
1713
973
4240
2578
1707
3323
2472
2542
2179
1811
4889
2018
1609
2085
1132
1359
1818
2651
1584
2331
1288
1149
913
1793
1543
2292
2813
2629
2501
2361
1260
17796
2284
2630
3400
2765
1604
1921
2936
1823
3307
2738
1737
2826
2402
3259
2945
2700
1965
1328
2052
3530
4143
2062
909
1458
1393
2384
2351
1568
2366
888
1305
1290
3322
3006
3688
1821
3972
1966
2596
5350
1779
2307
1960
3573
2965
2596
950
2215
2146
1420
845
2593
994
2528
1896
2748
2481
2158
3009
2302
1607
1971
1629
2326
3387
2528
1944
1470
1269
837
1395
2528
1294
2767
1837
1781
3592
3009
783
981
1963
1947
2581
1959
1342
3586
2047
1202
3957
2546
2947
2383
1847
1991
1449
908
3836
1221
3663
2907
3134
2120
1843
2556
822
5006
3862
2545
1695
2829043
1886
1557
1262
3134
81548
2700
2007
2821
1420
2316
2098
891
2968
2270
971
2459
2283
2291
3382
2123
3162
2007
3245
1288
2381
930
2461
2355
2355
1874
2358
2020
1409
2387
2069
1190
1955
2264
1292
1627
2000
2839
2197
3208
2332
3066
1469
2034
690
2230
1334
2449
2295
3070
911
816
2053
2941
3677
1202
1233
1012
3634
4875
1627
1557
935
1195
3341
3093
2716
950
4744
2320
2779
2744
2125
1520
1807
1901
980
2234
2695
1855
2896
1837
3339
1994
2495
2041
1251
2148
3364
4333
3461
3027
1726
1829
2401
3135
2632
3124
2151
2497
1581
2360
1636
2217
2246
3116
2475
1240
2185
2369
3601
882
1909
2024
2295
3003
2268
3812
2038
2228
2173
3371
1397
2091
1172
1811
3393
956
3514
2172
1833
1180
1867
2300
2255
1503
4072
2302
3032
2469
876
3112
2344
2130
1079
1747
2340
786
3789
826
1463
1343
195577
2173
2412
850
2698
2562
3614
3261
3597
1039
3267
1317
1290
1848
963
2312
3545
1588
1416
2775
839
2407
4667
2772
3291
1823
2580
2816
1987
2281
2861
1937
3527
3897
2687
2395
2403
2317
2365
1280
3314
4086
2274
3047
1351
3612
2195
1568
2124
2030
1863
1650
1238
921
800
2116
965
1143
2000
1765
1168
1853
2294
1705
2572
2960
2513
2456
4087
2166
1491
1867
1543
3309
1320
1361
2643
1046
1912
1529
1020
2504
1808
2602
1786
3748
3632
692
2249
2103
16847
2169
3027
2538
1873
1785
2637
1608
2134
1872
2023
2088
1485
1298
975
1995
1937
1960
3048
2358
2343
1403
3404
1918
938
2444
936
2474
2040
2200
1930
1723
2677
2348
2255
706
1893
1417
3103
1900
1507
3064
5001
3465
2007
3342
3637
1381
1956
16918
1828
867
860
2681
2051
2050
2256
2387
2013
2150
1640
2199
1940
6925
2377
1730
1597
3737
2520
2012
2166
1913
3736
2256
8567
1428
750
2215
1336
2190
2331
3794
2246
2062
1923
1497
3439
4392
2214
625
1486
2310
1482
1403
1663
1530
1618
17771
6491
1651
1343
2792
1759
2562
2145
1896
1900
1814
888
1654
1981
2269
1895
2374
1693
2178
2623
2435
1203
11776
1260
3051
3113
2754
3760
836
2494
1997
2361
2143
2155
1836
2177
3582
3139
2455
2738
3841
2298
3006
1439
3294
2826
1807
1772
886
804
1888
1629
2499
2645
769
3579
3603
2266
2140
1684
2756
2057
4057
3660
3374
975
3240
1945
3046
1939
1725
2102
2690
1691
2643
1583
2610
1520
3039
2753
2085
3860
1167
1382
2449
2152
1536
1993
1520
1512
2755
1821
2427
2435
1789
1989
3527
1548
3748
2494
1872
2082
1939
2421
2147
2421
1973
2872
1710
1923
2359
1590
1399
3016
2279
1889
1346
2625
849
2011
1893
1558
2182
1376
2839
2256
1703
2307
1674
1326
1358
2147
2833
1975
1949
2170
1962
2277
2562
2619
2186
2745
1365
2684
1395
2246
2390
3303
1604
1670
2279
1962
2462
2327
1811
3008
2105
2236
2572
3273
1734
2145
1315
5350
12777
2455
2171
2368
1367
771
2430
1484
32358
1244
2770
891
2005
1629
1538
2239
2134
2812
2735
2058
1124
1574
2486
2579
2360
1848
1477
1596
703
1912
2486
2049
1698
1856
1885
1838
1274
2189
2536
1315
2398
2342
2360
1017
2496
2156
1822
4157
3081
1742
1964
2460
1792
2378
2329
2483
2297
2310
1359
2071
3316
2107
1476
1757
1282
20510
1821
2997
1725
3410
2600
2815
2244
2120
2034
2283
3050
1512
1117
2445
2442
2213
1840
2279
1075
1772
1881
2596
1707
1648
2256
1654
1953
1705
1062
2067
2110
1385
4481
2798
4923
2467
2515
2499
2659
1916
2886
3463
1387
1939
2327
2384
2112
2612
2619
1942
2184
1546
1299
3786
2224
3859
1914
2602
2077
2581
641
2535
3336
1765
2127
880
1171
2381
1970
1963
2058
2246
4091
1971
2276
3715
2147
989
2855
1799
2336
2529
1874
2313
3135
17314
1508
1371
2373
24030
3051
2138
1650
2250
1888
2198
2132
1571
1989
2454
1253
986
2086
2280
2299
858
1954
1632
2847
1625
2126
1573
2127
2211
1495
3744
2593
1450
2621
955
3300
2103
1907
1729
1060
3402
1538
1736
2235
2041
2729
1680
1704
1943
2465
2822
1747
2085
2738
1252
2539
1784
1352
878
1761
2418
1870
2290
963
2834
1981
3196
1365
1237
1909
1771
2369
1586
2055
1945
2341
2177
1541
1521
2514
2844
2689
14991
2152
1601
3103
1124
1791
2012
3917
2735
1989
2634
1937
2122
1814
1582
2110
1648
1762
2917
2041
2425
2174
3752
4465
1869
2245
1848
2537
2009
1709
1156
1055
2463
3904
1452
2228
1900
2017
1889
2342
1334
2139
1733
1975
1634
1659
3426
1826
3950
2159
2334
1150
2797
919
2123
1454
2104
13272
1792
3233
2701
2322
1977
1814
1729
2381
3696
1456
2285
3529
2154
1839
1853
2223
1486
906
1518
2311
2241
3547
1428
2469
2591
3025
1997
1495
3063
2009
3354
1293
1751
1564
2208
1646
2006
2065
1880
1935
1534
2319
2266
1360
2965
2267
2900
3994
2106
2683
2484
2670
1824
2060
1987
1185
1643
1536
2135
2174
1699
2577
2478
1661
1957
2535
2437
1680
919
2027
3466
1250
2024
2794
2087
1940
1971
1797
1920
1416
2547
848
2060
920
2563
1770
2568
2385
1686
1090
1579
1467
1457
1331
2475
1439
1879
2310
2456
1959
3602
2252
629
2435
926
2008
1518
12185
1803
1699
2016
1863
2586
3646
2481
2428
2187
2353
1877
1731
805
2117
2236
2196
2052
2522
1400
2311
2948
2096
5655
1561
3721
2086
2294
2088
857
1032
1913
1705
7700
2629
2164
2081
2035
1418
1961
3068
1612
2119
1917
1261
2609
1811
1976
1714
1556
1741
1646
3253
3002
4425
787
1254
1874
2798
2906
1643
2043
1800
2342
1324
2122
1314
1873
2005
1482
1903
1637
2678
1914
2355
2010
2257
3415
1709
1660
2002
1958
921
1724
1599
1912
1982
2439
2253
2127
1878
1815
2166
2563
2214
2374
2393
3373
2109
1451
2069
1872
4136
2064
1744
1805
1704
2116
2479
1902
2133
1623
2957
2321
1471
2103
2382
1646
2189
3697
2102
1329
1535
2276
3175
2386
1455
1302
17710
797
1385
1821
1932
1507
1124
1721
1740
2156
2117
4386
2125
1420
1505
2349
2217
1743
3575
1991
2394
2806
1786
1855
1715
1213
2049
1273
2792
912
2331
2618
1961
1443
1653
900
2510
1638
6684
2014
1362
2450
1067
2427
1860
2142
2568
2044
3971
3568
6112
2674
2712
878
3033
3296
2061
4116
1884
4622
1771
1588
3289
2028
3523
3092
18717
2479
1994
2279
2073
1555
2347
1269
2026
1916
1816
2622
2995
2504
2407
2106
4462
1924
2003
2501
3563
718
1738
2943
3701
1907
1325
2099
3090
2781
1962
1730
1995
895
1620
1433
1399
2177
1785
1874
826
2054
1918
2064
1913
2724
1398
2205
1885
2328
1612
2058
670
2302
1481
2654
2154
3338
2215
2846
2048
2477
3621
2064
1038
1976
2284
1956
2465
2088
1899
1872
1541
2491
1349
1711
1882
2340
2225
2410
1773
2457
1978
1082
2082
3400
1782
2513
1816
3173
2158
3553
2076
4265
2282
1867
1556
1942
2104
3462
1862
2205
1016
2448
1227
2790
2140
1873
1241
2254
2016
2018
799
2178
1184
1878
1609
2745
1739
2684
3408
1774
2065
1718
1255
1489
1665
1952
905
3685
1619
2417
24746
1677
1737
1910
1267
1811
2926
3873
2081
2007
2674
1959
2815
3015
2606
2516
2022
2884
4483
1971
1992
2758
1816
1651
1881
2405
2130
3000
2548
1736
1813
928
2265
1589
1777
2019
2036
2106
2298
1277
2160
1905
1807
1913
2166
2373
1845
1597
1335
1441
1922
1075
1183
1819
1639
2437
1522
1994
1688
2025
1554
1971
2576
1854
2833
1516
2612
1750
1755
2048
2632
1943
2180
2013
2074
2131
2057
1596
2032
1552
2112
1702
2170
2073
17064
2199
2123
1202
3291
2968
2073
1561
2407
4255
2536
3760
1720
1870
1408
3630
2600
1459
2581
1272
2818
3574
2096
1755
4402
1834
1791
2707
2138
2938
1731
2388
3433
2332
2713
2593
1355
2843
1836
2830
2154
2344
1724
2222
1597
2078
1704
1008
1899
1271
608
2496
2013
808
1915
1462
1663
3600
2735
832
1405
789
1495
1325
1846
1415
1001
3170
1916
3289
3098
1263
1593
2046
1172
1999
2677
3533
2180
1335
2123
989
1050
1206
1460
3292
1750
1907
2358
399
1720
1411
3005
2934
2588
1104
1741
869
1429
4406
1467
2328
868
1976
2089
1257
3324
2227
2519
1014
1435
1257
3490
973
1824
1944
1064
1246
2398
117026
725
2098
855
1714
2355
1375
1241
1407
1746
1869
1929
1071
2175
1497
2349
878
1289
928
1871
1756
1060
1199
2520
642
1953
2035
1741
1094
910
849
1842
963
1511
1000
1481
1193
1462
1270
1910
1630
1483
3245
2350
2105
1558
1105
1198
3857
2596
899
1812
1821
1591
1882
2804
2303
2259
2013
2036
1276
3133
2135
1392
1223
1578
1002
1465
3471
1485
1999
1660
2739
2016
3085
795
2414
1661
1152
1906
541
1532
1719
1124
1645
2580
2058
2041
1574
2080
2338
970
1676
2326
1120
1595
1601
2083
3720
1919
1184
1621
938
1038
2017
1919
1680
1983
883
2022
1436
1173
1285
1116
1541
2874
2314
1100
1144
1060
1544
2194
1785
1668
1513
1483
4496
1017
2393
1954
1764
1168
1017
1439
1559
2514
1680
1240
875
2840
1869
1596
2297
1616
1975
2882
2502
2293
1856
2342
1162
1121
853
1728
1714
1974
978
2375
1744
1942
2698
1627
1205
1311
854
2416
983
2082
1320
1545
2180
1329
1731
2100
1751
1346
1766
2182
1755
2628
2239
1457
1210
1250
624
2512
2075
2119
1619
1760
2048
2954
1714
1069
1953
982
1807
1104
986
1875
2287
1540
2412
3131
2024
1132
1644
2032
1766
1435
1157
1606
1048
1834
1798
1315
2390
1952
4587
2241
950
1647
1051
921
1924
1901
731
1666
1048
1227
1760
1275
1315
1475
2069
2586
1437
897
15484
1526
1288
1509
1012
886
1063
891
1462
1169
923
2517
2521
1654
1227
1511
1214
1943
1437
1128
1798
1254
1539
8594
2698
918
2796
2417
3107
940
2150
1875
1481
2453
2114
830
1686
1446
818
1554
1363
1403
3260
1853
1130
972
2011
978
1808
886
1343
2381
849
2115
1075
1838
1018
3076
2986
2157
1369
2119
2698
1307
914
3907
2135
1292
1769
1747
1481
1772
1324
3182
2938
1511
1101
2055
2171
2071
1672
1789
1698
2787
3074
2239
2283
1923
2033
2634
2195
1763
2394
2014
1739
1256
2520
3722
2299
2135
1664
1416
942
1601
1499
2423
1669
1113
940
1765
2871
1832
2287
1854
1985
1300
1771
1583
2120
1810
695
1342
1680
2355
1377
2971
2083
2470
1648
1397
2375
2014
2813
810
1467
1253
1790
1251
1704
1727
2116
2569
1518
1578
1797
2275
1433
1670
1052
1019
1137
2341
1224
982
1862
1383
1889
1795
1166
910
1374
1684
2132
1113
1147
2330
2185
3087
1369
1479
2523
2115
2180
1914
2294
1152
1653
960
2728
1754
1249
1212
2220
1723
2068
2336
2791
2344
1116
659
1980
3253
3196
2263
1851
2400
2267
1998
3219
1022
2471
2873
3990
2019
2669
3128
1363
2177
1355
3294
1618
2043
3651
1836
1311
1366
781
2404
3933
2467
2599
1855
2235
1774
1796
1765
1705
1789
1964
1933
2653
2093
3515
2683
1111
1872
3695
656
2029
2180
1926
2373
1194
943
1380
2052
834
2376
815
1812
2205
1204
1287
3045
1113
1192
1674
2803
2361
2357
835
1338
2449
1946
1417
1881
1913
1075
1213
2128
1150
2152
1422
1449
1821
1135
1648
2144
3655
2028
1455
1197
1433
1140
1454
308
2135
1240
1853
1386
2289
1559
1580
1264
1949
1085
1821
1889
1434
837
2677
1385
2676
3404
2920
1426
1812
1300
3927
2229
1296
870
2876
2129
1834
1609
2469
1861
1901
1791
2436
2542
1125
3203
1118
2865
1908
1732
1512
1903
1133
2203
1115
1283
2670
2589
1285
2089
838
2331
3292
2349
1321
2199
1550
764
3714
1462
1717
1925
2318
1908
3336
1090
1543
1307
2029
2177
2059
1967
1753
987
2225
2089
2229
864
1936
2730
720
1862
3171
2185
2047
5229
1376
933
2043
3076
1628
1513
1570
1958
1833
1577
2332
1760
1498
2292
3075
3779
3038
1243
2007
2110
1898
1957
2375
2577
2266
1411
2307
1552
2299
2133
2755
669
11112
2282
1543
2103
1719
2853
1021
1915
20062
2429
1612
1880
1589
1035
2179
1069
1200
1476
1029
2113
1951
1331
1347
846
2521
1876
1259
1252
1125
2169
1613
2039
1986
1661
2229
725
1976
8070
1045
4503
1735
932
1474
2187
2596
1894
3494
921
1791
2606
941
2328
2651
2675
2626
1659
1528
1950
1503
840
1372
802
2524
1647
902
2522
2565
2810
2096
972
2330
876
1809
1239
2438
1027
3011
1810
2233
2705
2091
3321
1918
2324
2054
2387
1421
2072
2331
1640
2091
1450
2489
3133
1707
3499
2268
3232
4605
2885
2028
904
1761
1073
1854
2898
2890
998
2904
2607
1610
1771
4352
678
2238
3051
1725
2795
2189
2104
1325
1385
1206
1373
2114
482
1833
1434
2059
2075
1309
1079
1699
1639
1202
2382
2382
1274
1024
2190
1527
976
2624
2322
2204
2156
1412
2136
2073
5026
1367
2820
2256
1061
2280
900
1266
2576
1881
1004
943
1571
1847
2811
1266
1683
940
1567
3276
1467
1000
2023
1854
2558
2058
1825
1727
3171
586
2470
12728
3951
1295
1824
28357
2262
1197
1503
679
2184
2229
1767
1285
916
1210
1587
2425
2100
1455
2585
2016
3457
1244
2274
2483
1349
1225
909
3096
1940
1664
1343
914
2073
2342
3243
1251
1289
1298
1752
938
1903
2136
1747
2355
1819
893
1695
1317
2141
2184
2634
1684
2181
1952
813
1777
1569
1191
2116
1635
1989
890
1045
2864
2415
4390
1521
1604
2266
1373
2630
1778
1124
3180
1704
2614
2052
1202
1890
1378
2143
1335
1916
2596
2766
1716
1440
2389
2099
1398
1777
1601
1482
2419
2463
1367
2047
1749
2178
3087
1545
1297
971
1804
2419
2433
1381
2422
2396
1279
2122
1899
7371
2042
2190
2178
1718
1697
1075
1703
1651
1254
1892
1879
2358
846
1241
2315
2853
1190
3482
2243
1153
1713
2233
2465
1657
1985
1281
1974
1768
3063
2811
1465
1481
2099
2014
1941
1670
2509
677
1997
1738
901
1831
2915
1362
1212
1368
1872
2101
1424
2077
1742
2485
1723
1928
1538
1897
838
1440
1784
1906
1723
2239
1833
1219
1977
1051
2617
2239
1923
2219
698
2048
699
2074
2925
3617
1615
1781
2103
2457
1598
4005
2179
2068
1793
2256
4331
1789
1979
2390
2320
2256
1948
2404
2609
2838
1762
1980
2080
3083
2408
3553
2853
1905
1095
1915
2084
2384
1937
2413
2075
1181
1082
4571
906
2161
2585
2348
2694
3208
2185
1240
2965
1318
1102
1415
3260
2849
946
1396
1971
1245
1570
1181
3218
1006
1264
1024
2580
1424
3255
1286
1520
990
1865
1890
18046
1295
963
2522
2914
2245
2419
1313
1109
2395
887
2313
908
2588
1633
815
1852
2096
1412
3175
2378
2214
2731
3299
1899
2590
1483
1950
948
2350
1686
2009
2535
2958
2156
2003
1896
19390
1326
1790
985
1760
1875
1813
1487
951
1343
2071
45225
2265
1357
1983
2317
2062
1558
1855
1900
2000
2160
2111
1876
2606
1882
2942
2130
2479
1302
2028
3249
1876
2362
1759
1713
1181
1506
2101
3143
2466
1948
1710
3027
2097
1538
4035
2680
2342
1889
877
2150
1743
2465
2314
3153
2302
1963
960
4459
998
1569
1910
3749
1575
2450
2669
1523
2121
1828
1532
1455
2489
2925
1177
983
2744
2499
1930
2027
2208
2327
3862
2032
2496
1895
1416
4775
1985
1493
1483
878
1787
3685
1747
2201
2306
2124
1899
1254
2179
1244
2316
2223
3152
2489
1503
3138
4661
2000
1695
2711
1212
2452
2090
1603
2037
2398
1538
1949
1450
1650
1670
3999
2061
1886
2763
2414
985
1917
3038
1786
948
1689
842
2552
2130
3276
1002
2612
2832
674
1566
2884
2532
2854
2233
2339
1991
1963
2814
898
2561
2222
5153
2539
1417
2022
2057
2284
1829
2950
2550
1553
3766
5131
2800
2334
2523
1707
2135
2489
1463
2074
2332
2578
1943
3882
840
933
2251
2941
2309
1941
2395
2789
1997
2026
2145
2741
2010
1873
2503
2039
1800
2268
1461
2166
1579
2394
1280
2243
1653
1985
2218
1747
1639
2438
3005
1603
2116
2355
1742
1878
1849
1758
2506
2614
866
2164
2014
1862
2637
1802
2844
1520
1711
1995
1898
1548
2272
2017
2266
852
1200
3182
2106
1669
2282
2678
1898
1690
4628
2885
858
2172
2284
2146
2377
1596
2114
859
2930
2300
1454
1996
1125
1505
2151
1501
2175
2143
1111
2422
2909
1502
2295
834
1247
2491
2050
1945
2424
3550
1832
2106
2288
1874
313653
2866
1740
1673
2809
962
3444
2611
2396
1038
3159
972
2006
2379
2676
6436
2304
1192
1169
3272
2653
873
1785
2164
2773
3027
3349
2138
1828
2218
1872
1689
1419
3044
1987
1502
1874
1047
2385
1118
2736
1297
2327
1841
1967
1033
1514
928
1464
2460
1958
3608
996
995
1872
2292
1979
3109
1388
2581
2744
2337
4205
4727
933
3370
3179
2866
1927
1818
2016
2703
2784
2109
2969
1352
882
2627
2129
1318
2058
955
2423
1701
2359
1424
1513
2664
1936
2212
1208
2927
798
1128
4334
1783
3072
856
1717
922
350
2801
3496
2341
1795
988
2568
2858
5506
3907
2192
3334
2213
2822
1934
1471
1776
1954
2572
1334
1358
2902
3426
2943
1682
4611
919
5658
3057
1424
1871
3136
3519
2478
1163
2093
1823
1754
4263
1998
1899
1861
4032
2761
2256
2445
2610
2835
2288
2978
2053
2928
1111
2875
3257
3598
1787
4363
3170
1911
2857
2098
876
2820
2046
2801
1935
1829
945
3977
2615
2478
3785
1409
2471
60567
2700
1893
1849
864
5355
2483
2744
3922
2575
2396
2823
1097
1958
2037
1482
2521
4747
2102
1201
2189
844
1082
1068
1979
2698
3282
2510
1989
2215
2071
2382
1327
2190
2785
2367
3001
1025
1549
1983
1822
2085
2130
2391
1136
3199
2586
644
1891
1320
2061
2161
2624
2218
809
2111
3859
1874
1367
1437
2090
1024
2533
2477
2544
801
1295
2222
1663
1877
2875
1830
4373
1880
2409
1212
1854
1083
870
2206
1575
1340
1301
1438
2047
2138
3611
2863
2143
2035
2250
2511
1495
1959
1827
978
2995
4091
3297
2394
688
2334
1688
1199
1666
991
5638
2376
3609
895
3239
2222
2370
2083
2832
2380
2668
2114
1820
2290
1147
4605
3026
1874
1837
1092
2061
2619
2642
817
854
1830
2787
2602
1140
4089
1728
2092
4688
1947
2272
1020
3763
2147
1191
8917
1754
1839
2274
1525
2318
1208
2967
4149
1980
2362
3306
1970
1465
24255
2259
2381
1198
2182
2055
936
1277
2219
4122
2756
1964
2332
1940
2522
994
1931
806
2046
1445
1946
1082
1319
1517
2430
2687
2017
3290
2470
1914
917
2536
2208
1329
842
2501
2306
34595
1907
2320
1741
2073
1910
3010
1442
2371
1553
3516
1861
1194
1429
4203
1573
3205
1983
2942
3029
830
1742
2165
2697
2365
3476
2090
1945
2902
1513
1040
3402
2061
2558
2118
4120
1894
1887
1541
996
4657
1981
2923
2717
3049
2319
2316
2001
1657
1399
4644
2747
2000
1168
3084
2161
1111
2175
810
2230
1987
2496
2834
1819
2118
2162
713
2784
1457
1332
2013
1896
1799
1361
1779
3409
832
1834
2127
1302
824
2205
2533
1121
1567
2433
2485
3518
1201
3600
1079
1835
3594
2519
2337
2994
1791
1437
2037
1715
2092
930
2349
1077
9789
1341
3036
2101
1118
3910
3726
1141
2364
1635
667
1842
1984
1857
2617
2256
2155
3215
2156
1226
1440
1922
2187
940
1579
2597
2341
1990
2272
1867
2566
2310
1842
2226
843
2206
1830
1025
2431
2326
2491
1630
15763
1915
2362
1122
2939
2477
1813
3234
3098
2347
2123
1572
1875
3896
1994
1616
1686
2258
1711
3395
1739
2085
2287
856
1175
6069
1910
2108
1286
2557
2480
2543
1679
2109
816
3507
1945
1018
2383
4518
1494
2136
3406
2625
2966
1408
1843
1869
2226
1619
3087
2206
1167
1718
2071
1158
2022
2793
2295
2513
2281
1441
2113
2457
4172
2430
2001
2187
2569
2539
2294
3937
1354
2171
1825
375
1984
2317
1897
2844
1253
2001
2032
2234
867
2986
2971
1432
1659
945
1344
2668
1347
1553
1046
710
2264
3783
2439
2031
2735
2419
3286
1290
2142
2565
2245
3762
4029
3624
1974
2530
2959
2429
2352
572
1691
1944
2741
1136
1929
3245
2623
2865
1899
2572
3942
1955
953
5346
1769
1588
285
2158
917
2643
2140
3100
1163
2275
2253
1452
2627
2628
2061
2717
2459
2006
1869
2024
1829
1466
2543
711
2234
2752
2037
2121
1644
2071
2481
1299
1936
4200
2781
2521
1437
2080
2510
920
2470
1744
2356
2981
3525
317
2355
1630
2164
3221
1245
2235
3831
2638
2921
2200
2325
2409
1419
1513
1892
1654
2737
4969
2484
2155
2312
4568
1707
1587
2773
2386
2422
2381
2121
1789
2202
3049
3141
1812
2801
2141
1958
2901
2079
1657
2793
2120
4564
1453
1040
4793
1160
1162
1654
2655
1995
2559
3610
2185
2021
1659
2072
1734
938
1706
1059
2302
10853
1688
2419
2442
2115
1460
1738
1834
907
2375
2030
1710
2306
1999
1462
1483
2189
1634
2632
2688
2769
3247
2058
2094
1054
1900
1048
2839
2236
3593
1908
1962
1708
2722
2172
1796
2302
2066
1868
1660
2731
1899
1696
2804
1373
2484
1393
1923
2622
1612
2432
2527
1610
2003
2839
2247
2742
2589
1942
2743
1387
21187
3303
3077
1577
2228
1760
1875
2917
1771
2640
2411
1873
1636
2312
1563
2439
1212
1790
1974
2143
3543
815
4056
2292
1986
1102
2002
1638
2222
878
2745
1601
1532
2171
3154
2248
1460
2091
2107
2361
2043
1872
1779
872
2763
3012
4502
2387
2198
1195
2816
2864
1765
1668
11799
2656
1581
2629
1091
752
1994
1441
2762
2835
2045
3282
1380
2395
2710
2020
1994
842
1794
2311
2328
3266
1291
1906
1896
1590
1969
1599
1790
2448
1629
2764
2617
1308
961
2122
1588
1883
19502
2726
4026
4124
1407
1858
1547
2506
2692
1958
2352
1929
1528
2119
1433
3625
1996
1256
1915
1944
1775
1900
1134
1035
684
2559
1609
3803
2366
3001
1730
2495
1162
1869
2329
1675
1101
1346
1654
3325
1776
2111
1246
1743
2592
4204
1619
2135
1928
2764
2370
1617
2845
3136
2049
1891
3234
1295
2478
1618
983
1769
1428
2142
1604
2085
2011
2534
2136
1980
1833
3332
1715
2313
1758
2839
2617
2054
3133
1884
1257
6093
2408
2258
2228
1375
2543
2320
2317
1801
2067
1520
991
2347
2756
1761
3220
2168
1148
1569
1884
1498
1328
952
2076
2828
1867
3007
946
1540
1296
1304
1996
2353
1954
2112
1997
2170
2151
1015
3016
1941
2596
2638
2114
2134
1313
1791
2170
1828
1705
3194
4948
1049
2917
1258
2831
2059
3535
2557
985
1558
1900
2309
4570
2213
1892
2318
5964
2160
1081
1939
2226
1285
1392
3653
2061
3216
899
3450
1601
3259
4321
3082
2517
5471
974
1861
3058
2848
2186
1948
2146
1700
2706
1089
2743
920
2497
2335
1946
2010
2274
2131
841
2133
2679
3643
1559
1595
2264
2065
1564
1204
2525
1533
2332
2453
3054
1302
1848
2755
2177
2765
1669
2338
2444
2288
1444
2139
1613
2609
2525
2852
2441
2094
3043
1458
1332
1320
717
1033
471
1982
2579
2148
2312
485
846
2283
1753
2732
1176
2063
2850
1918
2887
3694
4292
1271
1335
1613
2924
2138
3031
2953
2332
1659
2531
1559
3603
2092
2009
1808
1609
2378
1596
1069
1715
2107
970
1606
1831
830
1402
1610
944
1998
2320
1848
2041
2214
1788
2150
1805
2012
2109
3700
1921
3487
1413
2991
2598
2065
1597
3047
3002
1602
1975
1489
3584
1988
3552
1032
1959
4846
1659
2147
1327
20527
1586
2075
2147
1734
2579
2383
2341
1627
2270
2561
1519
1786
1608
3509
1993
1934
2532
927
1924
1565
3061
2361
2564
1337
2152
1454
2507
1442
1437
3906
2676
1989
1896
1740
2312
3048
2060
2778
1627
2728
2575
1866
1519
1894
2946
2401
2961
2051
2715
2138
2043
1639
1762
3201
2094
958
2023
1720
2526
2406
2183
1770
2109
2304
3726
1492
3483
2898
1633
2189
1704
3463
2300
2230
963
2242
1661
2240
2265
1250
2014
2476
1847
2115
2202
3361
1530
2571
1988
1763
2667
2112
1961
1237
3484
4241
1529
2055
2150
1907
3164
1309
2509
2163
2194
1867
1980
2381
1726
2662
3155
2360
2824
3899
3538
1302
3682
1600
2489
2721
2856
1969
2600
2452
893
2930
5286
2510
4430
1801
20363
1759
5112
2512
5136
2030
1608
3073
2589
2566
2448
2588
3481
2897
2848
1825
1366
2451
1616
2365
2212
883
2091
1551
1548
2011
2762
1610
1050
2087
1618
2138
1551
2544
918
1503
2633
1927
2415
2337
1293
2274
2145
2810
1038
967
2375
1822
2193
1128
929
1829
877
2520
1827
2186
1859
2002
1817
2107
2487
2084
2264
2045
1921
2302
418
1093
1163
2406
2211
901
1677
622
1392
1972
2699
1915
1962
2522
1706
1523
1348
2060
1277
1319
2031
3257
1658
1141
997
1384
1428
2075
2241
1772
4233
1479
1137
854
1247
4363
1859
3265
2418
2694
1976
2236
2911
1932
2334
2087
1791
416
2223
1870
1577
2150
3778
1558
1236
2672
1846
1723
1312
1758
1983
2138
3120
1113
3129
830
1782
2463
1888
2189
2016
2038
1416
2191
2649
2088
1666
1115
1764
1040
1487
1036
2870
1755
2334
1089
2764
1430
2693
2251
2059
1244
1062
1866
1825
1789
2718
2269
2328
2657
884
1575
2712
881
1766
1497
1805
2026
678
2137
2439
2376
1542
2403
2020
1838
2198
1367
1530
2787
1536
1868
2169
2231
1602
2436
1992
1337
2581
2941
1802
1342
2051
1952
914
3348
2066
1861
1886
2531
2336
3213
336
1903
2061
3462
2707
2100
2240
2063
898
2039
391
2462
1130
1939
2075
992
1823
2143
2298
2630
2446
37915
2303
1804
2039
1551
2185
1896
2306
1863
1892
1799
2015
941
1740
1963
2251
1786
1233
1982
1695
2065
2054
1274
1692
2506
1892
1028
1377
1971
2020
2132
1659
2013
2374
1279
1267
2367
2499
2212
1728
1613
1262
1034
1796
1574
1865
1932
2102
2181
1870
2057
1901
1997
1394
2204
1034
1722
1801
2184
2561
884
1189
2165
2552
2316
2539
1963
1995
1347
2339
3298
1944
701
1140
1617
1937
2908
2070
1878
1107
1835
2404
2892
2224
2243
1725
1882
2101
3111
2618
1707
2296
570
1440
1648
2274
1353
998
1889
2611
2210
2009
2117
2021
1876
1583
2076
2553
1462
2625
2678
454
2435
2755
1920
1341
2185
1294
1718
1424
1860
2820
1969
2538
1910
4692
1973
1850
2482
2313
1088
3808
2089
2384
1457
1611
1879
3172
960
2926
3490
2236
1598
2037
2140
1314
1236
1233
1874
958
1782
1950
1360
1175
1524
893
2644
1194
1734
2051
3028
2730
2497
2162
1997
857
1881
1640
1684
1889
1841
991
1409
1630
1563
2780
1837
741
2192
1435
2176
2079
2751
1886
2182
1410
2162
2349
2396
1614
2157
2649
2715
1907
3183
2021
2054
2085
3669
2583
1204
3383
1790
4190
3751
2064
725
1026
2813
3612
1665
2846
2903
1145
4212
3020
4523
2663
3138
3418
4008
2326
1411
1775
2286
3979
3561
1389
3294
1047
741
3286
2218
3369
2160
2842
3425
3717
3263
2108
2090
2049
3408
2542
2275
2712
875
1691
1996
1958
3885
2961
2688
4124
1628
1912
1270
2375
2436
3576
3039
2814
2676
2787
2215
2537
1431
2280
1950
2097
2776
3018
1706
1752
5062
1759
2267
1774
2544
1110
2641
2313
6210
1503
3540
1356
1998
1877
9115
4419
1807
1935
1802
2231
2358
1592
2025
1559
2145
2299
2170
1795
2056
1456
1249
2083
2096
2299
1802
1916
2761
2008
1886
1186
1296
1473
1954
1480
1162
1776
1989
1551
2566
1917
1858
1306
1881
1173
1909
1366
2252
2473
1685
3112
1602
1834
1843
3249
1687
1314
2095
1560
1804
2217
2166
1503
2315
1863
2018
1322
2263
1524
2490
1514
1756
1925
2962
2064
2583
1324
2505
2310
2486
2495
1509
1729
2207
1772
2417
1969
1913
1912
1542
2476
1484
1580
1909
1843
1802
1916
9555
2200
1844
2195
1454
1863
1799
1744
2195
2509
2114
1925
2195
2105
2394
1690
2339
1992
2314
2029
2166
2845
2142
1043
2321
1600
1271
1881
2608
1439
1991
1777
2054
1924
2162
