29141842
59969814
41031850
48283538
76430803
111420887
90507374
73669638
33998679
51544757
56806409
40513444
52573954
44446196
35900297
52298680
38297913
33940528
36039158
28134023
43951916
31360519
32369484
42470802
37394674
31339378
56873133
65167495
35357907
39349429
37013565
54468579
46184553
44910973
44341321
41084705
81687107
33184141
37178871
30644148
38703959
31814664
29491033
32711377
35586199
30464430
26981875
30985336
37798086
41275280
28311641
39287310
33660923
29244788
29867444
30394153
39085474
32494337
30807072
27283999
33046779
24838658
29491666
28653760
32220955
30320086
27233966
35482918
35591428
43403774
29807466
31383849
31194632
26784537
26023936
33042823
52311854
42469718
38481000
26620717
26034399
27760836
33741374
30144855
40436165
31503884
32765404
27840345
28192051
32756676
32426878
33391791
29231373
24843456
32359792
28647939
48207777
28871241
29793719
25353735
29270297
35263636
30160908
30580803
32431921
28452828
41398509
33322327
37522163
40402215
36172391
34817966
56858999
31459180
37571105
35200220
29313435
39315330
35317017
41096413
30586169
36456311
41616894
32601021
28513787
51221189
48061208
51978595
37878795
40657542
48845143
29049986
39781447
26688978
35640470
47381509
39007463
50126232
33756012
33830323
28613567
35802317
34183585
27722958
41546372
32709956
31030052
39733535
33823258
31046503
41668788
29705279
29314848
34211170
32155056
33991307
33249355
55075230
30362111
41152505
38752382
79536084
33568868
28628138
29256924
29865774
37853399
48698825
29040186
30241247
41279792
36128901
39849886
44894348
30478642
34141768
53448840
49515845
46217735
27073250
31765734
58410696
40803751
37722144
28698056
32622342
35616918
73967422
37858309
30689726
40958281
37347480
40075478
28842931
38881909
29896747
41927140
43260785
52213945
41656389
27870841
58305281
40543281
41679915
27707256
32750797
41435795
50770073
40575385
34224943
33619291
36602957
51330296
32717481
29146421
30431104
27894432
37457846
67703763
37080451
49725179
37271957
47968481
35241535
30175871
37429204
40041643
40472425
29889145
36799557
36694347
41280298
46164714
47699562
33983726
43054571
38839715
47400301
39015518
77263158
89003313
47229529
40399534
53236286
38001325
28346408
33180303
46485592
34824272
27946115
32731225
42153685
43887069
26197387
31853927
44473204
46783292
46065722
32982152
39587645
39694534
32717210
33217986
41368918
34839983
39071156
123694037
43809335
79476615
66468323
67411332
57747575
76176975
32845670
38650529
35582722
42574597
43477708
65515817
49737658
40853871
39045779
47607892
52501002
38720644
50663769
31721337
38950098
32373384
37427753
33821973
50754371
33027258
45351595
29328704
28018002
25824562
30364489
30600107
23746544
26627670
34234846
34452538
40999712
25513268
25321273
34593118
39669820
32147094
30567434
34693976
23549204
23854854
26668260
26219170
25481068
36065627
30423945
30169574
26953541
26096460
84268646
36390409
33085558
45855946
24388977
31431350
26120335
43142871
62023576
42547956
48158415
37132007
38822369
29640266
32811764
39108429
46198278
34670264
29173404
25349291
36175922
22753280
25592370
31706860
48245327
78678593
34049837
47467721
45207921
47952243
91859885
69116387
46107153
29160726
44447362
70778270
38561407
42991690
38086486
50933005
44520964
40415096
40946762
35676735
57979783
41702718
56221365
78431336
101404181
65940663
99469238
38583966
54115493
39993804
34482829
58031605
48316693
39020568
31134893
38983736
33384085
32028224
27617237
41395442
29703778
37087135
28256089
30489877
42315939
24267551
27855603
28754970
29740084
51168127
46538077
44568949
45724359
47388457
44441582
41775470
36871866
41899259
49092638
46453446
38834997
47732954
41352549
43450668
32019342
39394229
30022217
40280099
28587729
31214793
43496728
29815328
33803422
40051658
51815370
27921197
32502492
40524601
26087073
42756411
42948070
54309194
63676607
40356702
26792050
46749664
43113870
36051830
52901091
34739680
32825637
33512652
32584943
34759378
31717674
38067674
36819723
39931800
30115216
28215739
38406363
50531465
35984508
31947314
36727165
30845627
43657705
60156537
26203407
29626680
29934578
31412084
30928578
34437640
34630605
27870376
36968690
34901306
26534466
34055401
26683651
39311394
32679193
28451524
27345199
25682203
27287695
25435513
29876566
28791808
33783601
31249416
29165961
26274544
37499680
36183154
30701282
33429086
33069935
25063679
35606455
30542487
27835445
28668003
29401217
26296132
35401304
32965937
40193055
35980009
29836158
27482285
30789506
36923613
45434740
45113647
38852269
30695909
28678755
28583977
40654031
33018918
31814414
48506646
31690539
45429585
37116414
26715721
34458727
31535760
44022180
35376925
34511630
51587715
36514641
39682674
32048309
29187031
31031999
33562595
39343548
36685784
29043861
28436593
27361301
32138119
31017110
31484463
26592740
34210482
33875817
35040999
28670946
37702162
35214833
37539258
34776541
37030270
36794293
29315355
41677169
33809077
35063228
31822158
30225487
29897149
28416978
31266702
31064248
29279286
37858230
33675775
33753995
39594924
36476603
32092973
36462957
30459809
36671825
34794932
34718974
30337244
39348576
27846647
35645240
41415739
27813455
33149066
34052997
29210938
34018432
31136732
36495631
38498291
33952448
54844536
32342142
32585630
31715777
33971390
33258144
32726660
36035077
33989447
49676120
37227160
44889187
44548408
41174278
30623907
41413749
41305138
42609644
68564674
43957776
47712352
37032916
44847529
43868750
38703732
44445811
45686096
36796432
41407804
44453773
57098570
34988232
33868560
38254135
45856767
30947606
68082597
43490845
42201250
39140055
53985769
59076995
37564106
33228885
56238834
33967536
36345304
36062096
34224684
39028262
35631100
35132018
39461867
33222692
43918842
33165916
40224165
45769481
47380559
54876980
49203752
39918601
38808877
29745353
33906471
37046704
40553756
33824005
33262768
33693752
38289101
41116700
33253551
36664509
30942976
37208963
34444104
39974641
41824684
40738336
42790617
41393540
38880376
39691928
39718741
41138103
33681622
49567780
36535476
38928170
46441066
38481976
31841436
38187442
41840104
47022361
44201073
38831737
33685327
41598069
43021916
35242023
44111477
35089981
47147072
45683794
46774055
40746382
53617859
46673268
43474210
46338118
52081548
41244450
39124172
55435822
50670859
40597107
37795394
42702780
41785417
34566163
45163267
41891985
39326208
39473417
58030735
45328384
34341463
58837497
50804414
35375049
39318753
45391049
40329587
37757726
36077250
33093149
38405523
46154369
52893392
41217594
38950537
35798278
43818736
46640144
40547142
32333843
38411001
38211762
37704844
39090811
40327410
43225546
39246413
35201301
40802693
34558664
45747145
32564288
47847198
49860188
30342150
37758284
37719931
36159628
43227689
42780410
36743496
46035765
36904944
43825845
47216838
42620239
31123161
40888491
44135834
32596231
34911065
36846396
37897913
47777912
53271168
38473329
31744230
33016823
49209197
36088944
45612011
41816030
39069915
42077004
35259047
43791893
32528974
35264047
46952338
33405360
37314303
32510777
49557581
40144782
38891296
47842971
44254380
35742034
34131532
40179613
37311554
41541124
39380825
38288092
30790494
33439330
36588461
46205897
38426385
37196328
38382685
38248402
41674520
36349265
37365467
36444386
49892842
39106719
38979805
47836666
47656741
44153608
46351944
44777450
45118251
49387509
38999253
42634863
38734949
38595784
45467027
46326591
48836880
48642881
43070491
53547489
53927339
52052966
45468443
42145728
70576897
40310108
40476866
55722464
56701114
35630400
48352055
47450151
35666189
40141440
30488761
33279330
42507894
37524350
32608209
34395086
52459117
46183010
44753840
42164900
33169453
41756448
62489436
45448739
39105835
41970953
41995941
57755620
38262604
41345443
38804918
37244557
47924182
45577894
39041971
41835926
43325980
41840684
49289633
44996094
44086307
58442387
37611455
45663763
43574940
38595936
42627619
38395727
36574494
46196385
39093354
47960593
56053453
42006707
36260340
32987782
34309799
32776356
36663466
32151387
37111454
34558609
36930025
41959391
28978286
36149416
42250630
49554268
53758102
49593225
37207080
39745022
38216450
38256846
42329322
40150011
38722609
51282211
46042024
48021721
45203839
40905991
46379955
46789706
37481480
40679856
43236136
46464245
49779841
40550955
36059610
43155324
44206148
34661220
34758903
36741174
39561295
51638791
46143721
41159016
48820226
39165815
39358292
38091581
41261416
35307919
37071494
34960890
43286048
39727279
50345306
36751342
50046110
41640764
41529441
42339757
50416694
39297586
50904944
37909778
41364673
43320132
53262089
45927979
39836946
46097504
56298656
47866521
42371446
49016224
55123104
53000833
50599557
59536959
52262304
53255342
44498479
38189456
52321574
48222511
41842952
40424399
41003587
36378403
46193236
44418401
38443138
53267209
38783964
34140403
42802177
38316112
33500298
44276599
37866793
38219396
31628499
38163454
49466575
50936274
44436192
41970537
46829835
61815921
41620026
39552943
36346658
37226111
38336810
39945493
34452592
40192050
43120107
38854261
43547512
40216314
37222458
56659470
46584576
51339189
37309296
45262645
55933757
42338551
47218471
39879616
44077115
45024943
44291458
53672710
37433661
33143755
40991693
56717826
42863714
55923574
41076379
47099869
37896185
50085325
51035301
54657670
38988356
49008911
44285234
48001977
55642118
49254537
64509686
46794991
47008044
58138618
45079334
51306018
56933776
51628746
47665137
44161846
63158334
44515864
73410224
52281247
50823488
50057936
50525757
55558068
49286162
69138563
54011709
42867488
44606099
53001900
65040282
56785069
47252498
55287773
48624443
65010548
48325192
52988405
53846823
55264623
56284745
47486371
39558618
43254511
50014106
47955274
60863645
53418094
39974252
47532903
40976139
45159157
41973723
51485743
50270640
48664860
63798320
42237616
53728872
53472397
57403651
39286834
38615265
47295856
43084035
48572473
52212312
42153770
40600090
44036224
47805450
45796386
42116708
37814139
57035804
52378057
51082559
41542720
59506839
44205711
70169915
35538416
38408640
41668327
43962182
51461191
38866545
38888974
42578407
49958644
45138646
39086829
37991733
38108979
43016693
45194022
43238613
37415633
51148150
50994192
47252768
38642891
36123010
37248616
36088737
52356753
49513095
37916067
41686123
35980996
46376103
39005906
36499064
42539682
39171259
46515485
51094310
39735899
45502003
54657185
34807004
37972282
45389812
32920074
40416951
41124725
40235100
39905865
44048808
37303537
40753507
40175817
37272754
31691601
40317220
35795971
43075653
37288025
45395636
41212587
48836263
36868753
37399770
35813994
38679124
49300657
48122702
48046057
48087241
38699169
38833045
39760757
48652276
37979570
44933330
49574571
38776761
35912252
42941859
33825673
40487199
37238888
38690177
42268224
30636299
35880074
37426962
35432768
47919751
47249872
36014752
31709124
45168095
40582231
38336387
47874505
41504676
44440720
34559161
42064956
45749435
47982890
34584493
39841897
41184987
38518775
62983621
31191976
44005128
62068674
45006385
40514042
38295451
38398772
48520703
44547520
40868678
37207197
40887587
34896579
38945315
37345503
35719359
34667187
37711897
41483578
41965866
42102994
34558203
48620581
34395242
39329206
53849933
34948723
47101124
40467159
42251660
31338596
36237817
54973511
42100538
31630172
40984590
41289220
37711964
40656144
42691801
43028166
52881414
42449979
47565640
41832143
42035304
44086365
34348725
38834091
60728008
44186657
41268564
39850532
43392066
32940585
36970123
36464007
35928612
41745169
38714271
41816775
33727967
45694512
58121343
39192960
44006586
35500154
31639761
37738093
41980901
47877778
46841269
35632083
38513334
36243587
50956800
50569633
42651207
52881551
46628975
41340238
44214887
44114684
43359605
32974411
49694608
36437985
47144077
36288422
48207056
49348465
55378042
48637172
47795707
42040314
42033727
43164652
37960110
56498983
58281151
34885137
42827182
44157357
37432447
40626140
39774154
39815421
49591318
40587111
38679308
37863460
43828158
42855110
48730848
36149949
40991391
47832044
37863726
41844991
44142087
37223436
39737365
44119224
52976690
40658539
50394199
41412329
48748247
39269533
57350413
61869992
46383068
46269624
47917936
42216348
41927423
45029504
42132996
46464520
40527233
41398451
42866947
49326033
48876088
43172486
43172803
47696803
41942633
55017419
70220128
50566145
41414785
46081956
43015568
41739044
42944467
44536044
34205511
40018481
50214229
40888183
37331302
44774787
46015585
40840367
41111015
47499682
35695112
51419380
41231912
45131689
40596128
41158567
33594451
38433366
34875037
33305203
56576664
35721552
54553732
43125843
39781381
42860644
41507251
31955369
35833391
32337022
38192045
48143485
50704349
57885832
38781154
35984115
53288068
48078206
32969079
31071862
39062372
49447633
45981968
41124343
40416391
33837995
53590538
36197820
44245621
34858697
45896998
46895965
40039241
42783027
38360482
42289008
42661866
34039476
35859890
40206507
38121937
41977023
46641853
42106134
35961409
41297638
39383721
44583962
39580995
35639949
32976975
34058131
43376491
38270518
37400770
37941866
35501623
43461136
38811996
33803644
30642872
51727764
37894307
35902923
39082029
37201609
36367799
40144429
36317351
45288349
38699907
54225352
39419192
50423169
39705857
48526804
35514934
37441980
45094223
45926131
53729384
40592045
35345920
31267182
29674323
41195761
38279103
37364045
30597982
35463641
46663495
51880199
31102100
41952570
34547869
49497060
42243504
35635214
33424862
38475295
40513059
35715254
41560644
42552006
43746820
41967560
49793462
41084958
36474152
39327817
35653089
40291038
36839719
39584792
48090180
41317272
44566247
38214888
42877029
39471967
35761796
44990621
38142385
42402424
36101064
43274918
66563446
48625642
44409994
42066072
48182934
43119706
37955761
40566563
45131087
41570829
35697280
43266198
35715234
35519001
40941239
44122278
36909135
37968038
37661196
40730961
40845209
46788344
58202657
52089140
33875028
42849483
42733392
35135152
44311606
42413975
39286667
39613811
38150059
36071385
42868600
42798698
39670727
36999399
36091385
46620182
63614310
34406052
37223730
39554584
45256855
47706610
38966865
49204801
46530711
51406220
47237301
43715715
48905187
49716249
49631491
53532930
66478576
59223585
61848327
50748934
57872437
64000139
54538940
56589704
49109266
53088822
55897996
40407731
39734299
42659903
44769797
39289446
34153625
41791383
37867348
43669102
37304969
46422652
41681248
41337409
42666110
51110511
40724563
35909162
47216547
31222946
45372265
35699735
35263329
38505888
36089249
37985002
39658392
33106477
38810312
40748290
42791543
41737832
32613365
36688866
37221199
35352818
38455472
39645776
36955502
37081619
48561573
42140131
30072387
39590993
35856832
48764322
33860359
32942188
44715893
34071225
45288966
47230203
42216635
47305172
41051722
32909609
34277294
35802339
31396427
34495474
34974826
53771018
30880149
41409412
33708084
35575681
39854395
36391020
34709609
38657373
46674216
35369195
32801057
32113558
37999049
33886392
28273654
30147656
27970678
26523219
27527865
31291405
34811825
35625423
38291376
34200628
31675828
27676582
24805816
34759916
32063064
40786983
38749716
47204272
30196505
37435716
27117535
32495346
28365671
28082226
37224985
27014246
28285233
29586454
32339619
44237121
27468319
33294789
31569366
27531058
29399461
29391702
28905132
25721818
30841384
31602869
31154754
24877771
34830746
39286531
38600072
33189407
45813747
26822551
36618080
32240422
26647964
36566235
27988600
29335992
27698274
30247139
29579964
44220401
29138572
26498160
33063910
33618278
31640959
35657171
31881156
34789088
25785001
27820482
30369731
31427293
33360740
24535804
24511334
41835893
27704741
34434991
31487416
32496851
26223310
40866170
26704607
31294834
30805018
27034322
31399149
26719375
29328441
40989834
30889064
34847018
24921978
26372437
27313524
25118097
24906391
28686611
29503010
33971207
29122777
25941754
23242456
23085845
30611242
22943856
26432549
20691817
26702562
24697825
27355954
23765626
32598927
21383089
22720732
22472767
21138555
24191239
22846116
25553333
24769376
23220822
35971188
24645853
24138036
26296276
25784421
25378347
24581693
24166210
20254821
24342333
31651171
25335922
22004759
20925024
30876665
29529465
35239807
23997696
39079961
36389162
24587330
26399839
21497771
25901665
26915746
26729743
28773718
19301445
36320755
37074137
40500626
25293702
24051407
35112691
20851945
25940434
23097503
27098568
24519486
33650912
25385038
20487537
22520588
29456127
26951134
26796568
25020721
36263066
38631049
21546992
19050799
24853626
22984321
22851982
23737124
23003119
20764566
23190151
24787461
29105833
24602339
24083840
22464387
24769140
27639750
24330912
20938014
22918557
24759555
33537362
22219470
26280554
30499592
26306605
24515969
26678948
28519989
26150981
31664629
25905556
29537178
31555164
28699074
29705863
31484069
24296322
35419473
40553668
32004678
32055661
26290218
27163297
25738792
28913516
30942339
24760283
25440980
30141066
25480890
32348295
28233909
30295545
30496887
34006524
37430781
32465250
25801456
29849477
26870494
28753240
23019072
26004583
25051966
27656016
29272645
23212954
25837953
22929876
20153180
22102999
25892476
22047393
21132650
19775005
23618673
19516497
28949544
27376018
30406944
37067181
29983130
28274930
33061302
30655380
28513914
28145830
29921740
47114352
30345264
33522679
22402228
25748736
28482131
25998182
24586231
21811364
22312103
23478883
23986929
34513090
23461253
23776702
27703876
39605812
24573021
21547116
20082552
24638414
23504242
22224014
26423862
28654296
24493774
34570095
24406474
22316501
20423510
20763488
20859746
28121565
21926313
26690118
19669332
23582181
23775332
26508822
26627394
30099676
20371216
19558720
23950350
25127211
21525106
41498610
27268620
37614424
30178073
25849085
25875541
27151717
33909029
29578883
22696722
25854459
23026460
24410434
26740352
23254605
25856247
22473620
29887107
22544355
25030953
24619426
25987865
31674721
29816558
25828019
23371683
27219572
27234401
28453307
23949378
26646315
27547195
26676407
27838153
29816096
26143409
27979436
23670087
26696640
28172735
25756629
25563639
28100970
23105977
28604154
29573305
22935205
26136775
28300825
24139772
26526208
25760413
23537347
24841316
24077870
27425270
27510104
27153302
44187295
26146993
37294418
28469905
32621527
27562075
27392106
27662771
26336137
26118145
35385698
23432137
26466191
37941246
48346084
25643272
28535089
28375973
42764465
33912344
27692339
35074543
31826185
48251282
35605293
32242949
44442169
52432188
31565898
36751849
31251857
28078332
32501035
36469845
32931068
26487019
29368134
29004004
37179662
26282586
25747012
26566865
25113552
27064338
46041270
25857712
36523156
30935993
30030532
26011007
25214385
27803550
27963514
26138139
28446660
34079441
32009000
26217695
29535369
24272423
32042609
26118576
26731511
28867180
28458001
26384124
30242341
30780567
29939484
26959460
24957683
26612502
33578027
24844858
26293742
31802182
28287507
29127542
28507659
23397871
31328222
22913697
35392591
34420721
27560258
28033831
24435643
33676144
29089799
27606139
31671961
23598440
25653796
26152787
26638692
22005905
49388640
23882486
26557203
32217962
27559863
27658851
28229169
35529530
32210524
22993496
39150115
50055927
26116056
32050521
32717046
32394149
37900207
35191449
31204480
29760622
27110910
30267143
29839276
24209231
25716816
26992959
27142310
26138892
25502432
24196621
22607921
24116363
22649656
20932446
31879493
30826503
29876193
28923581
28458614
23966877
29378818
29346110
30821037
27186393
37358547
28043214
33436130
40402137
26845242
27161113
30767437
26967492
23779221
29149387
30283626
22529812
32132421
30285997
26490815
27186423
25132371
38977413
39921272
39584473
34026807
24948650
40338721
42040366
37432124
29987529
43278213
35132417
37157750
34967383
36609682
28382222
35818798
35886416
28396879
30108835
39965452
36280643
38897229
23490498
38458550
28549386
32194633
48055875
30070402
34387907
35988885
28295846
35836580
44709849
31354565
36997568
39459448
31469130
46136940
33345843
36965557
33779008
42547638
30679991
36415307
38200905
31649986
37842458
37331753
35888807
51924804
40964932
47075959
37155620
34756034
34621967
34577827
39137654
40979903
41471891
35983635
38596242
45793172
38585594
32758648
40653886
43460186
36198706
41427170
41276820
56372342
38697524
52766040
40809334
36377106
44450862
48694903
61742994
59057190
45253915
43812791
32957774
38817653
55952376
44887956
37602760
39215478
51057976
39066028
35241685
34275209
44146913
37043595
36572022
31440496
32762907
40078769
43142002
39674817
52949537
43621577
41586488
41167485
34742770
40401373
34805639
43778035
39136657
38048869
28566182
34754540
30556451
30088794
33137085
41286933
44941014
36849781
36341772
38179208
49969535
37795626
36909576
29841832
27134628
29275803
31293568
34433055
30567314
44017959
32199644
34454593
36552192
30629999
33018728
34637918
26508184
36629789
27492561
27422865
29644236
32842795
31535798
28784510
37465481
25851651
29089261
24975918
27878647
27934760
32942762
29276062
35937394
30330612
23797780
27362961
25267646
34830406
35013881
32997136
30226562
33250157
33436928
30616654
45489877
28113656
26930102
29633983
31402067
35937898
28043969
27956882
32596286
41457187
24931286
24197707
27882445
26552433
27667389
36448801
28006580
30253153
22136376
37708681
26159786
26065750
27720437
24957451
31949146
31256873
26712291
27884589
24948534
21957421
31170611
28052433
25406927
25603374
23315396
28079465
24074103
38926008
27188225
29206578
23798898
26014198
20367199
25024507
29534402
32986325
20229146
25087653
20464652
22444413
16772443
15135805
18401343
30727559
22721279
20079103
20646447
22063299
26255501
23282023
19411864
23601930
22461643
25676257
32677884
29537294
27404749
30895128
27242469
26400757
27885589
30959859
27444086
30108255
43095184
36511534
40123971
37108311
34255756
32890396
28730391
31082024
32735788
25529936
32257107
28871957
43737214
30201622
26673143
38220417
33214179
36182148
31772393
29958406
31330849
30759867
28643440
33870175
24912752
32943455
34357515
32491399
35261997
28706555
37425829
32880020
32592327
33462126
26468557
26667114
37197949
39160621
31948243
34454685
38226668
34829381
28508179
35617935
39920637
35164930
25262763
27376179
27581324
41400750
41147307
41760247
28397092
30004248
31671924
29986587
32752558
28012669
26988065
26951562
38906486
27940495
33123243
25575207
35223116
33363204
28232680
36319381
30387552
58080246
47186618
28762545
33632795
32086954
29524686
35333720
26643316
33294426
26793151
39080529
33706375
24927378
23443712
28313933
34607613
28833137
27924944
24045251
27440952
26172635
36927016
40343115
36652404
43097034
34286731
30375107
25893525
33481779
34626073
44565641
33271163
31605947
32095235
33779906
47846798
35130057
41650180
40817551
31772291
42487010
30594184
38328870
28204725
26701346
37259153
30766051
39045842
30550570
26570833
41545047
42820633
46485233
27830572
61981742
28889980
40891919
28499354
42634818
41656666
27081419
35038939
32694354
37305245
38142199
36405780
32997874
35871157
38815984
38028325
39947993
28536044
35289139
32037145
32297191
35752421
33265412
29182299
37922319
36340606
36638323
36484617
33632059
31292198
45169235
42314998
29560294
30317481
34570231
33314970
28402601
31343371
28573523
26798874
28451914
42650608
29142455
42353134
30163090
31083621
34735041
41691693
31394952
37207833
41679183
39541340
39985339
37173014
49095760
26309983
40079922
35861228
39400634
29731485
28024453
33933244
33069506
41073588
30817257
39537810
40754211
44777284
27040729
31452516
39351765
36673883
33887207
29748831
24929120
21040074
28710883
41752294
30398387
29275311
41611774
29048012
34187377
44466537
33841597
34064123
30048271
29852006
32303070
27741929
38753687
27055167
43769917
26025792
31833469
33327042
31950599
25807882
31685127
35631572
27407054
29922448
38766842
27704612
33413716
36663855
35549787
32953763
41318276
37896820
38965197
30948313
44712270
29640617
46783467
25301693
37998129
34218180
38235053
42958548
40435014
61070221
42892718
62367606
35796117
41623407
41407998
40210512
28156321
42032955
36414998
37861024
32311123
43150389
35911961
39153270
47777446
38936652
33150302
48901124
39255150
31565820
27991278
56709999
37372326
34669613
34210537
26817008
26140636
33383615
33935590
35691514
38251894
38898412
31722336
25960602
27495440
47838347
30306176
32258440
28667553
30100791
28176830
24217082
24053453
24618443
32201446
23787443
33326522
39585044
38192533
32363892
34264312
47216198
49387378
26934658
35378058
29150618
32303033
32863779
29463590
48865500
37504661
29495459
29010550
31218042
36577726
36241919
40684855
25970471
27385293
41879462
29603110
26173101
30242457
35234575
38066267
41523316
30670210
30808497
40328602
44296767
40557260
34751892
30533468
30261931
40916486
35352814
37428816
37906771
29150479
33804835
26921524
32394453
26544444
26155157
35272794
28791979
34983593
26084399
29950895
35624693
32159752
36012391
26192015
33149226
45716306
47271454
33740112
32929055
43776467
40832340
32790504
32376449
29236394
27521267
45463816
44679716
29152385
35937396
39086892
35384740
47511387
30421671
33838794
38466354
41999745
32069254
41627285
37546085
31967564
32787752
32479422
42041910
25531748
29039792
54597304
35298640
30305811
29606732
24747727
37447660
34564924
30100256
32082726
24951265
28848548
35330284
30419637
28285193
25414137
28001498
29668909
24066358
24291151
30798990
37039581
26944263
34358159
24836429
25052886
26898744
24099991
27295685
24087907
28776585
25200320
27732109
25369472
28927725
28578305
23311500
27828419
23499882
27961046
36106619
22589070
28800218
25581071
24663641
36017001
26232293
31599179
30133316
23592547
23193238
23661827
26850161
26061532
25362968
25249825
33301189
30500624
27902046
32205438
26865848
28121039
37127226
29717258
26691022
26167542
22750968
23348430
28439452
24341903
23153985
26600453
24083565
31264527
23709531
26570747
26501708
25557421
22913754
25795187
24840017
26682519
29716511
24743598
23524070
25874562
39505932
37432056
22886965
22728340
27926430
24379300
25495488
25876401
30583957
43917785
29996314
31216956
28690347
24476570
23753930
25645794
35927519
28892297
35739455
41798738
33832989
35826672
37386509
38914767
37206101
36872268
37963357
31451257
42821001
36553745
29167253
33852660
29839242
36200352
29571782
31830758
31683571
35686942
41270690
35064403
41829832
40412000
34324628
36931896
34637745
43935670
37996500
42264280
37242885
45435789
38624036
33173655
42686855
44162854
40680766
45842795
43530729
36589625
59970296
33680668
37847862
44479003
37704240
40641779
45941130
40140574
54245940
51554605
47348404
53634347
70716318
41516809
47398722
41964304
42019836
42350670
44051495
41978265
47958990
40163868
48596319
45864233
39774286
43968393
40993433
54452292
45400892
51891009
70236796
46454459
63957635
42896804
43915850
38493692
48472370
41983894
40604865
32346815
39250164
53723436
39085138
44773184
36603930
37697150
42760637
57167560
55053959
43421734
48789450
38916333
36576505
46490799
40812923
44796772
33388672
58828293
41049579
38779553
44702437
43475911
43257690
46498699
45761845
31791284
32805225
43940975
33598224
40190681
33505401
40551175
38645724
27682634
37285169
36543574
30650692
34410130
43365896
34170221
49193252
32628390
42382969
36612846
41198660
29247294
38321267
42021207
30886829
48419590
28452812
27686922
35570666
38429037
34031452
27037474
34077926
34219201
44184814
28261888
37899574
38418605
42262190
31728662
39944476
35466271
32960824
34390770
53604688
42037500
42294237
36730841
37985302
37003217
30443814
31262439
25691671
29073451
45372377
37578921
42854788
39838554
66440051
33648762
42967985
43189341
54706822
57534078
41836178
64527157
50297077
55078023
46363538
60854547
42623688
57067650
43538584
32439403
31227968
29122836
29210585
31493486
41094657
38633541
34295180
28269519
27804509
32600019
32123343
57304628
39006147
46062614
44866997
71840104
43773234
66821382
68385372
61725580
44617549
54903009
66966123
51879087
65385782
60037796
44016025
36506620
47165572
67111112
61234787
59759217
37731081
42196237
65454799
46876961
53165051
40871858
35456616
51598866
48870038
36910584
43051785
50297307
44953352
58095626
62303336
46965407
43894815
54541287
41740049
54639308
39323133
56599042
40448123
51036435
41931627
45163030
31643287
34757073
47288322
53330318
35122581
33784210
43527676
40442858
62050089
53211101
62545428
52826227
54167218
41730381
59133338
80174996
57153505
51045401
35021019
32723150
30792404
39602522
47362870
52601834
37168225
37989394
43454780
30648953
33100925
31554130
40178328
31093222
42064184
63579617
60972212
33285771
42515002
51789863
43531231
41142834
37249003
47100554
44918716
41437862
43995426
50117886
48426899
62796171
67142835
35690443
33533851
50202007
67052964
67678098
61646464
48120259
38021957
40892632
43350412
32521040
44841181
47037688
44708311
50358165
54997290
79443763
77271608
70379132
55067441
58037846
57824213
54505974
71293908
55060624
66107835
70901651
71988001
43544321
56584357
47332783
69382559
54519199
60342872
62595493
74722742
52845295
55377605
59591830
88494094
63241128
71023983
62175701
65643623
61929054
77946638
59935580
85651643
84227119
77390158
101373013
84044252
49519433
77975838
61214663
62632534
55102122
48668623
58655343
73863900
65466986
69461763
84553514
105252385
66318505
93345333
62763441
52655759
46063182
85365316
59942075
51586516
59067789
92885031
71678820
71099322
45980854
46211469
65875418
51949445
45010557
42503615
73198397
50347017
52933806
79703030
36672556
66695446
53559198
74743409
62143029
59281783
106198371
78478751
82875928
73647053
69825729
60101887
58504923
50305710
57103303
48636235
57212049
45796418
57155703
44756291
83729816
63211539
41057416
44122165
60304461
45970677
43202593
59363053
65312804
61929259
57784570
48767333
63711576
66526624
67514410
45838382
45722339
49539971
55888028
51012161
64368691
53181944
66140749
47849771
34989568
39921049
46068771
48987378
67046911
42690544
64963176
54376581
45277301
48870899
42455750
71451985
48688152
45885153
54893504
59369428
43196335
48193781
48982303
60822832
47248232
38266494
66124574
56406335
43845360
38610603
74097758
70090892
90763013
64487125
47649432
47963616
61518152
61311960
40431342
39721007
46088249
53500946
44916968
58609083
37683973
41761593
70218761
37421882
44824029
52477496
58134504
65218172
64368727
47984434
78601597
47213078
48419879
48163402
46508688
46435029
49557333
55406230
50572382
47585316
41705708
60979317
43136722
36779687
68283602
58528334
49560902
56899072
55943240
52848897
45543867
48664442
60094073
76427677
35787856
95749132
61827988
59853638
59158156
55881539
51642278
39967382
42389010
45676606
38147705
35277127
42269248
58450986
51891217
66030957
40954441
41379180
48683516
47753977
53907491
69231989
40091398
41067800
65362979
54083325
45040521
45762220
81401527
54986545
63289300
66751380
72358751
62786257
68673542
38101929
59431039
55377495
45796541
46884447
53847018
60693528
44773132
56973982
64564138
71917869
58179393
61801907
115557644
52427449
63537722
55934570
77134389
98747385
90294871
81980283
89047437
62944122
71995047
98318081
91453533
72599409
98682654
79104435
89029345
134332495
114750164
85033175
98838611
69915399
81855926
81720431
95149561
75187662
83861260
106871573
92169849
87933925
70795341
92268504
88148840
66333261
79123969
63439646
63524138
76486363
82880330
177907661
109196921
87618068
81100115
63558166
78357700
67505803
61761850
64936816
79484389
54984485
85425527
78718823
72304979
72029991
59599939
71587366
57062401
96223717
75061554
79664046
87030171
88330145
95588837
90161056
71610631
101959128
67189700
76644556
82818041
135167178
68784630
79622911
67997166
64914970
54158713
78487295
75655553
56432291
44489084
50414630
84523285
66179968
52575802
81707506
84834943
67560798
65941083
76320320
62257993
49855361
64857535
45571272
59825759
59577809
61592089
54034813
40683267
61610824
77294366
49710024
78950621
50885628
69372159
45500599
58333984
49337817
41494834
80877334
55274526
54905138
55187521
60938421
85344792
48827726
42207236
50182224
44110539
48360974
43906905
81025372
55685961
41900908
65903585
68122430
56102052
41298915
50573035
71653148
60248317
57380476
51553470
54214173
51245159
52101681
50202576
49746510
44621212
49339094
77589569
63840308
53125237
57467098
58273367
48547343
51224028
54613394
40769232
42328092
38718517
56905609
40473333
35008744
45787489
43608991
54347237
39082788
45018416
44860194
37282264
69025538
52014516
51398612
45926899
56872546
60546302
37119407
39748732
38964105
43285304
41889869
39581055
38971996
38788887
35565596
42076987
52363753
42318797
39860949
38049882
45366686
46519213
43724869
49179398
48113002
46803461
45789165
49562163
44917789
50616999
41903716
38336996
50178019
39913679
58993210
49156956
59376452
53819193
77041655
56854995
47444678
58207983
45816463
42812397
53694298
58465221
50576410
42767113
37974454
53581257
35098398
36220458
34405064
36343826
41995756
41935409
38324363
52256276
32965702
49208871
31835877
50382850
39109509
37875136
40260005
36414954
39184346
34699239
35296264
32018324
32982247
43155847
35330280
38033114
44632502
36085749
35254349
42310947
30828851
44819959
31543726
31962723
36008747
32895637
29584753
42800941
33140954
33977361
29621302
32269537
34156655
39489543
34117599
30578414
26968995
29144374
30552617
28900435
42821833
38428848
28040155
32171109
29466820
33704465
28240109
35356535
28313377
38595097
36901144
41603409
35674037
34901477
30572005
41833132
39769453
29352508
29852335
25434035
29404099
45148021
28874542
40147417
30924560
30391619
31938525
30563923
37812570
45003593
33517192
29009827
40086568
30310771
33004354
29731900
46754569
39733981
40990695
34160725
42390355
30702271
33326950
36897116
33494360
27207824
31124617
31584422
37131926
27821860
33472002
38650222
28133275
36190045
35536350
35889740
29704079
28911310
30217290
30932262
44433059
27808821
42253833
37271363
53289106
32589439
35446781
37755104
49486150
45306501
31212116
30613375
29249128
30821345
32150711
31992196
37941182
37653840
34702927
52164086
41826763
34400082
45647922
35604427
33733597
43425247
31026535
41788091
32725265
49539179
44909798
40606797
37232091
45028537
34953292
44600607
37426653
34689504
32309078
32178504
29432563
46393871
35721647
34761429
36331290
45402721
39395375
33502988
45281542
41337759
41557286
35003167
48973770
33710465
34834538
38916599
40715447
41794091
32169365
36888666
44742126
39688647
46061133
45206148
49735541
32746497
43771280
33178472
36967922
38719034
35566050
37677131
35100204
47355103
36599853
37801330
37749686
41538279
46939403
38360400
46171121
47849613
37220678
41180427
37941161
36496453
39367983
41111241
39170753
37734804
50666363
34132654
42715298
42544487
56834281
45670318
49788532
36335266
42038914
34640611
59622707
30228713
42922448
37122277
42336399
39493106
47290175
43259387
51996881
45708170
55085624
44548691
42980891
38193406
45292806
37457818
39383421
45992825
40978339
40639932
37168548
44369915
37055507
40081197
45915564
45052825
49239423
45025466
51904773
42679974
46273394
67443632
69259997
47146952
39486138
44304351
58088922
47018408
53632090
55274336
57336998
54532410
44249328
58414602
44268946
58771233
74686212
58073888
62249353
63912115
48720058
51425425
45283856
55763442
76157358
46409816
63716355
45384892
51588066
49531093
62742208
40907623
44360059
45571181
44304202
44027386
46434516
38096879
42696795
40167498
54270688
53138184
43221772
38800292
38862067
48341326
39070179
34202437
47298759
49417923
38996532
55482283
56323610
39390577
44355653
49622143
46559439
39527521
36152811
37643220
38794649
42823023
38155377
39756226
35465051
47038721
35778189
44731860
47348603
50062597
37166655
40190160
49046998
29023645
33599992
38199829
38366749
43049573
44245414
34997077
46059924
31034555
44163236
35905340
44576988
34831097
34086103
44157428
36193091
33624178
40759243
43765036
42062679
42267580
32846220
46334760
33415458
31477142
44714938
48146133
43652524
44271264
33428644
36217916
34676589
48189195
35780209
42771783
31193806
42551314
37755313
57941098
81631726
50070555
48419030
64309887
50946316
38636010
60448294
49713196
43507215
55445072
71218521
64490335
59227875
54814445
69443458
65447713
57889562
94197124
95860043
62596598
89774905
62782607
78009923
61349804
69511521
67405840
64006942
56715808
60812595
48151987
50586670
43630578
69496880
68250025
79785175
72642883
58189322
67283587
66996231
62446820
60554207
57484349
57431065
48923478
78346486
44142301
56851496
86210736
74097393
51916441
68843739
53238945
47819436
44936763
82017425
61377416
65494731
105596554
162060055
174231381
157293144
337657097
226470588
249282950
176296351
176678414
151779184
210689719
223598406
172601248
205425446
185743584
193605147
171055680
175931723
173355081
168312040
189020758
213805063
213746784
179090953
198800927
146451578
177417134
150858512
170859733
143660945
149085953
155858780
96123070
96809939
99826398
105002943
94382082
81732923
70867361
70989993
71327865
58305192
66151714
60035040
78330878
66237154
62179264
62383580
46512959
58956751
52318425
67845905
53745786
50924297
69349155
68123156
54129989
55489993
53090022
59641448
67619924
87774318
70892662
68559228
49940795
68251068
50239008
62951113
44789546
47080562
63724577
63985628
57379389
66700499
64888850
60340234
59627515
60240139
87045920
54621148
72065395
46679141
74170185
75178417
68930815
96411726
82912709
78043435
55089105
108005014
93638450
120913302
83790077
117276005
97767122
137528678
105120072
74579605
67355092
107876828
106622141
111994950
76058680
72015596
128619429
95202394
95063546
75767796
78448203
65141180
65458750
83832659
94816364
56378864
77075402
65052949
55167705
64586770
52172984
59181780
71174276
87193453
73328200
58947122
62824159
52119832
52444385
56905270
49053003
57035062
58424150
57464525
77248655
106268692
90772924
80422352
103482171
120290221
93055134
141778013
123690025
98459752
81755894
86820114
78320836
67519322
75730427
81637885
60417505
72255510
61362697
58307456
80763229
83966426
53605345
45562111
36160609
36890909
29870919
39121412
47477224
31061606
23668630
39406132
26241284
24444195
33228386
29200705
29723035
31893313
34064676
40908650
28989915
34347529
34307428
28589467
22938739
25516903
22656831
26515745
26416630
21764581
23874039
22765194
22897991
21710842
23026269
22212891
26197276
21602110
20210773
23197210
21754450
21704459
24860892
22543386
20687635
22597147
22637344
28571996
23049936
30802174
25025954
20832568
25669786
31691193
23504527
21613265
21383059
25559752
22069372
21698370
14820936
16955962
13332694
13252581
17837866
15431032
16391974
14835813
14282386
17014796
16603842
15205967
15132000
15390742
15936688
18164447
14569882
20012822
16349655
18838266
17224496
15354156
13950457
17886906
18806063
14254330
14036468
15532111
15772691
15315957
19946554
16649894
15020709
17891411
12306191
15868906
16803538
20380531
14546304
13862417
15565972
21601725
11580504
15196070
10884166
10269662
16204041
12285433
18832670
17025705
12974483
17997554
13729597
17433491
16236152
14693751
17412702
13416676
14690827
10978268
12301067
19492980
16634259
15536506
14925579
14450728
16987395
10699950
10597187
11683377
13109021
12174187
16179385
24163607
12288213
10235584
11496851
17306744
11554650
15023396
14129023
14666848
13820918
13314761
14897141
15077747
13330212
10096999
10844507
13571219
10557768
8975023
12751237
14716502
13877192
13877679
8441317
12081437
13159012
10558440
11510879
12377793
12746067
13541966
14724345
15075006
9337246
12973235
11796988
12353389
12780671
16607578
18194907
10989366
13507095
10787464
12709113
18866821
6749432
8824605
7891900
8116788
10025942
7556510
9086849
5479591
5647612
7151436
12934275
6552123
8092417
8100990
8803572
9823094
7648633
6575912
7948143
9363496
7039705
9865396
11339331
12430207
11374498
14073249
12520646
10466513
9475194
10280204
15950398
12272251
10843772
12538265
13217404
9266855
9918068
10233127
8769611
13449894
9935330
10121174
9734459
13239698
16372519
9553310
12234049
10688476
10017967
10922259
16909759
12433236
10433891
12579555
10955026
9404184
10535602
8662730
11157130
13272024
15614680
12043344
11303887
11866630
11028291
11064688
10622268
12023526
8479604
11282833
14873855
11253794
9672446
11230071
11011087
8757717
7763492
8190122
7329185
11756455
12657859
10185704
9245371
10117301
8322786
9549736
7993261
9822886
11256986
7910654
7118836
10433701
12736846
8005112
13414969
9750920
8386150
10578031
7065385
7994696
15442213
11323308
9624647
12577367
9428060
7822773
9270590
8798553
9767705
9943230
10171915
11531191
13430770
10520113
16538218
11184273
13811333
12375227
9622129
19949906
12812253
15657936
16925752
11301411
12033659
12095642
21232595
19326701
16138483
29903060
14809854
10432905
12189857
14574767
18130077
10483275
11397344
14878958
12408478
11400758
14905593
13115210
15784031
12634450
10454265
10686609
9934152
12960694
19003848
9980786
13205404
14460577
14357232
11508331
10890185
13295934
9836000
12159909
9363543
9936368
20510033
13909524
11560534
14296086
11710223
13983034
9859046
10057004
9411054
9812825
15146582
10439163
14364401
14027905
14972645
12546871
11148909
11589372
20517414
13566241
16750936
18367153
10643004
11202683
10196183
13851440
11735844
10582474
10833309
16161733
23848298
21481361
16451560
11866693
13129669
19490590
11238712
9754968
9601981
10355504
22813348
14032900
11953175
10940218
11203924
13521451
11818987
12973356
14054414
21590180
13014273
10262225
14324568
14889605
11422148
11262893
11435435
9684712
18243921
13348487
15814078
10624534
11323898
12684278
15130553
12110384
12809217
15692564
14702592
11137208
11531841
20967319
14666760
10514694
16156082
11324631
12816240
9278875
10259505
11806061
13095332
10579287
9488040
10932173
14212591
11241057
11239071
25676557
13463412
11098131
10825154
9972744
9645938
9847146
11269264
10990183
12118028
9229220
12827272
11177357
13024907
9848382
11642168
11866377
13706004
10259635
11715921
12546142
10518369
12389554
8641373
11626015
10792989
12321817
16006781
14294692
11728562
10609362
9820101
10731561
12011990
10843919
15872675
16273467
14860238
14826633
10813227
9499611
11019260
12056926
13346887
12603350
10584548
11093203
11758528
12473995
10694133
9415302
11461869
10955350
14887639
10371114
12590319
9855192
9443524
12470227
9812461
8700831
15569330
11400658
10325606
13268666
14692011
15594490
12493328
8858354
10347041
13243660
12437573
15480308
13158232
9313453
13009447
11869529
8657599
8591762
10487697
8566305
9707408
11282997
10799695
12057388
25912900
10588857
8973888
9500445
8167206
15380420
9219057
10238244
12690548
12327984
9808470
10061445
12557589
7975658
16382283
10499730
7750442
20691243
13686044
17146475
9737680
10880607
10090532
12285700
11597643
15618949
12714162
17830860
13448703
9859256
11780166
10819941
13230962
15506810
8932991
14238268
10470402
10859127
11764895
7884843
11336861
10429860
12201518
11353106
15290614
9883336
8536701
9729550
8825894
9153743
11710546
11029474
9339110
11800987
10398043
13758721
10009891
9265927
13336135
8872415
9673695
9107451
8385984
11660303
7391860
9882058
14215203
11497314
12311806
11173656
8751506
10195577
12004286
10009890
13526570
10157023
10808511
10071313
8711644
10068221
12981209
8340304
10644015
9426185
10162898
6995825
8723341
12016632
11191852
12379922
12361653
9274982
10172677
5522835
4569973
3522413
3843495
5668032
4214753
5601393
5894615
5860953
5220124
5904063
3792920
4799695
3930406
4549142
8027904
4541218
4656542
3932929
4232717
3013884
3280861
4212139
4008014
3526358
3671228
3114071
2530391
3486521
3436231
3481549
4184611
3946669
2535464
3714208
2785583
4628072
3932259
3476700
6789271
2650571
3353310
2988343
9650726
5421087
5425656
7746999
3167255
3699190
5035262
4511910
4442858
8963360
4872624
14846567
4686426
7749846
3955757
4413659
3208116
3995072
5658431
4551216
5389922
2622389
3569841
2846722
2686678
2818410
2507972
3349374
3094613
4162935
2528144
2860763
3286102
2535814
2334200
2656255
2692987
2560019
3020900
3734424
3043232
2482214
4698129
4601751
2509298
3355839
3200859
4665345
4830390
3475084
3508003
4562388
10679514
3654977
2682397
3253021
2466459
2882765
2634172
2475459
2522310
2581053
3893402
3436879
2859771
2451559
3303038
2088784
2936037
2893937
2258550
1902863
2728775
2570321
2301653
2455141
1829589
2967743
1904783
2914223
2759620
2366352
2386447
1806605
2476089
2420780
2209827
2428825
2169273
2105239
2781428
3174620
2707992
2535523
1717615
2835976
2039904
1791926
2860333
2110962
2108374
1746313
2420549
2356315
1992646
1894293
2202157
1973325
1782700
2072949
1923153
1725719
2424262
1784036
1711647
2164681
2282904
3679257
2232571
1599350
2400166
2339462
2307349
2435774
2797821
2307741
2182597
2704421
2140800
2394941
2330041
1917076
2772228
1756826
1563838
2300994
1739521
2471381
1593227
1767754
1749919
2373817
1891237
1876170
2160166
1433761
1967465
2346364
2450656
2108025
2763074
1807825
1775843
1713196
1965146
1684905
1732571
2011891
1827930
1894598
1685147
2144234
1669257
1611377
2704990
2063057
2030205
1789657
1909808
2439119
2246137
2292370
2944654
2595805
1572265
2013476
1951197
1878998
2453707
1768039
2366029
2415908
1748264
2093663
