43406
50340
34730
458331
55849
49276
50394
60557
48755
50947
37920
35628
52985
31458
61411
40117
48678
34885
48001
37962
13254
99845
37427
49175
40764
92429
60624
42460
48561
37171
41437
39266
25468
82071
60293
37393
21080
32000
27476
37722
38339
42956
67164
37120
64067
59510
46643
55833
39896
60994
36276
29072
71424
136954
47975
43522
72761
40296
53092
40549
79074
64384
49336
61060
42968
59965
70227
40559
74364
39598
36856
69788
49019
47423
81958
43868
27181
35385
60345
70955
52306
28951
172309
83836
45921
74609
38642
55442
54722
63131
41959
48060
53960
60288
51599
30958
19497
33058
56943
63165
37377
74276
42724
32179
399543
83835
302105
42085
29161
74137
63693
33827
32641
66060
80333
27471
31701
38725
44502
54895
39111
60652
56201
57722
34655
34084
38713
42709
37300
32216
39463
355939
31660
115976
28072
41158
33154
35676
59525
42700
65745
43375
72130
65349
62136
42423
37924
24426
35747
57055
42559
48022
36554
45874
58946
46668
50935
113894
30195
47852
49564
48892
60081
51136
65406
37649
59829
50807
67627
57078
43880
56867
134008
41503
59422
33270
54855
64827
51799
38382
37089
73985
34880
37922
53430
59744
54342
63224
69256
67864
78367
16610
75649
56615
39644
53235
44671
38720
42369
72545
30164
30174
80409
40040
40510
42012
141992
40477
18099
47814
46299
109038
52350
80503
64376
77172
33678
36585
39134
39151
61072
56689
43224
58342
55803
34318
68884
54873
49301
66651
45048
86487
73148
72950
34914
59650
32132
52652
48098
43005
38547
82177
37177
54689
38842
58535
40477
56160
77008
51755
44815
72286
59895
62700
59372
43992
1146433
30008
30330
37274
31554
38621
18132
41291
41346
18944
45793
56622
57355
21276
82146
38223
39087
34325
43423
65924
38700
42074
71122
52270
41736
39983
58107
58821
73550
58834
41981
45585
40470
35379
41327
28817
104206
57564
59448
68057
43037
72527
69123
68003
55299
41907
31285
35354
40637
34116
48951
115034
43212
50316
64752
37717
73182
47140
84340
110238
72214
94879
19215
37690
27323
18968
53902
79745
54739
44253
57178
50317
52841
59657
44526
32967
49334
47103
59446
48215
46398
79415
118433
41982
73166
52020
58254
26200
48988
49643
35971
40754
53300
32434
71925
36800
70176
52221
34526
68839
74759
41463
48442
59166
45591
35358
81239
27314
36317
30487
35386
41482
29612
47018
38540
49832
47046
49971
50071
87390
43286
38270
66417
30881
45628
49598
53587
60181
18377
66746
40994
52370
51943
47248
46778
60935
74481
67544
35523
69308
51380
52801
66707
61166
45016
42011
52695
29157
45508
49275
56369
72178
61203
93586
52723
30677
71622
68654
63044
78194
67582
58766
82463
43610
43757
101597
37804
33551
37013
64024
52837
45150
31069
47607
69566
47455
40769
47468
42876
55009
49461
70174
68721
45995
58184
114010
65251
71841
50212
58667
114950
68055
27090
21064
37689
79441
42894
30977
41640
42360
79468
71556
60718
41152
49523
85053
48107
75198
85842
31899
48382
70463
32020
38298
38024
56453
42857
63956
74431
56782
57464
66641
54050
47804
49721
52574
61477
57945
41947
70775
89054
60505
34209
66539
29023
39489
118746
70790
51154
35534
62231
39710
51818
55383
55861
47283
239369
75657
39819
64449
55300
40863
49430
49928
65665
50319
64865
46485
67920
44898
45959
34844
44368
54699
43345
65938
70832
50005
68915
58187
45068
43023
40454
35983
36165
31315
98053
67429
48184
51831
54277
62445
61125
55982
32630
38323
59060
44125
73285
58954
36181
60401
42426
40302
39354
36668
74111
75131
61357
67545
48979
42698
43006
42203
48023
39170
37526
81642
28172
36652
76201
63646
70095
57522
111104
178903
35778
44456
47903
36094
56587
54168
54988
64739
29826
51616
50738
82720
39023
38488
26009
31077
83558
37582
45915
62988
50245
75433
37104
38249
60659
143680
23740
65490
71094
56471
63512
70028
31222
63244
79152
42638
72559
65454
30044
67753
63260
50787
43281
32046
45585
73631
52198
61138
88967
48496
41173
39806
43324
80123
29688
97405
67139
43469
42980
35161
45352
49912
40231
66662
66532
43442
36554
36354
201381
70785
69764
48925
96979
36469
29262
55295
43117
42832
54937
27583
51107
37769
34322
67101
43093
33453
48388
39066
46828
42357
38301
58184
33712
48621
60812
62097
39486
43783
37904
49128
48750
35203
100981
44198
56419
37752
57278
36541
65584
47575
52400
36229
40924
27977
33127
36951
48017
32244
58617
45615
54456
46491
48858
73035
55116
138590
37983
33990
63418
39203
72000
68667
47946
37885
34329
64664
48980
26825
46831
32388
52359
44047
177238
48326
64277
26887
51747
32336
52275
82570
37400
65937
40581
34294
48619
31806
35399
70087
48369
24612
30166
37936
24323
31299
34575
28759
82715
73172
42252
37118
54712
67242
51385
36081
47439
45684
42175
60521
39767
32041
51376
31684
36163
52239
73132
46879
61736
54493
37768
32994
46959
30236
39036
53800
39362
67551
58569
34675
39050
31428
33807
31110
45609
76608
36465
56726
40943
50590
25742
82270
65943
27254
39491
65810
39068
29526
32286
70814
42405
56802
47993
32076
40228
42272
48814
38567
40260
42982
26474
63422
39223
35548
27570
37228
26427
39927
66806
41468
70117
41854
33591
63914
38629
42808
68019
35212
80574
70201
51698
73111
34127
65690
60831
32567
44669
55700
67189
61303
78602
66559
37435
39141
1159573
37473
50002
30109
58723
57328
35518
36536
67662
34156
79809
48687
62014
28094
35738
62224
35680
48259
70072
57450
51923
32595
41355
74534
64371
47876
39699
32808
30259
40389
60355
43308
68649
45541
69304
43949
41361
86284
44776
44149
37968
52844
80941
47311
64057
74142
41414
36247
61885
61208
32904
68048
49930
67681
36238
42671
48787
54496
52527
60656
41009
30052
46946
38498
56730
55042
29012
36402
43441
28947
831081
32615
57776
48401
44031
39106
37110
65808
44156
60508
58165
29929
31217
44121
46352
21757
53815
40665
37440
50422
34686
40990
32785
58169
78839
70819
31689
49183
66269
53617
52297
32938
36412
61551
120917
71067
55955
47797
29075
68660
49196
39332
39368
69335
38340
34678
37995
66520
44546
75523
67958
34426
71288
44250
44845
29132
51297
35164
43846
54231
42893
36950
67601
28913
53502
35984
80548
37193
39799
63108
46771
68849
182726
65522
29283
72551
48908
32442
27050
41794
70179
70110
74195
53274
62599
51554
39922
38993
37224
28064
35788
72154
32898
60079
32787
61137
38590
41867
83500
65965
40253
55421
43066
43610
78101
27151
59270
83771
55245
39591
39645
45152
46693
30036
90246
66516
69418
61947
48982
34947
81382
26603
40347
41171
36030
64751
117964
79331
34210
68836
80721
61490
30378
74190
81254
76995
52012
49028
40259
58038
38663
43099
41304
60861
132308
61571
50175
44996
39849
135321
39264
37102
35037
47436
54845
71169
34952
35703
37460
31317
38865
37996
66889
58999
57048
30117
40996
51389
63939
25441
51215
34023
62816
30453
57014
52364
50881
55682
43221
40024
87038
42977
51527
53852
67898
49851
38677
43525
32881
28433
51708
36396
44878
34338
52989
27875
45802
39066
39657
43855
83234
43499
57524
58245
44812
28608
82583
49246
55229
67116
44950
76013
63911
44905
35216
29209
63850
39189
30979
33305
44428
74720
67723
38537
40238
32639
44014
35410
75992
35505
34103
79590
29698
79984
41673
71734
62614
36867
34168
70833
38425
54090
55598
58795
88856
80616
25379
40818
46327
65725
37697
72359
68521
37701
41478
43509
53795
65618
35454
47234
39739
29207
66211
51801
71414
64975
74490
43335
68789
55265
61597
37138
54652
56447
26860
32819
65136
39767
48578
45779
39474
45161
36307
63345
30896
50760
67087
40563
41773
37189
41064
30100
62347
37270
37814
57818
54786
30834
51187
24158
39051
31899
65606
45833
37150
24649
32783
34783
29584
42058
125605
70550
40737
41121
30161
35200
54082
38681
36339
35752
45714
63390
2186924
52779
47494
42986
50592
56339
73637
32938
341837
47294
36352
58418
82566
51623
40433
45814
44209
50846
67924
43545
30063
83323
74917
42738
51104
29605
50785
322501
54360
45523
41256
42367
74081
46020
49529
34281
33375
50052
52685
62270
57722
83114
68625
850631
49835
58973
47627
47152
34480
38772
48806
64450
34421
50593
49854
31023
53694
52851
45878
50113
32684
33555
64584
38946
57142
58296
63137
54706
26722
34180
64653
37796
44042
35677
62342
61147
76348
41188
61031
41947
68257
35722
67247
40990
37400
31331
41097
67579
61245
68043
50957
32610
58371
71812
63311
43149
45343
24879
59664
58290
112746
97600
48498
60918
83238
61857
41486
71627
45186
60611
37064
29087
47212
45297
61635
33222
40789
54901
31754
32354
36570
62474
26000
42645
31732
31307
35998
32442
34786
73914
35155
28979
55645
56317
44115
51612
47190
39368
37538
71454
51271
46481
34241
39519
29599
38741
95460
44548
29714
61391
46608
56282
35695
53331
59679
53922
18488
45940
36517
54208
40040
54556
97350
18988
45183
47083
34886
46426
47082
53717
68179
50459
31046
55267
64685
33971
37215
35457
41239
44016
80740
45220
42647
76370
55027
40960
36746
66219
47725
118047
86154
39182
35330
67571
36071
43458
53531
70088
46508
34334
31972
80506
37886
55261
39459
59366
34681
48880
55963
40032
31425
39301
36207
52694
77222
40441
53832
71058
70000
44331
79919
26219
44203
31558
43699
37074
39219
37206
39960
87143
34779
47996
53312
37443
79326
49076
48700
62705
60634
45723
906187
43887
121534
38369
32945
35209
32071
50397
49411
38031
29156
28419
69022
31874
70763
60974
52762
37484
49381
91967
33918
44073
39063
29259
52823
35526
55790
64884
42849
45066
48627
55250
33630
45243
52570
36643
48916
45189
55139
36029
50117
40250
28076
37550
62247
50907
48584
50155
42475
49042
37004
38583
40867
64124
27023
48847
50266
40888
41930
74349
44028
110115
91251
60738
39858
33943
38687
55279
46077
50984
54660
42135
35549
53792
67602
57064
37682
39448
52196
63863
71757
52541
44963
52490
33375
35894
90764
56410
49892
69327
73106
41350
38620
53861
40965
109728
48524
49463
41422
63542
58031
81912
39562
55401
62984
69365
56086
32630
53721
55700
71824
36476
75872
61424
102725
45588
32246
43926
39087
63556
41566
82547
65007
71784
100639
65246
99835
122653
72108
98072
51260
59392
98796
54201
44989
76011
45914
239170
54297
60826
45982
44240
51148
59839
45775
70035
47030
40001
58292
70086
84936
41590
49816
59048
49475
796346
45637
59085
70271
39107
75030
42003
47570
58486
37266
37362
55457
65413
46445
64194
55107
52811
46178
57365
53138
52482
44771
53310
94023
43466
33617
75588
60220
70996
43875
55237
69424
35358
44389
33148
53087
36141
45059
63171
46544
40038
50970
47216
35954
45887
63519
36499
49809
62308
80088
58288
55231
50374
44796
43936
80633
41035
104916
78227
53254
71725
45270
49985
59499
43519
45390
33633
46298
62075
51901
34079
51761
46400
43253
38318
89197
44907
47798
42887
52934
36187
52707
66085
62584
39582
53423
84645
30448
39211
83833
49676
35515
95635
66326
42197
50312
51128
76840
55980
81727
66242
49099
60764
45506
37640
34522
94494
40859
65615
34574
64556
52399
45185
52555
55119
34166
30875
31848
54933
57560
82530
27905
35313
52202
43777
51998
79511
38085
37644
60194
32222
43039
55151
46808
44420
61204
35374
25848
50756
57588
48589
49718
80617
83218
52945
43630
57436
66828
35662
97477
44616
53085
36530
83564
50857
66629
33831
40278
32772
37388
34089
54275
38472
43717
40350
39595
69042
58985
37210
37435
32154
106770
34835
48773
33542
68461
40209
34890
41868
41077
38424
41749
39298
53155
42517
33132
52299
53217
60455
44366
28028
98130
47824
33771
38946
51244
68955
86900
50192
55304
38156
53870
59650
39253
67636
54633
438639
41021
32276
33042
77506
40776
39058
74035
42762
40827
33828
37333
75557
22620
55147
38982
40462
40060
40460
45313
37001
36959
41772
44383
45560
44487
63636
38372
35978
42397
45737
284667
40273
38407
35479
41463
34996
18227
39659
45287
55831
40585
261690
53249
49745
60839
39311
44519
41139
43307
44681
38867
29697
42565
59288
57461
69715
37611
28547
62230
44141
62256
33796
54909
40315
41934
48577
71268
45817
47148
47617
39517
29953
55742
65895
38738
53160
62684
89230
44191
80258
57384
61157
58588
43257
51761
55211
174003
59581
45388
131359
37601
35027
36028
34985
49320
48513
62974
74325
40499
43526
52158
33490
93520
52170
36423
66954
38092
50000
148008
57384
64083
47078
40502
55464
37947
50775
40634
48361
46190
48594
54588
39100
53622
39215
40161
54595
67101
78868
76011
46169
42151
45633
57514
61258
45643
71279
67507
55822
43256
57311
45151
43999
79183
54420
63402
37819
29892
52258
45069
37458
51904
81555
44672
57356
44855
40739
63865
51507
69220
39988
61642
52697
32907
50322
64863
46537
64856
41609
56179
44199
55777
40493
63591
55516
47546
53095
49039
44124
44014
59775
40612
55709
46074
35152
144302
54310
50412
62477
48645
34750
58024
43823
36825
38674
48782
49351
77325
74979
100743
52383
43413
38331
34613
44417
57080
66742
67997
55430
68258
40437
40126
44805
41817
38979
52771
82216
49320
55021
37319
37094
77686
43198
63736
64025
45232
51828
72811
41163
42597
41169
36749
67399
59338
59367
107783
39077
72558
41517
35063
30496
86546
72700
49171
47707
86340
38690
61000
55925
44200
62438
48869
33601
46406
48898
27836
57322
67752
37460
136250
45462
48829
54722
51495
34345
42504
49300
49995
57389
40742
41088
48288
46183
50236
31273
50094
44752
68068
37936
58961
65965
44004
59814
70384
64699
62014
44746
50908
40388
69296
62942
35578
41569
63098
47216
69111
51670
54309
48471
38095
69635
47181
29504
54706
48830
46023
54707
52728
47743
61512
49684
42746
39844
53435
63407
71207
49521
71588
52603
50165
48069
54154
41075
51637
51162
81145
36340
108055
36667
41701
37952
54103
61722
47126
61909
63598
45619
71559
99621
40377
70417
70535
41634
64546
39799
53408
53382
82638
51573
53215
44044
32794
74527
61997
48981
62158
52009
58307
57955
55442
55434
43622
44484
57800
46840
65091
54699
42097
66399
78240
53507
69305
55100
41603
38133
64929
69329
65950
49678
74084
35893
45700
48122
63259
68357
49328
55600
87697
43817
42367
61497
51119
48409
36801
45931
47204
50885
66465
54734
26832
78884
85017
55049
75341
52170
45923
48478
36387
48847
48851
68854
30469
54130
29710
80280
40185
92893
44866
34985
63587
31923
61291
79430
35941
35558
39478
72492
62165
38531
49296
49341
41515
58135
43616
42052
54589
46608
51336
36772
46883
52065
55103
57165
21480
33394
45464
52016
34611
38881
26081
44805
15691
34727
48276
35372
14795
52870
40102
61365
59633
62764
57813
35633
56603
55993
51578
26017
27142
35678
40020
34397
41093
39134
50322
26787
50377
61159
48764
31007
12135
32122
47275
48237
39458
44516
40151
69562
59420
39650
48618
34569
37620
42936
31068
58563
38844
34294
72667
31337
41442
58730
42302
39739
34981
48502
41442
45284
41265
42206
53339
32308
48426
40316
43331
32090
39253
42659
51305
45645
61106
43203
45651
41758
36063
52283
67339
64563
58868
31146
63451
34049
46221
38787
43744
53248
50256
43695
31638
63459
36424
43329
50200
47929
56011
46651
40215
46404
43588
52789
32282
40911
32799
52228
54554
51167
70253
40681
50700
49049
44387
53034
137211
59614
52062
39822
46750
44984
49080
35576
46550
35853
37984
55276
59191
53296
65902
59524
18330
81540
74577
52032
137581
63345
54546
45924
37593
50475
66137
71758
66780
65419
72631
62062
770278
59208
60485
56296
64003
80894
65707
65116
64384
39412
59701
62141
42755
50605
61973
89818
63785
46165
51624
72146
76128
71962
40624
41481
40084
52792
50298
43583
61514
49410
74794
49336
42750
51781
59743
56106
58551
51496
49984
47405
112034
77796
63988
56294
50261
61822
35951
26117
44152
68322
57494
80015
66303
58211
65093
69520
48020
52966
44068
38581
66372
58439
47411
44286
86594
52278
113628
55945
131234
65106
58369
65879
68096
59323
312285
53201
38617
52547
50451
64608
39481
53986
67262
35904
62687
40175
35548
67770
49756
32287
74252
43935
57652
51383
65863
48371
43130
34983
33676
53111
61030
45949
79332
57210
71402
42845
61985
35373
67756
44916
52595
35152
39741
44737
40368
47360
26281
38562
53079
40907
67173
36987
68145
39180
77073
39136
45751
50038
51022
46546
68707
89343
38950
63439
52521
52095
50493
46825
43198
60723
130694
39792
32451
46763
59315
31045
38697
37430
48731
54305
48817
45539
30692
35932
78185
39420
68161
48705
73029
40802
42914
59051
31686
59878
38694
62448
37138
46605
32688
41368
35212
61144
38335
67383
48044
89179
56025
44698
50865
65246
68755
42426
67280
37331
44354
50421
36957
49678
40973
43955
58481
40914
59639
76891
52726
46286
59610
41892
52415
43528
58470
33467
41305
61011
58304
107352
45291
62313
30508
47896
78711
81063
74560
53002
78476
46096
59546
60927
32117
85125
55875
47225
56210
47389
57975
71685
57280
45314
42346
54031
62100
40768
66391
34566
77833
53850
63197
97564
52337
86897
61567
55012
53593
46575
52467
49105
79315
50281
36031
27580
54125
46275
22614
31735
51363
48072
79462
35013
63365
58836
43000
63296
72008
40512
36654
71659
43399
43513
74979
65684
42614
44629
75363
89890
132514
55366
43656
55417
48471
44620
88513
72798
84081
64940
52061
50982
77715
36190
54940
38179
66062
52286
55769
37823
48346
43474
65491
48398
43854
46234
31974
42178
62524
51227
159717
47996
89475
34338
79949
66098
57492
42473
56220
62178
51521
26323
42756
80940
76347
82569
62133
60505
51432
38563
41850
38475
63443
50373
43436
93994
57186
43335
43952
224913
55333
37782
65890
83442
81186
30818
92454
92182
55832
44510
52218
56581
81508
37755
57895
103893
43548
63275
54069
58485
66026
75040
38121
59890
97713
53452
73741
48967
41050
33719
83610
68644
49461
46532
52321
113888
39951
44041
57482
30891
55538
30945
185241
59245
43615
63630
51829
32137
57776
46236
39242
45812
40796
60436
55521
86098
32896
48941
52846
41646
30654
42846
90493
38435
34386
54504
48851
53194
73183
64037
94257
59865
67648
44073
58836
35063
74460
79965
29736
44380
42254
34581
34209
50217
41749
62026
38331
28873
32736
29130
42105
30530
53890
26264
33518
40917
69488
49380
39036
32250
52209
66306
37350
58790
59638
45479
62066
102495
79173
66914
53756
55797
54384
46756
44446
43764
36345
70087
38939
64633
42180
108279
47617
48997
55942
33774
43731
66018
59338
35376
55720
40173
51915
74799
47074
36421
88766
67345
34827
48176
83946
115608
49351
69163
39677
45962
35378
50242
73584
66207
34218
36235
80746
61028
269632
50184
55965
61072
43713
56578
55785
42346
64723
42221
68740
36365
40600
49620
48166
56465
64002
90745
35053
33348
34298
64590
74710
51298
50209
55255
56504
84014
58372
50536
31175
57532
34678
61676
46233
55062
64263
55532
43939
42587
66161
57382
19285
55167
49593
69280
59585
50033
185322
55049
65833
45261
46559
45785
70581
31033
56096
45509
34711
45730
110621
69541
36656
45552
79738
42837
50441
51841
40012
43940
66968
62615
48384
31962
39789
45840
97515
79210
33657
41000
42139
39297
78375
60645
34950
72594
51001
63444
55517
34718
60573
68609
47790
116125
67535
62852
57033
29786
47250
52338
52639
46819
68831
53771
35965
68316
64258
47588
45147
43915
50695
93567
62169
47628
69214
58422
39828
42480
49386
34269
47680
77689
34834
59957
30141
45436
39094
47860
73384
36823
41791
47132
51205
30335
32274
32780
63618
33700
45210
55986
40175
37336
70594
42139
44784
34784
47713
46264
39263
65788
52349
61153
48142
48300
65725
56636
97991
101215
64003
51971
54149
50404
64003
30167
43771
55345
38755
54311
63880
47956
79961
44064
33649
46511
37702
67487
61072
54262
54710
68485
57797
62510
73786
162113
52995
64537
55439
47976
31343
45491
59210
71122
74226
74408
48085
58334
39328
44774
56167
57778
78139
75704
43297
60310
64045
79951
54539
59061
66195
89743
56337
78805
57575
61590
63137
53584
52771
86165
48669
68051
63847
60918
63683
40000
48534
82417
26366
86815
78644
45861
101839
99157
66366
74502
48325
45311
54667
42716
33496
57674
51298
43057
41327
52400
50499
53663
77351
60754
38480
33729
51589
59575
54787
72946
65860
89439
51711
34494
40897
49501
47855
81999
75943
47771
37294
48296
43088
46704
61592
55456
124939
53254
63428
78720
60913
49649
44706
47861
43811
34201
33233
61434
41551
51466
70205
57804
52855
43559
52198
74270
25075
44801
62855
33703
35037
42863
43193
327353
85664
34634
53687
46350
32364
31771
42983
32636
39627
65451
46304
60105
40499
32341
282550
138453
76345
40076
40949
46973
43643
34042
56347
65393
33939
32561
47995
50342
34509
43276
48004
205525
66817
34982
76358
33655
62337
19499
43604
44055
62897
48519
74927
76887
46953
64866
39096
27927
60916
73717
48298
47836
48164
36294
55494
40019
53358
46730
62073
45037
40215
82890
42139
31155
46965
43816
42108
46354
81900
79057
33538
47492
38263
43685
52493
63944
50528
64955
69595
43738
41235
78512
325680
40419
39506
56940
40114
61378
71150
69205
83679
36292
32258
69545
55924
76445
41252
43613
89457
40447
63856
35553
43993
41854
33276
35423
54041
39066
66234
42885
57585
30866
69852
66431
59786
51763
60477
59807
67433
46113
71223
49023
107115
68570
49097
58740
31965
62092
43457
51715
47545
79575
43153
36000
46782
38898
67246
54455
26627
47813
88983
63273
52032
39852
62872
50540
49998
89078
46963
42796
63452
53323
30907
99848
40229
80076
51236
56263
42117
34227
53037
32741
86678
47686
47633
57952
40162
40983
39406
49277
38210
77277
38406
44105
50230
70350
40932
36997
57881
57850
84839
43396
77147
68063
64150
35565
57133
46247
50105
50184
55586
61388
71904
55595
56061
78505
36828
45299
44317
41511
101583
76352
47483
45729
136944
62270
34154
42224
56591
47534
66302
46568
57580
57872
46259
60696
75980
65854
50419
54145
41793
46074
58097
63590
40201
53532
44483
43954
474641
62921
46571
58808
38034
46568
47846
83106
70821
61717
31536
67568
62668
43382
73132
62740
42873
42748
50156
41511
78708
41588
56551
51764
51394
62367
48761
50464
33577
42612
53496
33729
50987
64407
85196
64118
46691
87891
37841
40128
47317
55216
61178
91515
48419
82008
56562
54819
38353
52740
33483
46921
689982
36331
65599
59843
90653
35040
38922
56290
40906
48998
84839
81502
43609
63013
52954
47133
92641
70492
47540
466715
58968
45761
34920
61686
38201
68352
45030
50475
43488
86949
51667
49091
48269
37079
41732
77923
57702
34624
84121
81990
48427
46467
82578
51838
64159
28852
52687
62548
58363
76163
41972
36616
58587
60371
35562
64878
70671
73204
49717
69622
39062
62583
51907
36459
65364
59514
70648
50852
70893
53941
49672
71636
65523
50626
62522
38055
38427
44636
90198
67281
48036
36138
49076
42284
55179
30683
70671
55772
30524
48095
46549
31905
61538
61760
84013
57116
40365
74153
53612
52666
41677
62606
31654
48304
76002
49796
48788
43018
47812
41971
54792
49148
46777
40641
50108
44729
52415
45125
60979
39257
73849
43979
50365
54998
36165
38674
45237
53797
58180
38971
95904
45828
49662
47996
33339
39283
41603
49318
551713
47024
54330
50117
49586
49551
62654
93097
41656
48441
45825
51185
39991
63920
53101
39481
81136
54147
54384
76258
53181
78325
54970
51558
79890
56413
35287
38071
41531
43654
43915
47971
68870
35886
57272
41663
82092
64095
51540
62064
40775
121976
46500
65699
35234
45546
47326
79187
68905
44029
42880
57248
43170
39012
82888
42694
36856
42853
36414
62068
35740
63935
36755
55263
83911
86769
67404
67522
57607
38882
34478
50546
40495
78328
49791
48109
66932
34156
45743
50653
49893
39197
45586
65637
67827
67757
33665
40502
42172
58250
62468
46419
67430
746049
59589
36944
48020
35890
58558
52808
71719
48110
49281
83944
85372
46286
81517
35644
47045
56451
43543
38459
45674
57701
46630
48367
46156
59416
61593
55198
30219
38537
64362
56011
47601
40202
40804
46330
30980
26858
36890
38805
53065
33022
52841
55307
40643
40819
46892
39682
63876
33226
109773
51959
59742
32731
47247
72431
46845
53070
50202
41364
38541
50113
46594
78169
32390
69585
42451
92383
80861
45875
60054
58904
40331
45647
42440
40312
38056
37855
40041
47950
33863
56428
53740
44458
28144
60495
69493
48925
44990
31624
46223
39654
64132
45107
49657
46280
39802
38673
117539
450718
61773
380796
39958
37437
42913
44397
85112
47230
84139
92125
49200
39716
51882
47767
50985
74278
69404
47909
43836
59865
72736
171665
45373
53559
50255
35130
65060
76656
60199
43144
39470
60477
64131
49299
40985
42128
38408
63059
55093
44741
43919
64034
58455
69237
56930
50408
61177
59405
59775
39793
59284
55898
81242
70539
41154
96394
53398
48573
41036
63383
40075
260628
54971
47642
44034
42017
47738
61203
43086
31340
46479
31620
36591
59911
38169
84942
32995
54773
38229
49282
38696
58590
53679
55207
56023
57507
62982
43217
59928
68678
44198
34837
36243
49038
47685
47862
63247
69062
33875
72300
53080
62891
527254
39751
57026
48963
47158
65202
77061
46953
45665
30002
52127
79380
61991
133351
40246
51145
45433
83991
69037
47085
75932
55984
41043
58234
59369
33928
484797
51923
49935
39797
42238
52801
75116
55366
45730
43120
30551
34257
40458
75615
40277
52659
51134
60044
60978
42550
57661
77968
69887
55898
45950
64786
44444
52805
47094
52353
62283
65621
58517
63489
46394
44069
62388
45642
76642
71393
45174
75340
42257
62351
34824
32104
62807
58546
54009
60086
71339
44069
33538
56082
34994
34781
58459
76592
47623
35947
41914
45541
39854
164691
63034
47990
56188
54563
39683
80100
51602
49351
36331
27760
49746
41632
41215
49948
44259
50049
26835
50992
44335
38697
65912
38297
79211
56981
74894
95192
49567
55560
33934
57898
31229
32452
34391
78648
47635
107231
55907
51489
48044
50862
45065
55432
66713
78292
74836
46658
69345
45180
61424
38249
55835
71689
54748
49578
54369
57508
87190
62633
61559
49561
35241
57628
44644
58413
77930
53698
44054
43613
58492
46750
45518
35216
33993
49611
68633
38917
42754
64010
36384
43740
42592
41675
66598
34881
50241
51001
46548
41966
32535
44673
50002
52746
48520
85127
77442
57720
59735
42501
69134
56745
61668
52698
50365
66732
52856
73113
36860
42815
45311
55309
56150
50787
35508
55282
41567
42765
43279
53707
38400
37982
59797
45859
87383
44366
56531
49327
27026
49699
58040
52009
45593
40645
46604
45917
66006
28660
48697
62782
33054
53011
41942
101710
57971
42886
63433
62918
36823
60980
60365
50945
63811
39564
48199
30408
47791
61420
44038
61743
53636
51721
55139
46329
48348
40806
42823
48390
49208
50250
52642
47194
51413
55241
38394
49716
51804
45588
60258
45785
45847
45612
46546
48321
38472
302460
48087
100041
52806
192959
55327
46062
45415
31166
46693
46614
46741
43591
59749
47174
31859
45208
67682
76200
35135
37077
73808
31448
53007
46960
42481
40516
80034
45455
50173
45000
38432
40362
61354
60137
45433
55562
70382
46833
43309
55243
49537
62768
1452366
59228
53651
30595
46122
40860
68456
41297
51342
49230
43422
42324
42027
91799
56839
43026
49336
89511
40861
66365
83353
43858
40226
57393
48201
67855
36400
62167
30148
41643
43570
59307
36052
79625
60901
49332
39930
39951
51571
60650
372281
43819
53325
62854
46462
54470
62240
47031
40183
36036
38306
67013
49960
52925
48678
41083
37545
41317
39235
61617
42114
48866
51067
78791
49715
50091
41699
44264
72412
51837
45307
43633
36555
50467
58863
38039
41922
41410
42786
53270
53634
65244
32811
64503
57807
47772
49157
32655
68867
43041
58624
52551
49565
51042
51062
64537
64133
60388
73712
46240
23086
42301
44165
50259
53730
60502
42095
39090
51932
36059
41210
50529
35571
49123
52205
50990
55816
58314
67543
50375
44348
44171
62445
60523
45116
46970
51375
62303
36865
62723
42348
40845
42500
39853
37815
45481
42824
43086
69384
45766
40259
48509
46922
54288
37884
38102
37587
46048
58417
49892
45458
50975
77029
42739
53334
58543
43186
39565
45831
78648
32257
30878
63658
47855
44665
67286
65309
83853
61771
40891
42877
45486
49111
49466
47058
46871
74889
32280
33510
48366
57728
55723
60062
39906
41495
53187
67237
32452
66319
51642
38510
64117
49582
59909
101098
77367
45215
94467
44546
33335
43970
43624
57445
69303
57413
46289
43178
42026
47725
105081
55950
35315
53425
47431
32067
46673
29304
41893
43815
46630
51912
67141
46731
74655
42431
51856
51997
37087
33427
42446
98214
45377
54021
42490
65447
51905
48075
58345
55346
28833
55895
255797
49964
52008
50049
66408
75457
42558
38615
49140
68676
37904
55917
38233
45818
49875
64348
37128
63683
37776
61030
48652
47877
47666
46278
53661
56839
46212
28703
42216
41307
69392
57472
82596
61579
61832
97871
66141
48939
45541
55954
94708
84771
65130
41090
36766
66565
33478
64036
57017
58453
56693
58748
95177
79955
77450
39460
93920
50373
32976
55530
53089
69339
67670
136686
58407
59296
40643
58959
69831
76355
49286
29577
42852
54496
62208
44201
33601
34930
50441
58529
52969
52256
68097
43834
80680
59651
43294
38574
60841
70384
51868
56482
35174
65827
41323
40299
59483
65406
43154
45151
61149
59234
40273
36717
48540
41622
41678
49030
80865
46093
40458
64676
56340
62631
57361
47145
47089
44374
57420
64476
41979
29680
43450
37807
36249
35136
44230
61398
40625
52804
77640
29579
63481
42881
38017
45679
30451
37887
44984
50333
39614
53526
60530
33090
44805
39344
42472
41988
35887
54699
43851
32155
44183
41209
30653
43540
28414
25225
45037
41978
26178
55529
50689
35612
37626
53197
57863
54787
50418
79897
39524
42379
39237
53701
39345
40439
43756
37636
40721
32637
43175
43430
45593
53423
51853
53435
42595
81348
35933
50125
53872
65692
68940
86448
44171
40581
53779
44893
60534
67652
67214
88358
101726
74830
35852
69935
42186
45455
60889
41203
43079
70731
35921
43596
34129
55087
69787
35081
63037
53615
50063
60963
39986
37090
47316
67508
35763
44202
36368
36819
27760
52330
54616
45345
37842
36743
37149
52726
54314
51030
30195
58657
58066
34898
57226
58818
43166
38653
46699
47376
62891
33947
71351
44373
76506
56550
40928
29305
42365
41170
52271
54990
61431
40034
42569
48335
37668
52070
63777
63674
74759
42826
72456
53977
65696
59906
55926
39920
44368
48441
34448
45664
28476
38029
50949
72827
45125
63573
32593
81955
56799
71926
47552
49796
44311
33963
42452
46445
42835
51561
54638
52126
30188
35525
37381
82457
44666
34818
34909
36793
78398
66898
52096
87846
50818
35484
49172
45233
50961
37889
38570
54607
30462
36578
47984
45532
60376
41773
42223
37782
67553
40244
37012
48117
43935
91879
46648
59276
31561
32574
54165
102727
73754
66159
82875
53629
53496
35804
36068
69668
65542
42407
57554
87535
44980
60368
51943
40373
66703
50038
62961
49807
38225
43177
42536
39557
60226
42271
47609
46121
46681
49343
52206
39412
69854
49681
54313
44672
49000
65263
38547
36225
39968
45959
52568
48862
34261
47111
39440
50865
55064
49157
34980
28704
46036
61721
40595
50441
69219
37074
45304
51015
41328
308201
44095
49214
57814
57531
56246
47699
31087
53752
32753
45934
49632
49812
40474
49268
147578
71189
59520
70442
45397
35989
39785
52804
63760
48753
64344
51212
48189
42406
42811
70986
31668
47758
59912
60637
32368
218359
51888
52492
55260
56167
60488
63853
30728
39974
58334
82701
42059
49247
82063
64686
77381
74440
39280
47598
50618
51603
38411
49503
47438
83088
47537
48555
42241
69464
43559
45739
41286
40600
72764
55629
42989
67776
48688
73549
45941
65912
48708
47376
48150
57499
63242
69238
70242
45762
49932
81531
70046
33053
86514
46841
35114
60149
45611
34151
35263
40190
42278
35085
38007
63703
46718
44415
46644
39339
34804
40258
67786
59552
89015
46323
36291
44783
75966
50129
40471
82326
54132
71038
35481
59709
54665
55700
57622
42158
55644
30562
73752
38945
48323
77785
41739
46505
118821
49468
26128
41800
30036
90720
123194
53434
83902
42680
63635
32603
47527
157475
37797
38806
57644
36140
37367
49769
39810
50550
37100
64561
58500
49483
37613
43184
44943
56414
59526
47421
48287
48927
56038
40994
45016
56205
42252
53189
35973
43703
44190
72230
34253
52384
41691
70219
56974
70930
34236
49607
49859
47889
37836
48779
39290
67743
65208
100593
59135
81655
32405
47290
38429
64711
49578
62411
39061
43567
41733
44830
32671
35559
31611
58169
38634
42016
45394
31377
31121
35335
31334
41799
28874
33813
41442
45465
45609
40676
39403
51357
42017
53132
44170
61220
58955
33782
42682
32574
33292
39362
38107
47240
39509
54108
53471
86122
56350
57507
48318
46298
48751
41830
38981
74038
43536
45864
29711
36568
47211
37945
41230
165406
59510
63553
46186
80110
37974
41843
41965
63547
64822
61105
30071
43313
48859
53979
39355
41191
41362
52351
47195
61812
49374
59330
56704
40751
58255
54299
49640
67610
27857
55980
63274
41340
73814
39966
64215
51812
71524
67447
43988
95444
38534
43376
579333
45255
41585
70579
44426
44302
39000
39971
41867
63660
43840
45608
60051
85500
48439
38930
39239
61386
42083
39303
39906
46231
50448
35364
58093
57454
55127
26533
34651
50199
83037
29933
82616
44837
56942
49346
50884
68043
51677
51708
33454
49265
43232
40450
36016
44256
42500
39082
35812
60574
46881
48666
49307
56999
66411
51738
52911
58167
42142
42995
31149
33098
38531
43683
50646
40504
59859
40804
31477
40075
29300
52904
41371
70666
59801
32684
43373
47059
46283
46634
32720
48113
83226
40256
36396
40956
55729
65606
37442
82561
50890
56726
61034
40444
48935
56549
33953
37758
41911
59729
27763
40898
63262
49123
69830
45166
39695
41337
45463
82154
41621
45670
32919
65192
62875
38623
48247
48340
71540
38491
58259
52608
44237
45612
81009
30895
45214
76087
43554
42278
43681
48571
36754
82444
36461
61583
31948
43299
61136
55475
43836
34800
44889
42819
22938
45988
39949
61325
44003
59232
43513
40067
62051
42078
89046
49447
43491
49621
48236
48258
48706
44835
68703
69127
39334
40623
47241
58395
44070
53259
40904
54434
69728
59314
56706
46687
67434
73667
98301
77985
37617
25079
73840
54579
41808
65365
36393
60340
68505
48498
40076
40165
54905
48975
50747
36640
45897
41714
54461
61003
45604
67155
34694
56028
58824
37440
34846
40966
83042
33671
37530
60318
56937
44115
46902
44232
40319
49387
51177
35937
37167
33478
39631
43591
43140
38667
47787
44333
41296
38115
74452
48177
51487
40924
51586
59199
73096
32327
70069
64604
63833
50629
53721
50417
47658
45785
58558
65076
41667
40518
55287
34227
48938
47726
59019
56714
62719
45204
56283
640726
39698
66922
77698
64254
42988
41654
50745
37792
36467
46301
64278
57358
45050
59960
39908
48924
84447
41928
43724
266522
39788
42310
40453
37264
26275
39298
55988
54566
64795
40732
35148
48821
58200
44950
65626
35987
36607
42911
41512
36400
41836
114338
41350
53491
60342
39891
29360
44077
68634
36982
76783
50472
33500
53961
33011
37999
27559
54876
40142
59004
77209
29372
44641
37297
36555
50153
44090
80826
40617
64251
100278
45764
32036
38979
47930
46280
33556
34775
35226
38399
67291
41955
50350
41452
30823
25704
38134
35246
51559
55655
32712
37889
52904
24099
30273
32124
39640
63870
54351
41708
43633
35929
47472
83418
50591
29337
46694
43331
44011
53194
34026
57353
50256
33747
50732
32376
52286
37951
47405
33015
48460
41049
41487
14917
35181
74724
35011
48711
37305
37057
55613
44380
40323
46867
47996
250497
53563
68686
39279
46020
38049
49148
71651
57714
38730
42071
57493
34023
48029
46352
143224
42771
33025
35859
29063
62598
40287
27355
54688
60689
34166
35346
36908
45350
45777
61182
58541
37444
65225
41887
45362
44578
60005
45592
43011
48719
38545
27192
42413
94136
28521
43332
27460
33869
41331
40026
36626
26568
50284
39900
47672
60671
36071
52474
56630
55668
41743
36510
54180
62994
54150
51736
45644
55240
34063
42963
58785
52627
48294
85378
31870
34149
34264
44784
39010
32794
69508
37861
30757
35780
59158
37754
63141
45422
47160
29658
33131
52959
36219
48009
47890
40122
74009
48566
40693
57867
36043
38467
67225
45931
53297
44785
32891
27451
43535
58380
32146
34148
37448
288786
54438
47508
113835
19377
46483
75021
36851
60479
44683
41913
78019
69064
77308
43926
60905
44112
36889
43759
34259
78447
43269
59507
74648
46419
31751
35699
54308
94511
60335
41400
44869
36846
47373
43792
72489
39549
45738
39844
57665
54953
42337
45714
54762
25582
45526
38165
44869
52374
132975
43693
50292
37697
48526
28894
38932
89817
49729
37004
34273
48627
41645
33479
37022
66783
41996
52941
52831
57104
33698
55346
39918
39684
34219
76457
65705
43480
36240
41631
42198
31726
31548
36108
46776
74239
33491
45964
48217
31361
33315
223417
44094
32214
37044
45536
32032
62888
37028
35713
40502
56842
41020
65709
50755
45904
42638
31022
38587
37516
44407
37602
29244
53429
38830
38020
54145
45512
35870
48458
34981
40879
35334
63741
33027
37343
49168
37822
56308
61266
52651
39596
53834
45098
40351
38785
56171
38343
52581
54580
38920
42918
47963
42767
36625
51748
67587
53451
39026
49566
50549
71246
40779
54322
38184
58070
62826
31183
54387
42350
52625
36433
32944
36218
33644
39506
31520
35239
38798
29944
47783
45412
75307
80622
87625
40980
30925
35227
36172
36415
49420
39279
31786
46717
50570
48824
25196
57492
35458
40666
47476
42244
36750
42462
38378
44594
35831
41860
42845
74131
40540
40256
36119
45290
30831
33341
30561
30050
27008
40768
36436
40126
37310
34910
40111
36380
39184
54633
32345
52024
40633
54413
49420
42023
45799
43379
40976
49017
52942
47652
44152
61375
48895
50291
49126
69085
69339
44367
24531
49479
81255
29343
69556
30144
46702
40017
50041
38764
25956
43599
37374
57534
40822
34335
47131
53410
30668
69160
26536
38693
30683
37738
34937
38956
36495
47911
38383
27869
59200
23557
41233
28002
31299
40428
29909
45370
51194
44625
38572
29875
31736
45027
28588
36956
30894
53393
30959
38381
28791
30224
27578
32284
34319
31429
33549
33784
35663
28137
41163
40473
33833
166302
32957
33268
45018
29636
34442
37933
39412
31939
40912
36836
38091
41082
45774
34705
23312
71549
40038
35898
26858
54798
54525
33571
34894
35233
28384
36812
45885
48366
50680
43381
36974
53277
38118
33204
29518
38850
30750
53238
70774
44714
37515
34638
36671
65832
43037
30259
304919
26019
28405
38016
34329
34762
35004
36482
34413
27961
28850
29751
41911
37155
36617
42961
47199
37306
41288
33517
29304
29103
44677
592326
50805
34285
28765
47126
25265
35818
35081
21053
34433
34150
22615
32940
31580
45165
36555
32912
32567
30115
34105
28296
52000
23654
34408
28495
37213
45391
37374
41894
33372
35715
26585
26691
32543
35308
27581
29106
43291
42721
36908
25621
20846
49823
31513
28488
28822
42485
36689
38775
66645
56939
31304
29275
43158
30192
33029
29136
42973
26117
35584
43683
30914
55520
37035
25817
38012
35764
27956
33342
39502
30313
40245
30819
25398
36818
36014
66473
33629
44713
38399
36225
27694
24101
59731
39106
43822
32488
40416
29135
33689
37137
32334
29793
32001
34787
69451
46610
36369
38397
36893
33077
25289
28890
32654
28982
30487
41830
40808
51156
44616
44795
25684
25134
31411
28667
27500
30303
35367
42976
35936
33540
37823
28552
55556
24487
22402
22333
41669
26644
39967
34797
35278
29182
43050
40036
46421
28230
32045
36500
28912
67924
34089
33279
41980
406305
34933
41911
32441
25360
35044
32390
31384
38310
30313
26013
36568
34272
39397
56707
29149
34401
45244
35702
30380
36492
36557
24057
43405
24477
25875
24272
41523
22062
22053
100216
23235
42403
25176
42874
41730
40418
25690
24308
38452
34914
50341
69893
61020
44570
43433
29184
36113
19248
32687
36652
51575
40267
28486
38828
34825
42958
39843
32527
38982
28543
22574
42815
41870
25160
39422
37177
29905
40391
49320
54198
28762
39720
34881
31543
25489
31852
35884
34501
34570
49688
35431
39709
39965
39800
62516
31360
42022
28124
27497
31789
39121
30583
52329
60588
84348
55875
33700
36612
54773
54185
38964
38229
48252
35521
33058
49949
37762
46972
36146
29982
46882
38247
30070
39301
30692
28249
61978
25353
28983
34830
26890
48938
47981
34678
27558
81012
28772
32851
34168
50973
28061
27601
389743
60733
89536
33801
48122
28727
42315
30552
37673
31135
72399
36267
42896
45155
38309
51544
169199
41704
31118
40627
41574
69964
40908
43926
31316
35212
39119
36988
34905
36695
45228
27873
33862
37742
30529
32391
30772
43867
28796
35683
37160
37357
29855
38652
32333
46740
42106
59305
31858
39135
30354
36991
37994
51215
28708
50404
73732
39710
33195
34075
33576
31448
26592
38350
31181
51241
56448
62752
34080
28678
69681
46785
34690
76797
34891
29134
35753
48620
29202
28860
34799
37060
34783
31605
36639
32660
34523
28273
48129
43155
34658
41131
29069
31312
33730
56355
53686
39503
41660
31115
32365
36622
40934
33229
34542
33365
40082
58023
61055
34998
41474
31747
27522
37209
42338
30532
30365
43705
32793
50600
31007
49743
32511
31414
50546
33937
32734
26216
52354
48095
31875
43161
46660
36270
27222
45737
25254
67954
38297
64968
32644
38822
26738
36373
72432
37009
36805
37925
62341
28931
70096
31134
30512
29944
32938
30056
28117
32957
29300
59933
33072
37120
50058
37810
32126
80980
29344
39830
35702
40431
52185
32765
36446
49804
43867
37998
47459
33746
32229
34268
38923
33393
80557
33871
32793
37478
34071
34679
33002
34959
27504
35761
41512
35072
33338
32189
33209
48176
31964
37136
43079
34510
35156
38287
39450
49445
29215
29628
28150
34627
37052
55296
36309
31364
26664
46084
44025
37734
42055
34088
34338
44623
35122
33376
45827
28726
37003
40335
31626
33048
46959
40035
45212
37158
29200
41900
55522
42227
