30753
26411
26025
46161
64596
24115
35794
37304
30293
27799
34718
54587
44678
38053
75501
41087
28938
36759
40610
28828
44053
35854
38722
29314
39764
33153
36319
46257
38739
27103
40471
33814
27408
25460
30251
112822
59805
40321
34987
26853
35126
43405
49672
27199
32782
43745
61040
36801
46643
44740
45281
42469
33125
38564
32628
37801
53739
42416
36623
39167
49816
36798
36982
25793
41914
27342
84616
33931
33399
42050
24446
45171
28037
45178
60528
72837
40094
86738
27748
28093
59375
105080
66973
38412
32410
42003
27210
790093
45051
28843
61991
31094
48669
26475
32803
40022
26229
40886
43876
44032
37325
45264
28293
35983
34324
38651
35013
50388
36586
49486
26352
36943
31437
39756
36258
34615
29322
35110
38530
38105
62372
34931
35992
36892
27728
34722
50135
31470
29022
33619
33035
48208
375422
30689
32082
47393
41507
31625
36183
37890
51089
31850
47332
48137
38232
50536
51121
320885
25343
39110
49108
49553
50708
32690
47892
31429
46331
43671
64000
82929
42982
107304
28220
37780
54445
67344
33662
38799
26139
38175
37035
45232
26424
35505
36691
41442
30371
27380
41019
32567
45535
33665
42397
43765
34041
32987
28584
32100
56399
42863
37186
46954
41457
34049
38820
31615
38014
31751
35188
40307
30938
136802
37849
39629
28000
36912
38470
38021
43477
47955
57299
51302
29869
39742
34780
31367
41648
31259
38292
50969
37010
34115
47666
36086
36574
35753
64945
65087
28566
29455
45641
35552
83454
52299
40744
47453
29257
40995
42765
61058
37448
48627
33671
45153
30634
28681
39528
57085
33634
34726
35262
34075
46265
55525
41027
38439
43371
33558
29963
41307
30362
64549
28076
39133
39037
37345
30904
34490
43917
240449
37525
39200
29726
55956
32982
44764
32980
29881
43314
33784
27187
33845
25750
25132
39850
66741
67267
34197
41925
71222
35838
30529
35230
37439
33486
33848
35204
29715
41306
56316
36700
34977
42281
51752
56991
36604
94494
75662
40292
61088
34360
51218
35358
34289
30001
44698
44517
72707
50522
67357
31560
30846
81697
31644
39098
42017
53203
45591
57651
37897
80258
28433
42729
36833
34681
43341
33301
30204
33928
34361
33227
45153
39816
38736
40009
47564
34590
62061
38466
48995
43412
33528
41855
23184
59324
28632
35351
28247
28020
34984
32339
48149
40617
41662
32559
38978
35403
48619
45922
35812
216774
43902
24467
29141
47633
41073
71440
31004
423893
38607
42617
37535
35612
30026
31384
33848
38940
43312
29776
74743
25359
32105
34107
34110
31178
40030
30213
27050
31537
46602
30809
36640
31687
33672
36602
31201
50731
34273
31779
47956
25106
32737
49666
36059
34239
33069
45195
90482
34759
40580
40087
35447
42249
36756
29612
55722
32402
30809
34865
45387
38740
56100
35068
25655
31458
34410
51460
43767
29907
25712
32776
51191
30974
32543
63280
34903
33014
36010
46448
33910
32856
94179
32171
43945
34212
35571
38791
42818
27752
33909
37854
30200
32512
27257
31424
25746
35141
41420
31929
48006
36678
38129
39105
34125
68053
34233
30686
37358
25959
23293
25048
25918
41958
44506
42159
28999
46428
84454
53176
50045
35522
47949
28941
51222
24311
42651
33215
33978
39000
26322
54684
51541
22849
25926
31633
30027
34179
25186
29602
34079
26881
26010
29393
35356
30942
33889
49735
50728
43408
22404
33833
132190
31139
36079
46611
29462
53717
43257
50103
30097
21548
44745
39741
32646
31229
31286
37289
43042
47568
35461
38448
55489
122670
59690
40058
58295
31425
32749
28748
40475
37384
25131
43383
27603
30639
35367
32812
25074
61074
39477
33805
37082
105322
30509
34816
26293
29813
24980
45933
59604
27965
35527
43845
30532
25680
48431
56971
25507
28784
58880
27421
35133
30105
25884
27034
34900
33426
30555
37719
69368
34785
63701
28982
32888
34930
28238
38672
38750
34241
55597
41636
37295
37093
27889
39909
39553
28470
26023
29425
31619
33504
24233
27196
22327
33493
24278
44181
31034
58252
36818
37177
51318
31594
23702
28942
36915
32877
43065
23084
33961
63767
31602
32360
31114
34325
33792
35940
25371
30237
45693
40427
44428
40215
29974
25874
24995
34956
21884
33171
47706
30706
40147
29095
29651
41582
39718
37201
30878
216068
27180
33207
32468
41811
33774
32846
31019
34850
68273
34268
43314
41581
33411
50368
30795
36073
37464
28266
28922
38899
35521
41800
25411
51232
24232
25890
27036
26256
30198
23210
28867
27959
22386
46623
38060
26231
32126
33465
26993
59422
31903
29338
26187
36647
21682
24148
33447
29778
35792
28087
31824
39471
29819
21911
29067
27647
25115
45721
31249
42362
35569
29804
108190
21925
58542
23360
29163
31632
34333
29150
33627
27446
56632
39884
35719
30796
35806
29009
31347
24313
53762
23022
47232
35783
55744
28780
28961
30149
32030
37127
28032
53737
28025
24370
35340
36175
36766
24326
51878
43595
36159
48478
81292
30527
35505
43943
26626
26266
37436
45594
46669
40593
33677
47548
35608
34863
32634
26657
37679
25338
32116
32145
31660
31534
25287
35206
173161
30137
42231
30452
35853
39558
32024
26923
35770
23813
28128
29527
55655
30238
46270
35357
27294
34236
35627
31338
39182
30760
39076
24565
44005
35640
24296
31035
26002
56685
32871
24314
27327
41726
46091
34695
59714
29548
34055
28507
40954
28263
36785
30337
26741
23569
50498
34627
52843
57324
60183
37676
56290
48101
61187
40120
45295
33844
31232
31774
27504
77151
32772
53816
61441
28981
33982
63991
40895
27699
30121
71543
25666
55867
49389
36068
27574
35273
40372
30847
32251
31290
29532
30093
38921
32445
27868
69566
29374
28619
28179
46096
28211
48394
51934
33866
39688
29814
27669
31310
29904
37400
57533
46488
35478
31451
34766
31418
34070
30293
51141
36000
23896
31770
37938
22884
41375
27944
32310
31939
27898
33107
31264
37383
29484
32455
36398
23850
35389
32425
35037
36997
44450
59149
71861
35898
47190
31868
24065
28863
33605
36045
37586
30308
30375
36022
26752
29578
32655
44310
25130
41173
28806
54302
29677
119016
27896
29363
21995
43859
49614
24862
35931
29708
36944
24833
35145
23771
40154
20813
30284
33389
24646
29528
32829
45390
29137
33381
38486
29894
29693
45571
33258
28763
49549
31689
43372
70490
28218
30776
335099
32896
30862
35236
37361
31123
27395
36570
45650
24041
26955
58214
31070
195199
40574
34849
35949
34029
23287
62230
25556
44255
29518
38449
28493
32567
25757
35139
28708
45222
25154
29992
30005
33866
52192
33511
36098
26580
26628
53715
28571
32483
28779
25692
27561
36702
35699
35180
33395
35954
60315
30226
34085
25602
25926
26827
33028
26947
23891
26149
29763
28705
30453
28936
37410
29164
28917
28865
36238
35823
72107
38485
33706
33384
24193
24147
30181
27595
22002
29246
42451
27568
32357
35090
26284
29326
32127
39210
23794
31120
33773
36727
44322
32954
26444
52859
38134
22726
24754
26807
24152
41486
23746
31965
29610
39169
37722
33462
26519
34605
29551
37935
35505
36215
63221
44295
32764
36100
26119
29602
30499
30953
38372
25552
30301
28715
24521
34447
36694
38450
23315
23026
32611
47166
27084
62875
38434
27454
26440
31735
42236
30983
21906
47512
25498
36008
34874
23117
39916
31040
26417
29601
35609
45550
28090
28467
30080
26998
30836
45663
30219
33535
30260
55393
39019
33716
33445
28552
33818
25513
44712
28470
22594
35711
26191
36278
45033
29524
30466
30596
26249
33479
29422
54903
26820
23164
32660
25438
35696
22193
58293
32222
29282
31256
38427
23532
30051
29084
31086
24554
28822
25777
22880
35712
33484
46524
24748
28062
26930
29577
31113
24314
32662
35247
21462
35862
31323
48057
22925
23860
54649
25467
23758
31715
44596
44119
30952
36256
183045
23755
29451
30950
24871
44828
27471
29971
35879
32032
31892
32741
34924
33892
38916
26538
58884
27982
31494
28794
27082
29096
25039
34260
24055
31419
25028
35014
34285
28561
42091
35797
31832
37004
26923
35070
30042
30607
24270
22708
28697
31339
27246
42871
31304
27659
34549
32880
28138
21927
28773
32946
29762
24813
47351
36920
35651
32400
28101
21016
26768
59255
30211
35840
33266
30628
26558
29261
29552
44775
27896
27199
28095
32502
27393
26286
23992
38938
34257
26641
42500
35607
25314
43529
24099
33445
29728
28760
39932
45703
21712
27323
36678
28025
26723
32933
24781
34815
28604
44398
34471
39095
35627
46200
49565
33469
36220
38133
37077
32427
34656
28535
33286
31828
44406
36762
31102
32562
26782
38061
54713
38976
61677
38460
31102
51475
33935
26944
37331
47613
28909
27538
34031
32340
31280
30813
38023
25812
25251
26940
26725
26323
34301
28716
36929
32893
34933
35787
27622
23523
40463
30989
34554
36241
30754
29711
23868
38564
29245
32099
37364
33430
27762
46647
39073
32441
27881
38715
26437
42034
31925
38399
40484
39445
55511
26916
30204
37595
33569
29584
28200
32565
36032
49491
32480
53121
30285
32093
31717
44042
26174
34375
23049
33424
31416
40778
27883
28362
28198
46057
33925
31403
34345
29203
26881
27154
34181
39023
28764
30334
9850
33246
26558
29450
29548
58670
34956
36467
31352
23298
30929
27975
42810
35433
30006
36139
34238
47790
29887
40078
42062
23655
39167
32504
28854
31187
38902
65272
34485
27641
42157
41220
30687
41238
26289
39448
36187
35996
23538
31250
30059
30619
22228
27997
26939
27808
31527
36864
20931
33203
25557
32122
32132
262010
51529
31603
34849
27787
31301
25872
25580
35840
32500
35747
25657
32580
32108
31965
24901
29337
29172
31192
35499
166936
38607
47358
25993
28411
25498
11692
28581
37140
36399
45466
54355
34678
41859
33096
43292
46335
31814
36190
37257
21864
36945
29126
31047
32811
26435
32508
31875
25700
23877
34195
13209
20960
36795
31914
33339
27631
31570
26871
30565
19611
34644
24931
33925
30328
60469
30915
23077
32556
32885
32423
28115
31693
54534
31508
52216
42134
39851
25892
24196
32939
55890
17483
30633
36619
70040
58781
27293
30379
21893
23419
40687
36537
17482
36665
29630
14126
29470
27787
32750
40286
30344
29003
39356
44749
80612
29343
19261
35070
33892
28593
18205
33246
22325
40480
56365
41683
24809
25037
26983
33768
18263
29272
28328
27336
25910
23790
21238
28306
30334
28517
29519
31729
54379
46547
30442
41580
31345
37126
27728
28038
31245
29755
29274
32499
25562
55482
26459
25545
26279
24092
26480
28032
36106
28528
22531
32138
25094
33563
30677
38908
41216
29380
25761
27383
29425
35983
29503
31895
25935
19801
31113
104205
45408
27334
37006
21570
36599
23233
30862
14043
42287
37393
33550
32999
25314
21053
27874
30143
29873
33768
36837
61463
28734
44083
31585
31082
32688
30248
21069
29921
49686
79623
29057
41320
26391
14676
21597
27737
30484
30732
33095
60903
34729
41715
46853
48920
27892
39233
23875
31197
28458
34733
28634
32759
26269
25188
25007
26954
40423
43438
31565
26989
30414
28534
31131
22919
33541
33307
30471
28916
39675
37962
60151
36544
33096
23126
47694
36146
33371
42164
31887
30723
28069
25819
25697
27386
29285
38175
37763
46985
33531
32970
22602
33958
28811
26835
28104
31711
30450
31442
26504
33237
37267
34055
49465
27796
30016
30898
44104
33489
418955
39355
36815
26894
30162
29020
25038
29069
30032
32613
31067
28349
58239
31136
38486
24152
39931
28252
32357
621910
32245
23248
42404
117816
13433
33083
23227
35221
31681
44323
41808
32482
27218
28379
33056
31996
21565
27135
28323
39035
26534
41421
116578
31869
113185
34529
34405
47569
25138
26176
36044
39124
30339
30537
33979
32121
33373
33675
28286
35291
26662
31244
21844
28956
34276
33145
42788
31240
33503
39111
31258
41978
42915
36011
21974
31961
48284
34351
29347
36261
43932
30433
34286
32915
36732
25877
28837
40541
23660
30084
40750
48481
52340
37665
40003
40202
30958
31461
31870
26170
24492
32704
23362
35069
25267
25108
31919
27341
31641
33936
35745
28772
34963
27111
31875
33235
30976
35819
22117
27638
37367
31174
35975
33601
33973
34327
31243
36975
29284
32663
28976
38615
28128
32701
27196
24447
26216
31996
29953
37709
31204
23563
27714
44111
55798
28393
27663
36893
30929
36794
31297
32319
35983
25000
62355
31238
29589
31705
32304
23417
175025
33871
29068
28858
24859
28107
22123
58509
30059
179859
30074
37229
33592
26488
29280
45241
30878
33839
43651
28610
44073
23908
33055
25183
32452
23347
42534
35000
41765
29948
25378
22797
27328
42573
50017
27142
47989
30616
30210
58613
29117
25644
44513
25811
10691
36791
30974
29276
33855
41276
25711
43326
167856
28667
31078
31572
28200
29292
30051
27494
31746
35556
29290
31716
22088
22321
27591
25410
31739
40703
35666
29277
40433
27209
29937
36771
24663
93148
32407
20820
31275
38280
40521
27361
45669
21560
32424
34824
34038
27397
35024
33942
33372
30053
22402
22591
27501
26919
30043
28515
28027
23358
33404
31020
33933
27368
23777
35035
39018
21679
53895
25949
42126
37482
31973
32582
29781
26529
25597
35840
28762
29144
28995
29824
39654
28412
31867
29837
22894
36639
21756
34312
31701
43774
30991
33231
25144
30060
22281
35971
33341
32021
30635
37694
25965
34560
29167
34920
30254
39463
32017
33380
9396
53147
33065
691100
32402
30946
26636
26126
49559
44706
31870
34707
45865
22879
25579
22725
51818
33092
56167
28091
34468
61094
28043
19001
24447
44692
33368
27635
24602
23384
29178
29287
23446
31990
24736
25825
28287
28000
27192
36122
35631
31302
27723
23677
30855
35598
30939
33513
37525
24476
21886
25018
27896
27735
30490
31140
26484
24142
24535
36464
28449
26111
35573
39430
29482
30790
29085
285695
29104
38830
47513
30884
26534
27911
25246
27959
33872
27809
29945
30483
33048
26070
27463
31557
28028
40886
35717
36280
30038
34134
32730
36467
31574
31017
31367
32467
30601
28016
26084
29686
27323
40427
39853
30180
42087
28475
31270
43348
27482
26205
29006
34387
37079
25962
30023
27112
41106
36532
30636
28330
20582
79408
31151
22979
30294
26992
33859
36997
23656
33637
36023
37488
30335
33773
39510
37626
28520
39523
27767
29372
20967
100738
28684
28213
27399
33486
31300
27119
28535
29575
31205
45295
32324
31187
24339
25339
37012
26721
39478
24413
28952
32446
32831
24350
44204
30638
30235
48273
32742
36115
33318
36774
31357
40431
29332
30328
26954
31841
31119
30947
27681
33358
32661
30692
28672
33811
24547
37294
32999
28055
34025
27450
92601
28999
40041
27430
39042
32446
26770
37285
28133
32005
28536
33086
22568
28393
40009
26177
33560
31235
31880
46217
27878
23097
38886
37177
36482
34306
27769
40376
63783
40843
28983
36951
30637
34013
50113
105133
23521
31834
30423
36665
40131
33143
37947
36114
33356
30756
29587
36764
37796
36919
29798
38669
34980
44192
38212
41890
31598
36531
37256
67191
25776
27951
26169
36985
27909
35322
30215
26569
27467
25159
29277
86556
25694
32679
31770
35565
35302
31486
27298
35448
28010
44218
27986
24860
40503
36485
34285
33808
32160
26975
40022
88786
36786
37968
20777
26711
26542
35030
33996
32646
47069
26092
32634
38428
27209
37456
36772
42020
28226
29409
23112
25057
31020
28109
39717
28689
23239
39101
26387
26392
32517
33583
32791
42776
29866
24692
33013
35309
35331
23865
26832
31050
23010
25035
23036
31710
39664
30068
25621
26110
30967
23207
46350
30297
28886
27861
25590
57994
34565
15537
24530
494886
22721
24176
25899
31658
25147
29610
23254
33264
37305
22643
33445
25177
22619
27927
30488
31217
24383
41692
38090
27120
30923
29329
36348
36202
32294
33117
26440
30822
35298
69881
20937
42911
38894
31431
26719
27960
34262
70192
35758
25800
42929
23306
26033
34217
22408
49311
32955
32782
33047
31509
24680
26604
33629
45664
32077
49241
37673
41313
39085
44346
21987
27172
24704
23800
32038
36534
47565
36829
28805
24880
48892
35694
28003
33390
34744
35855
36354
36760
28103
28727
29287
85200
43342
43227
34166
24513
32681
22582
22430
51194
27564
39869
38177
23647
33164
36919
26991
32528
29811
29928
25585
32059
25369
25894
27738
28769
29440
29695
30611
31200
28569
32798
28901
28757
28249
40272
21614
43880
28050
29969
31031
34181
25368
24114
29721
30321
22249
26270
38015
43804
25319
22516
29558
29921
33474
31640
29318
33403
29671
30630
24212
33396
24913
28661
31358
34495
25014
23486
21612
31985
26930
32028
36762
34001
23853
29493
27992
35292
33802
29238
63528
27433
24898
23043
23301
35489
60597
36147
31368
34432
30747
34109
28890
70083
23983
25065
37666
24284
31590
32311
23270
28985
45125
32598
24526
31092
29567
25446
32026
28381
50784
38416
56203
41509
23828
40380
21159
25046
35494
46181
37278
20982
29308
39486
25823
25645
29573
61155
38644
36922
42988
23612
35285
30370
28067
39843
30016
35669
25152
35073
29542
33559
40846
33346
35477
26618
30111
38487
39390
47558
27662
32257
27728
28257
29535
38306
35956
24005
32570
37702
32521
32042
30908
28260
37608
63118
35806
30281
35674
28387
44269
30521
33479
30591
28546
26394
29970
33761
28422
49219
113992
33396
32554
33771
25145
31844
26682
30410
80335
34314
30129
54757
31316
35812
24419
32118
37195
155874
13448
39882
26064
35192
42689
33681
27923
27457
56755
27874
163123
20846
30432
39388
32077
38002
30716
53635
34477
40033
25481
36036
23311
48042
51583
26906
33546
35863
29799
27685
31532
31192
26277
32819
30604
27746
29742
31985
30596
33639
30992
20821
44846
21127
25491
30657
38661
24313
37146
49508
25405
32560
24419
36322
35279
24629
27694
25690
49106
31856
25555
23811
23884
37662
31210
33509
25779
32409
30401
30919
36512
35444
28250
32680
35916
34186
28928
23495
60193
30384
30232
30243
27574
34348
38243
28619
26096
25007
32467
33260
28191
22835
23667
28099
44004
33383
32247
23916
47525
49764
42070
28196
22328
34154
24091
37580
36780
32752
34546
33259
29225
28244
37882
34359
36992
27712
34430
25334
33056
35600
32072
30536
32756
31422
26885
66224
31724
32054
32534
29351
29119
24656
26151
29721
25039
32673
42399
28857
50296
65926
58763
26805
36373
96787
36468
34532
34143
33047
35079
81807
31673
31321
24264
42845
31302
45880
40888
40418
32440
61533
67450
32989
36917
34941
50533
29490
34684
26250
34804
29406
24717
38336
28613
35082
26338
23910
30139
33207
33510
31665
37616
31013
49910
35324
24353
48981
40703
66478
48304
35648
40057
23800
31308
60492
38772
38971
25170
54408
25463
30138
26256
35187
26120
35644
33673
33243
27242
31835
31997
27705
34124
26477
30646
32705
38461
43142
29006
24425
20995
46134
39503
28084
36037
28218
28951
34382
23062
37653
45746
32405
23855
38585
46375
38405
39728
20741
22933
58972
34092
48894
30584
35828
23277
64322
30081
31079
51891
28631
44457
36601
36511
32208
32232
41648
31317
38327
32010
45874
34405
29843
43817
23569
25301
36565
40764
29163
27474
29455
43562
31306
29917
63700
30599
36275
27876
36845
34607
25977
31701
38342
34672
30134
28976
31307
33949
32727
26519
44283
29723
35110
46734
48530
45311
25282
28317
36222
28699
26017
25307
33023
34576
23019
21966
28265
31824
40523
58210
36379
27927
34334
28847
25335
43836
21722
40395
32262
29181
30936
29746
28987
23869
42155
23169
31653
37294
46323
30532
34184
61705
31737
33165
29505
29642
31375
32008
31805
46397
35574
44335
27782
34956
32869
38000
34425
24580
29550
47285
44325
35226
40658
24238
23644
27144
36647
37481
42401
31799
25847
29063
40279
29119
29835
28348
37485
26544
42900
29366
31349
23991
32679
31818
21931
26331
34003
32502
49602
49507
31502
32028
39089
34970
32990
29764
34915
36175
42311
29565
32565
52102
27024
30700
32434
29901
41611
32796
30153
29499
27977
28123
33104
26735
55505
25995
25835
35091
29035
32810
34032
32179
90589
303083
35432
30582
34096
45801
30599
30999
29438
61116
34233
30810
58233
27918
43996
32919
34989
46844
43719
34489
45316
30312
37922
29102
40882
69615
35341
22078
33844
42632
59149
59075
35338
64753
35866
31447
65670
30483
29388
31623
56430
29501
31851
29729
29169
34548
62561
788310
32378
27750
42534
27442
65230
42021
47919
61821
41608
34005
28751
44211
43588
37759
31926
58639
52528
115706
44749
53586
573617
32095
40104
27206
36037
29992
32654
49810
26111
34318
45494
64076
40794
25354
20440
56491
32434
35668
39804
45442
34171
26302
45187
31340
65004
34652
37815
37581
52628
30628
52499
41338
42131
34031
55194
26046
43666
29561
51152
38448
41648
43546
35103
34055
37347
126329
33165
33773
36904
30662
42598
25156
35216
37113
35923
24981
38264
74534
35208
34114
34390
33096
37992
29768
44554
31274
34047
36936
50551
35654
32606
35841
44936
35232
32482
32202
46302
30031
36453
29866
34075
42466
33113
35020
39879
33137
32208
36239
25634
24039
32780
28234
44476
48300
34333
32337
40608
41564
30927
40857
28653
46210
37367
40927
33565
50618
38200
31957
24136
32494
28958
43374
40094
38608
30896
41219
57046
28469
23757
22360
62643
38620
34226
36464
22382
39296
34605
34959
31344
47701
37283
28990
42841
23685
307567
44258
39984
36271
92230
36172
41993
30531
33809
26837
34616
32035
42929
33602
32645
22309
31690
35076
41250
56308
34514
49994
31686
45676
37634
32274
36441
42845
28263
30116
37352
30015
35250
27638
30666
28186
30046
31150
34519
50161
51368
30212
36742
51118
32907
57273
28739
56658
41216
38264
48170
39753
26000
26947
39667
36713
33558
29961
42921
39539
39699
26217
512833
37384
39093
30101
22151
43598
51018
45195
28256
27940
42908
33527
39343
25237
26546
32261
44091
34946
35800
27443
46577
36361
43329
70132
34023
29321
41036
58999
25116
52218
31137
37208
52671
31428
25879
32383
26949
36996
35956
42017
40249
34428
39576
27247
33608
43162
41278
32084
44792
36272
30465
46324
37958
36768
49090
37796
46939
35507
31027
32319
38708
28808
48811
45860
44315
33815
31922
31684
32295
32940
76711
26081
39900
33959
93526
27593
24646
36092
22512
26579
39940
38056
39822
38591
35127
31466
32270
38954
32313
28686
25036
38065
43508
42981
24491
29785
39780
35488
50662
38927
22305
32912
50758
37206
23433
54295
29658
30627
35384
38280
37600
34522
36573
46462
50114
68288
28904
40885
47628
35616
38775
37404
35354
51407
35348
33014
20788
29164
38358
31833
37331
42404
42320
51689
24776
102606
39412
54956
49532
39126
46672
36266
34112
41540
21922
35386
50565
35164
32562
60984
87044
32853
46307
53311
23460
31670
31941
50472
25888
52447
47500
33434
56195
27031
43151
38491
37325
35418
30108
44605
38163
34038
34361
20116
60563
39454
40843
45866
34612
32165
29327
97270
26262
26039
44822
30230
35807
28732
41162
41097
20500
42470
48627
28923
36803
43073
37017
39835
49336
41444
35623
31534
40697
29302
32550
33318
44305
50252
41901
47536
32463
26900
38422
32891
43793
45867
38584
52290
62950
35526
45923
43821
35552
41788
52883
34276
32523
33955
42890
36121
36270
28831
41572
34560
41469
36653
55162
298870
58890
48721
36583
31084
36353
30717
42945
37476
44010
32577
35564
56718
59465
35113
41848
19417
26697
38331
32941
29158
27855
30624
36382
42392
27680
31465
79503
42321
38301
37175
32875
29112
23938
37709
68704
36557
387539
28475
30455
55912
30296
44277
39636
35880
30722
331098
28023
28937
61735
39418
45871
31298
33510
38026
41254
40312
30143
24652
81455
51809
42673
29821
33908
34046
41620
22451
28631
39603
50362
38822
37643
29682
32551
39224
37431
33904
40145
26793
305397
34928
38943
19319
205737
42425
39579
32788
44736
33276
34459
32452
38239
47601
35383
27035
26893
32739
34716
53584
54332
36423
29828
25247
33978
35222
30945
55541
37965
35885
32881
30911
58926
45582
36645
59441
37920
26863
69659
36790
36351
35879
35324
33318
31416
53906
35573
50889
54932
42915
31357
39572
46653
37895
48607
27746
59021
48482
37220
40993
46602
33908
31274
23722
30471
34804
48100
32181
37199
37520
45845
40384
26058
27937
39424
31655
30569
24763
47749
32887
40723
37453
33410
42856
47813
61954
54478
48263
37747
78149
43363
29416
40775
25220
48184
26458
30708
34140
27734
38028
36947
25047
27630
30667
43488
50397
44445
36392
37495
44737
36809
37273
34404
44141
48176
45075
56295
727454
39751
36666
32554
35495
223420
34641
36153
38496
35656
38220
29985
54212
35520
35017
36099
33896
33634
46647
36210
38074
43609
36039
45483
43724
48860
81325
37182
34576
29174
50664
35400
66246
28636
42594
40482
30553
47489
40925
44444
27566
38926
34716
39014
351535
26425
46610
45499
29603
40135
33154
43761
33875
31853
43230
27874
38287
36673
28242
36366
33299
43220
38758
47026
57376
23163
43338
43224
42299
94674
56608
32295
28217
39447
42450
32099
36624
32895
39832
58933
37991
34833
33164
34634
50459
37740
49686
34171
34891
53868
66367
37209
26792
48883
32553
29583
52582
39791
47091
30680
49864
39150
82171
45093
36128
32084
44742
33347
26574
33527
44979
62903
37056
31321
43687
36304
38502
56082
21565
46511
70829
38873
69490
36263
24252
35773
55138
49179
29877
31327
53988
25521
51872
49076
26205
34883
53869
36164
37159
41535
32975
36539
504317
33841
48354
42685
37577
49961
42939
33406
32178
37701
32337
43229
44465
39084
34269
33692
33977
59698
57568
30735
35999
1985360
35128
47825
39863
75176
29575
37549
44719
42407
28248
30593
50392
53812
46967
43737
33776
36776
40856
29666
582103
41927
29152
319436
36648
37997
49893
36509
38882
35521
34767
267690
39599
52153
61458
43404
37186
31206
39795
37590
30340
30982
47358
725291
26747
41990
33548
39946
38836
44928
27769
41504
48772
33358
1148137
39146
57562
35455
48387
26855
38040
35570
57704
34469
22406
59516
54577
34485
45865
31290
33951
47429
26767
34386
35480
33871
52156
33998
56720
44787
29760
35499
38862
51121
29224
46641
47254
32023
38124
53281
39055
38159
36043
40659
44698
35313
38042
37840
36985
36648
32728
33032
32263
39128
28685
37424
28519
38240
32124
38086
39580
35014
32681
54946
29577
28636
17248
34302
57047
45817
42921
38447
35247
35931
32305
34404
63700
41184
60433
64769
56858
33889
32757
33870
29525
29124
37644
42369
33191
38743
31181
37741
50770
37839
25073
29402
37441
37450
32497
47006
67137
25609
77939
26540
35506
37034
24191
36663
37751
32832
36399
42959
38693
34837
58276
29164
41281
41765
52128
38071
59368
295557
37635
43714
38086
134432
37461
40574
39532
34669
35585
39104
37889
36088
32675
56682
53004
41348
41084
38266
39319
55315
50857
31706
29403
40340
27565
38805
39049
30961
54334
34047
30825
28693
38498
38595
37310
54845
32358
43847
32233
40000
35077
32463
33387
38598
74820
74201
27022
35768
31311
55223
42878
48898
29935
41574
33885
43206
30641
37355
38852
65004
28931
38404
31565
32526
30711
35441
27196
39901
543985
30889
39217
36954
29638
39790
36426
36667
32955
53262
35963
36304
41975
49210
42133
34328
47506
53600
29258
26273
42447
45052
34012
41261
31847
48779
34962
37898
37120
40747
26766
58049
26651
45195
50773
37343
28579
48500
39855
31994
31790
38588
45380
40521
29128
50612
34980
52667
39861
40620
171730
35347
30911
36799
101365
27853
50038
34785
37381
36253
60130
36773
28279
40897
37793
223657
250868
34884
28995
31760
86725
40025
39778
36035
35990
25608
30102
40261
36658
36159
34813
135974
45247
28847
33759
40131
34189
62561
30316
35162
33459
47451
31497
27755
57843
66268
72086
42383
49236
53675
38211
46114
32191
47612
37346
37160
31443
37149
26058
35108
37361
31067
37276
31783
44828
44766
29956
58594
77520
39052
47968
50923
38059
36440
36808
38589
35323
51418
28328
39265
43482
42452
58783
30835
26697
34768
36418
47591
39750
30757
40415
74628
54151
43445
29519
52908
36583
32649
30186
35461
30759
57331
65174
38907
37867
362385
26367
27275
32050
38366
27829
37935
43232
36238
34797
27635
33398
36690
50121
44068
35351
34131
69338
42161
54130
43084
35290
29371
43402
89578
33832
47147
58758
59892
32626
42878
29675
40417
33345
33459
36358
57857
37925
52107
24148
35798
36790
73510
22999
28879
44267
41655
42142
50801
33932
42914
32752
28039
28233
46138
40534
38091
38356
30947
35320
33775
42436
38481
41541
29096
38478
40129
37442
37860
30987
39509
48567
38019
37486
33884
50639
36267
37602
34698
36823
44254
58824
54376
31757
38168
42306
52072
65626
45261
24213
51485
26596
45860
35427
57537
34590
38921
27235
28803
45177
52148
39725
39797
37791
37319
52999
34434
35892
38513
35643
34961
53953
37860
28369
41583
33692
265854
25302
48601
31554
39712
30330
33118
45695
98391
40987
42842
45963
32685
27532
43293
44632
33634
39275
39038
36841
48389
36023
55310
30852
34021
28372
42830
35640
42588
42396
48846
30865
30281
28358
29868
69436
98507
38545
27382
36738
38371
31015
26885
54920
25299
36162
27723
34790
35275
44219
43244
53784
125641
29050
35727
60338
60282
48208
33864
44962
32220
44803
36294
27935
43371
54448
30420
283326
28171
53870
47277
30946
36467
33000
31574
36546
35793
37835
43027
33919
38455
50400
25953
42521
36043
33416
33916
33175
33639
51848
39845
34282
47887
39332
34467
38201
37365
40149
28258
44171
35156
37746
63820
37545
34796
42717
58006
34226
42558
37148
36742
30982
43426
33008
59575
32033
48172
24289
42097
41476
31430
41469
33043
56256
33820
47186
51644
34375
37523
46484
33717
48627
55194
47135
40784
51986
38032
73697
25425
29462
31926
49927
47529
28244
30613
29760
65279
32540
40222
29703
39246
35956
31567
47354
42546
43249
70725
49764
49416
40706
35166
31977
37508
31572
28564
30762
27366
35634
35063
33994
41246
48274
43758
37104
327431
40691
35570
40117
30347
43878
37256
41869
27948
56657
55036
48794
36949
42747
28264
36977
25477
38587
36966
37439
33311
29763
31745
27713
34911
43361
36611
46380
46127
33683
27410
37638
70277
32633
39070
38815
40710
30645
27104
40851
36559
37563
50599
41330
28188
45796
39014
44924
30265
35580
35918
37793
43772
37720
33944
41241
29901
48985
48880
39515
43675
36706
48126
37637
26913
34528
32080
36196
30035
34783
29217
38451
60504
33236
57300
29646
41431
35981
31947
32445
366061
29118
38726
29121
29022
40935
35715
37564
28482
48459
27510
43916
46118
27261
33765
49524
30296
27910
55566
32206
37171
35249
33417
136900
28143
47680
28677
34076
39090
25466
35288
50295
34342
33312
37369
38271
36303
39282
42540
26451
26876
35732
31460
25930
43376
27657
37137
27844
29981
22147
50359
50313
31705
32581
24213
41887
38058
32611
28588
35938
44061
32525
47193
39788
34545
44102
34401
51584
40162
28278
34071
33531
61500
29407
41630
28971
50788
31951
36414
35587
34319
34610
32863
28693
31701
41163
54291
44582
39129
44552
30080
42694
33826
35368
39551
40931
28564
70973
46214
37468
30532
36513
28215
29286
28346
39875
35791
3399241
40399
36009
260823
32176
33494
40404
34717
45177
40779
36514
44777
32855
31883
34221
68929
51357
33869
45738
43852
38285
44874
27408
39327
49934
38417
36300
37139
323359
30373
52008
32371
35060
46931
29879
40946
38381
38794
97767
188689
54163
45958
32833
33022
40035
43544
27961
33511
31420
35760
36083
29979
48030
38835
116920
31601
33555
38720
37926
43112
53899
33727
33433
31353
44365
47403
32898
30773
34321
75070
52936
24880
31284
42820
30643
35331
24141
36513
31468
70181
34206
37829
25088
44221
52573
62910
34374
36346
33731
53313
32889
34174
49116
28878
24335
42150
37254
33198
37213
30974
40517
33793
27660
43192
30108
36432
35429
34296
43653
53022
41251
40632
36113
62677
31975
52718
51076
32742
34867
33235
41436
46729
35196
29790
28820
38231
55134
34267
42258
63739
26239
37034
54388
32573
38590
40742
39904
31819
38424
35779
26478
45999
33264
38044
46457
28135
38245
27825
28670
28322
39259
29624
32326
31758
33430
34898
26971
43677
31806
26757
38791
24058
24481
37912
41924
47868
37037
40273
44164
29245
30803
27386
55151
26846
29620
38119
35252
40304
28125
34031
51296
22030
30843
37510
36093
30377
29600
38176
46937
33145
41081
39286
33321
196838
55909
47994
42274
26749
42703
39353
33332
46249
24779
30647
42758
44247
141585
28068
33659
36086
27337
88132
33159
92628
41649
48609
31060
36515
38481
45412
44558
29384
43576
36101
33327
51556
42607
52444
37271
47866
29289
35937
37207
40914
34214
44471
29469
36398
30849
41935
46616
28311
33820
32932
25639
25249
39297
33860
24595
44744
27621
30796
46261
26642
27071
31692
40957
29246
40901
32346
33976
47569
28294
35231
53198
35022
45864
37863
48845
29184
29660
30941
34710
52922
29235
43314
35372
33138
32518
44386
37007
30224
26026
33093
22048
25479
24686
33175
35105
59473
28052
31098
33057
32118
30650
29717
29045
25795
32597
44769
23687
25537
28201
31031
30515
24990
25452
50250
27651
30312
23712
47013
49222
32104
34582
25746
33952
28547
75465
28121
28276
32012
29410
29809
26486
37610
35059
41068
91758
54042
31158
98877
27350
38647
28176
31101
51583
37343
43787
27561
44946
36436
23810
61274
71663
28300
68165
33817
45339
47506
37672
34799
42917
37602
61623
43276
28282
35189
39259
28608
33543
35171
46240
33174
53859
37340
48761
31830
40283
32275
37866
35460
22660
43575
31189
60034
28299
40412
33300
39861
31927
42080
29403
28074
28867
27756
43588
36367
32477
35172
44696
46317
47857
27473
52028
41725
22256
35111
28326
38800
34863
30876
31968
41878
27745
38335
33980
35945
25795
35084
27773
23525
34330
42738
27390
29197
49796
28807
36639
57108
42967
24078
28175
34535
24590
27258
29694
32165
34337
34295
69505
61304
33515
36767
28382
54935
67133
106048
41672
30298
63733
33627
33758
34380
39451
39355
29819
28251
50581
50724
35994
23435
27009
295270
34396
36722
23583
33952
49570
45273
26958
38312
37149
25686
45724
42493
31422
36997
27814
37166
48982
30560
37574
64887
34737
39870
36454
72806
34616
32770
31525
37410
33688
35378
28852
38570
41825
39102
37719
32844
35518
64992
25292
27591
62043
36984
32569
23374
32253
37392
32992
32935
26518
30220
42209
35825
46658
26120
48699
39676
32729
29101
33469
40641
33318
65410
40981
42978
41174
34239
28619
32346
25323
26317
26237
30883
27965
36121
37174
35766
40621
64628
64031
31029
36958
41323
23809
39644
35563
31989
32891
33116
35391
27217
41761
57352
28649
40462
34183
39297
28313
30215
24259
34629
43116
26516
43418
36435
36948
34988
41188
33124
30900
30017
38715
35169
25880
49487
42228
48946
58911
53979
28406
51584
42874
44106
30824
39415
56824
33239
27761
31448
50390
38342
30875
41702
33158
27846
101900
39665
24809
38354
26148
49197
37094
33107
60522
36978
45453
37229
29715
51354
126402
36225
28050
42539
30428
28017
32499
43391
44572
48581
33004
56954
29179
38159
39919
27898
40111
42842
47178
36013
44387
36429
44730
34884
50593
38101
35027
35758
28983
38313
31886
26639
34233
38720
31657
30985
32851
26045
376199
95188
33829
36273
44893
39982
39539
31735
31438
35486
90822
44405
34378
49905
40745
36397
32982
31552
30035
29760
28898
26087
47960
38853
26777
41167
43240
40049
36651
36408
37919
38245
42776
27560
29407
34611
35286
34397
55020
36387
25791
42214
37909
35667
22036
37344
37504
30132
35438
39077
25026
47460
64254
39079
32404
39314
35370
38183
43858
38312
30010
31092
36045
43117
31927
23993
27514
31436
36270
39951
26175
33831
33142
29497
38074
33852
64636
47649
43003
31751
25837
35526
44151
36097
32345
41627
24813
34297
56778
27036
38843
41848
37822
30709
130459
29044
32763
33154
23135
47554
33939
40585
49458
40930
49778
36066
63201
36658
38412
46942
41581
30615
36284
30513
33737
34520
35789
26406
59426
38547
44886
39148
33774
40223
29711
40375
26194
65358
36669
27570
34868
23835
35796
32277
84194
37420
36143
35379
54816
32238
40919
29614
141973
48188
32871
75513
39411
41159
36232
34544
34924
30950
54720
33020
32967
38557
58944
86586
23482
48239
28013
30307
59989
57688
34476
56259
51848
33558
49007
735633
37743
36832
28722
90493
29833
37000
104753
33561
33390
30108
36773
46629
33477
85209
34052
37558
74673
37529
56111
39242
33142
31265
37634
34641
41002
38860
52564
31286
28785
32879
36472
35044
32121
44343
30910
39565
28873
34328
37899
46886
32600
34408
29155
29757
42528
44110
35477
59651
52543
53548
30826
61265
31592
33948
29388
46038
33923
34509
49962
411855
24025
28852
25033
24421
45068
42691
30510
27116
24722
19800
33316
28640
28162
36401
35632
34237
30338
55643
68243
33052
29364
30358
37376
31012
31906
45881
31554
34762
45389
43464
35093
42390
34414
46709
201873
34224
31078
30327
27831
29774
27227
27239
29133
79682
36998
41899
29238
27896
30891
42869
26520
27779
39913
42829
47674
33453
33570
41622
35689
28832
27445
31938
27845
25395
28746
255236
29025
25929
29340
31850
31683
22302
31453
23734
24091
28923
29098
30803
27095
28909
32588
27006
29199
28053
35532
27160
32440
28415
38049
15040
43120
21036
43246
39473
18414
36817
44727
34028
32763
22687
25690
35921
23897
24075
29869
27889
31367
39946
27987
23278
36989
26208
25356
39562
28007
25958
39967
33662
36792
30410
34905
26421
27278
25418
29689
32636
22010
46814
29714
31944
33152
28316
34366
35720
39879
31661
42002
24119
28332
27289
29023
28912
21915
27504
31636
33098
43292
27250
39218
29128
65281
37700
30955
27622
28884
34777
34935
43607
29572
31646
27219
32862
27469
30721
31853
36985
28954
24181
32357
23309
27277
20361
26233
28371
28040
25636
26505
32067
21625
31740
28020
52950
69000
31675
39819
34309
29810
23914
34841
39299
31896
34957
27958
30274
30549
30943
24555
22392
33330
29933
37573
29018
24131
27003
33622
40792
30917
26279
27933
37810
23459
21528
24306
29376
29769
34969
40062
28387
27913
29043
49269
35687
27791
34060
33511
33853
27609
31428
33725
24085
24737
28555
48432
36481
39477
34286
29839
41468
24812
19248
23950
30544
24749
23777
23320
42487
27880
45793
44530
38048
41602
28211
1194718
40534
30230
24508
66918
34506
34575
59108
30616
32740
30189
32642
29335
34117
31602
30775
36883
31801
30241
49040
35649
46331
43225
36567
36864
250526
40591
29509
48348
282049
28929
31936
37027
36692
27419
36205
33494
37653
53704
34072
30044
37726
36584
35704
30183
32044
78313
68695
27711
33602
62667
38864
31470
34070
48579
29536
49221
37652
33705
42967
54759
52838
35789
42061
36350
30621
54938
38307
28771
41891
22427
34487
26764
30201
28691
36754
35301
46644
32711
41405
60888
44880
110218
30916
28180
25910
38039
26316
31645
35152
38945
32773
36608
28491
28599
24515
30843
34740
38745
34023
24320
46018
36247
35020
33292
29008
67934
43932
26669
61881
44661
35316
27606
50948
33276
30985
55408
29028
39859
33339
30137
30116
35547
39566
50983
46576
36484
36289
29538
28183
38574
39062
30980
30190
38497
32469
40695
35349
25552
23895
34480
39793
32228
43261
28576
48516
29238
39152
33780
39293
34694
26451
34259
29242
49140
52353
34049
33027
37001
33413
46273
34281
42857
38834
30915
32126
33693
36170
30468
31779
27384
30368
44904
36738
26464
24675
57052
33709
28055
50292
23862
39861
41481
42899
32684
35137
52160
62173
34395
34659
59648
29820
44182
42914
39247
40884
38943
33832
45099
29869
31439
26745
29560
39000
35989
31193
36685
42383
29830
31676
31565
30177
24119
32627
34092
40309
38732
32071
33696
29751
30845
22601
32348
39673
35624
32350
39665
35923
36202
29600
35082
37192
38643
25800
43279
27924
34906
258300
36432
41601
49269
35240
46509
32851
26502
30154
36587
70610
41257
43878
36943
29966
46286
37538
30580
41414
29850
41544
50020
60688
41327
35037
30412
46658
41296
36935
33348
48629
26262
68793
34466
26490
35206
125434
35026
36441
30420
35542
32349
39080
38410
50022
48017
29048
28203
28185
32426
50657
32880
30953
23978
38703
26567
35731
37092
43534
44702
29916
31390
33945
57989
37198
28064
31732
34643
50692
35378
46988
28417
28979
33596
28654
29833
35250
34576
35192
194761
73627
25193
29925
56726
317222
36211
26540
24847
41635
36106
34908
41055
39725
39624
42433
35839
32982
34614
28024
51004
35357
33781
33365
27618
44359
50650
33126
23506
260742
31830
37285
29326
39903
42057
30295
26204
34764
27539
32468
30043
51693
35385
31932
29735
39303
32300
28691
37423
35093
34979
34049
25218
36668
25077
27878
38242
35777
35205
39209
58287
50600
28318
28929
35516
30025
25735
34215
28478
33921
39642
32042
33138
36523
25936
27539
35644
34864
37885
77966
437890
30106
578889
27449
29403
56389
28840
30380
28942
28975
33112
39200
65474
30699
32099
29281
35799
36669
52950
44753
34057
25034
25047
32608
31010
29361
27956
29290
25819
28467
34719
29075
31506
46815
24031
27537
26798
36174
37229
30506
28031
27337
30743
39912
28513
23363
22023
28543
29604
32907
38342
33457
41165
33449
29921
25533
30564
30703
23577
31100
38201
39508
32211
26989
32114
28488
23996
28209
27169
25115
31536
27930
31215
26541
36527
26139
33030
31740
32347
38165
27367
30688
23642
27747
26377
38843
32579
29531
25691
34531
35170
35594
38901
25943
29260
37196
46110
32209
26829
30448
30965
27726
33632
26906
29553
33398
26677
26392
30554
27349
25873
30587
55955
22446
27931
51536
31649
37179
26674
31674
31987
52658
30486
35759
29516
25015
29108
30625
22721
28505
30000
32599
35667
27928
26683
24449
50507
24262
25519
45943
32786
40662
45512
608341
29102
41367
36356
22509
21726
25403
37959
78829
30593
43101
27388
26635
27817
28837
35460
33594
35193
40114
31312
26930
35895
29244
37934
35623
26196
31845
56663
620950
30344
31667
28492
23222
44382
37759
31521
46258
29217
96456
27905
28709
25571
27508
31016
28537
34592
37253
30166
48939
28008
22399
32212
28392
29791
28414
25013
23803
37177
28900
27559
24838
22807
25037
37049
29613
31832
27748
26733
41751
26551
30489
43023
38242
32861
24766
34752
26349
31015
23114
40198
27094
21879
29221
27184
27748
22919
37709
29499
30410
31728
