39129
21883
33952
55194
33944
38613
38397
43240
43438
40334
42254
51190
23825
42451
31258
34145
27142
47744
39571
34485
18876
43444
36056
36645
34214
31649
52436
32278
41104
47392
37535
36554
32102
36081
38282
44520
27118
26603
42746
25192
65336
65578
38815
32965
41159
32924
40676
49671
42722
47034
52812
33376
18567
40320
34972
32352
38150
33072
41709
31185
59554
56246
39594
30634
38501
46488
50946
33789
25453
77513
29557
50172
33655
34990
33106
31862
33564
33196
32683
33965
44842
47755
41771
51508
34073
36312
40171
62042
56259
25618
43734
118358
39079
41877
43025
32214
39118
27581
34036
35341
38630
34879
49433
39795
33173
36508
33873
33535
33820
45825
17437
39005
63404
46414
47155
26061
25117
34615
42901
42589
40206
43078
45685
34727
43439
40686
46432
33479
43346
28700
23195
32489
33400
30503
37561
30713
30589
50367
32775
40344
33377
49166
27240
45009
40104
40753
20595
37131
31075
44086
43444
34280
31957
36920
19837
45220
37239
42715
51705
46838
164928
45019
36192
54625
38127
49935
47979
33701
27236
52580
40685
42960
40854
32590
53649
34431
48675
33410
17115
34968
40375
70631
73738
32287
41295
31081
35337
33952
43199
43695
43806
31464
45084
42004
39236
36843
35603
38772
28956
58324
37847
56765
42407
37036
42833
46310
19002
34374
47847
44732
46731
38902
41238
32363
48313
44659
32424
46108
19303
49071
54972
49587
42311
42691
53443
32789
47251
45152
43818
66965
42074
36299
31939
23858
32513
32120
46816
43784
41140
29339
16452
31763
38136
41208
59923
47835
30411
99973
26609
34674
29246
46515
50801
72660
53856
31947
25035
27008
37922
38069
23446
60482
44945
32847
29451
34534
39401
35502
37472
24436
33142
49758
43953
29980
45370
40504
34426
38040
48988
32593
33618
44093
32339
30018
50956
26157
67875
31392
62341
66556
34293
32517
41501
64874
34349
28530
105111
29479
50881
60071
49081
46040
36599
45507
55708
33174
35777
37509
37575
41039
26119
92237
39997
34193
54601
35346
38513
33079
17206
40100
23977
41375
56123
30483
44976
68473
27958
45112
40844
57718
44321
43355
44587
41301
41389
50674
44042
33072
29883
52384
19316
42319
42244
43994
20153
49330
29195
35840
34844
29861
30191
35158
44935
31289
43730
34351
55097
41976
26667
38171
44985
80495
37075
37869
29878
29228
43061
64064
37731
23460
42879
12436
27085
26289
40027
47435
47323
16535
37320
35437
32813
26278
32595
37602
30344
44204
44671
39364
32924
78985
32166
42017
44147
31651
28865
44526
42694
38290
32072
29737
44921
31134
36042
51363
32179
32262
52033
32534
39757
39020
28572
70043
44728
45252
65303
26882
42652
36646
54543
39768
43562
49193
43014
53386
50856
46196
48220
33087
42605
43722
20601
42731
90422
23902
32721
44712
35465
21855
43019
38930
37439
59813
32900
34082
58925
41690
326149
34295
59582
29112
38860
33496
17027
41562
48684
35271
44560
33555
15146
45691
35467
32732
36592
27744
37060
63080
38753
52354
48883
30481
32619
44543
48853
44011
46725
33451
33601
50358
51624
44648
53155
34780
41997
45398
48226
37405
61576
32165
43615
26172
31162
36327
31373
66712
30969
36419
63947
35009
54409
46088
28824
43485
34770
48395
34619
42677
40395
45412
43145
36177
26188
34469
34346
35879
28583
30484
34383
50307
55397
29331
38113
37026
44430
47186
41964
50423
39129
40503
44523
30277
29909
44793
27156
45377
30653
36401
43001
29894
34422
48516
39299
27725
53268
40638
39063
63418
68575
41863
29178
37824
41393
29002
35423
35132
40954
41156
40375
53229
48853
51415
24601
40732
60213
61544
31882
54870
27279
68331
33467
35317
36783
57043
48509
65492
32966
77975
46409
28145
34343
33357
38346
38430
45053
51510
41164
30460
42762
42860
30092
29178
23636
43397
34444
78795
35252
30280
45008
39746
36875
42029
42318
54996
35636
27134
44145
36739
32542
75304
37912
52789
98312
72802
34833
39081
31924
28373
39911
36417
58891
41205
44044
39570
45015
31435
39185
40042
33974
32746
65857
39598
32105
32866
36701
32920
39956
42326
43895
34157
37099
59721
80701
42713
38523
39923
47925
46045
36596
44424
34317
33533
37713
30287
37208
22826
28426
40907
35606
35163
44166
34953
40993
33981
32665
28212
28158
37511
57694
47067
35512
37339
51567
41690
31030
29358
36077
71657
33917
31900
48243
40409
26627
26491
35486
32520
35875
28915
40182
34863
34477
29470
28314
34292
43963
29868
25180
54392
46590
48537
35008
27935
33624
33113
29531
36882
33100
35962
32545
32274
33474
49741
39838
31324
24767
43496
38856
46010
71776
49414
41035
59385
33184
28936
28749
71377
34443
45654
34118
28834
32506
37248
31495
87715
43792
35752
38602
33768
28957
47642
36823
57853
28894
31877
19601
71417
34582
28971
45646
48576
35225
83372
40417
27356
29493
55382
42035
60171
43986
33309
42070
34919
53245
36307
35789
40648
36728
29594
33487
36388
67070
69008
42878
42800
28963
55703
105500
53609
34962
39376
38661
28578
42983
44651
60384
28427
38029
89420
44142
36776
39448
63993
38337
33726
39203
41523
30149
35526
31921
138616
48355
45626
29314
97480
45190
41215
39149
58736
49754
51083
40471
32479
38860
39485
41204
49280
31056
28557
54244
35190
49747
44067
38483
34130
41102
32474
44645
41961
86823
30472
40061
32101
45881
33505
44960
49023
30447
83794
56704
40077
62710
77267
32282
65464
40021
34441
31896
27595
31294
64688
68541
71282
31925
29618
39135
78098
49974
25575
33223
31100
59494
51675
33081
33768
45695
48159
47338
49385
32918
37687
40911
36337
36619
49538
50408
42060
47880
25521
74094
49512
27865
77256
39809
24659
27342
32248
33254
37332
81863
48273
58111
41545
32736
32176
34619
33446
57090
64096
47875
37795
41384
30161
27536
23598
62236
36218
40750
42306
32532
31375
62049
32415
41922
29729
33815
40154
45837
31663
29067
46099
58552
33442
33375
46795
35210
30081
32630
32812
39333
68932
41671
59611
46681
40885
67933
34958
41123
29985
37552
33498
41846
44345
53114
31782
43598
27270
43072
41820
33476
31673
49184
29475
63448
32245
42195
30308
38492
26392
40866
24338
28897
30726
48678
38541
33060
34313
49816
32990
34649
32250
31409
26732
30758
27800
38903
69909
29055
34808
36786
25126
24268
36884
46455
30414
46912
29040
23906
28876
38585
32628
34370
17856
38410
38896
43266
32913
33983
33003
35993
31015
33006
32027
42600
45783
36676
38340
65673
38769
27261
33688
36139
47070
30529
36044
33007
46130
30857
27655
37571
38186
26887
29421
46764
27718
24887
32431
53723
35484
34618
33836
30018
31461
31340
57759
37906
34733
27353
31941
31855
32581
40050
48270
33654
44187
41168
31179
24893
45762
38395
40343
33230
47628
33356
46314
33591
45068
35088
50694
45081
43734
35157
29251
41526
44556
34559
31711
36356
27054
32535
39426
38548
33046
40291
40846
33997
25957
40983
24865
29450
58217
30624
29071
38123
31636
40648
31456
32802
27329
53975
42991
39112
30462
41446
46788
32495
34103
26045
42545
37852
35751
31545
317906
29925
49927
42640
45248
34844
65818
26018
28061
25627
43263
60381
34321
30104
22445
36470
32613
34504
28421
57792
32211
37647
35836
28686
59990
27529
25027
32535
27707
31128
29304
32776
48725
32345
29016
26687
33006
41583
29429
58349
26098
38687
47412
34103
30090
30031
48831
52757
35506
34456
35834
42543
35047
67432
32615
49994
28184
55362
32412
50805
38529
50678
69415
39607
32767
32226
26052
25592
71778
28514
38278
23557
31281
25079
57179
27519
27319
36678
34112
31991
30944
34684
52520
32223
25128
29693
41411
31715
39745
31114
32605
33568
35193
26161
30552
30218
41742
22067
50241
35652
52305
58005
56294
31136
41435
27227
28073
29631
33044
31388
39104
31500
32659
31688
36599
33177
36097
38284
43170
36729
60689
32898
25871
25315
33780
34034
43085
44267
28338
30218
35044
34016
36879
31070
41233
39466
43198
39584
31667
32333
34822
29981
52768
36637
28109
29290
37451
50598
38967
40948
30363
31793
28942
35809
29475
39542
29366
33317
34898
27926
30805
31772
26081
36200
43746
30160
26239
39218
28919
36279
29185
27779
27663
30881
33399
34262
35836
39310
52281
34915
25547
46653
59587
55506
30956
27037
35096
36334
44222
29695
39286
44015
25595
27785
36996
36790
35159
42692
27418
49911
35711
48808
47424
33825
35944
27729
59064
39991
42337
25286
35782
43858
35473
36674
38451
32826
39855
60690
29891
52743
29060
28777
36351
42558
27155
25121
38093
27131
39525
34150
46420
31599
23759
32954
43885
35931
30149
61818
48570
31595
23970
34988
39668
33457
27973
37689
41188
50847
42670
31537
33611
27837
33651
30731
28608
30955
44938
24766
31250
39031
40740
35587
28090
29074
24574
25848
26121
25694
34416
34444
27880
46499
56988
28712
27586
36012
41146
24243
68608
31712
36272
34676
61186
29336
42131
32352
41025
30783
57212
54800
31517
31288
39926
32339
27442
42051
41944
44005
34865
47450
23595
45904
32963
40117
41186
27625
31415
37340
28946
23908
44704
42387
35075
37136
9193
39925
74261
37625
27632
31089
49962
31706
32269
29743
36259
39088
29724
28556
36303
36843
31023
31613
36143
36559
24350
25658
40246
40281
33823
36671
29078
31568
41601
28943
36267
47939
29115
37971
28706
26521
38711
28975
28314
32381
25301
31300
24504
29260
37818
28920
39172
30762
28698
43190
29331
40197
64268
54923
40406
29180
27812
29727
35565
33949
56482
44318
35365
38701
40398
42420
39934
39258
49000
33048
33831
31421
51588
64945
25634
46686
31316
31828
27693
29744
30454
37564
33541
60255
37485
35473
34556
39802
41105
36606
30725
36563
41333
31070
42961
28297
32663
37757
36573
46813
28816
35454
54534
39894
29578
21283
27296
47460
35880
31413
27997
37396
29412
46043
28911
33191
37506
24272
33328
30155
31522
16058
56840
32968
31582
33008
39938
29916
27622
34877
34663
64899
26696
57560
37556
49640
25915
68223
42767
56203
57502
33849
27296
30840
47433
39351
34602
33489
35691
41618
33060
33709
29656
41786
58768
39909
51653
23590
63080
33081
35041
37150
31320
33150
28064
28537
27665
36078
25150
253823
25387
31002
26303
28688
31907
25710
34628
43650
52832
24777
28585
32488
52270
29761
33427
11185
44051
45204
33108
54928
34311
39274
29220
37077
51605
24420
65676
38185
27477
25495
26374
30458
42716
31843
38056
37294
64400
25193
29331
28212
38885
54162
50488
94588
22749
28635
27527
33893
34840
29786
28489
20072
31157
28328
32290
22279
31392
29434
29695
34444
31441
28852
24197
33849
57935
36501
35807
40267
30080
33150
27061
22417
43181
38174
42622
11025
25254
40392
25018
39976
68822
37312
33814
46222
37242
90937
37830
43768
26221
25087
22559
37005
29878
41762
53492
32169
54907
40120
31055
28519
40907
32126
32768
34419
36624
31305
37827
37894
29335
27598
32905
40295
78723
33171
33155
28734
32097
30085
40998
28240
28800
48977
29433
41732
39255
32597
44004
42243
48583
27339
31774
42169
32233
23413
46466
28863
38124
37457
45123
31910
32285
25931
40046
45740
49154
28790
28627
32800
33504
31886
50516
34313
30220
37573
31557
35364
33037
40748
50792
25781
40162
39693
41507
29728
25928
33603
47795
33308
34624
29067
26504
36810
40918
35442
34154
35829
40832
25452
52446
34148
36370
28930
28291
37769
42034
29001
43297
30299
46683
34084
32594
28145
31832
30224
41043
32320
30376
35072
27292
27674
36431
33746
30727
17814
33446
38929
25960
35566
66671
31196
33111
36941
48405
43779
34075
31809
46891
38682
37767
38725
37444
54784
26740
48593
33753
31069
42797
30952
44231
29435
28170
26825
30531
82377
38981
33134
36448
35726
28105
26255
56082
42559
26948
33749
19879
33215
34085
29855
48999
48677
27983
40854
32982
33753
50183
31737
39568
38937
31612
31450
32033
34200
34230
41675
46515
41964
31106
31793
26587
33899
32557
40102
29430
31691
37057
35060
29605
30608
41773
27420
36461
45651
30373
41869
33776
36793
36304
28217
41069
38169
26167
48245
41858
33857
31813
37541
30076
50449
34793
38043
46523
31911
38440
32638
36913
32173
38191
44045
30604
27923
26630
34402
44221
39003
38470
30560
25992
50745
41604
31164
30143
26823
40880
33996
34690
30913
32872
262741
54947
29456
23761
48324
30201
40660
28980
29037
37131
29939
36336
27965
26533
34190
42260
30869
30767
41322
36036
47723
33948
38091
45761
36487
28832
28242
30159
43305
24943
33790
36109
31790
21485
34688
36600
34195
28109
35945
53963
28519
12125
41665
29019
45411
35888
39109
35012
36329
35284
43062
29364
37765
33430
25438
48416
31677
32767
31484
29907
33142
23683
34151
27733
33355
26594
30340
51917
35786
28770
45363
25417
25139
29348
51445
27150
28673
35930
48971
44282
37738
31308
27037
49074
37053
89377
30731
41606
39474
34225
36671
51335
25765
24878
34635
51835
31610
30287
32262
36477
42697
33172
31036
29046
34529
15850
40971
32457
32007
44090
35065
36434
33327
15731
28760
27913
38610
28846
66985
29134
42587
37802
24648
37965
40640
27398
51469
39975
41041
33997
36895
23108
31467
44957
44719
59879
34629
48145
29852
41219
43348
48484
34648
27171
34650
31238
43699
31361
54506
29775
34999
34787
34199
52405
38174
30809
38836
40174
28948
33865
74482
28493
16989
30826
31664
31515
38677
18260
25748
37866
33492
35069
21925
21619
68755
36855
50585
47432
35253
39810
25688
30058
26584
42261
41507
27008
45476
29196
26795
27987
31338
29532
32889
33208
35719
27121
37365
27661
23611
28567
32535
37268
35706
29078
41261
36526
35657
24770
24402
25678
34980
53541
47195
28832
34707
44308
30836
38259
29599
33099
31545
33010
41874
38430
37429
31248
40539
29502
37518
62370
35806
40735
27083
34912
35832
30301
34948
60219
39914
40225
38594
49112
29432
33016
39484
37360
35037
32193
39909
62721
38189
33528
25894
29277
35945
37885
27805
36460
28618
33420
39608
44843
31870
30837
27372
39693
27609
24207
34272
31923
49336
30609
24974
34453
32851
31192
35965
31343
25045
37628
39256
44948
28183
41210
36978
34327
47884
51058
33024
34144
34404
28513
48866
66308
27153
27795
33877
32825
43711
37462
29143
48328
53850
26370
32782
43619
35789
32497
26768
48435
40550
39682
29239
41992
46065
32533
54878
34760
50400
39809
40162
47189
28839
31881
33300
31887
26271
31284
33603
39655
38324
36337
23853
31668
57063
32602
31727
32817
28128
43628
34792
31890
33386
29964
37008
40041
28834
28625
32369
38373
28768
47674
30090
27349
64263
31532
40110
27152
32406
47160
36616
36437
33979
39781
54814
30263
43788
27900
35142
39927
44588
36470
55512
29723
37145
40264
34358
37184
47397
34480
38885
56744
37388
38453
43079
220529
53370
44517
27512
64083
43446
43118
30546
42949
33633
37991
42437
27880
45275
44863
23007
57337
47370
27989
48325
39284
40464
34980
50500
36330
27756
32533
30367
30480
60855
41084
35431
31192
53011
34975
26110
30104
37060
67466
33851
45055
33609
36528
30859
38028
37460
29699
23814
39392
31116
37844
41664
35255
34400
26593
39287
41230
38310
36709
34964
41603
32814
46668
41319
51067
36315
29212
44270
40095
39301
38142
37432
30928
52177
33489
29839
36624
44417
33632
31113
41728
35797
32681
39645
42315
32146
10383
32508
45165
23952
23444
38054
24587
64679
26150
28199
25950
23466
26110
43915
31793
34891
25482
34646
34231
35613
37004
32676
20024
41213
34573
34783
32500
20699
24621
31942
25825
26136
27994
27204
24826
45401
58169
25038
38990
45745
35886
24596
33415
32331
37996
63113
42260
32491
32079
60566
34988
28711
37041
44225
41503
79500
46284
29879
34320
29778
25916
31815
27979
35049
39949
47837
28473
56026
46111
30487
27080
31368
28305
26952
21836
36897
33229
40850
43620
189931
52424
37238
60169
28318
25635
42670
30228
43619
26990
36089
46220
34479
29785
36716
37919
50133
29034
45008
54314
41165
46969
28472
24624
55112
34428
36325
29135
64296
50847
32367
25987
49175
33757
56208
42787
49342
63604
41892
31636
41528
23481
32564
35608
35483
29774
36173
33706
40347
28018
25697
43155
28201
27964
21304
26191
45841
26437
33281
33020
39897
28208
41290
30606
30302
45437
35087
27672
30879
28608
34350
52118
28269
38685
41832
23719
29601
50199
40080
49723
100810
28872
34020
24170
24227
43675
26984
25928
27397
26606
40984
37360
31563
25867
40896
30107
38075
27712
33287
18229
34896
40334
24650
26898
31337
34178
36606
23575
35109
36234
37826
27988
52276
32222
29521
17516
42897
54035
30478
27339
39226
33429
30744
42421
29311
46664
43901
35837
31421
34388
29339
37240
32935
41423
25973
35446
32166
32721
26771
31922
31092
62682
32745
41377
34750
39432
34753
67508
73659
38471
37505
54203
26375
59051
38119
29707
28738
39828
39956
37522
33712
31139
68569
74694
33889
43955
44576
36775
41317
49847
30658
31688
28912
26390
38643
36630
42816
36519
52102
30210
43653
37016
37574
30480
38381
34748
39788
28581
24744
78373
33395
41916
24586
30021
26080
43787
28476
21961
29731
33078
38453
35512
26706
43863
34647
38877
33332
39039
26827
45415
42927
60115
33590
29416
43502
26387
48622
25589
26457
24445
40452
28953
105431
26948
28337
34933
33814
61158
29326
44088
34042
18258
38521
34013
45033
28755
31022
60735
67592
29504
49682
46256
33568
25725
90493
51904
34516
40361
36686
22943
34311
27405
18746
36030
47122
31090
35942
33022
36044
38973
39782
71540
32601
22996
404350
30378
31102
32131
34899
43877
54879
22590
25407
64700
22082
39579
32015
34458
48691
28654
27487
30813
25413
45787
36008
43911
40976
25478
30997
38661
28470
33807
24516
24352
23348
26926
48274
35730
29959
57259
33190
30727
43190
24251
36233
29975
30909
39172
32277
29482
41028
63855
33541
23401
37230
40482
39535
47361
37220
26479
33242
54248
42953
28084
21875
31336
31417
36279
36170
29294
24758
28139
30552
43625
39971
49829
29920
30683
23938
31291
41847
33825
23502
33242
35453
34280
125201
30083
67474
37126
40934
57599
41129
49944
45203
34041
58843
27507
34144
38880
38449
45867
48542
58258
45770
29437
180205
46365
28130
32480
49429
84283
46028
36454
28662
37422
73778
50798
50462
32725
27084
44361
54788
35925
48705
71781
24814
39959
38808
43077
65370
21478
41814
41983
30097
44783
44225
40768
36685
34218
42109
34157
58539
27666
27033
39839
32144
24615
31117
60782
43993
69927
23157
35706
46410
32096
59215
45422
32822
30600
43721
34670
55456
44996
32245
45365
59693
52462
31823
32052
37528
45811
22951
49082
30475
66135
29167
29057
29407
31161
41851
32965
31124
32619
31580
35352
44197
32398
29575
27042
35342
30435
39088
38135
42241
31264
38175
30348
29544
47282
32797
25275
27927
34002
49953
35880
48716
33434
31472
34615
75223
42474
38032
47353
33545
34940
32226
41774
33650
29496
33057
37965
31418
25174
37977
38123
45783
25086
33158
48492
28374
24206
35705
30562
47813
38176
36437
30013
22903
39671
48089
36578
30450
34366
26871
37904
41578
26537
44747
22624
42794
59050
49252
40951
28969
39501
29596
25284
27593
40973
32479
62488
38107
25091
23040
45520
41606
36036
41773
37537
45339
28357
26160
29756
24118
43773
51808
27039
45716
37324
25014
36946
29456
30540
56481
44710
51521
34735
33180
31462
32200
30899
31591
31475
33463
38713
36258
83334
30969
51375
49410
34642
40297
30724
42857
34296
41133
43689
44817
33689
33593
31742
29603
29367
47482
35991
44483
37595
43895
36609
36139
36909
36301
33717
29895
33201
52493
33352
28368
32491
39878
31786
33090
33479
34121
33585
38645
38337
38952
30108
34565
27949
27636
32610
32659
45765
40734
38898
37093
44180
48078
36465
30186
31516
33047
37812
40758
69266
40431
37204
29965
34452
38189
46193
35565
40395
27506
78441
37500
16584
42137
33891
36176
38805
42233
64590
42223
48296
32562
89186
46763
50380
39474
37733
32566
34139
20435
36584
33770
37599
39501
45302
47243
38701
40369
42664
29119
41449
43350
38493
58694
33616
40970
71201
69129
37804
40293
31965
117592
33728
40496
39192
32548
54668
32804
55063
24300
52570
31791
39285
63620
38009
60049
39404
56333
48075
36759
25431
35332
19670
57445
27650
37520
36417
50556
42138
42295
33448
64275
38958
40046
43590
37916
35271
41657
67879
33341
45653
33891
48934
39474
36164
36436
42479
30815
44509
37174
37550
33087
38850
40386
44519
42145
58155
45826
36464
48719
44112
45702
40942
61839
42126
49624
48636
41820
39735
29859
47290
38927
34007
29805
42528
52646
76176
44564
35052
42869
49041
36422
42683
40339
37093
75944
38847
40461
41579
31525
39250
32494
29590
59202
26906
55522
31888
48823
30481
46215
25810
19117
19166
50925
36812
43080
38235
33385
28700
15955
37502
17419
57845
43139
35311
44493
42221
34072
36529
31118
20165
34314
44548
48350
55313
17544
44796
35864
50763
32040
48999
39883
20069
45345
27021
15620
38227
31981
37683
31946
30082
30519
39528
41658
56778
32117
40550
43642
46814
28858
30115
30278
37794
42052
11765
31023
55043
33046
20194
48404
33876
37685
49786
33697
32192
26390
37045
38522
40486
39031
41276
35148
29093
37223
38006
50921
27420
35019
44178
48247
33312
39326
41986
51825
37993
36624
577611
32996
20018
36131
16204
48074
36970
38745
38807
42007
76275
48638
33005
41772
43815
29895
30209
34819
38943
38871
57241
27013
40306
29588
33374
53079
43089
38093
83000
32459
30978
29984
38610
42899
36000
28311
32936
34721
58911
42121
39180
39751
38132
39270
37268
41077
27317
46527
31091
25462
48592
34203
31211
36708
46958
31219
28223
56572
39769
38703
57172
51730
39065
47288
62287
30412
41141
32106
47333
33754
69696
35575
38912
42360
40357
29306
39926
40582
39540
30405
40594
54421
53504
30541
83368
46225
31620
39444
33475
46187
46493
33468
36039
27175
31016
40226
28896
29978
60639
44930
48768
43215
34152
31510
40859
41341
28201
40473
34336
56697
36301
62283
27799
37290
32896
31572
45676
28312
73181
34089
33053
31406
38482
26618
18599
61024
34276
50914
30390
35691
48313
48779
39567
44912
30877
40890
42602
48775
25645
35427
40142
49539
35171
50052
47059
36897
45684
29375
46171
62028
33453
35550
70694
38357
42953
69171
45033
41773
59861
36906
62863
49388
42686
34923
75042
40510
42171
19459
41221
30594
31352
39918
61237
32326
39977
26615
32486
49224
38422
49376
100667
46593
29956
36427
43645
34115
39078
39437
37983
39661
39217
35605
35803
39432
57133
40564
38062
43593
74773
41751
28660
73224
75228
47605
38398
40602
40940
42414
50961
30441
23669
36587
30142
34984
30504
87723
57676
51157
46617
36745
33214
43373
45668
36230
28982
37853
36623
58388
25916
59480
59121
19820
30178
66427
34528
37776
35505
35084
40532
34400
42641
46396
35617
33684
29639
56659
30219
25427
75075
38571
47150
28058
59114
84371
43371
36467
54470
35161
38870
41439
40607
59095
48315
63402
53386
32501
64074
41412
66238
50753
42337
33877
54508
20447
45376
41212
33273
58557
44930
32163
40951
39521
35842
31264
29842
37896
40956
38027
40220
39262
36759
40184
35053
43166
34810
77466
62950
37161
42018
44524
42749
82509
55248
42310
28653
44626
63143
41843
33608
34595
35026
41583
36294
43557
38503
23385
238067
48817
45069
44385
51907
46637
54618
47365
62612
52012
38538
84155
68761
78532
29659
52613
41273
48884
34630
34556
42411
40224
46294
56815
30231
45979
39636
40852
36953
42016
49609
47096
31438
50510
47165
37111
37271
46682
23961
54822
46704
44142
55942
54904
31428
71893
36922
48411
39845
40168
41184
43324
36046
36968
56872
33542
42556
40967
35780
32170
50125
34158
19737
31213
33777
70859
28747
35270
66843
16332
26302
60133
36569
32706
50426
53575
27252
50448
29707
41419
44931
36300
40905
55229
34333
41204
45445
20833
63176
49990
44244
33478
34811
33971
49821
51698
68764
46317
55732
43049
46817
18819
31985
30194
34456
33855
42680
50791
37817
46444
38124
37626
29875
52238
38841
30900
34305
38509
34361
36777
39629
49543
44928
49583
104828
30372
58585
79244
35860
52102
41980
40337
37111
34102
32350
33393
33216
34428
78889
57734
46789
42668
61494
30578
41381
84115
42043
27090
47706
55078
41685
49658
46286
43198
36111
40374
30570
47806
40665
42577
35417
30427
45713
29833
44646
31651
34322
41633
35423
37477
29966
31872
505424
35064
36749
39641
53500
57502
36043
26263
45589
37027
44523
44002
36642
41600
18720
40547
40835
68956
34871
29488
44051
36178
34424
49447
34577
44738
38363
35652
39092
31281
31727
37376
72603
29375
30976
57378
32512
71635
32066
40903
31321
26196
43737
37456
28870
59212
37299
46381
39712
49365
34456
22720
44538
36160
44848
37781
43648
30449
31975
43424
38246
31590
28462
37928
41491
28304
38741
33111
102674
32429
35801
49590
59040
27448
48687
49288
31196
49470
39099
43956
49459
29083
48701
44528
38770
65456
50810
52523
61289
1438499
44094
29443
29782
34377
81953
46722
44466
44277
39374
41799
40007
39727
36611
43212
18324
39667
62965
33323
46637
27275
17163
45697
49188
58673
34405
44419
37272
30306
41738
50763
36506
27366
35203
34822
42684
31702
30145
54370
30634
59346
67535
30593
42469
56094
46237
33281
39555
34805
35491
45774
54229
34374
40611
33837
33357
37465
39825
42362
45682
30899
45418
38877
16453
41826
40775
40641
42640
32805
36607
37125
41873
33082
30507
53434
36915
35795
49768
35827
39615
32128
39853
50375
34052
35016
57086
44003
67537
44152
42249
52651
38617
41009
35584
33120
30566
40065
33341
43540
38499
40050
40291
44520
32545
36656
38568
33074
54301
17803
35767
21576
20709
48262
31588
42784
48309
35962
21450
41244
34590
34262
63665
33790
27514
39991
30262
51180
515479
33382
40774
43484
38736
38785
37731
36057
29083
28823
41387
34601
38194
37943
41610
16152
29515
62104
42430
34254
47759
30436
51349
32832
39654
21174
44017
36972
42830
46034
43072
29975
56770
35221
21285
15989
40650
36527
44702
52185
36260
16566
31570
32651
14890
59005
38359
35289
15072
54946
44028
34585
36735
100107
31679
43432
41473
40479
40692
69648
40462
31099
41674
46108
63760
32983
65080
30320
44434
32480
48827
37604
27290
50736
52970
34441
27836
31315
49989
138193
47184
42907
30132
39372
30281
32823
41828
31021
29597
33766
17730
30447
36264
33026
42748
48057
30144
45632
21325
36682
23800
33322
48955
32452
22310
44840
32554
46731
33314
43300
42892
38074
41437
42013
33849
15318
37296
52770
42831
42558
43624
31208
42978
43515
31160
43435
48302
42582
31388
73112
16895
33270
47148
32912
29103
28032
35467
38744
49217
39266
32213
42125
50376
30508
61334
37502
37668
43424
29255
38375
37000
48636
44088
47061
41199
35247
32399
40216
17461
43983
42043
42495
34172
48884
35301
33892
29589
44336
29607
29171
37065
46177
35623
31453
42557
38551
29449
42163
28269
35961
36377
43351
53233
38450
81774
26367
57072
34871
40565
80673
44117
44134
31088
47494
50709
41861
40952
32466
40124
41310
26459
30803
42231
52385
17849
31209
19736
51520
33861
42886
44667
33956
53646
37251
78084
55431
38629
50512
40836
37629
30664
46252
54568
44734
47384
36515
47398
35276
39552
38869
40702
36176
29563
36402
34718
36836
53914
27608
41358
37082
37980
48257
45098
25358
58770
39864
43265
41217
38741
32265
55315
64550
37368
42342
30811
27856
32175
40660
38968
44841
25634
29443
41080
50946
33447
32296
44316
45581
39253
42166
45698
41555
37535
47345
29255
46217
32701
34751
41445
38949
31659
35823
452954
34808
39031
34985
20191
41273
73269
40648
43573
36036
57666
61326
48742
50538
38703
36280
45011
40702
32350
26341
52684
33258
40411
32793
36046
30999
37839
56038
32136
47070
43931
56628
40359
53665
57865
62724
47743
46100
31453
31086
30775
91676
29796
38178
52114
32905
40440
37835
28657
38820
35997
33461
82219
22612
38195
36314
31334
39380
42182
51879
35743
19244
47157
47378
42531
43955
40389
33728
30431
33528
36535
41020
43337
90668
56232
55997
38677
29596
65316
31961
34821
57799
58220
50945
34480
35118
37244
38639
28328
33688
55062
38307
41870
28013
35772
39557
44875
39958
35150
41390
39624
48949
49137
34991
49700
32362
45449
48658
43495
26297
37372
48212
24889
42858
36154
45755
42417
42002
41200
31976
40136
37424
40116
41994
48831
45957
18617
46777
37434
32576
44734
66375
269197
40811
42572
51465
25617
62690
68187
46120
36722
61879
35793
29605
43111
58948
28883
37892
58313
37997
51878
37374
33060
38939
31444
37904
40076
30311
45590
42045
39338
31756
40894
34953
33463
35811
40017
39475
27688
43722
40701
44102
29353
16020
37494
39424
46710
34476
37143
28172
44961
59476
46606
34972
64427
39665
28633
30138
31434
38291
43485
40453
39416
62197
33538
35838
69043
63223
71297
27972
31350
37679
37071
33709
51830
40293
36765
61798
51334
69418
42464
50944
48315
40297
30579
33781
30811
61646
43099
41339
41434
40366
30599
39163
37912
38065
37344
39756
25285
35553
45935
37882
35055
36161
28440
24624
33622
39191
111862
37808
31186
48328
38070
40190
32713
52467
31682
47870
33869
35192
42425
41273
41826
61394
31070
16809
57717
36715
67799
38346
65890
44153
41800
76595
63042
57183
39876
29657
32148
37666
49857
34648
24139
40683
36375
36136
35285
39844
32682
32505
39783
33903
32084
33670
60540
45975
34536
30848
42760
41069
30473
56977
39045
62128
34790
39557
31313
26858
36886
75057
35323
40225
48677
58937
35391
36485
39665
61576
36169
52909
28563
64415
39100
42443
39951
41625
49655
55800
56811
178957
49073
51578
29208
31105
39225
38633
39375
32010
34761
48533
46590
35998
54545
40089
45387
39382
52656
48346
250908
30794
42099
46643
55886
33482
48251
66992
37911
43762
55404
52555
33433
31147
32123
33596
30846
33463
39226
42157
26922
35501
38106
457824
34706
51561
35805
39114
32903
46191
34207
28247
27846
45554
36377
44821
43996
39753
27985
33734
35109
32999
43844
36078
90814
31524
37214
42369
73381
30262
40000
48722
44377
42945
30030
38596
43611
31105
40817
33035
36159
25379
33601
38129
38369
38963
31509
34059
31768
64924
36842
68674
39320
63112
35459
40171
39428
40684
37992
40120
34928
32830
29392
40358
40052
32376
30671
39932
54920
48767
30398
41508
38603
35780
46842
46966
38362
35180
19140
43018
34300
27781
36136
30259
38031
39095
28300
58665
35861
35254
30533
37465
51079
34839
36449
33444
34454
27586
40194
33960
38425
35199
36864
44050
29430
36910
27503
35218
57708
39878
33637
66326
39480
44054
32492
35331
38214
32181
38529
38076
41830
32227
35854
30887
56827
34426
39479
53002
68682
42524
38953
40011
40723
58136
35629
37037
34651
38752
45968
39528
36472
46054
35928
40706
47222
44992
44734
35413
41072
38810
49320
35729
34205
33212
36409
21112
34273
36956
50798
61388
31836
31616
36977
35112
40177
39902
42306
36503
38733
42199
52922
35521
63611
33287
33996
42279
39964
31601
31740
52385
48192
39067
20212
39287
45539
48539
39851
20285
59694
57216
37255
39045
32295
34537
31617
51018
36097
29002
54213
52536
41484
38810
35539
36640
59516
40366
41751
39399
41287
46304
36007
30688
29743
53505
55877
30672
73659
42819
31684
39274
43431
54356
28024
40821
35696
32183
39437
38635
30956
18790
45844
47773
72359
40784
74436
33591
33943
36590
23990
39106
33245
30174
32915
50616
39093
49371
28278
33068
48773
46887
40417
13150
38239
69262
37733
34298
58391
49707
31608
44186
84549
45989
69819
34805
29195
45314
39625
36853
43757
58988
39858
38372
41073
68860
576561
33467
36074
14819
41398
51304
47953
36622
43983
33327
35424
62125
48706
36411
27607
45083
54286
38693
58755
37128
50737
41580
34287
33438
46714
38058
43015
59836
26063
35524
40152
49372
33911
36213
31225
53791
40964
37606
31102
34419
85608
33302
56010
29122
42650
50494
31640
41476
33217
30770
26256
48699
22820
26520
33398
41995
35645
28602
72583
29195
42429
34818
38260
40451
47782
92626
48403
29840
40768
39886
39653
31553
23821
42880
34814
40223
32422
30452
32807
38641
39419
40612
30078
32644
33634
39379
39240
26972
40718
51634
37216
31115
55004
28768
31677
38938
50456
40875
42921
37457
30470
70887
32851
28793
43443
36948
35497
36384
34905
43327
37658
35789
27666
59745
36592
19343
70295
34113
22984
33837
24046
28984
41946
33844
39084
45731
40579
45991
41402
26225
42929
33594
31092
41515
36194
44714
44016
35898
31154
36367
41494
34991
59706
30285
36094
35087
54859
30479
40191
30822
36436
28365
44701
42039
77753
63666
48855
59983
36585
30569
44024
38846
32801
46802
32949
37485
53313
38624
30871
35660
40856
31269
33123
25431
28527
25781
46024
48303
45770
40745
29058
29084
34405
27447
28895
35274
35696
24900
31143
40823
33630
31959
29888
28052
31857
30096
32418
43114
48849
29337
44368
44524
54067
44676
33978
37645
50329
27681
49080
32663
787812
35988
62204
46729
39057
37763
32559
78567
43471
42498
51669
53979
36031
37403
44055
34305
32329
35621
17756
28342
60102
124359
32305
38854
41601
39937
59640
35733
40657
34650
37958
34935
34461
34743
57539
36973
33888
39068
133272
40769
36838
34789
50318
42001
29515
39047
49048
38045
42082
61764
31323
32290
38037
27254
45909
26377
38639
39559
38772
44726
33391
42857
28018
46270
47243
31313
32688
38926
36642
36029
36126
27776
37050
33846
78464
42260
37459
30024
30807
25303
451865
66793
35603
41791
35005
44465
34379
30639
33973
28442
40100
25241
38025
57887
39169
61412
44931
40331
53235
34498
27721
35956
32153
40725
36501
33867
31065
50212
37958
40426
45982
27526
38757
25350
47037
39858
106759
40005
29470
25360
40163
36038
47931
35756
67680
41686
37794
44824
35999
32084
31575
34679
33882
40920
42334
43945
51096
45005
35030
47058
34900
32151
34041
38075
41698
31458
39723
46536
39699
34869
37404
28185
39791
37634
37121
32394
34880
47172
52023
51299
41218
34830
33386
43495
34945
20214
46970
33557
59662
40287
41774
26533
34000
38721
39767
45080
62465
54916
54515
35283
28178
58480
36980
36473
36567
69177
29282
38974
70771
38492
42841
29145
34903
41583
42024
49105
49866
32059
76793
36493
40004
46326
33990
29303
30849
30031
33355
37904
36652
31497
38518
43686
32767
60717
45925
36355
33851
40310
36672
47226
37014
30937
43506
58136
40171
47706
68022
33995
31520
42420
77479
37667
22863
29827
48824
42464
41281
34256
42111
27954
70694
39258
40233
30704
42452
40849
30190
58424
54240
35438
51071
37029
39481
81942
54702
29483
26406
42653
54086
41879
52964
37654
66959
35456
34399
43526
32682
42120
45559
42910
43926
34821
28919
40785
34982
41852
48144
28045
44770
36014
39210
34290
49665
32600
34794
38773
38190
43057
35135
42546
46959
60741
36243
41277
36359
34333
67669
40736
52681
45359
48036
23589
50513
32275
41839
42853
40511
40069
54161
39318
57283
39516
31603
36131
35986
40525
58204
39339
20327
44562
49147
40227
39712
45959
28509
41011
38988
28915
39280
30685
35821
39211
35589
30901
41402
37438
33607
40556
38038
59503
37981
37331
37533
36564
29323
34561
31004
40255
34995
51177
35032
30592
37062
42320
49066
36552
41929
31350
38089
36000
73329
42012
30722
31883
37457
32046
35952
29416
30931
32893
32078
40680
34856
39618
38019
41010
30229
33934
24017
38899
32745
34189
92142
37466
57703
31092
34803
38592
43613
32526
33518
60129
34502
28428
38064
41148
40001
76089
37666
35474
46648
42285
31339
40831
32823
32475
31400
46329
49983
36695
41941
30917
40187
31561
34953
41782
37031
32919
30388
69377
27986
101285
40118
29075
57550
37862
37978
33157
34317
40386
43341
36620
39861
35448
35301
55360
60208
34376
55301
17942
56343
46849
36600
51964
39460
41919
32776
36031
52358
39601
34355
32400
343117
32446
48012
44787
38041
39159
32385
17405
31995
34803
35441
39175
42902
44220
37997
42429
35394
44622
53562
56801
40512
32806
36608
36915
23925
45421
34238
38998
37662
53688
63522
46059
34855
62625
46530
32953
49633
66021
38889
43018
29040
56284
40889
40681
34488
37723
43232
38035
47756
42010
39557
33272
33471
35182
28073
38878
44965
53015
37856
35509
36139
33438
33965
39571
36128
36723
44805
51004
41061
35564
41328
67393
45047
36423
56601
37782
35258
42494
41473
41265
32611
38369
47830
38759
56451
34920
42943
51981
33432
47764
71515
38279
47083
253043
43975
38764
54726
40360
33248
45273
36118
28778
41339
34718
33797
53559
34471
31678
34020
30767
26376
36052
30745
31203
31131
76699
32397
37543
33810
40759
35015
28749
31055
33224
40219
31150
37778
49606
30944
40068
43939
47409
77669
24815
48700
30813
36341
36787
27839
39698
31668
31451
34618
52543
30809
26268
36131
38030
46382
31745
33276
24285
27142
69510
33093
32884
18828
33954
25684
28449
36966
33648
41960
33183
25620
30144
32684
30210
35016
22345
20219
23071
24700
38398
28079
27941
31489
31052
20194
23539
30063
30029
61332
35263
25271
27249
27465
25325
33453
24444
30696
35814
19382
33812
23154
36693
33937
26783
39877
60975
23115
29427
33128
34151
34946
22899
27754
36659
32626
28790
28167
24345
31590
23864
34714
53297
55097
33534
23827
37274
37354
34505
33395
40965
43103
34513
43824
38302
31054
32746
26471
32082
42285
45480
23896
25452
37232
24519
28681
21435
21041
31957
32147
38716
31936
35867
32078
55428
26960
37826
31566
53934
35387
32898
36210
32633
37729
27220
30111
25424
31769
28970
36692
38688
24303
46822
38048
33652
24566
23643
31336
38474
36137
38099
28271
32496
31316
24687
39588
23426
34651
34809
36636
32670
27938
33784
38556
38047
42957
31891
45242
28038
46376
36732
28619
24779
32302
35262
24830
36552
27630
32746
31337
34464
24089
33799
33480
32474
47394
25143
29553
31862
31161
29346
39069
42778
33300
30907
45181
32556
37945
40601
28308
41831
35519
20942
33508
29875
30134
26716
26725
26729
31247
23762
19363
22392
30386
33056
28427
25476
30862
33712
32211
33126
32509
44758
21257
45890
42209
30181
43733
42284
37569
35843
34751
35975
26190
29991
37781
56265
31430
29465
39676
35607
46457
27361
38018
26108
26881
24972
34747
34226
45004
38790
23660
41280
42543
34245
30930
26674
43131
24192
32192
48190
41092
41340
56318
54949
40677
55540
50557
66210
30158
39714
32549
33804
45716
49009
36181
47939
27554
30418
57368
45691
46630
38714
56396
40631
32824
38230
53453
66805
32051
71110
28764
32113
62361
37325
36209
35074
27147
27843
36173
30436
31150
34468
36749
35340
34969
36354
31270
36186
43756
35087
29755
33969
45178
68237
38902
32002
41265
35592
36608
39437
31521
26482
36279
41722
61307
40494
28597
28397
32007
39059
64426
65166
23010
35533
35660
34920
35323
38103
38260
53511
39392
39373
34148
32737
34758
31327
30940
37713
38072
58848
33522
44239
41987
34713
52245
50583
28985
39487
46112
39518
43328
45048
48079
34876
46417
37675
33199
34111
46404
43784
29371
41399
52269
42835
65703
46730
40989
27574
32819
39160
56529
43466
28370
35407
34330
42980
41205
37811
40638
28165
27923
32705
50916
32497
41263
52388
41469
35561
40620
29572
29514
24938
39565
42861
47578
45518
80721
42036
43968
35543
41543
32623
39208
41125
47971
34205
44844
48988
52766
33148
48222
31381
35306
29383
29554
37321
31678
50367
38828
38738
32114
39056
40401
39458
54923
31770
47708
37632
28135
36238
29520
38443
39358
32830
36792
35331
53170
34594
22686
50155
37593
31703
36115
36826
37032
32618
39582
79512
44072
22704
38677
30937
37127
44874
39259
29447
33114
60121
34727
37838
28868
37113
37452
18374
39592
38530
111600
50432
45642
21420
42253
42587
28337
39742
40995
41659
48718
28241
34976
39989
31932
42735
41432
40612
417127
31512
30270
36039
68756
317263
41240
34533
52166
32213
45312
42133
49594
31718
42964
45114
37131
32524
32949
39448
35730
42625
33344
31622
38275
30902
33032
59269
30322
37986
33030
61341
43465
39919
32499
49510
33941
38902
45427
50500
36826
32306
28522
38784
28016
40740
38413
49139
43078
41457
52114
34944
37671
38047
37664
33598
42089
45368
45618
32975
41023
34380
30937
44786
49750
37757
40416
36032
40759
33193
33734
36867
32942
32753
42794
30743
32649
32472
139875
38731
47642
34731
46015
56855
24346
38521
33157
59711
37736
32002
38731
38338
31308
37994
36057
54923
47265
39991
37558
36233
38514
41658
29886
32575
48391
40169
36910
39624
41109
34238
35993
36723
31365
45939
39014
44016
40193
79406
32874
65767
31419
55606
31364
44268
55839
38542
38047
50511
41273
60441
27644
29235
34693
50848
43578
31848
30598
41815
43633
33675
42430
30546
31212
28945
49621
38089
40910
33600
33321
34987
57752
28908
25879
30557
22375
28056
48937
35407
45436
30696
23771
61859
32318
44749
89410
34737
19741
43889
31796
33833
27056
26696
30436
27917
33526
28919
31005
27791
38190
89030
30711
32207
23673
45976
42546
26542
28361
31999
31597
41853
35238
30097
78754
25136
28293
30771
32010
27200
28344
29837
31402
27744
25846
25180
35550
36984
34119
37731
33514
33142
34694
26429
25238
27901
41491
32043
31667
59649
57453
39730
55745
26624
25230
27558
48484
34030
33992
32032
27200
56731
85413
26151
26898
32735
27915
26146
28424
26232
28949
26888
22888
24626
26193
23220
28823
48703
29666
36121
25136
28619
47990
27667
391064
23330
24725
31548
30197
50453
31012
33741
40444
28342
30181
27925
41671
30250
23450
77134
32181
50693
45912
34233
27816
29588
35588
63046
30790
27219
40542
34431
43584
37819
32044
36385
29539
31542
34456
52744
45028
35294
43699
30373
44640
29976
36384
25874
24975
32278
37850
37560
40971
31962
46141
36103
37751
37276
22919
45732
36302
38183
37720
34413
40901
37250
37180
29360
33445
47374
33661
29163
28622
32926
29614
44906
32006
35478
24223
310669
32016
394150
46598
32006
27625
32146
38085
38458
33985
28168
42500
33436
33350
31382
25612
28816
28695
52599
38471
82398
29829
26050
32364
43471
23843
28312
40967
33003
36864
23516
52677
27283
26854
