32910
30145
38227
37931
45717
36483
14563
28085
47326
53184
44593
30550
62027
44596
35875
40744
70348
50276
50848
58337
45626
36770
47629
51746
43961
37840
19866
14195
59022
41924
37925
44028
30391
67284
76769
24435
26148
46459
39099
72058
39702
103468
54324
39564
55117
33912
20600
55290
84152
31419
50334
41150
50006
57071
39271
60602
50494
37812
50813
51502
180003
45741
51316
80004
89179
45478
4767245
43081
49471
30732
107163
40908
62266
50616
61204
51660
78907
120475
68462
76089
53091
69067
40588
38811
33035
40980
41262
42782
31196
56099
47455
40482
1163757
50904
68257
73094
56894
51424
44037
84036
25261
76149
54233
52155
31767
46577
14984
39294
37796
37219
35535
56810
59556
42220
42539
291209
29613
66585
37221
653845
62853
46959
53722
66058
7340674
43218
41511
42261
36796
85455
61345
73148
46659
36722
43247
50628
52160
49676
37901
33478
69830
30670
63385
52509
59624
59791
66754
48159
53106
37699
81376
75920
46474
51378
34149
41509
43787
36026
54304
61181
36177
48861
79025
34181
41861
47604
40657
77319
35208
79469
58313
91550
87640
184234
43038
40920
59266
91240
791035
40825
50757
42403
50274
41390
52494
43209
92024
42343
55186
49472
70593
52194
64897
41553
29680
47886
46184
67895
65403
37176
71048
89222
46463
45685
28986
21709
69091
113174
21273
32198
29647
61357
45457
42686
59475
33503
44622
30166
34011
50839
58591
50537
41551
58755
34880
124103
57859
18053
44807
55814
58993
55687
38769
47265
61818
41862
28865
55765
18498
58706
56591
78506
43766
28566
37765
50567
51052
43466
44292
50667
647272
70351
65125
59818
40498
61446
54324
70791
44214
39209
44155
17761
17075
50636
49396
18399
55035
44965
21684
20826
40347
63800
62271
37891
60444
74533
45125
46387
31012
821470
33960
57986
38663
25978
51747
65765
25021
38232
34942
60505
43904
60299
41196
45206
42192
69987
37996
49616
76728
24373
56444
90485
51168
54570
43507
29186
48554
51156
64011
40089
58853
42220
39239
79574
54474
40388
68516
48863
61788
32464
68308
31938
23308
40477
61090
126243
53650
299034
39485
32339
59658
33114
298981
34272
56380
44071
63198
67665
49543
55031
46793
418850
48611
58604
20637
34268
47377
69753
39289
43930
60806
43714
38165
88321
43009
47583
28275
149257
48315
58438
33470
35208
51253
57042
42474
59256
40808
56423
42461
30418
37898
55570
44879
55957
12715
29754
49774
60995
65693
699942
61975
48121
52264
44059
14356
40650
39474
480507
52939
60388
79784
35190
51602
49687
40430
30714
47768
53111
38911
40038
48674
265214
60787
30767
29675
39516
55670
44195
67377
76827
30821
67678
41138
62298
51065
35936
43674
67021
40866
72629
34452
106695
46957
66672
34955
60397
84878
18870
47589
38360
39613
43756
18805
55592
73761
94071
16734
121089
33087
47727
61668
49536
45052
69284
58083
42714
38067
52038
62384
13581
20377
34389
53128
110665
56718
51668
39537
68703
57020
101939
69816
59676
43416
41604
301900
37167
46520
54350
70515
50531
78698
58010
53160
54000
80400
94317
515996
1186918
56034
43797
36505
58857
54243
44207
86129
57923
46741
39259
38708
41646
57369
47576
61364
31948
32994
24752
67917
61041
61513
50180
47318
55646
64132
70364
44210
49883
68602
70924
45766
80875
40656
312643
45204
126222
131223
57176
58850
38325
28721
29161
73746
65000
80047
85788
46948
67897
20405
78901
45634
42707
51624
119401
71387
41520
27402
42503
46474
33131
49008
53042
57998
37417
1863503
85247
45479
38356
41667
30777
44325
64283
48560
42843
29786
50245
35019
31861
90914
47033
30920
39215
72656
39439
39875
56819
14890
38565
46950
47084
28981
34917
87604
48825
55066
47602
42446
39810
47948
63619
51593
34671
31589
53393
684074
53787
82908
33374
64004
73287
55397
214309
79230
32285
39925
50049
31256
68627
95350
33807
41309
145025
60503
61534
30337
48584
74339
33848
57154
29696
32922
27969
15646
35086
40378
36588
43226
33863
48030
39906
93544
69900
27222
100984
76802
42642
33935
48377
62979
52087
42979
31451
49956
30494
25586
37818
636125
53300
36013
38265
60190
101045
46164
48445
23919
37509
48579
38806
77732
33419
38258
52723
52641
33010
35176
46874
28663
35187
31113
37772
54867
20937
55254
128739
42115
31094
49403
74901
27186
55457
58619
65857
40073
47585
34050
47506
43079
85495
34770
38808
42236
99276
65747
35937
56243
64376
33712
60419
21263
32422
68413
51135
58159
61692
33572
32823
243535
37768
61949
31707
33283
42212
34454
35373
44393
17715
35917
27010
49437
89171
44559
42302
39766
33603
48448
42740
38424
52501
78799
54323
33642
100876
42316
31723
39124
149716
23762
36704
31195
50499
35609
65086
33914
36568
28540
30846
17764
30049
52815
37853
98770
36443
21994
60187
138198
53448
36754
51874
59764
27148
51866
23749
43503
39564
44924
60764
39226
27552
34289
40344
48436
35387
38547
69379
44602
77039
46615
54140
68583
40505
68985
94635
34986
38581
66947
44030
112457
31552
33020
33504
36976
25773
33430
38385
38476
31657
59678
57066
74368
38463
31016
40933
52257
25994
45221
25420
42990
49288
28985
52764
62695
74342
53185
97281
38749
33990
22028
35094
105775
33779
42542
30527
46167
33747
35453
25655
74115
53314
52925
47936
38585
33731
34648
42192
71856
71482
55306
47927
33001
47537
39372
31661
69337
42691
32535
29023
32386
49466
57506
43646
31581
40491
51604
34360
106259
48360
61932
86238
32777
47356
32244
36972
24139
76682
27976
36302
76553
66652
50194
42016
27641
68580
38633
31750
49204
28945
39595
27357
30040
48177
62993
69421
27550
50805
73908
41831
16319
41673
44457
34735
28468
38251
78543
29256
42572
34350
35795
35344
56463
65650
370203
41115
66075
57617
38154
28525
47197
37037
44886
44818
30942
64470
44927
63660
30614
44362
25871
58599
45217
31609
30487
64737
43514
63116
48274
27416
48285
40533
24640
52836
34957
43362
74432
47213
39726
31790
27231
121690
37907
128118
39913
77349
37409
33941
85645
29173
45467
31189
49860
46828
26017
37749
52209
46672
37567
46700
125520
29693
41706
27195
42063
53970
24148
55709
581538
33941
65122
40054
38401
46495
30369
45618
38323
77593
386849
54405
292838
40299
77849
32369
37124
56453
39410
35424
38904
53857
30973
27075
66966
67361
33673
35296
37573
26231
30869
69411
38100
55023
54393
89360
32828
53904
55040
47423
65031
42994
79295
23511
44298
42380
42741
52093
74610
42074
54029
42407
77284
41899
72675
22970
29185
51703
39621
77279
44248
31773
43415
204584
31308
57176
128780
31858
43481
53842
49146
63502
45050
35639
65372
46872
31161
38772
51217
62077
23826
57704
49483
35444
31163
18854
42384
38309
23179
33752
32015
36550
46418
32973
44935
49518
28762
50129
42884
296629
51320
61524
35931
16806
32591
48102
53510
36412
30290
70460
41466
60405
37991
34234
34357
75771
104823
19415
58549
49921
39810
49566
44913
40903
49153
42439
36097
28457
72989
27590
463815
40473
40688
48109
42619
45290
50858
58763
48535
50924
69872
30356
59041
64865
60726
84753
80359
36059
43695
282130
33633
28051
50349
14183
33461
53530
35004
68103
48256
37867
55078
54665
37686
34224
58320
40088
38483
25742
50358
36506
41736
57255
27182
35871
61771
83214
46771
62698
19588
43005
34861
1933795
43154
57569
34060
69334
78084
53252
32214
86978
44303
91556
36877
37957
43250
45588
30695
44154
29859
39178
63639
40075
27941
20693
35590
49800
53425
47629
34146
44139
33505
51721
60591
50954
32318
60815
34558
308885
34708
37897
41337
67033
32037
34252
31934
42433
38898
29589
35883
19231
57409
34328
44703
36684
40604
39806
31488
40214
32147
29486
34477
64777
40051
35714
41788
59361
64748
41720
47500
60940
66362
51153
34205
39007
28987
84023
49175
40488
16927
50338
39267
36679
34738
29129
43403
50664
19988
84044
65444
38165
58834
29667
54763
32854
46863
39547
49170
50424
35361
36690
35020
80402
54856
37400
41129
32822
45483
38526
39540
37552
53226
43589
55217
72727
54703
75688
27666
48315
44892
51023
52122
59983
40929
71901
90132
46797
94830
40215
34334
57968
34682
53406
32581
53457
70211
37371
65645
42462
34215
53674
46299
53771
52703
41728
38227
32807
42823
14275
34764
60856
48050
54902
34296
37138
35326
64646
63008
36923
38950
61573
42244
38273
29476
34778
37381
39206
43655
36636
49381
42866
58435
52988
55996
81780
62269
46535
70631
64448
39556
56804
49085
49418
26094
30183
51669
37508
35695
36455
44479
80594
57348
32194
62123
61919
37432
51180
54135
45438
58745
49579
42314
794668
62387
49207
54606
60408
61432
33371
43281
40151
30351
38187
43633
36416
52480
44821
38988
56090
32088
38974
34704
111918
30238
31489
33775
40186
40301
29752
50430
178676
72492
39961
30234
42880
44439
62330
25085
62556
70874
35599
55146
46510
30969
28742
49356
24466
36594
33210
18223
43681
16415
43260
24788
44505
54172
51992
62286
45108
33023
28569
29601
49154
41195
30558
57927
48240
23385
30399
42844
56413
33222
43833
36440
47055
51062
26650
34737
46412
28825
30311
37574
18333
42032
49669
29302
33415
57255
35803
26252
47071
44504
41719
27585
42560
31032
88813
15802
32459
74015
29345
56204
63279
67011
38637
75138
39380
21549
36810
80590
38711
34621
17421
49464
22196
29453
59302
36493
43026
52501
41643
49029
54857
49139
170093
90486
45987
26158
31686
47357
47223
37755
66555
452564
46065
35469
39349
47061
521545
39731
17454
33707
64609
47846
30505
33018
44556
35891
76490
29295
68304
43035
38106
51745
36024
45532
32071
15899
38358
31821
53506
19445
62949
43543
36621
37560
32156
32385
75110
38166
131853
36424
58183
55984
70841
30007
63161
74988
31724
48860
44680
26804
49975
60637
53285
46177
40436
41131
182109
38895
45733
36348
26781
40653
51188
21714
43981
47317
48575
35160
40437
51302
47022
62754
38110
39586
45640
98575
62465
49838
43847
37969
30155
38339
64929
28713
23045
49060
40276
38443
53515
45716
77434
32091
45046
35883
86650
17597
39437
42840
51111
60217
41067
37367
38645
16787
47818
45559
113808
41288
49500
32570
48836
44657
47020
53119
52960
40398
100185
54196
63851
15911
27782
32158
34729
43665
51693
55580
50665
56836
78438
38313
34077
33094
47667
41040
36890
57566
56526
52553
37334
58638
56449
49160
46942
1458435
45982
57070
51165
34826
52789
68622
50050
32143
29547
52116
114460
48784
46071
41138
65449
56309
55899
44380
59380
46978
37397
46511
46709
44337
461607
60941
57718
35687
63018
83608
42266
33924
41657
32143
66022
375713
37889
38548
33920
16564
55109
52675
46510
34463
295139
101371
85833
44051
35089
48711
67922
50985
52904
49857
49782
199679
47559
27657
44197
31520
35137
72002
60732
46705
35591
46917
156296
50088
42614
56340
576113
462606
31882
75675
39998
33283
34668
68242
49133
50833
86630
55221
36118
30736
55328
37043
47214
318771
27795
76906
55462
41482
264279
111596
29677
40826
42119
35939
34886
35898
48707
43928
33757
37163
44257
138654
41221
45275
35419
42279
83634
62412
46039
47003
45666
58977
40486
44771
58838
60616
41749
47905
32707
38143
77286
29965
39312
51093
43579
39410
43542
47818
153907
33092
32288
36750
46222
417944
45057
40212
40937
44557
32735
56184
49142
46890
92386
49024
40533
46804
39303
30103
43886
37194
257554
104603
30663
49501
41988
45565
46254
46689
33341
43642
59027
35623
51144
51985
44615
16780
36193
56229
39493
36017
47981
44047
52086
43903
38629
30351
36641
61678
62409
45182
48885
41059
82878
37866
31520
33351
37207
27563
20431
58126
37880
55703
55783
70434
40733
24224
29773
44086
37562
56909
27575
43161
45184
42170
167798
66210
36221
83750
35358
25915
32728
106245
68767
25710
44237
56558
36234
52106
70197
44213
31479
68289
45168
45836
52628
32601
28794
32441
52710
23691
44134
105354
36912
36566
36896
31642
32911
44319
36216
67564
40790
32979
509379
61491
131404
38045
121193
26757
47007
727362
47168
31977
36386
18647
29505
30486
32661
39944
16298
31930
41695
49746
70631
40321
47065
43039
45040
49159
52191
58556
75591
44439
43329
26143
36645
53005
35540
59491
41093
40253
44322
33001
47731
39111
47946
49706
37102
46250
40397
51326
50135
35061
45073
43674
32366
40114
60506
45805
37054
40431
56708
28695
30993
121792
43287
43733
44215
31987
41770
18945
41672
48970
36385
43363
35413
30139
44355
41932
40944
52596
46089
43818
28523
62947
47424
42384
46988
39052
33264
20616
30291
35908
34775
39756
42035
37009
43650
44741
42631
44698
33625
37649
38455
39968
602014
45217
43795
42585
40046
37506
40680
32530
41942
31135
48718
36097
58129
34437
44852
27308
67719
41582
39612
33289
39753
47350
73442
53441
39369
50200
41904
53084
30747
54762
37456
49566
29940
35453
73705
50581
45935
43272
168983
39405
31327
46035
50592
88362
286137
63582
34184
41791
270279
14510
32129
45685
49033
41565
43158
32966
34333
34256
41344
36971
43957
44160
39701
41004
39703
26970
43907
35043
46585
39217
44106
19959
32533
43565
50702
33410
33567
45002
42924
32488
32282
45193
34114
30556
29942
28006
95485
35703
43374
42103
54799
40345
29464
60283
37573
46737
59883
52175
47444
33383
51875
69647
22574
24937
1104230
54714
49143
42139
29382
30478
76838
29134
18210
42060
44824
25566
18974
52645
42331
33463
41968
39596
46600
40421
39644
48796
46643
11589
30504
39058
43787
37904
69699
53383
50969
78571
29896
39032
34052
78667
68920
41123
58960
40996
38630
50689
45920
44187
113342
47516
59625
40570
49239
41379
44697
54967
39427
52271
35625
40431
27961
59551
46295
32520
39553
45505
57306
43535
38385
47400
51181
49419
53540
62744
40151
53730
30276
63094
59337
52446
42317
104170
40909
92399
34096
35494
181216
51811
91813
31332
35015
41006
31886
44190
47781
46470
38202
57205
47112
51264
49159
55079
40407
45414
48793
46698
48263
49150
52779
40081
63749
74806
51716
36392
45053
51865
40336
42839
156512
62260
51881
53568
52687
33450
45726
58441
47249
68564
55468
64854
51078
36590
49866
489580
55404
33917
54988
34647
37305
88306
45726
52580
74722
45305
56483
31697
38765
34449
262179
41559
47685
33947
55255
47756
38916
52603
40572
41376
43228
36846
31527
50770
134821
74618
298943
30309
53646
43459
56444
47173
38372
28145
44736
44835
42544
47360
58689
36580
41707
38846
61914
60236
14095
61597
61845
43360
48632
45706
56328
36187
35136
53529
39808
66385
34868
58255
30898
51349
22956
46974
50445
48409
55634
48033
68736
28587
44095
31944
73972
62168
36332
49776
48824
45756
31939
41588
34490
26231
26059
48601
33604
31124
29690
43597
28423
33114
33869
33999
858545
68353
35527
32112
33142
41287
43859
40489
28881
30263
43668
56446
30816
14724
27206
84355
45121
41864
39909
81555
34712
47185
32711
35932
73168
41352
33569
31350
32209
29480
35184
42699
35403
53885
39555
60805
60302
33475
54256
33219
36935
41325
42840
33707
36282
48841
53048
46777
44668
36232
37678
26720
56397
60889
35015
35704
45523
48976
26338
23448
38584
38894
51708
86507
63039
31308
43799
38773
47203
51050
33351
41639
47832
54153
27865
35277
48094
29862
145411
46041
55684
36316
63423
84783
36559
37535
39266
14027
41952
38509
46266
41194
50840
28073
48048
25061
41573
78391
42805
61621
60207
54909
393647
59119
65860
48470
61549
38782
32159
43529
41378
49344
53878
48263
45430
38203
70020
64769
781506
56307
45228
16388
41040
51509
54888
77913
74460
58341
43164
42332
47492
54640
42923
39484
34362
59546
61613
36418
47078
49094
48279
38223
49234
32497
33199
50741
59633
50500
43809
45471
56337
84285
61960
54913
33805
33783
372061
46541
52867
48748
51273
32482
32969
58807
70060
43315
42668
57423
79785
46104
26793
43299
48628
36969
103386
43138
45373
68287
48837
35494
55672
50720
48603
51388
38559
31700
39700
78353
66521
42547
47157
63782
50915
34843
185392
34180
42256
88953
43665
59611
143101
54208
69119
55566
70702
50718
46104
55121
37211
67609
70119
90494
35444
23655
44703
65825
35479
42230
42306
51102
31157
37166
76631
54597
51042
32553
94073
40107
34902
33465
64185
42261
56250
86500
76374
129238
107803
72256
56843
66553
52489
44024
43744
40569
454450
39494
50886
34482
33955
54935
74867
56669
55939
32022
76371
43069
70731
57702
61477
68286
47899
29607
39499
42455
94510
48231
58363
62067
67237
66831
40774
34702
34744
54147
38357
36923
63667
68840
30474
52591
64108
79020
34815
18930
62684
66867
72992
50950
44827
30306
37540
88185
35567
48988
43497
74156
29399
40499
52411
30793
43249
46454
31000
27046
95799
79241
50652
56928
33273
38643
45803
99976
31031
37971
44132
54719
54000
46112
50788
39919
44976
98767
46689
19583
40225
30956
35021
36083
38935
201998
43271
39532
49982
38947
32684
509772
47024
30262
59450
79484
51757
61210
53783
35798
109950
56351
56863
50772
45365
53058
52242
43890
40535
126700
91383
48748
42701
48522
43185
77109
58023
52647
50926
55008
46926
64258
71173
46668
45919
37520
40994
51009
32303
34167
49187
61152
52928
45368
67340
55225
72067
57547
13996
61126
17704
41838
45168
36508
55142
35457
85287
318146
41963
44333
68058
48640
55405
12349
48607
52888
61405
26682
72117
78745
55957
33263
58608
56499
74423
39986
47625
37094
62954
213507
38460
39031
89424
76399
71180
38401
47116
81953
31809
46790
35526
35083
45354
44512
99728
50404
31129
51655
49073
32447
55959
55892
42425
29104
46461
76613
69537
51666
37815
46378
33748
71118
48575
42623
44779
661170
82762
56542
17673
77815
42904
64219
41966
44335
64279
43471
38332
32030
72336
159247
36818
17281
123101
41445
67704
18456
55527
57942
46712
55209
45026
45129
96163
35414
59115
70173
44432
85122
33905
57221
61971
394482
49038
41371
63289
77644
74844
266533
28666
112386
41904
42109
39030
52879
62544
54967
55627
51620
37346
37518
121466
43372
34845
40064
73567
45771
36282
57590
34959
81272
43615
60432
51155
48421
42765
53293
42597
22583
39718
31447
40185
43191
52204
41744
43983
47879
1071037
59977
45225
56754
42188
42486
41921
42705
140018
57694
36995
36163
64018
35830
31996
81749
43644
31492
52106
36991
60703
20454
34686
50253
38763
17766
35462
44158
31047
28238
53372
46419
49278
58217
57315
38664
48839
308139
43188
51425
29556
18132
105621
40552
39917
146799
35434
41430
42782
75783
48692
35733
52783
83909
45086
30260
50132
188045
33912
42461
65117
48896
64860
50043
35321
24971
46255
46177
64851
44555
70065
29691
97134
57865
53154
44734
55494
59510
65095
35045
78032
96401
25456
47781
204609
53734
32954
32838
67641
42969
53072
19654
32912
43197
59506
28493
30438
32982
43143
63441
61056
40752
101629
63790
44208
64295
72255
39872
89185
53777
53555
34844
31873
32874
41990
36352
44454
42786
51429
76204
80732
72990
63154
65581
42710
38272
41167
44543
42709
45212
92314
30142
64873
51575
59131
75208
50686
18011
103602
63901
80263
64867
42959
36404
34961
59404
34945
18697
44325
47156
76597
36607
215009
53705
54891
56797
39329
68389
75644
58183
31508
47443
42930
52947
41799
46149
60738
178886
94137
47585
48764
49921
101432
34955
82564
41687
42803
28873
30187
39732
42161
36801
60899
33163
64273
33785
42533
64779
30335
45947
52718
58669
20171
74216
18397
51934
24037
27171
50152
167882
56022
126340
39809
31674
51608
54396
56231
37071
46136
34128
43481
85062
49158
38682
44343
46957
39078
31611
34613
29633
57288
44411
46009
17117
33061
52152
64229
28230
34046
34896
50834
19906
37892
54758
35337
480161
38875
40594
35421
32118
37558
38996
80581
49994
81416
51023
52225
69537
46421
62175
39739
53278
41117
41915
37471
22302
32285
37944
51220
50027
78230
46144
46915
56028
48574
134806
33964
33293
70057
456366
54573
43884
53247
91529
56788
67131
63275
53814
65108
92486
34358
32806
49630
33075
59082
36015
117401
38146
70274
72944
91649
42479
39597
48370
73043
61232
26409
35634
51382
41996
28347
34648
40709
50705
64987
41507
45826
42228
52356
51052
36994
43080
278269
29446
42733
41645
31504
36667
55917
45005
29209
48433
30622
29712
34900
42611
50033
41939
48787
31836
64498
59937
31061
43887
31722
45309
56125
34960
37826
39956
59286
43102
94797
45389
39494
51716
33963
80713
53334
77306
168814
39809
37133
84427
43284
62193
38731
65229
36359
49941
45400
38642
35838
41168
130463
165910
35479
41694
76670
45344
42992
37178
62304
78001
40275
49552
56589
75194
48786
52828
32235
68803
39938
60750
42659
49325
20975
41745
40112
55584
45503
42764
41097
41699
37752
17015
50412
58244
46536
54610
46380
4702961
42154
44591
35312
32825
38251
42826
37485
37408
79375
35462
75857
17170
39398
41540
58522
40054
13355
58692
63009
24567
35542
56709
101930
46027
15833
50016
56827
42583
19931
65935
59235
38977
42872
35404
59204
41983
55440
62050
62261
41126
76803
71787
48719
15933
49208
18625
32931
49072
48830
391362
72317
265912
44136
40604
34095
204997
60430
51472
71414
66919
61192
46848
60475
71603
49614
55681
22090
80727
72474
46626
76291
47550
47943
55939
67335
180334
58729
22124
39808
38984
51032
72248
53344
3075395
54897
40590
48229
33470
32552
40020
57306
43719
17930
3207522
53802
30172
46229
86499
47005
60176
52141
85031
52307
38922
47591
65160
61840
59499
52076
56407
43331
47373
37907
72419
41421
42407
55819
2398332
69805
61987
35810
56620
102462
46825
41994
52721
56883
48337
49447
34389
59303
50110
250072
49415
38388
52263
70643
57690
41559
50025
59718
84183
52368
58189
41312
78087
39078
52350
53449
38319
40247
43783
39410
45797
49195
49188
42051
73550
45080
50992
53905
40428
44960
43354
45309
34206
70175
44677
44996
54439
55603
44947
50200
70698
48800
44067
50608
51288
48719
33247
37913
21920
54880
39647
56999
59844
74049
38370
47076
51441
46922
46820
60550
54811
41320
41853
55818
45934
47425
53159
41667
56514
65663
54660
38963
46029
32727
72412
68632
55319
68209
35680
51538
53837
39192
53859
73242
69237
66088
54852
42362
46803
64497
42064
47919
53042
36943
60762
49885
28968
76113
29621
30254
44855
57847
34757
52134
47815
49770
72554
39468
46111
35776
49700
60825
95682
30910
33717
38562
36000
16746
37751
48351
35736
55120
69207
56008
44978
46169
46637
45356
82061
759907
39092
39961
22265
46227
48473
47990
14632
72208
42587
41678
49532
34148
46998
39160
51434
54142
54533
29549
36561
45257
32437
46463
52237
48369
37386
70470
61091
194063
36898
77356
43083
50130
18273
61570
34966
51259
45868
40492
61425
53226
43929
49279
31341
54102
51035
47788
48500
45202
37720
33361
52998
57114
41154
28677
48516
40961
53869
49767
60614
30705
52881
55002
19882
48288
63535
28361
35573
45931
49228
51776
53917
45619
60056
61470
74911
48358
41378
76915
251366
38631
41855
73394
40598
47643
49957
38265
61660
79052
34001
31656
48232
1526256
42952
14803
75091
43256
17352
71179
43869
36284
69006
106789
66851
46021
32586
44163
68081
49892
40104
43582
35336
43552
50631
45389
54606
43864
37008
42243
53399
50802
38326
18991
34141
43054
64424
45481
48552
45521
54138
63302
219892
48508
46859
52037
37916
45578
15997
53479
61834
58087
48411
54917
42622
55859
42181
61346
40052
49826
58632
54477
51145
62433
38510
50640
40082
55754
59052
35461
57613
77169
44314
47859
72147
98815
48231
54616
43706
56081
18792
54968
44965
45526
44261
59718
66317
71824
62761
59407
65279
76460
40782
56165
45961
59101
42068
91669
29067
43196
41297
47799
62051
56650
43075
48016
54059
47597
26660
81057
49973
36379
33222
40250
50495
61088
45977
42039
42977
496674
37020
54895
55907
53927
48193
58370
38418
36525
34505
46919
55879
64616
29070
51450
42791
54822
54918
63660
47046
18379
53460
56326
73684
34658
46052
50384
29221
61232
62148
58152
54766
43335
34649
25354
52928
52186
45543
52975
59573
40135
20142
79393
40817
78923
51934
35163
44583
38693
73155
49691
35210
30998
40806
43738
42332
40977
39440
69032
8933751
48569
43052
77025
65614
52694
36295
55762
57274
49759
50196
50259
50986
41244
37988
40017
45850
47514
43534
53400
34584
110972
76046
36482
51340
53933
39476
61214
36188
38949
59683
43703
55997
45192
76918
94852
29665
49034
49383
69252
41280
48364
45344
447237
14204
53960
57851
42928
47501
53498
52351
556394
43431
50978
55238
41905
53444
60478
65162
57039
48064
58853
67767
47740
46603
55061
48970
32784
53553
38948
47638
39503
47921
60920
15736
46709
48353
37450
53881
52333
61286
36829
49586
114714
35947
44149
52605
56318
58342
79245
49787
54884
47133
53695
34668
46442
44805
63867
84172
62518
49344
40548
32741
53649
45636
29150
50377
61232
45566
46776
49527
38309
42260
51989
42636
52438
50408
49695
50675
55141
40831
119399
43840
58183
55243
54441
63369
47404
54220
48667
56944
43598
43608
39849
61948
47532
34571
50086
30573
47854
56930
31935
42094
36459
18466
63226
37960
53479
33732
42001
52540
35132
129156
47238
63629
47671
147253
35085
50595
49746
65571
33317
55591
53599
29593
37568
48865
73235
41362
44337
81305
38670
42417
37426
14765
52358
48445
47837
21269
51649
67929
40963
41439
47079
58116
89776
75195
48261
44156
36677
43573
51543
49379
42144
80464
42370
65248
54878
51184
40133
36684
58869
66234
72357
46774
41155
60005
50548
33238
43605
66325
36180
50012
54281
44567
77945
56065
46145
40311
43733
34554
30270
15287
47935
38198
39500
17784
16015
55165
49913
104883
62056
40009
23243
16921
51871
34174
47545
38924
57448
38200
34631
50429
40479
399466
42355
48171
39597
67910
39330
56194
49179
58448
329040
33069
37023
59631
41277
32073
51455
43797
274062
29606
53827
53612
32189
36628
62814
44245
45035
49729
41723
30150
45505
40618
50487
78526
49844
41672
39233
17263
733772
65308
30606
103136
46195
52228
41849
55029
39027
56741
98923
18316
54952
78651
61541
37229
39494
37788
46257
44369
46698
39854
58095
53039
39407
52994
84883
47040
44140
48977
43553
51627
46275
66028
30111
70668
42486
65169
52215
54184
52976
41232
42357
17061
39292
34394
60893
55666
49233
53661
41844
45394
77056
33278
16722
43914
50437
68654
43224
73157
51520
93479
39280
44817
36847
38872
57390
34978
49234
83883
46821
636738
40526
45300
41238
491388
45974
45472
80798
61153
36745
71364
49723
40421
45866
31452
143144
55672
46260
34546
44938
47698
45231
63925
47362
63218
51415
66443
62182
41057
85577
38570
15336
51976
46272
37043
33676
35324
51822
247356
62085
54790
42031
36355
49940
59938
38089
47494
30766
62586
63532
43006
45424
82284
40831
38818
94804
56346
53036
15889
39303
50065
33248
64637
39042
44369
44311
51639
44208
49892
52736
49480
46057
53590
55194
34031
36171
41665
48128
56099
65580
53467
61927
61488
43555
48786
46061
41046
49410
43259
34752
412460
37342
43374
48286
43035
20471
48967
38142
52538
48997
67596
47876
55053
28326
46730
54022
39114
33346
44442
48904
32064
42003
39173
46009
57245
50548
61982
55678
45371
44353
46276
40685
45939
54133
43586
43549
156889
15632
32308
42482
42900
98779
21267
88118
54198
49352
49846
41798
48597
79777
56901
22250
40864
61087
56916
44873
42753
30237
57888
44152
49866
75776
48941
17041
98960
37332
65748
39096
79788
51999
46117
57646
74452
38250
62010
53444
34122
38632
41080
40180
34926
260308
46000
66991
17586
44237
35813
31155
40604
62032
51911
50291
42305
53276
62291
74386
39660
43970
53751
54878
51844
70923
48467
42272
37989
45937
51080
53889
40546
43305
44671
39687
66609
45517
69134
27502
55813
43176
44744
95583
64174
34177
55443
91874
43831
52706
36161
75342
61769
25893
42206
37383
61303
62522
43945
17539
42385
49212
95379
77684
43200
51154
42159
46795
47819
99360
60111
54853
37813
96144
39144
51035
50833
50849
61714
38541
45812
60255
48404
49263
59206
50653
50476
16424
40446
53706
45074
33320
39450
33797
49335
46500
59129
37029
69357
66965
66967
42166
44400
60119
72407
41145
66159
45089
47468
35138
42577
47728
35182
38964
51026
65150
45042
41853
62838
50847
48252
48194
46255
47544
41636
47676
57416
56801
23657
31231
44586
43101
69010
33253
51063
95693
92560
91147
32677
58682
53267
49267
37239
53572
65970
46778
45418
34772
53743
46796
37343
43535
57814
50948
53956
55420
41997
187673
49078
49450
43911
48921
52408
60765
45257
41135
80696
44265
55310
44939
29999
44042
62747
60257
53746
36360
46817
37221
55218
38822
48003
38475
48184
68221
52860
60693
53561
49844
44381
54621
51912
43641
41073
53215
50311
53833
36045
54828
50460
39626
82493
49956
48241
48841
38277
35607
56243
36741
62071
51120
53247
43881
43745
45616
41938
37215
42168
38311
36901
56357
43247
34704
47177
43404
70715
40938
34595
47530
32788
42938
45872
43107
56107
40781
43811
55952
40624
39991
48248
53201
64406
54296
51306
53339
45662
75588
111324
44485
46163
43083
38841
29572
36015
37223
68197
37816
45326
28548
38805
43192
62002
59990
77306
81827
47036
42547
50302
82495
48952
75560
40173
34744
26707
38424
35052
42762
46302
51838
55403
41298
46542
26876
49033
43690
32567
62686
44221
28927
47650
32073
46300
41104
58647
51000
45573
67948
49036
40869
60851
40739
56056
65140
48363
41022
36514
63838
42148
55231
36753
69242
45734
47030
46318
41045
67040
44225
35569
40063
42616
49832
45426
37776
46961
36177
36477
40785
46954
67213
33928
50507
35042
38400
56590
45493
30015
38708
48351
193727
54727
43105
44723
33310
48055
45418
73081
41042
58738
73296
47105
36832
37324
88314
39440
50795
47036
56952
45593
40073
48697
41945
40906
37187
62159
36456
31509
34035
52613
46385
53911
53667
49685
65683
48760
41778
43287
45095
36719
65438
56871
43352
39674
59093
277995
42070
69510
44738
28232
41877
36140
42640
74458
52076
50024
44932
52567
45591
39635
94873
48542
22104
45194
32086
45353
46552
49765
51411
40939
43825
35610
54176
38057
45592
55195
44071
104028
47249
99308
92218
51968
60891
38262
47087
51765
43499
55515
46905
70611
44899
41511
53091
44816
34834
38782
49259
66627
45583
41642
35009
30656
45193
46915
19985
42027
35914
42545
49083
48838
40285
55475
42058
41287
40212
45841
65232
63063
47204
17452
169104
73754
33007
38956
37619
43497
40639
42645
38594
46084
53581
67867
43569
41101
28883
46037
48450
40840
38212
38665
51125
62260
38432
46734
44203
49707
48201
51767
47145
54588
35254
37366
66591
38521
36982
49013
59948
52629
51355
41838
33202
58933
46699
40068
52647
46302
51066
52215
41893
47342
39014
39917
55620
44210
252186
42375
239491
31417
123657
49404
44116
83410
29786
57607
44030
62363
52944
84925
39672
48274
53934
47129
46171
53149
40491
48928
37592
39062
47006
37920
52103
36205
51381
50186
50104
45797
40365
48696
38437
46903
89502
42045
37967
46404
38928
36404
62754
47412
46074
38802
323545
44243
46461
60948
36080
47462
48793
43707
77919
36524
50803
40346
33817
37139
54599
40395
57216
45707
39508
57912
68770
39314
53824
39552
47077
53449
40748
71675
32891
48808
49463
31593
43089
43424
50361
40011
40083
17586
40635
54753
64961
53065
51604
35833
34426
58104
39798
42324
42620
36695
61609
48286
53755
62540
48428
50645
56957
83536
46050
58907
47189
50374
55139
73966
47356
39271
66884
42612
34266
34456
35340
45389
39320
43484
77141
45050
56928
42707
42109
52777
41075
37923
56814
38155
35143
48191
37569
48844
54792
42860
40245
33883
66189
69106
40966
41636
46781
48045
34094
60117
69930
43676
40694
56847
39068
45810
44525
47728
49556
63092
48816
58758
32517
36989
46072
40796
50354
37761
43792
47461
46897
46342
40202
56756
41854
58331
40923
39009
63968
38962
32495
310149
48689
44469
46613
42989
88048
58116
76680
47096
50537
47530
66447
45358
818486
48229
50402
30983
39855
44616
56691
46361
53540
45273
43476
40882
38150
45101
37391
58753
37690
67565
48992
39033
43750
46734
44909
61844
50701
47899
31860
54098
43016
34236
36853
39385
79838
43536
33993
66753
40707
50648
433153
51810
48572
60027
34048
47852
53444
48268
48595
36249
40799
53080
41461
39569
54728
58214
64866
42554
44518
44947
28555
46430
40614
35293
41035
26047
46000
42742
44852
32913
55891
44944
41069
42958
43936
47875
54983
44822
56287
38789
41416
50639
66112
48501
45180
62763
41273
42654
50248
33566
53402
46125
37287
43783
35185
51611
42527
41380
47786
53066
51722
36519
46987
44240
36248
60363
42029
40830
64709
47759
53578
50211
38581
42802
33619
31538
42436
41255
48640
42309
48796
369062
45090
37559
56291
46046
45067
34375
46862
47230
35768
36687
48126
40815
41527
46753
47370
78903
42080
47120
41158
50085
30162
50756
45345
321171
61221
53352
59983
53099
40611
31561
51239
49727
40455
38862
80628
50580
52291
42689
39676
45174
39848
45532
45750
57873
49068
37829
56482
35015
61079
75673
43067
83634
79505
67867
56121
46701
33441
45692
26108
50750
40431
61197
41562
60761
62955
50469
46032
44548
50668
45169
45376
46831
50409
17463
52920
46267
74424
35929
37060
43182
40407
267197
64774
48288
39435
18833
46058
287636
41647
46215
41338
48821
39885
41436
45383
39028
34075
55823
53955
45866
46857
60765
44133
46179
45413
45772
42384
39847
36818
42026
38991
52562
408739
45544
43164
44285
58469
35712
45727
35758
43618
47643
43845
66958
55398
75379
46375
44581
43061
51762
43986
59993
59780
49064
36256
55281
60590
63156
27027
41043
47707
45512
38679
44641
49161
49592
46391
42491
59930
47924
42518
45858
48102
66003
47279
35201
56661
51386
47315
47539
49386
40384
32596
41940
51086
58799
43252
80720
35953
48176
39318
44471
61997
38880
51655
44055
83764
45933
47796
41610
48125
44451
35632
38021
66377
49126
47542
29234
45968
41658
44659
59012
47600
36924
38988
39285
77965
1049676
74143
76469
31499
37299
41821
61013
42687
54626
45241
69464
44311
49319
41581
34529
34858
41072
147549
35732
40604
44020
79089
33035
42120
73937
45991
41032
53581
43874
16099
51938
67310
44502
36665
45134
39650
74773
55510
69465
74305
38707
43200
46521
39184
51634
45338
47308
47228
71803
48902
38155
62779
49010
43993
53209
38253
444256
43092
58524
40529
43505
47930
35176
34015
32522
43040
36810
40659
35294
55791
41011
43354
49315
29551
38131
44126
64575
46448
37056
69731
73919
77543
45740
43020
45269
49792
58840
40780
33641
64550
68822
61552
35639
28469
45763
49357
48961
46053
33061
48105
44444
55548
37540
42238
41833
65996
67505
39005
42452
47461
51783
42710
43380
44294
45574
59209
77531
38063
51661
29392
42137
46607
44287
44338
34688
47738
56708
98161
52677
69896
37987
45357
55550
40430
73850
36396
70357
48966
52749
40583
54936
44900
43093
36822
60184
52767
54729
39837
38950
40375
46171
35916
49077
48340
42904
47892
41441
40816
42075
54058
44941
65397
522339
107872
38020
40227
42662
56552
49032
41646
64041
56910
40364
51095
55413
40440
83794
43023
41619
56804
35973
57766
36413
52442
38841
46626
42009
46064
35396
45748
36539
41399
34061
43828
43218
46400
35754
45151
42407
41134
55750
45065
44090
31548
55597
43487
44048
55481
33816
52544
51578
50335
41462
42751
32113
45676
52325
42911
49886
70084
39154
37183
41847
45278
41292
37884
36130
36680
300936
41788
46462
44863
45607
37061
37581
44217
45364
47126
52064
49388
42207
35256
36223
45526
41125
39128
54695
44910
38040
41262
38653
42853
63891
39676
39153
47364
43682
59145
33567
38541
44220
44449
244687
37972
33475
41766
43105
28575
61199
39743
53103
47485
46621
41077
42426
77685
38084
47236
40372
59795
14038
65519
59707
33145
77916
28905
28343
43412
37178
48880
24399
30050
24897
37199
48379
35637
36949
34860
43666
45047
48249
54057
47702
34272
16360
31479
47953
23925
48951
35626
42005
78119
47248
12890
49055
51880
72397
34539
59533
48671
70584
58638
33827
37907
40070
53380
14809
41370
29870
408407
61551
37559
29592
46482
37337
32210
35100
33493
29154
54737
30515
33201
39824
22450
50427
62172
111928
43633
37813
17423
31813
40263
40732
34817
32802
60412
39978
33254
51274
15498
46445
42256
20263
51689
38400
43275
43332
37805
38293
60189
29458
43461
41274
51671
25725
37278
30445
41757
37378
51754
40541
30211
45984
40922
33966
28516
34716
50404
38886
28944
29938
82637
35340
38715
20589
37637
45149
33292
34145
38436
36788
30519
27849
37521
29804
31947
43918
47991
47204
54684
30752
66980
52566
40297
38336
34833
31092
33407
40290
53135
37084
48502
47414
43551
47346
35057
33224
47369
49910
72797
35220
31225
25116
48876
51735
50045
55364
39900
47998
35182
35986
52414
33446
33360
51000
33813
29118
27116
50497
46717
27357
57524
50082
33361
20013
41224
29148
41104
41647
45074
32346
43240
50001
69838
39075
39484
15440
47275
42102
1027538
57416
41061
42239
113112
43529
53371
32253
42258
29520
62813
31540
47568
56104
37459
43740
35489
40063
69494
34856
42172
42414
47141
37749
55052
75611
51652
28056
60462
48547
50822
40777
43708
49634
44751
40914
31619
38795
27968
41057
40306
48974
49418
17180
48780
51984
42592
27643
93463
44425
52515
37358
89677
43715
49937
44070
101035
40837
45092
47355
48751
713551
50316
49633
38943
30908
38425
47389
45829
41332
38100
48346
43747
45016
37093
33018
42153
52166
45622
47122
48367
56070
33857
31185
44242
45367
30855
50786
35016
55953
45019
34088
40132
46165
40554
187152
45910
50501
44712
46528
43085
36692
60004
33454
46080
41497
61451
43947
213988
56507
172423
42927
354047
35027
42461
91045
38016
39146
37453
43318
43506
37435
796368
250233
43386
37657
48688
43948
83122
61385
47759
38055
46214
45279
43406
43466
50777
205848
45492
39417
40189
51399
44188
39615
37995
31279
51299
35428
50257
83980
47999
48971
44022
43507
44107
30354
115587
63636
67157
55694
50031
50985
26838
47237
52599
51361
49002
39947
47803
35638
40528
38354
41949
48174
48899
34098
55884
45972
53139
45724
44465
46496
48659
43937
34342
29150
126873
41869
56431
38758
45013
74648
27627
23931
38321
34404
63168
41161
44376
57319
42486
16817
29281
33838
28710
29623
23746
37711
31166
38258
39225
49852
40851
48562
31290
47820
22042
29641
315728
102012
44114
51993
36507
51335
57304
38238
301091
33078
43919
37651
46503
29075
54939
54833
48961
39662
39777
30720
56949
39590
27734
27899
29927
47043
39242
40703
12234
40034
36242
36849
32588
61747
37266
23001
45440
39348
46903
29033
45677
48760
46314
30060
27052
47805
35111
38102
64455
54730
43890
32760
36237
33363
32009
38681
31583
42462
44494
35070
62829
62008
43874
34444
27377
12863
47287
47519
50040
39048
43392
30316
44711
30592
19681
210255
17739
29380
28767
50179
38964
39638
40427
55920
29475
41729
25409
38966
31741
29890
30997
56496
32058
41301
29987
28749
49109
27981
25165
33445
37290
55599
46336
48034
35485
17229
52248
39414
77305
39398
15126
28992
42745
46547
10590
47783
46994
302201
39325
33442
36016
36778
71239
29945
31461
34891
110481
47061
30816
39511
29871
22743
36585
29319
34601
36253
42896
44261
56552
41034
26257
17602
39088
34734
33651
30488
41956
39257
264271
42357
51460
38526
34537
45622
36397
30710
35035
33575
52896
58708
50832
43489
35134
45100
29207
39645
18292
40789
34823
37763
45247
31934
49436
42977
41255
44870
26449
33373
35525
28851
284073
35556
28465
43420
46449
41137
31300
18855
31464
46540
34592
63029
49101
24515
36231
514336
35218
44352
34176
52569
29089
31026
23876
49227
33985
43578
43428
31396
42230
54529
34034
39621
31370
41125
31946
262286
25480
17488
49364
52937
50092
46620
74056
33698
31960
27449
32756
64586
37457
46363
51869
44946
34356
30977
51266
28980
28615
42736
48210
53196
34261
40451
35506
45917
107322
24281
30109
30100
18018
30232
13851
11478
30060
45299
50155
39809
50884
31355
35545
28789
38387
36870
42754
29928
32666
55379
41760
50964
54472
42129
27261
25126
29633
33567
52971
39431
33360
51157
45663
41909
50052
36889
33820
51087
30412
28089
28255
130962
43482
52392
42801
33148
44484
55615
32780
29620
43151
48484
32694
46426
28836
45567
34654
50746
32857
24414
37600
28605
24916
51773
170145
45835
361619
68543
42361
45514
38476
36892
32008
19861
30833
21319
27123
34634
32069
27692
40422
35243
68157
42383
35743
33971
32726
76059
442710
24907
32079
33800
46421
38145
38854
37000
33646
18491
30973
53302
28572
32684
31613
33173
43573
37894
55290
43858
28369
18375
20146
34860
34680
37514
26983
27764
36775
48519
33088
29316
27451
30285
38688
49090
45384
37565
32464
53727
38510
35234
60808
145617
45502
20199
38922
45456
43514
43699
418408
72518
42445
89752
34376
41774
45436
49726
37152
44382
64104
53750
37264
50309
37284
52986
54278
47874
233324
52811
93970
30699
52907
44197
42116
29816
62695
59470
55360
30475
37004
41101
59530
39255
45007
43592
38034
74584
56955
71940
50440
48262
47404
52268
48601
70892
50562
42515
29100
54645
61120
40751
47706
212530
46939
35919
38439
41691
33936
44215
42704
60005
29613
45079
46660
44559
54841
48214
35999
46286
45125
101824
43208
42223
45528
94317
35434
49936
42546
105704
58916
50657
43494
40012
33248
60194
33421
54316
43851
48641
51240
46473
350360
308705
34169
48797
33985
34772
81413
30800
47312
41148
49281
39315
42446
30565
66440
47939
49648
30723
28355
45272
45493
51435
42870
43706
45001
49326
47188
39974
39204
49713
47763
41915
45054
33918
63125
43532
31725
73232
48466
40624
42951
44850
36889
51905
44702
47973
36319
59466
44823
47017
43554
47103
47971
55688
49053
33548
43109
45560
45325
47180
34068
38251
46481
49247
42091
31819
49939
40050
41811
90791
39732
38953
39587
36337
29806
45759
42065
45061
35549
38144
38532
38647
30094
42756
43429
56247
39978
42350
47561
35367
62658
47907
37075
35290
48012
43754
33839
40629
44681
238702
85627
54472
35097
139154
50272
79113
49131
25682
84943
43093
90209
46034
53698
40478
76485
35941
48715
52013
48317
43428
38693
50719
45312
31924
40183
49652
42168
35106
