1808669
2372290
2000051
1539605
2380571
1699156
1203148
1740274
3728398
1343761
1365453
1541426
2558862
1862830
1374740
1332525
1453101
2659449
5846456
1329238
1447378
1853169
1565582
2065733
1698082
1764002
1537138
2178640
1867221
1917767
1583605
1431243
2022852
2565831
2099268
1659047
1540974
1873528
1676167
2107831
2079507
1918720
1730048
1709980
1450831
1641563
1397774
1545896
2038258
2070941
1606347
1568659
1906850
1474352
1834288
1275560
1249869
1770195
1868621
1391157
1891086
1332993
1205229
1321010
5542411
1614088
1693081
1857245
1588040
2054784
1665874
3169160
2075065
1563415
1258600
1293583
1493084
1781065
2052455
2183659
1761792
1666118
1590509
2176997
1417758
1548079
1402681
1560057
1734697
1730624
1210553
3193219
1657751
1691868
1213005
1818670
3331578
1635527
1506473
1331524
2361058
1681827
1503739
1883188
1260661
1582061
1923914
1788876
1887277
3220589
1525069
1795910
1908493
1624914
1471988
1706773
1547277
1544513
1790273
1509219
1717137
2007795
2384833
2695060
3035930
3853482
2818731
3740152
3447839
2429410
2002534
2620911
3190054
2946317
2280498
3160035
4758191
3100650
3169204
2444984
2813477
3102360
2734162
2729979
2794919
3657422
2831789
2738057
4664107
2464774
2651252
2426154
3207942
2695045
4605422
3279454
3260226
3429066
2836431
3002814
2482872
2137919
2020775
2349356
2399253
2051803
1873879
1480667
2050695
1739156
1531482
1356572
1521336
2985028
2380989
1363106
1614941
1596664
1678064
10004959
2826012
2016053
1403005
1730370
1590745
1854716
1910653
1431854
11249190
1877787
1640980
1919216
1675682
1714205
2124208
1804792
1136711
2005484
1925284
2026899
1552352
1624232
1732013
1645758
2350919
1775177
2220878
1985514
2117048
2286001
1968298
3601015
2274462
1755453
2203738
1766738
1396620
3973716
6187257
2094014
2633245
1605312
2587394
2805663
2543790
2170492
3312736
2263807
2622385
2153846
2031859
2629705
2491965
2270878
2274349
1684649
2029015
2587917
2557982
2389403
2192296
2389472
2057271
1976828
2029289
2486947
2319243
1875018
2317335
2043344
1733225
2202853
2248063
2306141
1891087
2908802
2696935
1803037
1822095
1533141
1639182
2098719
1585240
2297621
2127627
1514051
2186439
1882875
1065178
2307084
2326218
3625223
3027082
6294985
3321874
5995758
4240227
4539183
2753144
3008829
2187259
3047696
2667899
2381994
2185635
5295802
2866734
3424734
3306912
2810897
2773117
2971644
2870450
4795401
3363242
3127571
2618994
2649911
3488747
4259186
2995935
3064266
2733908
2806923
3025390
2703224
3070455
2623525
2864413
2874821
3178589
3272716
4080781
3824541
2484361
2092915
1904420
3599964
3052519
3125337
2533438
3342269
2526828
3575673
3301166
3184091
3347036
3285129
3390296
6428728
7348745
6574761
10713630
4358903
3932772
4730161
2817486
6246276
2984201
2550345
4043959
2112108
2763656
2687482
1912418
1777094
2849318
1912858
1646229
1788932
1882683
1531350
1710438
1192468
1402119
1863450
1785719
1446093
1504525
1763824
1014502
1705343
1942324
2054387
2208429
2005714
6194597
3361564
3587262
3602290
3460471
6059330
2821725
2208559
3185787
2603833
5305481
2714280
1753677
2995819
2059772
2206556
2118437
2790794
1552700
2293118
2521325
2273157
1793936
1826831
1933538
1769902
1396417
1814807
1672481
1882204
1907546
1378380
2285957
2197732
1694052
2328480
1636237
1883729
2884142
4308573
2836945
3622009
2939701
4863642
2915920
5090551
3375919
3786738
3986521
2914742
4314414
4195783
4385512
5134107
4450700
5462041
2302641
2456066
2591036
2266875
6456356
2478266
4007699
2284824
2408482
2518342
2354360
2753107
2719966
1522001
2498095
1982088
1933737
2066219
2053254
3300999
2456601
2358677
1793765
1792508
1417197
1896150
2258911
2591418
1862848
1718597
1951934
1893160
1620998
1971960
1517373
2067957
1623119
1608901
1370981
1888516
1848718
1300732
1487124
1246453
1960050
2080096
2291612
1999321
1937523
1359139
2112621
1686799
2970815
1745920
1686714
1426590
1825817
1887913
1806680
1813261
1877140
2129775
1945948
1823833
1872039
1965850
2005747
1449999
1456428
1776928
2463467
2875946
1569206
1704561
1642946
2190400
2212377
2047254
2181669
2218539
1908169
2370930
2205662
1659644
2162920
1901523
3022056
2769866
1861066
5918367
1691183
1982533
1809315
1570895
1966920
1963877
1734091
1837571
1907936
1808177
1935181
1813346
1615715
1369247
1488464
1812303
2311225
1961645
1689028
1928426
2439484
1247509
1604279
1241603
1589384
1763808
1263522
1585550
1857243
1510803
1251513
2591147
1782786
1448195
2054210
1324818
1614509
1689496
1876752
1491452
1559785
1586271
1338375
1874150
1951313
1534918
1835412
1290250
2283273
1672998
1544086
1975041
1225415
1664615
1829190
1332847
1674488
1638250
1257968
1391736
1839165
1911990
1424756
1796883
1611801
2777683
1749812
1649194
1640339
1847953
2020516
1765626
1655542
1777924
2029982
1999325
1937853
1760175
2437782
2201846
1845227
1758688
1283294
1252090
1900790
2385641
2481562
4051719
1304631
2178493
1513065
1608994
1565274
2212456
1737962
1612571
1667469
1762389
1612535
1939430
1828068
2010364
1534791
1898254
1350989
6491166
2223216
1560275
2117092
2297535
2220362
1574456
2002508
1940189
2085103
2013712
1750553
2018176
2096346
1900918
1410145
1226671
1784470
1290675
1608389
1931411
1415365
1837250
2105017
2572235
1936427
2961080
1566860
1521995
1587961
1819689
1347223
1659161
2544989
1464887
1852286
1526448
1690390
1320638
4599058
1554957
1410797
1866983
1902112
1962152
1714067
1975952
1276293
1603012
1280345
1724351
1818963
1361063
1724960
1342276
1735488
1160455
1245444
1543380
1386407
1683341
1217301
1515105
1745207
1840802
1824738
1413353
1426228
1467527
1496845
1594632
1640466
1571016
1543163
1357411
1721428
1223622
1502998
2124323
2531648
3293206
3137081
2064648
2946757
3241074
3520058
2270695
3195567
5905319
2607307
2169732
1803555
1559781
1582200
1406350
1999839
2144009
1266168
1747220
1782544
1363633
1959081
1845050
1271237
1446704
1534772
1546217
2521104
2023659
1914716
1661467
1994463
1700626
1484065
1869933
1487933
1386747
2008559
1353703
1644317
1789633
2062497
1771586
1611203
2120396
1855934
2227022
1958047
1886420
1575698
1790536
1862028
1710913
1325122
4192544
1369412
1504380
1579346
2013983
1393205
1757208
1914342
1591295
1582103
2080764
1309582
1819615
2072267
1993546
1739783
1787631
1982190
1784315
1515670
1598129
1303827
1984612
1266133
1312191
1617981
1581145
1555924
1685480
1672778
1423262
1789529
1483050
1761917
1737219
2973272
1471101
2241161
1559347
1846864
1522758
1291202
2231391
1894605
2053889
1770997
2001585
2181983
1484259
1768179
1865509
1772594
1248393
2159337
1862088
2191155
1336519
1518834
1750979
1910458
1755235
1414163
1459783
1254484
1915569
1945237
1672352
2522750
2991546
4284156
3685386
3481849
3029690
3110759
3573500
5004130
5489574
5654995
4177141
8020959
6311755
4053318
5089662
5067685
3760562
6100428
8073595
1927765
1887695
1799917
4293725
1548671
1398649
1731685
1567749
2021412
1654129
1580366
1874211
1734735
1900550
1888139
1786478
2449075
6367900
5474217
5759209
5049922
4676287
5085641
4278618
4370900
4750670
4663405
4386820
5731210
3847416
5426509
5021811
5900779
4116544
5727689
4690089
4875230
5315678
4839366
4102459
4706856
3791961
5572076
6599802
1489959
1483765
1922638
1287548
1494993
1532713
1965298
1777900
1419617
1785202
1476159
1347146
1223453
1826227
2387632
2672311
3173043
2306607
2041195
2519664
1387511
2015658
1466536
1504556
1988493
2462514
2049693
2095422
1604380
1989986
1679802
1402685
1424109
1261934
2149250
1795636
1937038
1507507
1450034
1815914
1438310
1572584
1437334
1213520
1782954
1716646
1851057
1732368
6135791
1954928
2428910
2189307
2731699
2620052
3492565
5952375
3130976
3797690
4833222
4595666
5699014
4508301
4973644
5250690
3754952
5194530
3624428
4398839
3454724
2153771
2657633
2431388
4612088
3835494
3485094
3951086
3114808
3385937
2886529
3777224
4106865
2609218
2352856
3099538
3150461
2510950
3790726
4271500
2526474
3637180
3146654
2711753
2850200
2435457
3349505
2123014
2761177
2187483
2854799
3349033
2788666
2049011
2072732
1873432
2487421
2875583
2465137
2060240
3220971
1793299
2644338
2254978
1988198
1847465
1871921
2805202
2170885
2412580
1639735
1404371
1398210
1348854
1767957
1577951
1958114
2462461
2735561
1778611
2232755
1927076
1680658
2247549
2926245
2004168
2482871
2376520
3676910
4245540
3489027
3686546
3248808
3036022
3877346
4744051
2891470
3401199
3787480
2800453
2920137
2845309
3489809
2911943
2813996
3367075
4389871
3888342
4089706
2982369
4917614
3225937
4614931
2858165
2863635
4018511
4197364
3778423
4162305
3964407
5243544
4075865
2904618
3164184
2878118
2963645
3653444
3148364
4030413
4395825
2832382
3435436
4866739
2771688
4266158
3043547
5327043
3499096
6105478
4335169
2394526
2966599
3977075
3140479
2158476
2110995
3271469
2177928
3581040
2371084
2169366
2990733
2186583
3163257
2492155
3350422
3314392
3316123
2920708
2329948
3264187
2215179
3425392
2161332
2308313
3507948
2597877
2418448
2240483
2418437
3413326
3281412
2538119
3268537
2666403
2773842
3010100
3095492
4396516
2585305
2260376
2009787
2630741
1934086
1988143
2299674
1977140
2353570
1592784
2512270
2226141
1757942
1805910
2054918
2043457
2120980
1889358
2446895
2337006
3613817
2105099
2645954
1861076
2466768
1865234
1577738
1386843
1666005
1272950
1651212
1237213
1300073
1343234
1843054
1512472
2074928
1824109
1813596
1528330
1981342
2718052
1273986
1756622
1438023
1822345
1257485
1864549
1743240
2365966
1300373
1526881
1331951
1222902
1645277
1432209
1229059
2054032
1903100
1822133
1970118
1495621
1330840
2077647
1680603
1420557
1868428
1563325
2135796
1738985
1603522
1295600
1658793
1396937
1378053
1226210
1193380
1231321
1282333
1684610
1277833
1343175
1651879
1711955
1879606
1257193
1293154
1249598
1534333
1639243
1299648
1993913
1828482
1526059
1560727
1782157
1324152
1546609
1891639
1197702
1953345
1304819
1964302
1982628
1880585
2037218
1764288
1984884
1414261
1885946
1954949
1762015
1498200
2563986
1934725
1735161
1271881
2302391
1432841
1387999
1617142
1952800
1528213
2117113
1400009
1357942
1581503
1417654
1307610
1329353
1648827
1788949
1869057
1669156
1404655
1247451
1709806
1466060
1877850
1861833
1453629
2425368
1663445
1680629
1599831
1427086
1188605
1448202
1616968
1236192
1887696
1572043
1974428
1168657
1245872
1463867
1558624
1483460
1287275
1526148
1715470
2127985
1936450
1531453
1199974
1433515
1925943
1460872
1446283
2393382
1213858
1180970
1373341
2402644
1822167
1181917
1781101
1193089
1770955
1487173
1999359
1335557
1333378
1936024
2082965
1938849
1609877
1681026
1590284
1709500
1876467
1648255
2731093
2079861
1871539
1931549
2727867
2544864
2745501
1993605
2040340
1719086
2130868
1769137
1491172
1539295
2350324
2054939
2357149
1442507
1426812
1560947
1899566
2047936
1260000
2081627
1994259
2210444
1648062
2835877
1750648
2732944
1482067
3042543
1425684
2289395
1488128
1927249
1914379
2057857
1491343
2122593
3141754
1981988
3485138
2930609
2217152
2468483
3114108
3167548
3733710
2832527
3207465
2673090
3593548
2359983
2810247
3361852
2239433
2944852
2588427
3615622
3941156
3095862
8856164
5409699
6694326
2858791
5474177
4548852
2591880
2653185
3883977
2268883
2466884
2638546
2693030
2664552
3100840
2235449
3489260
3680196
2815807
2015122
1838894
1856236
2641800
2264028
2825979
3517024
2838788
2522097
2137937
1796186
1797254
1457128
2338963
1360539
2197261
1436631
1575683
1414533
2721021
2202739
2003480
2296662
1781653
2013968
2059732
1933592
2901030
1946884
2335979
2162883
1737756
1682733
1341861
2036467
2079490
2464103
1899032
2053783
1940023
2127381
1836912
1388595
1971014
1436723
2080501
1960687
1500117
1750013
1955168
1903810
1589056
1543061
2033745
2412728
2456656
3440366
1999138
2075217
1441419
1763945
1975056
1813356
1511708
1428547
2204800
1339193
1348297
1852105
1687303
1904943
2187037
3090011
2380401
4344361
2600115
2622571
3267102
3450772
3210331
3855764
3875683
5183107
3917960
4866088
5462693
5012474
4621811
5766011
3775205
5673716
6187781
5520025
5046814
4256544
3560121
4570456
3619440
4353346
5974503
5099158
6911266
5942691
4471411
7514825
7110600
4737984
4400092
3647382
4702958
4864829
3969382
6324875
3599435
3495825
5023484
6781380
4321273
6518125
5829513
3142857
4753731
2941970
1975364
2092423
3607635
2394394
2141246
1451048
1672906
2058731
2018269
2035375
1843060
1956951
2121811
2123305
1927665
1493153
1540739
2800828
2141702
3235887
1805891
1650813
1536526
1346489
1964488
1965183
1564828
1313548
1602645
1836745
1413967
1468523
1589845
1834134
2564590
1746559
1446328
1938137
2065187
1622328
2136663
1353660
1616172
1621041
1688337
1743866
2105304
2077461
1515071
2049470
1643176
1995155
1435501
1892006
1260764
1625449
1821920
2261381
1255547
1357632
1579126
2000421
1371536
1878066
1698809
1442156
1231427
1517183
1567944
2023447
1509491
1870894
2004312
1817885
2084689
1914313
2524920
2630014
3353128
2939012
2757087
3350897
3293432
2354977
2386992
2648833
1453288
1554656
1812450
2320921
2406756
3183193
2701157
2030029
3064305
1524883
1883312
1265916
1865009
1486564
1217442
1450932
1083445
1381284
1513284
1805215
1224389
1808290
1537378
1327191
1527900
1539587
1705592
1609453
1320607
1749543
1898197
1857932
1802269
1839526
1588069
1655626
1897755
3342818
2104323
2190661
2792139
1606977
2055030
1625470
2171993
1735532
6903867
2296302
1702942
2273536
1807111
2349564
1660150
1715512
1665451
1632424
1938166
1355531
1404382
1919362
1663465
2026367
1698957
1859178
1759659
1811669
1439167
1690894
1187520
1762762
1507016
1973678
1854646
2155686
1549738
2640324
2264055
1588530
2898786
1781787
2234363
2095747
1953279
1661937
1664482
2361689
1734142
2300069
1669282
2424513
2761255
2625001
2304140
2856266
2978580
4058102
3380152
2856875
3054392
3894640
3062609
4576677
3208222
3995990
3912661
3364456
4468094
4259792
4323734
3634453
3686842
4723837
4020240
3584397
3141690
7028968
5979289
3103638
2508722
2791084
6338003
6632716
4183039
6266627
4885259
4661906
4816519
3716362
8863974
4454517
6040551
4230178
5914899
5132009
7295883
9741556
7759631
6545192
4930723
1878137
11625680
2932274
2713330
3088773
2560769
2801603
2430661
2811094
2744136
2350780
2227474
3164469
3004110
2602159
2561378
3016210
2352716
2099912
2787718
2270323
5210655
3023694
2869526
1635920
1881048
2581200
2379876
2656677
2413051
1814568
2022031
1878972
2655330
1985206
1709289
2628702
2765498
2301533
2286626
2559440
2494770
2110890
2420313
1869563
2522674
2161114
2003098
1686810
2464312
2614647
2973163
3449351
2172689
1611901
1728587
2139671
2855785
1587900
2001357
2206141
2085411
2108928
2263094
1761570
2454200
1741574
1695319
1936058
1911810
1817153
2505348
2502378
2530707
1816778
2570919
1799268
2464053
1635195
2256443
2400252
2338291
2663459
1649228
1842820
2197584
3311521
2542713
3087566
2371882
2467725
2186045
2737507
2371510
2367150
2794043
2091338
2470038
1767596
2748351
1906389
2761747
1916450
1912464
1929079
2184505
2686624
3681449
2680566
2611378
3001109
2878653
1835263
1694923
2510902
2285555
1850805
2298001
2088634
2374597
2119952
1477376
2094492
1954389
1594151
2463801
2400280
2078642
1793685
2435028
1858421
1947345
1676488
2003958
1552517
1668384
5304407
1509084
1780174
1933154
2297659
1989864
2334166
2035978
1910154
1581220
1958358
1998683
1992614
2052496
2118478
2143416
1604284
1982189
2137322
1525695
1869924
2013868
1968932
1602539
1686692
1857529
2202015
1948122
1997232
2326868
2709729
2389676
1885653
2413803
2570089
2291471
2069635
2721700
2807896
2222793
2998279
2494955
1823122
2676919
2667135
3378666
2073481
1861075
2279170
2520943
3101210
2143329
3462383
2650460
2492382
1884472
5383464
3809332
3403550
3529527
3426597
5094706
4343972
2714145
3980313
2528428
2827785
3859457
2926877
2747177
2958292
1412060
1848757
1883112
1588901
1660470
1689177
2249337
1593023
2089083
1572676
1794013
1497804
1435955
1340743
1508543
1908755
1431210
1272531
1183333
1697272
1828217
2185895
1384954
1591849
1136255
1671959
1102320
1451123
1379239
1502999
1432337
1169248
1740862
1301491
1429721
1765908
1549666
1658428
1083814
2061832
1293469
1855714
1426686
1921596
1452394
1827669
1377400
1746436
1715499
1581197
1033178
1786421
1224189
1762470
1302052
1601489
1760769
1275919
1102422
1266911
1996676
1546794
1707142
1790200
1449502
1489999
1274867
1276967
1268630
1214676
1786184
1436737
1354969
1355087
1847977
1445900
1251154
1188151
1555821
1696734
1530841
1671342
1224889
1660849
1749932
1988160
1707204
1445955
1155561
1413673
1600765
1465599
1426646
1581215
1759991
1319514
1754099
1695867
1651018
2020588
1661492
1490963
2410312
2189759
1851152
1652776
2330370
2118248
2393778
1664547
1453635
1456962
2057362
1697817
1983832
1223047
1669323
1854432
1668286
1190372
1589885
1763662
1657351
1294525
1786047
1065929
1521815
1885317
1404292
1723524
2690602
2558431
2675882
1363185
1847649
1750909
1768066
1976998
1359338
1667287
1755605
1480747
1692072
1927359
1945334
1993412
1573189
1538722
1693960
1867579
1339247
1451766
1433553
1800709
1358203
1661640
1688954
1680074
1722403
1773346
1614851
1609176
2002029
1496105
1716730
1665632
1920516
1339003
2030738
1163414
1700690
1655985
2296273
1895301
1978281
2455765
2201685
1475884
1875915
2058406
2676386
2530044
1749157
2190553
2076613
1882666
2320286
2410640
1920876
1756543
1831913
1737491
1839294
1718495
2265066
1998193
2492487
1620149
2450931
2495991
2171036
1861162
2172369
2299131
1509551
2286659
2824995
2347445
1714256
2179110
1679607
1954696
1821828
1731163
2631206
1882573
1897733
1810088
1964113
1584904
1999038
2527343
2131538
1869631
2206599
2128157
1754574
2191957
2060221
2343362
2385795
2667191
2510545
2249535
1741492
2108092
2035816
2595724
1523684
2292341
2055400
1836489
2014992
2227234
2269418
1863829
2093258
2261893
2830043
2116561
2222740
2515064
2572403
2257579
1953830
2555897
2079955
2502078
2689949
6810238
2177275
2414164
1708707
1839899
2046359
2433253
2664582
2162974
2425950
4735800
6600611
5521335
8644309
4273954
7879912
3952578
4568998
6388172
4779369
6442058
6504547
6052634
4839911
4333808
6953136
5340471
5044694
6277871
8034342
6051561
5401394
4955451
6707664
5263836
6987769
4221939
4465932
5107993
4565785
6130963
6736910
6982628
5322462
7071603
17620851
5813446
6327411
5639094
5999148
5903803
7745500
6371805
4981181
2761568
2461552
4090413
3716098
2836825
2941062
3568396
2635621
5324796
6559391
7516181
7123688
5777295
4489087
5615017
4897868
10048669
7999858
5435622
5413955
6849931
6827983
5641506
5613191
3786725
5269172
4415539
5334148
4104093
7094866
6323480
2733570
6256264
11625136
4336901
5907980
5438895
6817109
5553069
6743535
10663796
5929844
4282228
6263688
4641732
6026034
4899366
4559552
4725302
4515193
5993490
5940081
5454894
4956660
6920614
6856897
6786288
4685748
5285323
4208323
8356204
8530916
6254777
5752587
3819234
5840229
6319281
5071623
4366190
4939550
2856985
3596346
3538963
4288006
4138626
4094394
4047159
4150006
6197747
3862608
4085866
7024981
4694400
3345128
3907632
3943455
3174326
5536397
4684767
6669818
5873101
12775958
14130686
9300431
4512516
4425652
6147679
3925373
5940187
3560231
4275145
4482487
4862159
3604669
3495521
2751100
4276201
2004734
2516762
2305363
2212324
2082031
1440668
1389249
1983295
1511830
2239325
1470524
1419919
1207851
1453131
1342738
2086347
1695571
1221776
1675115
2190147
1284893
1771304
1344571
1738714
1922696
1820437
1396845
1593092
2226784
1482205
1755141
1642757
1525198
2198730
1240370
2225975
1365556
1570169
2132345
2214760
2337944
2496038
2711782
2000792
1797080
2267251
2625427
1914075
2154741
2263481
1524610
2003012
1910237
1573208
1183164
1162684
1521985
1207766
1202645
1250090
1466633
1443103
1368564
1697447
1766969
1785402
2148086
2089612
1206653
1215769
1342642
1251988
1394823
1701502
1744954
1607221
1754228
1400715
1314852
1702204
1695342
1513142
2126083
1181253
1219464
1797607
1543615
1667775
1083900
1812360
1182263
1439865
1634832
1513059
1174919
1712315
1242840
1196413
1675423
1616386
1851304
1475547
1499888
1769562
1393725
1568209
1375330
1667990
1335149
1313919
1349225
1564907
1677380
1696288
1600767
1107511
1641518
1599432
1457971
1420620
2018427
2441635
2229382
2346675
1819660
2136758
1553441
1764278
2148732
2189935
1690161
2315212
2134722
2595679
1618012
2176478
2685327
2250858
2320264
2013012
2319651
2047496
2290024
2272702
2140533
3186362
2311958
2003258
1694720
2126204
2274889
2314126
2077587
1796039
1515900
2039951
3307216
2259216
2138189
2139326
2547392
2031503
1704861
1549148
1637214
2496690
2564978
1632503
1953946
2297550
1802413
2164475
3444372
2622327
2409635
2180625
1553787
1664633
2310855
1966304
2222260
1879959
3030874
2293220
2545623
3115076
4844577
3001005
4829746
3996115
4421923
5266766
4965262
5180212
3685151
3713980
4506616
5178364
5930790
4776941
4131171
3913701
4223039
4341808
8198919
7060660
3185357
3819261
4356899
5660615
4406958
4252103
6317523
3953597
6335104
4218095
5777762
4159436
5225991
4452472
5271807
5050898
5243640
5495428
5293632
5279061
4271099
4942651
5780319
5514010
7437843
4187336
5027670
5761741
5711488
5689490
6433007
6599087
5733833
5940350
6519471
4741239
4456165
4391152
5055882
4055093
5211502
4251815
3860672
6649822
3937250
4788650
4277846
4320951
4355654
4368616
6176388
5396045
6720063
6255214
3937926
5571520
5993351
6904279
3555883
2412787
3941163
3079237
2032088
2773579
2063013
2622221
4603621
2592906
2836437
2347162
2504987
5022377
2902934
2270605
1885552
3001803
2859143
2887192
4532579
3835378
3379065
2557315
2090207
3377771
3119505
3504156
2496339
2450956
2540393
5112510
1742745
2043213
1851383
5523149
4706416
7066161
5733807
4924360
13949636
4565360
5232916
5405248
7288386
4607058
8508107
4276086
5668514
3914507
4878833
8291435
5752353
5464395
5099567
4110128
8335557
7995115
6867949
7430936
6951597
4977789
8949613
6673674
5431986
9432598
12103521
8841797
5748299
6715177
6571875
5895491
7227143
5294762
6095274
6258320
5292483
3760643
3797370
3129978
3730123
3150100
4013559
3726832
2566308
3141794
3726108
3344986
3480391
2867541
5362982
3086223
3441672
3873067
4280043
3256550
2985675
2882555
2692468
2844149
3366324
2725817
3323090
3666360
3965144
3419371
3645225
4760098
4212543
4611337
6573081
4789621
5722226
5473467
5682799
9673540
5087530
5971314
6030335
3183395
5130793
3453409
3600376
3056562
3469526
4572870
3881329
3022082
3509416
2814433
4841671
5442933
3710892
2779898
2418518
3434923
3010468
3837936
3643424
4752756
3388947
2921700
3307945
3320569
2451137
3575031
3157429
3100570
2893955
3198332
3165187
3559405
3291588
3449333
4076910
2980172
3208494
3860532
3679884
4640076
7417828
5506981
4311759
5107294
3870636
3696480
4432991
6103758
4743866
4584986
4182310
4220369
4118573
3703133
4880010
4980700
3410223
10399082
3172949
5288273
3697024
4496016
3335099
3088073
4884000
4960423
4800928
3876304
6202392
3369261
5415294
4502800
4322235
3829806
3383944
5273472
5001978
5317549
3922878
4153964
3878699
4950584
4904298
3527276
4980507
3680395
3212141
5778350
3873866
3367960
4933837
4103069
9225153
5215743
3464935
5652539
4996794
3215793
3610179
4946779
3069372
4082287
3241983
3648709
4104655
4374901
6158110
3457767
4985605
3605441
5048284
6897413
5422901
5346443
3939749
3886692
5889247
3724410
6084872
4593794
3692054
3400061
3789353
3650918
4062749
4828594
4768522
3961744
3895407
3620229
4281916
3691697
5553248
4030876
4866525
4167701
5250060
3549303
4303522
5045419
5048687
3547342
3622359
3441695
3533754
4769689
3583407
3664617
4844857
3566089
4065609
4078719
4154997
3625636
3113179
5819532
3831433
4458559
5354821
4252177
4641778
5762274
3590200
5562666
3735045
4067790
3212500
3133108
3503173
3928410
3772183
3486391
4274048
3984581
4212200
4553641
4921793
4164344
6186334
4334249
3490509
5302836
5226849
3458229
6731618
4402146
4681203
6303866
5156976
7780934
8908589
8331404
11028874
10517940
9841532
9342669
6599218
6970203
6822965
10494115
7547563
10499217
12223996
7034977
9229465
7446640
9218763
6431089
8262130
6415735
12654223
7302463
7953618
5647803
8384230
8000593
5613396
9696935
9215150
7708110
6391949
7330956
11393317
8115450
6165175
10828323
7215548
7949060
8876080
8405786
20505989
8125356
8611121
11343086
7529518
8194014
9035842
10816833
8174510
6557925
8256672
13665388
6556381
6629764
5430210
5580282
6225069
7191638
9614252
7418720
11110167
9612894
7542198
9550225
10585074
9641955
9892837
6420660
11034461
10961956
8375375
7352280
8593177
9138540
11890136
8014766
11051763
10319560
9271685
10524877
23751669
9285574
7585621
7904741
8430519
14229442
9312128
10537911
9900571
9202396
6606532
7355340
6932357
5924205
8076383
8162987
7694147
8572540
7460303
7820821
8316363
5121267
8340309
6002923
5677969
6982929
7872614
6908692
6035237
5833143
7459388
7082668
7408075
8159695
5611639
7398809
8507431
8857850
7647330
13170910
7933101
8605217
8487737
10204788
7830924
8629535
10717987
8730950
10435019
11372816
12257529
10360832
12662957
13270018
11070110
13083770
12390149
8929110
10426679
11315856
8805098
9534342
10530651
8309098
7137233
9078182
9806279
8675259
9432200
6300708
7527437
6413501
7123618
9406640
7976597
7421446
5371598
15990350
11779912
9456871
11358406
9898104
9947272
7217233
11150300
8935204
21177644
7360318
9646566
8815972
10049870
11749311
17028295
6971834
21526482
8496447
11044782
6072274
10495136
6961356
12927555
9833954
8014259
8423636
4894642
8652471
11371555
15520554
12186797
7351763
15650511
6513254
8931379
8057337
8424864
16096148
7455956
9370524
14607972
7861000
10678236
7277299
7318951
8281983
7891173
11698159
6846831
5112914
4681306
6676151
13395249
7297804
11212226
7999091
8756961
9640716
8101152
8233907
15099391
7545445
29589573
8969079
9845984
9587616
10685461
6132084
9252168
9588171
9574215
9517762
8014654
23974388
7110468
7607085
6461850
11820814
7223836
8966485
8751920
9803366
10673115
10585057
8916034
8060458
11637143
7345955
9179019
28107676
6465666
8626288
10746794
7014276
11197264
11224928
7242934
11444258
11136760
8789991
9152027
7592461
8127975
13639205
8110715
5983762
7757529
8174798
10826284
8982611
11394102
7562541
8799413
5552020
5529847
8521914
8519204
6943369
7395284
5983606
9154618
9264244
9246667
4489614
8253181
7556725
11614753
8665517
9578959
10235308
7654327
10293784
10713815
7307129
20621393
9054412
10422467
11409128
8621154
14901425
10572362
22199985
10424766
10883146
10190658
15930042
9009413
13425215
12077123
9137927
11729995
8785940
9316101
10920746
10389300
9213707
6657635
9682396
11161926
9634003
19414435
10935514
7901565
11227589
12029160
8248453
11588347
8409136
9791801
8723302
16702804
6241865
6312196
7556876
7088870
6821323
8033559
6271383
8191594
7853482
6873452
10973149
10318238
8220892
8072255
15824884
8341994
11734299
10270934
7898060
11958878
9780338
9994821
10617995
11139873
9748673
8790251
9774319
7584747
14644709
12633382
8537237
11583899
13892608
12020563
14110227
13952863
13781019
10303116
9792681
15657737
13595512
10471889
14763599
8056949
13646493
9406364
8405336
11347169
12636254
12401938
12797307
7987737
11160160
8985853
7246944
8198902
12020727
9923119
14046979
21072545
15638335
8077298
7608250
9159029
14993230
7418943
6921866
10123278
8767088
8516379
10231372
7605969
8902855
20310236
6133708
8045591
7394433
7871630
6372665
6453942
8299841
9057380
7603499
8576430
9314052
6528507
10097420
10691468
10669589
8336806
7857358
13961879
8110758
7236362
10012906
7938018
12219968
8718693
5980882
6636203
9326809
8224754
6509640
7867659
13113188
16556601
8011795
10904539
7690245
10117826
8795806
6511785
6942247
5903926
6346299
8553849
6113666
10459275
6580958
8055482
9236154
5951871
8424160
8482605
6844072
10658804
6579294
11035936
8260408
7731855
10734023
8454019
7551071
9729847
5324824
11045217
8211993
6105443
9336501
7703944
8951704
9560720
8170799
9152212
9350797
8667541
7405648
10505712
6460802
8810356
5749222
9209385
9159639
10476787
5668275
10634982
35000741
15923067
5690746
16565574
14360336
9403611
8848435
9651948
9465916
7796601
7629865
7523432
7177809
11405841
7477111
11996335
9891890
12443708
9694376
8508416
12193730
7925478
8993381
8039114
7352527
11057945
7192575
5820750
5350104
5499351
8237269
11145047
9109543
14548843
13832186
19308943
20183456
18512202
18858009
14922141
15518261
11210935
10836931
20819401
16902530
19822668
15579486
25812024
10866977
13457532
11486994
30517254
10244597
8058329
7802588
11221831
4579642
6901412
7213279
19010748
8686637
14349937
10881897
8572411
11643766
5290303
8681054
6583983
6119693
7861630
11350650
10200936
9097038
10484948
11680442
9412620
6014393
10500446
11255878
8522024
16168455
10354530
10555644
18184188
13308479
18090773
19416390
16897133
11889594
15540613
13205412
10938898
8632906
6286289
7382804
5985069
5161069
5458312
6330064
4421622
5923434
3970612
8044099
3630212
3768198
5242312
2280446
1915727
2024724
2276106
2605449
2482126
2739737
1785752
2033916
2536026
2221476
2483526
2662417
2176101
3761998
5043942
9021517
4149746
4250700
4929640
6153465
7619758
8280003
5945955
4884023
6248567
4966228
2280495
3298515
3938439
3916123
3438178
2294210
3661015
2344886
2752212
3861606
3926218
4683039
3434598
3545893
3516713
2466106
2909075
3514401
4014229
2791674
2947884
4728788
2931531
3266859
2929683
3562760
2883459
2989422
2399340
3591620
2817781
2416282
1687302
3313965
2578424
2319125
2953942
2304848
2980942
2851193
3433821
2143394
2812544
2152813
2246386
3162661
2900041
3315669
2813016
3262987
2353407
3694327
3041828
2822762
2796280
2170223
2392736
2728086
2164685
3247677
3313490
2962977
2097924
2720178
2203921
2670827
2698714
2290444
2530371
2160366
2919538
2114573
2880420
3755908
2776627
2538841
2826505
2182745
2945063
3201317
3087622
2759415
3500515
2757219
2760168
2984934
3755706
3340825
3458620
4472525
3480220
3140366
2089095
7899718
3839194
3729589
3714588
3008210
2839662
4070287
3744962
3896014
4036697
3071565
3473215
4113014
3419149
3953640
4298484
2798844
3060793
3360807
3292500
4239644
5829339
4365851
3448348
4029426
8628114
3297967
4962100
3191261
2625564
1964956
2582569
3061335
2832415
6947240
3913784
4239875
2378145
3509927
4170130
3830146
2803465
2859388
2961629
3773853
2139291
2676300
2024257
3829949
3955402
3736613
4096086
3593275
3185513
4705646
4236733
3215367
4100686
4538373
3216976
2871511
4498678
2357430
2548477
3161076
2908593
3203978
2810220
3473403
3214444
3683304
3297870
2478071
3212162
3145241
2493892
3166256
2590133
3968422
3112129
3665668
3421559
4292540
4252787
3227654
2928893
2930103
2673191
3485551
1952655
3125427
7164889
2323506
3376946
3541058
3944302
2718366
2874900
4212518
3373154
5549282
4284731
2155774
2313107
2037871
3182069
2749493
2758976
2742431
4011344
3943445
4018769
2929018
2272223
2855213
3986002
3797197
2901667
3576057
3190700
4743685
3715986
2992951
2640234
3952550
2658865
2721002
2506034
2755015
4551446
4013524
3982475
3504166
3020337
3429269
5438981
3290201
4399268
4174026
3163742
4323259
2991682
4318096
4595283
4673364
3619405
3141962
3071331
4778066
3693396
6115540
4150468
4636296
5269168
4339115
3246047
3992008
5038377
4065217
5545207
4759055
5257202
3985984
4146072
4080960
7613340
3346594
4389693
3891114
5149759
4383460
3502730
5496813
4725339
5102909
4794075
2860021
4951516
4098642
8440938
2928386
4395347
3966853
4864629
5359212
4948818
4138585
3712850
4668196
3457721
4925014
2734368
2933676
4801699
3261724
5130825
4570704
5591686
4132250
3082904
3224128
2962874
5403270
3792163
3083745
3006042
2835784
3184972
4108502
5963897
3929602
3705481
5601049
3810511
3901453
5562772
4352027
2960481
4382068
3441320
3322458
6910388
4368600
5113502
6143681
4306640
3389581
3241221
2849375
3984478
3734765
4868469
4849400
6215694
4757670
6921559
8285617
5089293
6148299
9948533
6724620
8119252
7008477
7067975
6657007
7122905
7263663
7337600
7574773
8294182
8135756
9336687
9115657
5788783
6537791
6772905
11669010
5046319
8160039
7472479
6092766
6989299
6093896
7125524
5757605
5609389
5632767
3195211
5246250
11247035
7575836
7787953
9956753
8947350
8778350
6815217
8941291
5072331
4948622
4673040
3771113
6999570
5090322
3671700
3733195
4574939
3431391
5155475
3603613
3514258
4137774
3135255
5280609
3664887
3804949
8748100
9588622
6849862
9744187
4018756
3614512
4357807
3101030
4392602
5027364
4735319
3777163
3443991
3346686
5561614
6051623
4881855
4344858
6200231
5134440
6311703
4325780
4136427
3753137
6545670
5882718
6285359
4764067
5336729
3841975
4040851
5630277
5323579
5236472
3983165
5330580
5765893
4428929
6733906
4685962
9556093
5681375
4282894
7761826
7209756
8256174
4460532
5667201
6286212
7004815
6737310
6479966
4463421
4426718
3900962
11460560
7309445
6944328
18704894
8197096
8533857
8430950
12332652
6473986
9833045
16238687
16019243
14429208
13485674
16455291
13643147
14276743
11648632
16575239
12151635
18786345
19734590
21790866
16538595
16396988
11572416
9791927
9348137
15886132
19393938
17021383
14888244
11661348
14182777
8388867
11192564
16682131
10414090
14589541
16055973
21893584
23387642
13695370
18749697
21728736
12104235
8531544
11531935
13270503
10153096
8630608
11944361
14025001
7570474
8718856
8907601
9909928
11236877
8205708
9081697
12718552
14260146
17617815
10083470
9925811
11965492
16201219
12268821
17909990
12485218
12490190
21673435
7588700
8383321
7711088
8213086
11287120
8563276
6949612
8209021
10506781
6861015
11068962
6012435
9127671
6263401
5143895
3961243
3132519
3094150
4648715
3824764
6363337
3728191
3723503
3063167
3444600
2599978
2561469
3500765
3147553
4979263
3396474
4869211
3769118
2545176
2505493
1918393
2688598
2938375
2455220
3359490
3888997
3071287
2495595
3019308
3289438
2106709
2900830
2404685
2307169
2361046
3121695
2654102
2359741
2106246
2195141
2080551
2021777
2316025
2574062
2355863
3708488
3414412
2604432
3233934
2211903
2245463
1283487
1274202
2871578
1564243
2883089
2291385
1627195
1482999
2313547
2041739
1911372
2263797
1854439
2295755
5508943
2398428
2763982
2431872
2673682
1876464
2702998
2319866
2146488
2630688
2429178
1852891
2376461
1721547
2226322
2611765
1815101
2151630
3269142
2123503
2793331
2244711
2849918
2465861
2516419
2401166
2540488
3118030
2430883
2520789
3086016
1390147
2663126
2554482
2037315
1836845
1715155
1837458
2036054
2503819
2962609
2567623
2400120
2664164
2433641
1533338
2723670
2552194
2616258
1754148
2208022
2206832
2633205
2473616
2498856
2326543
2488476
2341185
2309473
2347083
2638462
2076738
2174745
2488294
2599773
1979934
1775737
2101368
1713103
1941343
1794475
1606931
2258341
1830661
1614679
2412256
1693338
2315829
1923904
1565695
2246090
1904579
1509595
2581551
1841055
1528367
1762145
1534270
1771099
1769242
1987237
1713553
1290397
1657387
1344698
1620638
2007855
1995633
1784580
1453214
1321399
1764365
1943284
1639715
1259632
1492697
1383601
1718725
1874011
2026171
1653880
1799106
1760645
1991120
1761547
2850791
1338002
1701976
1735306
1797202
1664685
1699412
1523049
1918686
1461479
1908168
3071714
2838627
1983444
3718861
3178694
2235482
2888597
2118225
2236399
2032406
2166806
1909309
2409748
2112413
2989550
2487293
2588626
2017597
2481061
1962844
1935216
2136493
1866844
1938859
1985193
2477941
1877418
3269137
2346269
1544406
2470912
2279272
5284701
1027256
1403642
1700040
1959731
1570384
1326249
2074922
1837931
1256416
1484376
1720095
1433173
1403567
1440122
1430773
1777707
1359190
1330735
1947907
1574783
1284119
1587044
1791587
2004517
2269988
1460153
1361288
1040474
2069403
1476803
1554307
1316724
1144986
1326521
1432716
1400801
1046097
1370639
1059677
1407880
973978
1030536
1322292
1355874
1548888
1170630
1135215
1369516
1387692
1346143
1247815
1182036
1925057
1182512
906811
1216385
1555834
2190730
1451351
1297351
1612701
1446395
1595409
1392573
1067828
1170172
2312935
1599909
1366653
1402167
1416114
1061064
865099
1306597
948351
847537
1029936
1095502
901896
1302035
1184756
963292
2800811
1372369
926198
1333841
722900
833402
841833
1151133
1248961
954599
772602
1181213
933288
930736
684418
1035809
6321386
798037
1054883
1556719
2377938
2411107
3103839
1880593
1504638
1601959
1859145
2033090
1170989
1561523
2807870
2196252
2493385
2703530
2953399
2721114
2025646
2466212
2887806
2785738
2738278
2437161
3140194
2707024
2672586
2266343
2875159
2562783
2243608
2935533
1986909
3579757
1527854
2723912
2416449
4059808
4691189
3057017
2580403
3164534
1694320
2340409
1269003
1179023
1057393
1617127
1305984
4058671
1491462
1070287
1248059
1311013
1404259
1398665
1012536
1339061
1370788
1218881
1243907
1267158
1672830
2004251
1733845
2222371
2099539
1919082
2255723
2238017
2294032
2077427
1708982
1739474
1877263
1599167
1469291
1249333
1375783
1402077
1048228
1359983
1259811
1517362
1514318
1839742
1425532
1398026
6534920
5652281
4743984
6017345
4360477
3892938
3946327
3308118
4419404
4913348
4331908
3417643
3908802
3512428
3477737
4893284
3365447
3300291
3121188
3441829
10300506
5569383
5306462
7428094
3209086
5459390
6680961
4403324
4934621
4047414
4101969
5405767
6586482
3778955
3071587
3179051
2400237
4038546
2761626
3928406
3675204
3416739
3208781
4227440
3374700
4059710
3882505
4604742
2663475
3529205
2887912
3320384
3353883
2648268
3393321
2882900
5159361
3900840
3548045
2709266
3099813
3740236
4092933
4124250
3318362
3964534
2898709
3052112
3450566
3585577
3097278
3417671
3190587
2602687
2138848
3375655
3189462
2225838
2890518
2470812
3419682
4534699
2950838
3038658
3982548
3272231
2092426
2823024
3134610
2464873
3271324
2742910
3939813
3678929
4863998
2677492
3418246
6140209
6129204
2638631
4019310
4733453
3385780
5540743
4414949
4906138
2860750
3436753
3130394
3887329
3400263
4098561
4160725
4148714
7327162
2918424
4455109
4372875
2822255
2977966
3387190
2658774
2819336
3155529
4259057
4187780
2613072
4262344
3307051
4132477
4015615
2700293
2676461
3630473
4008523
4356335
2627576
2696087
2887727
1927389
3098065
1896489
3305057
4324992
3266536
3946976
2428265
3345619
3859493
3575060
4277570
3393342
6179664
3584621
4514117
3276028
2975227
2623551
4049999
4546957
3525181
3476287
3497405
3067488
4178477
3924107
4337039
2775890
4168056
4084467
5934446
7799324
3727378
2868800
2591293
3094388
3090879
2234398
2579371
2949160
3246341
2237712
3196236
2887579
2387044
3074293
2260664
3154965
2726993
3241089
2982230
3734890
2128899
2449746
2634258
2573351
2449979
2405046
3054796
2974541
4454010
2785300
2470611
2836487
2361645
2336692
2302414
2597127
3488586
2655489
6123397
2468845
2507944
2927436
2006512
2047060
2355588
2992315
3155835
2672767
3732327
2448815
3043494
4981803
2568609
2614636
1923209
2559808
2253820
2233933
2486576
2701939
2659870
2641753
3328880
2121090
3287042
2628497
4021393
2491961
2103958
2607387
2656009
2604009
3334226
2979908
3124937
3824615
3120462
2491715
1689392
1604249
1848636
1600748
1465345
1500739
2397354
2046071
1758592
1982243
1435963
1754958
1537452
2249235
2183712
3354939
2566983
1698081
1443757
1305254
2120099
1884984
1856868
1296061
1921354
1847661
1713663
1812697
1706656
2025913
1834512
1479425
3232914
1479812
1628475
2048269
1353105
1903116
1879645
1689919
2000627
1773566
1952222
1883815
1875027
2036703
1912547
1776075
1793185
1460591
1339091
1898770
1393770
1486254
1752002
1755177
1409796
1403190
4439609
1742083
1495989
1600007
1424304
1301052
1748469
4546887
990889
1019956
2520433
991839
4559247
1463006
1266945
1474498
1133679
1566592
1591475
1043921
1789438
1378196
1317593
1677069
1070272
1071044
1085632
1437490
886675
1234850
1521704
1680659
1265882
1426452
1017928
1414803
1432626
1492943
1294412
2125437
1321980
1132593
1291058
1251425
2219395
3253514
1403133
1217539
1179287
1237783
1346745
1188978
1214430
1290476
1182862
985618
1270320
1439063
3821144
1143579
1737175
1501898
1334037
1220098
1564437
1634644
1321309
1116844
1226880
1112282
933708
1347568
1230701
1257245
1139723
1101776
906787
982536
807589
1194155
1347366
986383
1060665
1086560
896430
794770
1234075
1101510
1010921
1161386
713668
656083
971321
743345
1162481
627024
772255
590242
867281
969915
688483
750650
699338
715340
627132
660407
673355
513429
613502
642275
628522
690123
504937
555043
737969
503927
629592
677409
487625
457918
625617
495701
757217
507604
590525
560318
517408
430050
652366
530591
699125
580176
439166
569091
483005
630582
666359
564333
483086
513404
583857
595408
740563
802809
481512
581264
471247
414277
637343
512055
455433
541280
578188
672854
555099
523001
689783
639224
574413
521896
590936
524143
699620
526878
702397
535804
584240
494939
662246
657792
541929
532097
613327
612248
666461
494434
588207
561172
597888
544424
619489
711800
478985
693836
409459
490285
536670
460494
660346
401501
519323
634684
511395
612633
462278
546756
416406
487926
574866
525095
472441
683596
426045
478701
521614
426543
490686
424367
497591
452125
499059
606177
552368
459748
575277
506022
493952
525864
394066
631384
712454
651523
635501
717894
655558
534888
660017
671571
510579
685201
651188
509766
669022
408305
481675
