84934
95736
156968
99954
97256
130108
100791
140070
108658
129553
116855
114209
130139
132231
85494
120380
90498
91854
110173
97985
118365
114856
113461
95996
94830
101693
111562
85292
109761
106471
84876
148711
125807
105229
89758
120694
89717
81611
117053
110181
140835
100997
105555
96729
90207
113113
101498
91062
89891
113138
94862
107377
104767
112169
109526
125261
133253
167915
83709
118549
102660
91307
123512
120551
110211
120726
141408
136900
114719
112991
93958
106799
197075
97044
104585
112420
137432
100720
128789
104236
156319
112601
115312
109561
106442
121220
108859
109749
124879
91793
130864
82276
117139
107702
95463
98312
138062
100071
115861
125309
114284
102960
130636
109133
100977
86262
102343
99751
100541
103493
105857
120490
92326
107706
81916
70339
101166
79376
111254
103040
99261
115366
108020
121623
151313
114517
127779
123172
96193
99658
102123
103066
133249
131624
80345
147822
81026
112744
114765
112414
96250
105533
90803
133765
110224
90869
115745
96646
109020
108447
89297
102953
114897
148793
102250
94951
110616
141567
95076
207478
74589
103454
105550
118404
110797
91842
104193
136300
78085
99309
121042
120707
105866
108809
93761
126069
119746
94505
94414
139152
103683
93419
93248
116023
163194
111694
121784
125526
136316
98500
107707
120035
106955
120467
110614
106679
87325
109095
115599
105407
126587
104518
164282
96446
165069
94194
104816
109933
95576
87362
110695
124813
123818
100737
101371
97480
95949
126200
118155
137196
74914
103327
96667
102395
109277
120338
107684
84582
115709
107782
114236
1324847
100346
103029
94891
106868
103924
110279
95496
120116
125006
98469
95608
130254
105305
120480
113006
91481
123793
150764
97560
101435
106563
132184
132283
102816
101224
135822
105642
108273
122880
100362
106303
101376
132581
119267
97442
95011
86229
106790
108697
107368
143884
110052
108861
130243
98948
208864
105178
94016
120209
93911
113016
95414
99214
83840
124851
107770
100705
112314
115640
147680
171032
83989
108435
110148
129421
123953
82290
129752
107089
103544
132192
130411
131891
105431
98868
95481
113553
105989
89630
86620
95096
171991
121705
96867
95833
122757
102986
89387
102328
130577
124898
90119
108587
141378
116920
108976
145200
107561
120849
131797
114019
213839
112787
110134
108587
120535
86579
108452
126421
147553
145750
114408
135087
116895
100489
96040
107718
124944
126904
130161
121376
102421
148239
139263
100101
127368
145665
94652
115646
126652
114296
135695
114055
124257
88992
103860
118658
165591
113579
106424
127641
136369
95122
193662
114096
124475
104953
97567
150805
140956
119353
130522
121203
147380
114947
113171
98118
112048
127012
108718
103244
143239
130596
101426
110832
136554
110434
127213
102741
90521
99037
113945
117883
89619
106454
115821
88935
125665
108503
119874
129272
102272
132648
97387
117174
120634
102332
132337
121199
94592
110778
182817
105521
159436
115668
121115
138798
144400
102224
131584
101340
102793
131162
99383
151700
81953
90560
117621
134181
110599
110851
127886
133265
110812
178692
133180
106060
135499
103101
113250
100509
111720
131943
119487
97098
100415
97658
100269
144062
108379
107350
82462
101742
115217
109387
130297
107387
133934
110149
118322
103419
105038
115355
97208
117943
172071
82723
99839
83801
114293
96330
107203
98394
114047
122301
106397
102247
108039
117944
95211
196295
112491
98924
84230
122287
117094
133992
118701
91405
116163
114523
113450
148082
113317
110471
107050
98264
113581
332619
127231
128454
102735
121410
154412
82786
95495
97653
126209
101122
104458
106808
183518
85915
115295
106035
116591
146778
119494
121581
93751
93862
101542
208974
101291
103214
108668
124010
76889
105097
74660
143608
100327
119313
139425
103582
164302
132792
145682
108152
110056
110031
107600
104571
122663
112426
99055
104657
113184
92159
151789
138408
118601
130493
112748
94126
85542
101493
136329
140728
118742
159918
95732
102022
96339
112527
106673
84082
107816
92572
99970
110142
202945
105898
89126
107394
111393
99162
129478
98600
108437
106339
100972
110300
118956
104374
84074
93147
194839
90405
145413
137264
85577
84081
161844
154269
95701
97106
139739
105338
119841
130390
101700
107843
188115
108053
118815
108521
160454
128219
151430
100623
108631
126326
103000
109399
162418
112853
111491
136164
80531
141784
104872
101140
143904
143716
104353
104024
152564
199066
107280
155712
99725
102426
76251
172278
122700
118564
158587
161574
83173
105372
113869
111765
114340
108407
103795
123262
127658
140032
189030
111276
141146
134396
104156
140161
97685
85688
108285
80803
101118
92350
125008
141135
98160
133948
119672
98194
96211
111601
181132
119704
104099
114683
194553
101177
141100
103778
100425
96635
98057
98275
100498
102949
124992
114976
119177
103857
105293
84714
92646
83015
113845
97386
127055
