123068417
92593960
66151548
70156470
76770467
65204198
108109578
50608035
48874185
75417923
76470998
48301610
38622091
39808402
39005526
46462702
35414736
48873327
38170356
50481112
55239409
36582357
39060225
38020422
64332034
39618776
41158371
42482748
73214610
66968028
61051102
71392944
47098062
52386007
37568567
56844047
56593612
46592347
53910879
39809770
56195577
41593988
39675833
46853952
45230749
50617287
58870369
45241461
54465236
40602441
53078550
55711256
41432206
38504195
48566917
42679884
45756495
46298951
40289935
51296739
39965678
44040398
49666121
40026171
55130318
45312399
42166280
48347769
48587872
37709719
76962555
46824167
41178167
50781371
47110320
60436540
52184509
51859444
49924443
51074597
42508935
47628970
37268252
39437930
40459204
44157333
45235465
33117353
41414728
75010992
49051762
54797310
39263791
37714061
42882416
39564567
54851130
56375253
47713695
40019768
52687096
35929621
50054530
42457133
63096435
44719924
63316067
41434693
51126440
72141398
45153206
47241693
54274415
41742927
43564669
50857928
57629007
49485073
53781695
43621299
47921348
48927533
45648601
49127221
43108786
43580714
58646080
84737488
55708582
53935236
74225261
58683422
56597076
53086593
56680302
50524029
52369921
45119641
54972170
40726889
49040130
56264554
46993921
60294011
44337641
44520482
50087234
40892379
50579226
54373319
65663022
45269693
82199186
40878343
40851311
39850674
40707551
46772858
42234320
35983540
47766463
44271757
47691676
36838179
36665848
40140357
42295678
36419892
41480184
50450172
45379113
34595190
42900467
40096000
37784602
50884822
33562372
41329322
40723537
45607758
45365078
33046585
38496270
49993931
43981102
44205848
46678230
43955731
42724208
44246728
40317100
56076364
40629111
35394986
45755676
44328648
36429548
38580702
39213985
67282648
51047015
52050018
52047420
52458550
58796122
48856167
44671703
46804681
54947282
58793240
61252893
46179351
42437831
42609737
45433565
48036811
50065863
62903045
67249850
39308055
40594432
38839978
43047941
43068685
45841551
40900739
44250231
49679342
39605542
46508334
44296789
73372431
51931303
45370694
49092734
45028270
63826758
41044521
45249400
42245498
115555474
39657316
57003827
45839741
50249554
37266874
47717345
35292570
40526637
48522586
37937967
38870908
38113475
47190498
44792010
51006836
47576904
54750493
72223854
48389575
51094891
38308886
40373088
42445141
42587589
54147105
48678531
58200544
62734297
48051186
39988288
40671930
61433233
33326522
45423748
44077306
88551553
50557258
76984265
59549710
73629826
41346917
44940496
60192446
39939637
48109029
46444717
71040260
60355149
45378314
53551304
47767007
37023715
48529504
43842495
36761880
63924274
39611800
50884219
48444543
49538126
67343922
49142711
54263883
46544744
48487418
47585578
46478735
40947532
45860471
46987047
50605128
34569599
39404071
41806242
52448814
40623176
45754454
50333463
45528903
95394882
50658479
45521797
38774146
42002700
46066932
84655446
47247723
39128300
45563483
37738117
51943719
34648980
38061826
38863766
42399714
52718045
48827163
38680791
43493349
40935546
38186679
88031059
58468151
58011145
112233425
96108247
96403772
81828682
62406862
43328044
53735286
61537958
37352907
58387458
36551554
39349030
34256585
43625909
36957440
45877947
49827090
46677424
55474191
29256632
77127095
60251328
39559620
38910590
22587908
46096797
25500293
22980516
21729962
24025764
31371770
35870083
34379634
29798449
49006361
28028315
27302764
29813156
27950462
38199579
24066657
34662880
34885740
29285957
29959286
29411679
29206681
26468668
34456645
26182149
30252150
30121408
36109173
28367208
27539044
32622244
27640101
26988889
34279669
31167338
26029097
31197855
31003500
29564939
35584642
35085316
32621622
35534048
25601355
28420210
31805546
34626250
28100379
35671693
36102600
28836141
26574655
38169650
29865050
27922585
60475045
35150129
44228413
67701738
35175198
38119201
40191382
34729388
29121521
27745651
37418843
38031381
41722676
39364818
37615748
34584287
41068725
37613563
32235526
41766318
29763887
39774057
29247587
37918075
35815023
34627370
47191864
52335881
33722479
32911271
36269547
33232587
30791894
33225012
27342671
28265840
29790362
35266959
25714125
29965075
31968011
28526665
36769607
29300235
26662677
27127947
24698018
25818444
28984144
24995062
28447379
28745445
30062057
22595219
28977332
28040203
30237100
29128565
28524029
27767189
36487398
24256146
25520526
27165029
29502007
34183810
30338637
27189601
26630556
34644365
26745353
26868096
30781040
32050464
32287789
33112621
26827941
29457720
25668460
31833609
34740663
31130834
26916252
46990631
32011438
32882086
36524821
29628317
30835891
23997465
31320459
28299926
24606879
31932345
30834782
42770200
25288619
32619570
33711025
29420139
32734051
34961616
24048692
36488138
26960372
26867187
22315069
30952965
29288925
24913466
29919576
29894402
24534834
30273398
27905031
23879591
20323771
28530095
23278503
37525186
35020534
21841254
21688190
21301826
38919017
22274245
20249345
26122659
23463875
23499943
26512563
34658264
20235217
21516996
52795340
26659721
23693893
33853127
30617458
29817539
21599588
21509073
22131641
25941366
26916778
23399111
23185011
27156416
27141500
30731348
25607124
25889420
25266865
35762253
28782378
44535755
26769165
25040376
33218746
30972452
26098779
25274421
30976302
25502865
29725031
27126647
28331414
38854836
30546673
22570378
25604636
35905313
29823612
54528294
37902031
30996755
29918786
32943706
25243709
40693013
34347852
28674716
30661279
45239218
48597747
25190410
28862347
26870449
27721529
29859844
28909978
38880207
33231376
34242641
30413512
28353352
32507296
38643697
26491110
36730340
30507204
29095894
26375252
33740758
25775280
27253674
24519492
23286237
26115857
33931281
35707168
24769750
29063291
38987243
33598002
38553524
38221966
28143269
31030906
26588429
25066891
24043501
26127328
25239113
30231808
23818355
25460156
27611036
25197437
22284535
27739808
23760808
28368860
28676864
31546358
30155464
25874867
30477871
23553370
27635748
28358651
30540840
24046689
27930870
34061170
34820199
37535204
27741106
24001525
25751358
35199225
27427277
27540597
22977017
25855979
30939357
24298166
22582432
25206499
26678968
24699596
29549834
23603237
27849300
27631819
27333482
24800470
24328692
26801869
28313416
27761294
31507233
28331983
22337828
30437441
28562076
26196224
25096964
28309819
25831828
27472467
23187906
29015942
23344691
26794875
38125045
28247521
26937451
22167775
33446299
26621780
23833413
23169065
23658435
24619989
32821276
29361612
27528216
29437363
30418396
22510091
27598638
26122813
35184642
32584798
21649873
31105955
23740138
26638085
25638178
23649998
24091956
24445156
26693950
29064558
43182087
27173403
26109185
34263487
26733379
27525008
32809769
23550870
25329875
26046459
31451974
25229274
30462304
22580896
27159126
24782547
26241944
27018246
27684764
31681536
22874618
20313545
22865009
33958171
32019085
27793916
46372676
26119984
39110453
27372347
27861216
31284306
25956989
27109919
31038633
28073569
29118332
34059528
29623868
25363168
25454201
22535380
27268008
28340590
50768726
27939946
31964872
23880727
27249973
33307171
30887443
23821616
26396672
23403315
29048126
34362599
27876062
31403703
22899944
30169436
37684265
28986864
25992097
23508222
35641203
25821697
30411159
32500058
29471736
28260392
33086599
26505719
26260479
30287961
31600832
27547550
29089717
22154479
27265770
27693094
22980431
30389044
27675388
32258336
32433894
26649484
30311525
32518170
46111600
29028246
31680814
34348916
40741731
24857076
28103791
35738699
49741573
28217344
39086254
34640639
26549661
24833639
26228011
26851716
25679940
26836667
29328937
30045768
24623476
33623485
27926889
29388119
28781912
28255625
26905355
27341569
37726282
27541332
24035467
34654168
43665701
26115602
24007197
21613680
34622321
29413907
26947562
25908186
25017702
30897374
25749011
33345824
22837756
27822872
27597865
28345192
32627566
27293724
27506287
26604031
25633971
26519137
29182284
38150115
23722704
31130783
32234993
23476074
29260038
22209990
29614434
29921103
21963275
24715342
23357456
27402276
26897304
21450628
31419212
30943540
28722280
24781802
28746522
21622366
25626051
39921476
35135485
25522281
29978100
28856572
33333686
27591436
22597447
22518879
42057754
25349017
27139665
22977754
26313522
27413048
32381812
23515885
26515565
27366584
24480127
23330577
24839215
32841155
30369631
25345873
51651142
22521956
34365517
27040253
32649556
21128725
25431787
27321186
31525045
32742188
27000035
23040064
23415921
27566758
37228468
24111180
28214904
21567394
21745408
25144462
27095714
22262398
21920892
24663687
26770148
25933825
24848089
27228552
21854011
27069086
30514992
27020588
23601921
23036888
31427144
21924417
21979990
24471823
24162545
22732137
28904687
27051869
29818024
30547764
29672854
43193894
43570367
23368167
26498694
30319453
30609579
30422520
33150222
44474577
24043682
28627401
38226670
34404819
29936394
37087669
26792507
31482839
43357634
26922202
27236779
25045013
32096882
28392912
29336671
21826149
39140140
23497376
24440851
48850627
31305254
29722012
25422259
38926863
25614364
29659525
32869981
30006095
27026719
25448358
25051739
28019101
33263922
32836037
30271536
32922787
33260080
29519801
28902040
59595557
29764281
28370013
25837368
26623860
30277610
33684509
28254793
35975876
22262290
21717771
26887702
25776406
29691397
25332417
29257642
32578964
27840479
28645397
27303072
36843252
27078532
29916463
48268971
35107399
27499093
27549262
32540495
21681876
25390278
22141954
22939230
27503584
33476901
28160578
24731552
25198038
35240555
33484128
33981467
30184684
23318231
28794522
30426063
24869923
24908270
30019023
31435671
34999381
24571546
27687057
24925444
24900979
48141965
21444846
29726061
33312804
28048590
24614331
29071993
28707007
34878214
25202532
32247051
29926630
31670589
26835016
34998832
27450605
27690514
31967263
25471928
24720465
29611348
31506334
27330696
29937764
27799676
28337123
36236060
23501056
31203557
29100292
35151275
25779985
25213444
28609349
32171490
26004128
27429810
25435156
29342291
30994642
28399045
27002808
27837446
29934183
29674382
33246695
28336510
25117917
28485676
30337700
29317868
26428120
48689550
27694524
30609635
28690300
28154467
24483114
26928948
28574816
28639038
22576681
31382261
27667858
24628610
29561582
26282898
23249269
26900384
33866354
30073854
29351938
28943058
25760431
25448770
38756570
31129020
28405122
28709027
38838758
32833462
27070592
27274696
24399374
27223785
22869368
26747543
19839877
31736024
26608712
26993514
25017139
31958621
32013010
30324780
23432625
26324413
34349237
26907328
26840174
24919976
28506593
27228072
25169375
24090133
27986793
27821681
26965632
28098412
31559119
27604137
22926531
32301643
29086072
29258736
30516161
26442689
29763207
27318353
28366207
34314344
23189739
23931747
27601068
34343537
28381382
22280960
25000132
23752616
23495558
26830923
23296030
24914686
26585758
24093397
28452183
21472073
23307995
27380301
32581520
42641067
30927719
29207457
35063347
28732888
26789879
26279796
33458582
31891978
35947473
30563282
23462384
33999332
35782941
64165573
36398041
26613167
21539041
22885414
31675931
36593366
25826210
28652556
28131396
25196993
22050085
28180520
42939784
28460530
39170383
27562387
29827029
28179004
25653964
27299601
22926111
26192966
25277707
23484967
26814270
30723820
27049635
25699324
27290120
25580643
24477264
27210342
25064916
34177994
24254574
35165556
26662574
21706609
38810278
24346705
24938588
23051192
26964253
27138035
33689216
28751249
30442893
24592792
30125888
31093125
33919502
25833052
27236792
26377757
25283174
26266475
25272010
26269828
28250612
26212928
25729022
25318666
27653182
22179019
32366634
28209221
25428792
31671508
32297562
30574020
27380944
30417811
42835843
27377743
30572799
40234475
35857584
30689604
38831282
32776663
29337549
30709115
30920758
27050563
32923885
34684244
26846044
27164304
28023636
29268299
27331359
37783551
24105909
37824463
38619351
30339454
28000107
39791014
27898122
26457992
28133204
35744164
23444967
29738550
32469720
50641613
25988583
30075574
27686938
29966671
29573611
30473778
28376751
25476236
25720378
29414196
32410546
24899625
25314641
25939655
22183343
27807122
30783180
25607691
23389747
25874278
24286027
32042021
28795532
34603589
26168391
29118378
26384124
22675229
27071602
24199365
29908666
22087442
23132124
27218619
25221773
27449417
35186270
23970883
35818431
19554035
22953988
30647761
26140912
28731599
24417260
23352969
23430000
25336879
32943346
34332373
24857194
23997989
27163029
26352859
28466422
24479248
21924645
34091135
29592793
25162491
32732894
23428030
30912894
30231680
20925270
24678135
27342427
23226259
22177203
38759306
25712037
29807207
33793376
31693637
23277471
25548266
20154920
24559539
31965490
31279804
28570213
21729277
36696574
27376190
20287008
28910957
23939819
24431385
28518334
26144711
27199542
21789267
30677728
30811282
25765378
23714813
19787462
19228126
45296914
27400411
24718132
25322219
24430386
32140875
23174544
25959959
27458130
21831098
26033555
25553235
21332297
18628195
20346211
35422667
25159997
23012221
27033674
24860672
24891927
19929043
22020479
25293581
24969396
29934190
26912054
22807581
19793499
22413019
25216891
37704550
22617568
19655525
21273641
21589180
23401465
24809684
21469075
25478463
24158846
26087281
23853054
24032886
23078352
25337437
23171540
20519424
21189060
26381343
33097371
25025818
25803287
32156760
25773578
47048193
21331813
21219491
21412210
25873712
24935778
39726159
25509626
37638015
23243925
26912105
25190786
22686039
30458306
23478813
20487004
27697798
42574876
18528170
23732654
25994458
27445399
22609097
23154642
22799321
22569267
23302659
19899398
17383024
21156104
49376810
29219920
21198622
27828693
24385745
19233483
19094636
19278224
22168156
23453323
27953949
20199528
23705217
20032364
20160310
21692764
34395357
25907892
25498192
23885275
20562890
23958903
27928410
24204528
22494296
19622907
24527057
39392019
20952244
20496419
23263668
25912355
22404987
30238443
21229566
26464564
20232170
24123289
32439572
19322735
22257097
19646606
21522275
21334164
22793792
26702287
28263466
20850748
44075436
26411458
28742785
24665894
20513914
20147404
23462511
20419732
22217577
19988951
27803811
20274068
21802702
19640103
35990106
24815818
25975387
26181525
22026741
20608639
19442252
21178000
22321729
19630508
17458083
18117648
20124365
22163558
19931485
18217880
17691171
30034047
23856386
23068728
29274780
18981933
24074197
20501163
24093012
19451812
19206366
23353715
23377700
20364255
17323404
17630789
20372950
16918494
19898309
20501785
48794947
21623514
25870899
20437072
22311621
28943599
27146541
20559246
23399812
22320855
20151610
20084635
25866661
41899240
21472876
20745523
18061726
21178267
20362607
21394115
41837298
19582487
25649638
18983679
19649504
20116603
27396186
27027411
20576998
27869548
20357377
26213414
30195078
19523828
19705943
20810489
19915794
19637544
24545264
29081658
19732057
19433116
32832798
17998078
35416077
19672418
31615846
20090647
50333748
21086798
20913866
22067694
38476474
19244569
19036340
19355529
25210593
22702195
23618928
29999908
22194333
24305235
22907313
25906037
28048564
25023403
21015874
28610465
26164065
20516248
27378141
21729215
21527244
20326007
23064820
21451489
22441022
28324264
27712309
24167923
22255527
24707646
21012382
22967502
22448574
34506979
29633190
26523566
22577952
20686236
25795204
25914811
21782184
22975866
21254949
20011954
24410400
28069829
22591917
20251862
21334996
19934668
27243596
21553954
22453070
22009191
25116746
25656282
23761807
20890098
27713703
27369477
27154100
40614327
19812190
21941485
20981839
22052914
29435949
29900209
24607181
26737088
32255022
33931332
26825858
26707383
24103693
22546626
25323467
28390589
30571129
29981050
22549605
24036645
20849089
25279550
24195813
25990748
24965002
22639432
31297432
22981701
27272689
26773196
22803238
28433694
23850407
20893201
33543118
31753746
27346721
23900321
21991065
22012814
23211158
30528657
22925015
27083170
29608027
23512223
27202458
26770290
30152902
28103564
26142087
23162090
25244155
25406070
25659563
22239178
26228768
29311843
34980077
30668763
26229123
21904047
24826237
43619295
32944873
24116256
50662650
22129293
23201680
25449827
23761849
25511344
26935808
27762447
27868617
19843880
22356538
23448043
26684494
33418659
25766051
25815998
28284413
32044587
25373764
30684433
27614325
24250617
27901918
30950073
35053711
26285289
37084813
27665461
24002081
31829116
30815390
37048241
28532170
22199606
23344638
28419698
26050885
30719040
38460230
39002540
26760335
23335136
57016894
28348793
28694293
28522177
27883619
25292021
28860154
22371288
27527294
24390108
26787033
25996493
22512496
27263004
32743035
27479364
33636846
23890473
31380549
26409883
25069448
24207068
27447755
35226016
26695638
28078011
24556639
32479372
42840829
31923389
23302021
24954920
39455041
25222473
25055765
35754800
27231906
18931976
38287767
39232893
23251126
30739152
21965376
23014672
24323613
37514099
27413415
25828215
21518179
34353326
24454695
22154593
23821660
21285177
30212418
29477494
36009018
25906398
27069135
46380030
22584382
20662815
28688293
31467354
21246199
32262256
22910690
24890787
22849501
21473701
28430502
22723502
25003093
18946117
29836212
24435945
26090496
25723678
25397964
24529136
44148493
30452918
21176699
25224668
23044524
27435429
23370804
22133115
24930779
37415537
25431892
23220439
22735205
29227903
22734001
27276832
26509275
25662985
24290897
25200399
38648553
22723729
27703201
23676567
27533870
28245360
27951603
39197264
23673765
32408964
33854046
20289552
22006214
38991487
22102498
26153840
29126451
28108070
20707107
28735898
25600927
17474597
21311639
27658221
19901359
27475137
19571169
18611069
21342834
19638779
28253080
18287079
20596990
18050726
35194697
26124757
21979062
32281928
24768955
20888907
33062693
24366299
27086327
23819908
28146415
25057733
27502145
24318655
24022611
21730203
39021988
24911710
21889019
28333106
25134221
25222981
28793869
34822103
21533524
25598132
31906880
34353013
22808827
23651903
21918957
30413569
29932598
26054448
21464725
20269823
23705169
26989251
22867288
25510499
22654214
26712205
27799539
20299219
30889493
33496006
36155727
22332645
21412852
23008530
22432906
26933680
24060002
23002144
21694312
23921678
30442311
47215242
30505287
25619570
22857853
27746336
29447366
38776998
39007036
27400516
21867264
25657009
26926294
28236796
27741273
25356871
27660105
34441447
28770693
34643520
28699852
29094969
32071976
28102432
24103764
26337439
27556331
23666438
35026124
21817707
38070483
24040455
38087345
18779451
26381546
22940810
32249948
37415513
25692219
24336524
28256572
25385174
19680349
19188893
17171528
20511616
22595484
17705286
31093166
20068432
24596163
19346270
18547865
17476743
23030775
20911046
17087863
19998063
18974381
21447124
17554922
18357210
18028810
17178168
24291642
21793340
21198119
20111187
24892949
26851388
21422374
18266156
23051824
22049589
22956021
39511843
23186748
19427907
18462748
21082823
24228543
34584097
23073741
22313326
22545464
29026244
26422079
23270665
16373097
20733567
22126073
32206412
22741371
29262041
22433533
21346460
29526669
26650879
44539582
35824960
25624301
20489736
21655819
26310814
30388732
23375295
29140244
30684471
24291304
20247996
30000424
23196946
24817092
22869648
27933099
21860646
31316982
25469194
23445819
30574946
33844649
22658020
21737186
24165141
22205619
25828655
22971756
27355788
22596954
30297456
30928941
21254811
26106609
21039584
22636623
20583399
26612701
21634887
19975991
23749087
28763455
20658917
22048679
22684323
22598392
29452116
27666948
24029980
38409697
27594972
32708733
22784454
22481694
23555339
25648914
29469843
33069148
27564941
23938271
28369192
29942148
29149979
29668766
27339638
22777089
28878727
27295554
24123583
28398631
23077863
23877304
20520038
21419671
24164304
27243488
21948188
38983293
36051250
26880350
32872030
29173095
23207535
25730814
27923950
27536544
30779747
30028848
30955678
26769365
23667943
31390265
30481094
22052542
27725891
34504073
34482098
24351779
33961176
23164390
22828985
33140794
24334372
27211930
25974144
30717192
40455748
24351892
29128321
34330410
27112712
35353620
35215009
28349229
23415925
27780103
28194450
28310727
26824876
26605706
29556891
48201390
42563186
32511747
26537116
49040189
32100678
23450772
37966752
27763404
32434077
26759515
28896869
27847255
24194301
28484552
27877094
33551115
24873485
27990541
89447104
55418358
52333153
47810055
51012298
90974191
47505355
55916227
57015105
57406897
48792969
82000749
54473083
54274565
45082187
45490602
50864645
92714670
47676205
42921898
42453697
48257699
37631895
50951838
45091855
49374485
59269561
50463717
45248089
40958632
50268578
43641789
47708057
45155775
39082552
36878436
51582700
54400153
46552906
39036323
39926081
40698751
37029705
63128889
43648828
38099639
49845571
40364598
41906685
37518570
41181033
48713060
57821012
39460135
42313632
34683386
44667667
49100013
38989323
35114409
42749711
41722196
35146591
35883324
37206111
49006524
48837932
41689825
54252007
42347586
40443925
39385214
47033157
40543007
40371937
37565182
34278210
42220371
46417544
36375040
39874024
53676980
38886273
36006163
33430220
36647016
34983018
36420568
65714682
38297292
35361075
41957206
30687322
27848712
31898412
63091313
35024192
30174783
31785367
44636059
28675845
33360558
31080385
26179372
22490396
25484701
32704857
42446924
39080005
55531147
25304347
22160059
17647448
38075500
21504900
19331382
22529355
21343898
17267977
19397174
25623176
18694244
19807335
18302876
17829524
24427967
23736980
19937746
17156539
17787308
26710717
20912660
20026499
16964069
17835729
15049346
33610777
25587515
21207109
18084699
20455695
19480301
18266306
17704053
22801994
20473997
43872642
19345303
20192959
24219481
19648854
26977711
28502553
18547617
21926043
22676158
21189837
23793074
22698281
24031582
27820763
25445685
24070358
18530323
22208777
22685498
20741956
25953295
21897337
18425699
22877905
19754622
17341391
21341249
18165390
19757109
20750328
19941778
18161396
23432835
24178691
25935375
16677047
20097649
17661467
19530534
18029127
42767510
24571536
21187498
24512417
32424185
21637824
27848997
21684514
18977331
20582145
22415373
25696873
19787153
23459946
24392261
20964957
20175549
35158306
28296199
34020393
48767242
42296304
27821365
28381005
25265015
46405498
25331412
27282470
28946751
27567869
30768201
23206936
27587982
22670538
19378447
23436790
21959020
21586618
23333001
24502042
29533432
28819605
34752114
21683931
21481536
17257699
22865869
22557609
35143542
22283370
22789362
22791112
22694782
28844333
28135386
34909570
26671389
20813290
18327599
28903062
29817024
27150401
37398106
27275448
28481824
22347000
24662993
25312172
24508775
29659799
26928206
27110664
28464341
26535453
34385500
28889524
25119534
29188546
29628107
25355346
32863351
30136674
24323707
28520558
27541113
25371694
29646671
26853953
26649440
27190237
25007695
24254856
38177328
25525239
28442577
24308769
30449486
20994084
25784374
34884780
28959573
28413983
34780965
25556965
29529927
46666495
25260703
30062278
25101414
34273498
27632042
25929713
23486482
25620374
26032695
25715045
29405336
30230716
24563359
24356200
26640102
27004354
28123346
27245418
28341818
21503129
26386998
25065363
42086050
37114450
27804756
27746699
26229468
28586627
26661434
42650300
25637599
21443620
27686007
25187408
28170976
25447889
27375257
20062353
38255838
22298560
25358150
26199096
25515067
22838033
24869860
26527892
27888434
35041352
31828973
27572728
26152322
21144087
21437094
23208512
42051648
40077418
27880088
34486018
35764648
26926853
33793712
26740942
24099083
29787858
24613726
31154703
34366629
23264144
27587202
30303683
20029528
25180844
27316738
34549260
31582613
21325232
27886675
24221751
34285326
31817585
24521686
21701628
22845907
27232150
27154092
25433830
19792722
23757860
26455826
30762195
19517366
20234625
23424428
37031442
20128844
17613304
23614907
20861576
22798694
30055401
21691306
24985901
21953531
34528193
47659639
23804846
26421932
28051715
33566681
53999968
44008247
25684490
34323291
19760466
24114549
22751138
24033807
21172332
28139727
20297807
27263395
29098438
24853477
45160822
87193948
30273592
30442717
38204952
22191295
18639501
18902572
20164752
22916876
35838365
28444799
37828597
25483191
24986966
20881990
26438072
22109818
19908955
34768004
33809217
20862612
34365076
28018155
23665569
21998829
28747549
22689334
27038827
21229819
26560008
41092110
20717145
27816114
26155134
36182395
27429426
21452569
33885238
20204782
25287175
22161524
20655883
25855008
28454814
28361924
19783485
23302165
21284845
22632299
26296601
25535714
22436237
23069558
23050736
24580720
20929176
27045067
21834185
21538003
27679772
30584367
24776645
30838849
38126025
28271578
34294303
26956033
22917449
25444446
29906075
28706467
27608298
42124512
25562363
22073312
25077153
22051061
25379370
22612847
37065679
30342138
29582404
25349469
25403873
32412774
23030072
24396448
23301411
22820540
34950563
34759992
30541377
19474487
27923355
22471984
32904723
30273851
26133029
24579206
21281742
25746604
31626235
24300481
26326735
25513972
20486075
26155583
27125745
25822585
30967453
20822794
25761492
19679068
29383049
36837178
27587268
30190422
27456137
24132941
30843930
38356650
41595080
23065232
21218177
29170995
24795031
21871982
21193918
20078469
31286812
32167318
39217692
28311225
23405810
24901999
21655716
28435470
28063259
35497279
34147436
28874453
28222020
43516308
28079798
35826259
32084334
29966192
24395123
38186103
27854892
35787558
46680107
23095496
29650753
27147440
28441341
22341171
21525024
28320865
25232956
24488472
25177259
27366297
24190444
31741466
25999187
29450128
27025906
35483671
32773507
28082447
35061542
36912349
25393766
37577155
28310099
23039719
25290561
26796201
29726611
30408844
27213127
41980824
26901040
31432771
34642571
25910980
23945523
22938702
25754649
25145892
21157022
23744095
29819640
32433531
26261257
27850109
27176600
24610908
30523826
28314319
21606227
24379970
28627059
30071859
22659622
20304613
30392547
22021760
25484973
23069975
25024299
23479349
26588176
36561094
26636454
22648526
39716917
25733802
31569335
27257445
21329560
27536756
27680763
29090397
31521328
32578338
20591469
23873654
32060416
29293945
27135903
28568978
31493881
27222329
25734377
27603833
27672578
31709452
33471838
29462874
34461854
29844028
35038038
33838386
29190729
35846378
21919115
27351376
27272512
39560893
34273500
32557531
47180964
31461918
37505851
20857220
19509112
36455871
21082648
29794121
24924533
20953824
21925644
23983182
20664753
23786690
21752442
22911611
20887615
27563952
24310678
25701798
27255635
35867629
22115969
23867575
20385108
21039800
30797700
27000991
26760147
25342643
21487534
29979236
30821091
21304448
21402702
21047203
27914951
19527874
24655641
19369078
22533803
22023175
21572663
22319920
18568017
20075213
26097487
26685836
26987386
43951744
29795278
18023229
20699427
19150976
21759129
24588118
29067089
42625891
20475804
23878130
22318606
21907767
19446563
22876304
19158974
20644539
38327931
36163843
24270085
26034806
40195740
40090474
21261202
21319735
38715873
26675893
28162614
47359121
32237942
32114577
32604556
21891079
28183688
28964898
25092945
34728199
34185212
30811145
38273018
28988332
23239079
31424027
27706171
29479798
22350940
22719987
32796676
30097177
28304849
22413025
29133033
30985548
30584556
22315101
28015395
26811501
27590826
34232454
30864696
27442623
28757452
22969645
25982805
29088240
25316247
23744742
37376058
40339483
32602850
35054787
33333645
33310044
29669135
28808890
27304224
25877898
34015061
32543260
27793869
35824357
62068495
38232601
33185248
27190304
26776420
33382097
28597975
30312250
22130750
27739653
23892317
23536541
46763126
36417676
27606520
27748513
26063410
27845484
31924462
43134389
38139681
32794192
41773094
31019580
35101118
42904852
26945840
56594099
33781710
27062064
35467748
36761447
40449431
31649683
43734438
46836152
31018757
33183048
32440391
28670272
29227561
27035830
28182539
28908342
26862474
30211619
31109266
28847451
32066603
29904543
32076290
35244032
34415503
30921969
33782792
32182534
32035866
53219544
30529700
44420181
26976927
34002033
30250722
28795384
33100410
21927738
62252122
30955609
36860132
35751120
32206267
38091436
31655055
59286972
30233504
38421272
36489295
38069944
34676626
35506822
32597346
39800454
29792455
39005290
26728721
32587682
38466361
38071795
37481358
35004029
25527066
30353303
40673502
31329670
30263088
37213756
51971533
37413091
43912650
32324644
40479280
75800422
33926163
28846785
38907476
27449078
38608568
36227113
38171288
26730437
66312806
33117682
33075661
36094954
37712054
55025777
35710071
35593871
31827623
35692035
36988643
43401305
31266228
38989796
29462853
104237635
48419470
84078117
81714135
53812593
61506616
50118935
58921598
62746766
51298164
47592320
68450596
73834560
58739328
62388446
120819266
88362634
50497713
46929266
70058238
53962963
72379625
57535777
50626332
53511585
60341251
114875752
46236687
81803384
67809838
63651520
96873537
70339831
94237236
95458485
73240841
90061502
71364344
91188938
91870905
45752756
70529552
69809359
84736786
73298958
64998113
110121097
55792049
76584170
48205385
75828379
111992957
64547321
96015038
63617773
91580135
86827068
96231634
78395022
101516449
83329998
138891593
74256076
106944133
88687416
75870920
53147944
63218315
82420057
69245257
98863395
94664604
353381683
325993217
432294133
392976003
358181759
400282471
338578892
238215822
474182172
362479139
355879304
395762542
270535017
276101222
450909636
355705148
281918653
506918471
379051860
363157491
438183572
318455942
327997502
375439501
355076529
339377041
292817222
358296674
339043398
426198223
330371764
347147291
485075754
366595811
322246814
400726907
355422898
304379294
413063027
369030019
362739032
380397568
321042395
251613087
364975708
303993408
309740520
438068190
324034432
304312341
391501537
262035170
273865873
460418191
349343480
346101251
433444077
365721282
352384901
406096326
366044188
345913428
391508812
325138568
331433320
443496233
360328451
333365155
329544748
334530482
328052495
400318808
344294952
299158661
332586278
325663422
319263296
448031149
387633217
373437492
432905340
324958465
327317174
406333520
316109277
353778421
415983955
344853883
324057716
361647921
328714334
331413573
443662631
345743247
302148887
406617421
323141834
328363768
389082778
367448313
348180083
383706315
322910966
252726439
442644606
336299626
313167551
469332951
345955167
310754342
336959862
325050787
352701924
345167077
265797453
342410859
400181786
275905172
350216906
400671315
314504837
356876942
452531940
241552330
248666916
522266847
317706027
321055316
410278531
349050388
277455804
392115727
319873543
347798162
351124261
313772651
336683031
440452147
343407762
328906463
376632777
373623325
363336861
425684558
337650932
371034884
464097162
315412386
357567157
447657395
356983522
315902358
343059138
223183241
311362117
371913077
333955242
332994359
413238656
330770674
360113951
365969773
339286996
272934210
426558980
298197863
330487494
447167696
337054691
333664668
441627130
364253794
249547122
469535117
340172623
377487696
450387615
378824521
252944763
440793224
269791491
366297998
438423347
265539034
370372116
499750840
414974846
283596656
490984348
296621339
306845182
403696893
301630033
322047181
476806643
388170560
339418777
410345796
336018901
262394196
445436653
405372159
210824298
394588899
327578040
342515169
400934663
297518506
310529626
444747351
345850301
290776079
446084380
352000411
354133022
449370001
365708667
247938200
439092775
387080211
316363154
357913881
328450199
302194936
449061042
341022802
307039098
397366116
327251450
324085189
444551670
305840909
284369233
426296681
325381265
245843343
389064693
274588273
335521511
455550247
332618546
376596486
456479129
342704452
328969507
419992539
324395352
324869583
400636643
335633032
279764964
371499337
336326025
252093109
433587704
267123547
357566403
411843566
357203116
333081812
380642549
331482404
332917425
436337880
336375460
257411138
423784098
342512859
313612236
300232259
268405497
318564992
374493446
230872878
260367160
426156028
325213538
240612381
444713570
354535537
332023775
315347459
387992322
318533006
441015351
325005862
212379555
330919381
266993544
331046898
318427446
299460931
308604863
280770224
320216815
277512133
281336213
294986666
230881878
265488092
236984832
325210907
308002225
301458868
226334544
298492990
277924098
297716150
219040731
250772711
245866986
362003009
291182405
219928957
283059016
286742328
246347230
270675570
236357896
221373626
264235372
233022724
220857103
266484566
239743254
309853164
265427206
229490570
211729206
271065219
224652303
237476982
267300029
288244806
246861241
257098556
232590823
228892613
255310377
239533667
211095047
293172573
275080408
211453977
265199244
229330025
211791332
282860016
220542612
233680480
246829666
220465842
232073852
250921792
237007560
238520266
242639599
251928592
204204858
224553553
215942175
212321861
212217957
258128566
223796646
225284676
270118006
235861564
222326873
275702120
222947509
217130220
261148340
232281098
216565520
259660244
256767883
210467615
260368899
221567321
231452116
258699483
221306802
236003982
273827904
278539383
222523162
257112999
226815624
220825019
267925079
229903530
216607703
285189625
217742471
219595080
264237670
232396775
228280454
261311109
299958657
226677068
281468854
271648260
222050484
263166695
231406307
217006473
266305814
251694428
221699694
238045447
253901978
203399246
291391894
280145280
230032577
296369364
298876625
225312036
207184435
229943940
225295960
264022123
230682779
218707524
251212094
232208746
213916201
258419790
286817557
226449595
267103126
239508670
218952935
265317466
225247540
214887523
298470271
234437633
218760385
288181103
218062265
227766174
261243577
222565699
229034609
263586189
234098418
223961349
250592111
293018126
236904959
230919797
266072863
196844430
256687975
223360674
220196858
254584368
239507299
221678094
268932429
308399232
226345338
278419036
236087624
212944155
263096190
236155532
218455174
281252851
226814646
221556210
270946849
224847358
223231294
266411111
285059728
218640877
283292537
234445204
230271462
253342217
223561458
245861405
267863424
248115968
194684721
261385948
223316302
218923703
244065951
235482281
221427568
253517872
221964700
235206684
249994141
233868563
224711644
268632615
240553726
218410077
267285604
306264340
204619325
271574192
213099285
237377341
258854816
225991072
215471417
271638764
236990650
226732610
240326921
233819732
215762463
278497077
286658641
225405395
283281399
220584297
207010273
279248623
222937900
233363523
273773002
230884798
218811119
274089246
297208891
221909408
287431266
261185529
223034256
290750174
230807355
224265440
259713104
245050721
222021536
263216651
298225749
237608935
275328081
220684920
220403069
270057049
224914332
209940883
275568976
226887180
233511395
261399864
223663502
213082059
264679702
225692887
207107207
286023939
233334502
237770294
266640860
249254334
214317881
281120452
214310788
224791006
290017848
276666294
231040876
296620022
277565514
218168756
269479359
227651483
234392716
264360191
227876152
215214736
262101831
220868195
217783351
285240022
280042983
217495595
272206138
230129739
238966776
261482262
238854007
241448966
285650937
282184760
222946424
284751038
231652097
224878072
251511818
258488943
201679051
260282708
238470128
243353385
256488013
230046861
218827970
267520254
223159825
238562899
265064755
268746136
191475879
291204632
269867029
219613766
268630893
235102722
225120899
275950428
294214687
228657891
258685549
239608424
222773535
279542534
216511721
225451230
296143390
314427296
237855852
249796804
241660566
224438546
269024196
222768285
234522444
252673937
228575130
237128613
256281032
291504584
222968686
263759743
243965340
211045007
261607611
235599929
221217299
263743120
232767785
214810335
292227365
211769552
230290845
269074901
230747826
221549295
258978129
232433577
232325376
262906639
213470056
229021358
252890323
253734968
214598123
270487125
246692272
204896871
273423933
288820665
211694218
315835493
261565703
215983113
269596460
236172998
222080139
274554681
221189583
237240384
249035578
238424155
222579591
294606412
274257473
223874636
267784326
241620632
239538096
278301116
283090344
218858168
269609058
244674263
214658674
273438406
222717123
225884098
261076699
238262992
202644442
277262335
239584645
223707909
265853971
237388325
233858584
286345677
220007131
224792372
255087471
234960484
222649579
282027279
308394736
211943092
264145139
233191465
229677130
283441204
280589228
245143544
267529424
255604093
220837459
282376879
244192376
221523273
322541033
302933340
215946533
296324375
295743250
221560656
276103752
229226631
232848432
352838757
314987732
212296601
276674414
302328825
212476398
299229393
285117781
226103971
279118164
340379379
216172215
280282076
310180926
205748213
228873964
328149425
225396008
293693278
268733577
211030478
291512941
303839764
217211699
273065881
288384723
193188628
278994229
231786745
240732660
212328767
224218032
215829387
253311155
203819550
213753352
211236501
251055200
209282707
220276073
215987082
215011551
219795349
230273522
227482545
214692363
250275357
313799050
66155992
47864835
50169755
75652083
47236537
44097548
45400090
67243311
73857182
43140897
77755619
47342969
60383793
62598361
62447081
60613331
46317031
68724476
107925835
62889919
63251230
77658090
40670416
48675081
46991193
131747234
68987715
62395003
67600809
48675793
48690262
81526438
61172514
55315219
67473932
41395364
53364054
40392058
43751615
65773939
44192744
73337813
91999477
57408141
67883273
41050327
70340980
66317733
43164833
35548024
34906755
35266369
50704540
62628762
47066656
36289513
43738003
36614732
74901067
53799269
64665265
51763631
47561122
48333139
40095921
35885612
40869139
42932665
47968322
64944355
33949504
40371867
37377170
66093379
38216059
61175200
39702814
49650415
40625260
42501590
48924317
40865643
47980334
37112510
35454839
49777289
75635915
44986989
82410619
55385461
67115532
47957355
48993487
35590735
36632175
52819177
38144845
36989439
54228214
41824454
38981281
47802856
49310734
35957950
46492484
52590033
40408787
42955208
36508913
38780350
40603351
40927056
35719107
34334742
33671484
32340606
46419710
46550074
40453141
42600131
45626249
42788326
60109503
47255728
35574598
61735791
42565722
43229721
75029518
35308484
21462884
22468239
25472039
19904040
23309428
18806852
24486542
23183752
25664015
20195852
43686277
23398103
30914285
21140985
30118674
21363374
24137210
32131472
31045424
26532686
45448447
28784244
40010211
27071806
26459331
20735794
22538084
25332861
32152717
25056533
48556692
40778777
35875929
28151502
30993100
44727794
29007802
35964341
23244724
32200043
25879656
23259929
35988265
19617064
21519344
22960669
26826515
39188042
27035064
21179927
18759012
28938374
33681257
29616852
19806439
22889891
17089427
17956781
22891387
22471122
18106501
23186349
20631877
17824154
17136954
19719798
19185704
24333071
25089751
20198311
21692822
19104818
22330887
34175260
15681073
18311994
16898666
19646797
26786187
17516780
17163363
20357630
20869021
16654464
16496253
17748838
19192688
22078730
19634842
17843753
16142195
17285776
18851553
17595656
21653305
15933276
16748174
19369545
13862878
18426278
21145919
20471823
15464634
19128690
17057213
18126090
16249165
22695706
21574652
21332385
18475257
16247199
25234743
16036274
15891299
16997463
16329728
20601895
17759646
68960036
25444943
30581707
34919258
26186718
28834606
33194872
26787966
27984762
30175571
28954060
28121687
31060706
31442713
30439121
29820412
28262387
24169006
32297182
30537518
25310429
26654620
28933915
29616862
25443896
26937977
20065628
30331766
71374852
35336242
24861056
26591934
53082980
32779332
43018052
30960779
22879819
33718339
29083887
35431035
27132317
28710498
29496056
26773758
24338393
25383727
23142030
27207388
33084164
35564103
23520266
27272289
40603740
29618349
25808297
23129160
28189565
25873168
29289863
24831971
23006261
35859668
27267721
24335973
26680861
26766282
22925835
22908986
34315693
30445643
22522843
23000136
28810099
23386547
22318157
24557114
21408598
20051619
30000373
26868916
23377986
18945947
26226235
38480594
20832775
19754471
20101068
19906593
23007051
29359829
24528118
17817312
24135655
30825882
21702093
19563920
18971027
19377414
20943334
16986097
22131329
25064453
17997615
21444518
18476557
13525985
26203543
18626347
16925428
15319145
14445379
19027207
15510036
16147147
15933386
16154468
14219078
13187434
17486882
16573010
15388548
14990814
14269443
19283270
18291944
17826821
19017416
32746528
15552587
23203214
122087806
64066448
80420072
67682662
55392702
59634330
56046661
58361868
69883382
62616249
74005636
130674387
58429145
61827616
57634545
55627601
52899230
56175973
64269780
69464585
64504076
63801229
129424156
99463809
59003480
61895386
61320358
57143291
62001645
70553696
67114154
68597220
71150088
148760042
67496267
63296298
65069096
67310842
66716190
86446181
73850458
63492310
70750952
73786524
145440189
83478491
64226747
67699514
58097304
61157316
65671000
59184850
64298383
62224082
58493359
135222209
64019007
57325250
62774422
65748709
71801758
62509897
62564685
80443982
56377100
61103162
137513514
60464798
67530353
63741603
59639408
59521046
68905031
62437817
52358044
64695213
60905938
144272679
73762736
65721446
76013222
61885293
60627273
72224263
57527466
60889849
60248683
79061463
149612445
60319362
57259420
72016846
76390966
61328929
63214040
57936818
59417497
55201698
66302316
141549175
73348464
67045962
69316616
61030211
63120764
57168071
46116613
56445708
61902523
59978129
124547485
66711095
68197142
69595205
58969315
52491513
48241321
49370664
60524600
59306313
57949995
175335428
51331091
57343044
56142599
52301280
74238241
55089078
57930868
49436030
56818059
47821311
51808554
153672080
50105674
55118978
45952972
56583217
66869945
61530528
60815494
57433289
69275135
58249082
59734900
131335845
51594196
49508154
67569103
53969728
49356584
51602141
54599104
53444534
55993897
55857104
130310824
60735645
59046624
57933430
55076958
59528463
51039551
54624042
54261038
64039059
58384196
143191127
65040908
65840893
49421322
54944557
59636931
60031498
55246124
57910530
66835175
61346273
164622645
66042812
77565153
56901871
58098882
55401336
56003135
63164557
53336197
64512416
60984321
71196920
154730837
57783987
63685636
82286811
55967878
66180432
60073522
62374312
63525605
76584730
66674143
54946590
166479214
58433977
52185769
68258608
47848757
56175880
62473286
62053034
65820235
57693323
62333063
68503775
141542887
65610801
52697088
61296588
54208020
69053533
57767062
54236527
66993327
60871525
55116933
156476231
70085640
71604616
52725825
59681032
57908790
58075866
60397905
67848206
56321482
50498042
179358669
56343565
59922662
67383562
58326224
57685212
55821769
55795854
54836190
57104944
50032129
50364555
169580506
73845830
93802742
62989911
65263021
68315707
61909574
50938917
52945494
54367804
105636384
210064335
63674272
61096710
58352002
70002093
61604205
66074657
57821423
60273422
63431871
59577149
164910983
72714410
60777834
58803097
62433052
54603194
59337835
62472655
61184529
62771051
64085010
60206417
181824263
58127051
54314706
63098377
71415927
55984845
58947655
63183741
57563238
55979227
60899487
61613429
170345107
56901453
73536747
56753027
63526170
50766980
68847747
63586592
66767462
88499157
66878071
58787541
177894627
105181858
68125150
55732077
59788131
68630991
44149373
48630073
53184286
97311446
68266766
191884109
60593464
77938257
48474968
56781511
56137727
69931093
70874947
63443012
66681608
57285126
187988000
76976674
62871472
66328968
54585173
73395218
50390433
55345085
90004737
63983183
55562454
65143746
285789429
64518679
51060165
77622312
66814441
58041042
59425900
60987177
56614668
69155925
61873333
64091104
163288222
57601937
73969906
66069922
59184641
59112239
62969823
68227716
65654486
45550077
50358265
57952261
152842517
47608443
65430123
48468697
46523417
50066579
53014102
41328395
52011269
46964173
68169842
56566164
151526263
52755932
62807297
66904314
56642145
61254426
47414612
51712086
50989760
67662519
43609168
56960787
153668423
55950668
52046023
55964859
46801831
49419582
64638251
114770632
120380784
123672734
112252881
145244214
109349798
115628090
86576198
54755184
47786825
58628775
44477915
38143324
44225882
33380844
33724648
32960203
33230413
34686398
40414693
34391606
32632534
32997778
38790757
31483631
31643390
34696150
34382396
33007117
32460411
41290489
33703913
29770673
43745446
32594847
31346434
40384179
32409580
34747676
35082637
40616249
32574376
35521577
34294808
35194545
36375872
34621998
38230509
31642367
34840518
35029463
35324795
38524278
33610540
32918245
31028698
31054779
34907165
41468370
37153818
37376687
34441011
34158795
40770973
42872674
38063726
39179678
32712799
32558934
40613299
37061991
37698851
31908296
34140647
27674106
30585444
30702682
29538653
36398398
57848835
33873400
36413255
31017823
33509455
34801135
29240482
30396272
32097953
35414914
30948657
33934353
36741152
43314240
31039270
42113627
29232672
30293085
31489254
33725185
32674443
34631491
39083892
34009732
39988806
29513500
29107989
26001029
32936271
36422395
30128372
30875745
30534241
31755009
29704034
25102216
27020208
25199187
24947693
30427344
22864737
30342633
22614235
23085624
29756286
33474416
22394270
20468795
19226545
27479293
21152448
27153395
130001708
24868589
21113979
21756273
28921993
126487329
21226467
28080282
20902837
30261552
129652236
27740188
31858910
24505738
21568616
19355573
21458499
23309151
29495455
19491367
18400773
23302842
21703322
19981179
27152533
19446320
21144843
24511131
27971210
22394944
22163714
23197574
32966089
21330908
21622017
20997198
21211264
27151090
26177943
29010013
25693385
25908486
22029035
22658189
21476759
20717231
19865208
22494786
23376931
24674222
25525923
25850040
22969037
24196269
27268433
21819697
21722529
25503013
22955980
22841063
22134918
25712635
29045892
22232930
20249404
21339863
26405384
24277095
27929710
24290890
20436337
23328400
19839374
22069134
19431529
19456953
21655398
21265770
22159359
26291024
20302863
23485707
24725366
22316386
25950932
29492044
129700189
24366409
20323007
22066101
36950963
135910776
30505160
23353689
22819856
28484049
128478761
25649242
29868396
20414974
30927676
130591450
26058502
24391868
