35042
32665
59316
36839
45241
31711
47543
62892
40772
33450
33486
33720
29576
32245
37910
38237
32864
25317
32238
38055
37918
33276
65010
36543
33117
30889
33792
33269
33207
30602
60992
63636
38471
31451
28530
50978
34043
48079
33032
39102
32630
31502
41138
22952
30515
46826
30885
31613
26089
31888
23107
31652
128530
29497
39232
29769
34633
23002
33337
34225
30570
36924
44315
45818
37385
25033
32795
33220
38834
38464
33199
28611
35006
29497
37662
26630
35194
31868
27771
49821
27295
26033
45544
31153
35404
25895
27115
33915
33800
36593
35591
30834
31912
29678
34908
30191
25270
32070
31929
56494
28494
27444
29480
38022
37711
33153
30016
52714
44184
30200
29371
45608
32483
38417
31973
27212
24629
38873
37053
33334
41011
30880
34934
42126
43874
50457
30386
44991
24795
29267
28451
26205
35872
37303
33619
32738
30821
29975
35147
32162
39576
42214
41597
37156
32444
26668
32410
34392
38304
31664
30316
33603
49174
34086
27509
35107
31433
25546
39781
27354
26625
32530
69126
29369
28457
27855
26402
27783
30544
31308
23057
33990
33600
31364
28129
81624
33780
25939
30753
29332
29861
34429
24680
29821
36329
38400
29736
28534
30065
36299
27291
32294
27410
72899
33246
36164
27143
37016
72102
36895
30316
71039
34503
46853
30513
30761
31193
56146
51711
34568
30565
31994
56136
33748
38101
35924
28209
35258
32691
32249
26226
31430
33757
30157
26189
31814
33570
25967
30953
33280
21661
47595
33493
58348
32036
38964
32923
30658
28738
36875
26393
33659
73160
28170
61079
26629
129848
41246
26028
26368
24988
34282
28779
36315
32916
37584
34588
61858
33448
32953
34342
31466
34792
41492
31441
41848
37909
31484
33882
33007
41871
34097
34244
33917
38625
44482
33705
54478
34986
23398
24017
54924
24114
33363
40739
51543
47587
31684
25936
41085
42438
29482
27333
29419
43416
35660
27337
40689
30715
35088
35084
25290
25501
32407
35015
29607
34746
27292
61012
61863
39115
30292
57313
41783
32667
32255
28691
37244
26952
52322
34619
29827
35534
40507
31430
31773
28588
29898
28579
46154
44005
30775
38496
40681
45625
39930
32999
34769
44487
30647
31669
32728
36564
34034
26270
29338
44906
43292
35768
50653
37301
52275
31074
28766
60154
51807
44588
38586
40769
25270
32951
28499
235490
40559
34869
27994
30697
31217
31374
29109
36385
34282
31189
33164
39145
29458
29811
33557
36821
36130
37697
39702
25367
26569
24319
32142
26286
36318
35125
24913
23193
29236
34667
25504
24428
32110
30702
35190
28539
24353
31931
33011
35000
34695
44156
27714
31403
32386
33815
31885
30140
27376
38448
31414
33993
32397
34168
49902
33224
34270
25504
37391
29703
40179
30741
37875
39370
31661
28136
41498
39159
24131
33645
37729
28037
35259
25245
24359
28391
32825
30971
32138
27665
34014
33720
33617
34533
23260
31033
31350
33050
37347
33270
26954
24311
31564
22424
47501
42388
45390
29591
28962
27405
29946
32576
31461
31092
25438
83330
33610
32191
31821
34793
27941
34547
53256
30831
31819
49017
27631
32114
31575
25217
34423
34433
35397
29379
32255
39375
36049
27127
31972
44032
27423
33462
45834
32737
28364
30128
31176
34469
32979
28044
32085
26851
32333
32621
58573
33000
36722
44613
36430
32057
33707
28719
29866
30713
27615
27011
45928
35469
35303
28020
25703
36977
24902
29579
32346
33710
44061
31389
35611
25347
35370
28245
29891
29308
37245
52264
34895
40154
26478
24797
32312
31413
27920
35757
34804
28441
32145
35881
29196
25118
29337
43890
31125
41221
33639
49319
33642
55616
58628
24596
35259
56432
24039
28598
40335
34084
26266
27303
32298
32995
31153
53837
37526
30076
36890
35695
35249
48992
28645
32686
33785
29881
35409
29009
54372
25276
31562
32146
36901
40209
27254
24257
54361
27491
25043
26049
59412
27698
22954
46325
31316
32458
36741
34359
30265
26809
39840
32488
29975
29201
33765
27650
25221
29588
31819
29701
29968
42983
31873
30979
29483
47954
32021
25583
31797
32958
34522
26064
34719
32468
25288
30998
30980
30565
24973
23127
26669
25307
28647
27384
32619
33284
34217
31865
50585
26772
25972
25952
25625
27227
40416
26346
27752
25827
31455
37597
27999
52918
29067
28219
32483
45742
38446
33572
25510
26701
41414
37469
40261
27166
24582
32083
22427
26634
33244
36087
29050
25902
31491
27651
26246
74968
30796
42744
26362
30819
38602
25597
32242
32844
55578
32697
30939
29733
37669
28307
26251
28105
32648
25469
39240
33033
38586
31957
27955
31392
36780
33136
36714
27943
52523
38674
43480
37579
26619
36215
30491
33972
35694
27035
24597
26409
29892
29455
32232
28177
33276
40613
27543
36587
40919
35569
36441
23696
25584
26321
33206
32409
47537
37311
32914
37780
37603
35320
36720
26835
29426
87688
25432
28017
26943
24212
29465
26930
32779
63580
66789
26288
24838
33910
36905
34840
32692
32588
28029
31141
35294
32662
24583
32570
34999
35613
30736
31174
38244
33837
37163
26053
35234
40263
25347
36873
48560
39107
31868
31342
31638
35845
31217
36550
39973
32597
37273
26940
40261
76637
38021
56170
30096
32635
37163
22354
36604
24808
32726
28099
30837
31554
26185
30668
33084
30968
24292
132212
30506
35917
34011
33230
31529
29021
30158
26351
32048
28297
58574
26995
30260
32332
34579
33721
37096
25629
32884
24462
26533
32618
31159
38679
31281
29388
29394
27745
42456
39643
35549
25598
25870
24234
28846
27558
47710
29904
37191
23869
41546
38053
73730
50562
28086
32237
32427
35402
39997
26151
28693
29341
33696
49813
30960
55138
34200
25504
29826
24513
35430
57938
33862
32604
28104
34530
27899
477450
29968
30835
20027
33100
31490
32153
34689
30137
142687
42407
40729
32624
28743
28222
31758
25415
47633
41576
31041
25507
27273
30763
27429
31669
68258
23618
32609
26550
35554
32896
67496
29869
34943
36284
43271
26493
26880
49336
23518
31906
88536
37262
23773
38911
31732
30842
26809
31955
47462
29004
32745
30575
25637
33233
37140
25973
31903
26743
34660
27291
24877
32002
39156
28693
27167
32014
29720
24014
36606
32087
22578
29476
30050
26744
29614
34462
31133
33033
35014
30333
29800
39683
34010
32390
25295
26556
45956
45970
27622
39463
25986
38182
34916
26311
29805
34902
33037
186643
25789
30588
25837
43309
30865
29759
41568
25943
37908
28664
27077
32975
28052
27422
26997
36475
27658
25955
22474
47627
42352
30005
29244
28594
21362
25299
24696
27178
32064
35116
32846
24033
24357
29787
26636
24956
29334
51218
23634
37709
31565
25345
23614
30124
24178
26973
23775
29758
29653
25779
24402
33101
26114
49561
28622
30227
27838
31411
31558
32017
32291
25158
60445
32034
30331
46187
26168
29692
34364
27022
34315
24514
31469
25970
29957
29503
27395
26685
29420
26905
28566
28957
27466
28936
34473
52578
28236
34009
35254
35170
25677
39058
29741
49376
32199
33625
23714
31558
29272
33409
30941
35209
30114
31609
30486
32714
36827
37398
29198
30117
50043
25142
24526
555366
32677
32048
99985
30843
26366
24640
40692
25579
27101
26362
32738
31115
31177
25631
29451
31562
33328
32222
32836
24548
37015
31271
25260
41344
28692
26333
59436
32868
27463
31140
29470
31461
23457
28704
27351
29568
32980
27115
22402
31496
32110
25672
57191
29459
32016
33175
29770
33467
36994
23579
34702
44409
30996
31006
23815
22482
32147
33611
36713
34885
38517
31673
32390
28293
33032
26670
31611
24571
33556
22780
65043
33571
24150
31820
26666
26805
32758
34513
23560
23168
67577
26291
23108
30426
30523
29287
31332
197362
22064
35453
27465
28891
25586
24336
28309
33654
31070
22879
28699
26688
32174
63797
23393
23550
41284
34615
28205
33154
37279
26053
37828
28735
25404
36637
31032
34325
42002
59531
25032
25435
30419
40643
29308
25339
26043
33426
100902
30395
29358
28477
44367
57215
32026
35297
38488
34517
36476
26226
26447
31058
32788
29056
26686
27536
26113
63387
43643
29415
29598
28168
29292
24127
27787
24890
32812
29461
30626
25725
24276
26292
25524
37256
20646
39192
23754
31449
29853
17853
30177
25207
32240
25857
31541
27019
33736
27879
24333
30226
29879
27630
33118
26059
30443
28563
22453
30585
32762
28009
26031
30130
31046
27645
29885
25113
42587
27140
24628
30439
31397
29550
26276
28296
33231
37606
28344
44954
41694
34261
22674
29887
32953
25281
27503
31363
25158
39055
24653
25234
23330
30398
30602
29141
29572
30626
27976
33155
39782
1999876
34598
33214
29314
26222
40382
28513
28276
32848
31550
30313
37207
25579
44538
26505
35626
40208
30839
29625
37020
32166
27202
34574
30882
25073
42958
25190
27169
40094
23171
32883
46442
36456
20941
29415
26814
24596
32408
28544
31071
28890
23684
31996
29683
42753
33362
33381
29839
22556
52701
38055
31038
45614
33398
31764
35057
36401
28689
58353
22740
30605
38833
25730
28240
28093
33127
29821
32531
26460
32432
31477
33835
33280
27096
28136
28140
25989
31892
24094
29313
37449
31676
31018
37959
35273
37744
18675
35079
33561
32736
26265
26718
31124
126405
32992
60912
35617
238203
24682
33200
721070
35488
32148
31077
63334
31538
28640
24693
31301
36656
28176
34561
25490
28580
28045
38434
61501
31622
23679
28203
27698
31701
24247
36407
27813
33599
26628
27964
31824
27416
60000
27448
168641
23965
59454
32713
25591
37244
32716
26247
27133
33973
31450
24472
30973
21753
43138
52759
39612
31868
36414
51040
32081
29562
68700
46525
21649
33470
46325
31161
34501
34277
27725
35733
22769
23902
30433
28730
30111
39725
29029
30135
33983
26519
27251
67272
28746
53513
30318
35013
31935
35235
72215
28871
26191
25469
32160
32698
23783
116631
30584
59529
31950
42223
47793
28059
30854
40531
28093
24539
29796
34415
36087
28500
21997
52365
28782
25991
28854
100834
25185
35847
39353
25866
38973
26524
92524
31834
42076
30781
38803
25949
33795
36828
43309
37329
43274
23424
49037
30743
29791
167407
27650
34393
25049
27547
25524
30324
30919
32650
25878
34123
30509
32338
29482
32171
28073
36015
27228
35549
29945
28810
23872
34030
20825
40469
35035
29072
35383
28454
32008
31140
26085
32058
28615
33153
26841
32771
25731
25186
40059
24588
31820
33604
34809
23116
24458
32454
21377
42078
58813
25882
25566
35544
23670
34579
21838
29769
27823
31424
23596
31444
33657
29202
23550
22738
46273
22827
32508
42333
32078
25820
34235
34424
59765
43886
27630
35062
29575
25002
23151
31795
29347
34750
26989
28451
27276
34015
34490
56204
107793
42150
30477
24825
24651
32432
25911
45667
26497
37330
81818
31456
28696
31726
27917
57046
31014
19710
28305
35899
26909
32301
30876
35179
29504
23465
149196
27819
36768
49952
21767
27801
33531
32827
25540
34256
33203
28450
27995
28216
23157
25866
25327
33886
28501
30897
21659
31153
43058
28775
38182
24512
32790
23842
33224
32810
31274
26616
42369
29615
22828
83916
72299
26943
26611
21161
22562
35764
31587
25401
28922
37964
33581
21849
88072
33451
23641
26982
39701
42260
32903
35486
30007
24715
32042
45809
30031
26644
23176
43051
34421
37447
40839
28735
35189
42213
24430
34308
27255
33503
25181
39728
32644
36699
47365
24108
20912
35497
24089
33864
33693
28768
26878
42262
21794
62249
50475
31534
41520
52786
27641
42825
50855
27509
24680
28231
27787
35532
35799
24468
26094
144503
30558
25506
25291
33108
30886
30285
34716
39122
38266
28039
26558
30953
27002
25672
35358
33656
53569
32506
32922
41459
28176
32581
29947
48395
59677
28789
57747
26691
27022
33662
32846
29223
29147
27085
35209
89591
32289
26754
30732
35095
33760
31924
30812
29920
31688
25186
32585
37508
33770
37108
30419
42382
43517
32605
30942
31441
34928
38634
70515
36324
33920
49834
25563
36255
37115
29287
43928
31548
40769
27091
36614
41339
24284
31578
26493
32355
24282
25727
88578
32078
22793
379071
26649
37850
28047
32679
29091
25618
23013
41201
38743
27053
30772
23123
38317
29149
26603
27449
27687
27301
77718
32753
34518
29782
105299
26782
33099
214141
24712
29573
29204
30733
49406
33240
38742
37426
31506
37661
27205
35854
39505
33766
21700
227637
27091
29718
31517
39630
28631
1366002
25870
34965
26871
40816
31502
21753
31904
28181
33068
30662
32361
30950
31892
43238
33781
28748
29326
35686
33319
37284
24649
27406
41731
22441
29991
28182
34601
28122
23991
59430
23466
38659
38169
31192
31702
28008
33525
29042
40942
32531
26364
26082
52583
25421
33485
25101
31835
23908
26069
43135
33655
34622
26785
28041
41885
27069
26964
51306
31615
28162
30720
31590
30543
20565
37783
37011
30309
56531
31103
37503
32771
31258
235717
38117
32058
35559
28666
26462
33861
34382
29398
24351
39021
37006
44839
29431
30773
28649
30347
45619
29259
35580
23636
23528
33731
26830
27916
32026
20433
24385
77335
33924
26176
45791
31979
29922
23904
25208
62762
26260
27818
30585
27017
25602
32348
32351
48364
33598
29860
32307
29290
28217
30456
23844
37385
30368
24097
22390
30662
31398
29623
20001
36034
32480
31605
33041
37584
23674
28656
25121
27306
33460
32838
33366
34214
39867
30269
138825
32374
35310
23054
33334
44907
19889
23089
31649
32868
29814
28148
31687
34238
31694
25405
44448
30160
31155
26733
33434
20323
33759
31123
50084
24634
47782
29519
41347
30309
35914
33228
30493
23741
29957
24376
24932
28733
38630
25680
29654
60596
29976
36014
29109
32351
35736
35180
35071
19655
34150
23272
28965
23864
34928
76130
38060
37503
29563
30393
28241
30774
29115
30919
26584
31108
36296
34002
24060
27764
41132
24700
42738
25822
31326
23041
25445
31468
54894
40225
31947
27912
36201
36714
25050
34483
47702
32167
337814
35816
23237
33032
49604
30438
42271
29485
25619
73824
32995
29882
34917
30185
31375
30197
28929
34199
21267
34447
25463
28835
26057
21553
26848
48415
23804
44092
32663
34776
33191
21004
27500
197207
25932
33732
27093
24884
27128
33556
32314
35815
22365
60303
36074
33066
36027
47127
37942
46813
31451
36419
30621
30309
31253
30082
32416
19593
29585
32558
24314
29492
29597
33118
29673
35977
25963
32021
31736
27168
26340
34617
29310
32946
33017
34265
35198
183205
21004
29770
32275
34875
33458
26286
31400
30174
35938
47965
30677
33423
26912
39096
32943
36274
24837
23802
41963
24216
69136
28878
41680
38538
29989
38362
31783
28063
30291
26408
82462
35718
40063
29790
40208
37587
29142
31134
31266
32058
32365
28371
25940
28455
36549
31312
40794
29100
32312
37237
34822
31245
23659
29986
29311
24744
46061
43956
32848
33091
22495
41472
41264
32705
51644
52488
33845
36715
27914
22849
41499
28129
31038
38394
25549
36269
52526
31452
29266
30622
32189
25754
27853
24437
25138
42302
27462
29934
24961
22939
34650
33417
32309
513830
25754
31347
30837
35519
36522
29190
26067
28861
36881
32379
38672
39533
24972
39595
30407
46353
33334
30287
51779
31132
34964
26596
25515
27359
38179
36553
31480
36104
32901
28712
30997
23953
32262
34769
36174
25682
24353
28604
37315
375754
36923
35227
27622
34151
33689
26099
25600
28441
33638
32357
34270
30145
27965
32217
37915
29592
22724
24158
22675
35895
28214
29706
33702
30501
24774
33558
26444
22401
27310
21922
34085
24942
30039
21515
27852
39871
22663
28265
32225
29108
23353
31899
42752
50784
26609
27082
33560
26315
29770
34383
31116
15990
22565
40675
30473
26128
29711
31206
30311
32713
29764
31150
35633
30005
32272
33968
28069
39916
23230
31238
43857
30523
33365
40790
29780
36797
35531
22983
23287
25250
31707
34948
22728
40890
32784
37424
27333
22340
23507
38336
95076
33840
39715
30423
27110
60656
38155
31273
25284
30214
76391
29628
32604
35586
59779
48180
49695
60415
33950
33736
30267
27802
53230
33982
32472
32301
29088
27204
36271
31909
27973
32072
30276
67024
145689
26500
34315
25155
38968
25335
29978
34601
22071
37103
42009
36711
49283
34271
39728
45948
32779
31700
25157
42650
32654
30267
34212
24147
38121
35004
23937
33602
34645
23708
29415
35567
30804
39612
29959
29608
30655
44452
23278
27010
31465
22482
27292
26585
37969
23704
27479
32048
30960
27766
37793
22656
31329
26246
30874
28620
35165
59556
27304
38807
46696
31793
28380
25656
28544
27140
28365
25603
25381
25120
26463
28127
26777
40397
32502
26918
24071
28468
23822
32008
27703
28944
26279
70411
34213
32214
29962
27169
23662
34965
29496
41475
33376
30297
24371
28969
32369
32868
34842
43016
30764
31414
24362
68629
32412
34083
24255
26393
37665
39302
33452
28758
31679
30324
33139
40541
43696
56154
169766
29976
30639
24453
35953
33448
34770
61201
43879
44261
60464
44382
26003
28181
27775
40869
25893
32910
32341
26651
30794
28856
39145
32759
24709
24599
36024
25116
33186
26276
30483
26393
26588
31838
30413
32532
22667
24085
27295
32839
31701
30191
29971
30009
41907
36058
49941
35002
27544
31269
152410
31654
29313
39070
44535
65073
41487
25977
150961
25209
36707
26509
78718
31532
36250
38909
21271
58265
33058
39204
28381
45123
32880
38273
29326
26968
34127
25179
36423
30149
32834
43656
26178
28615
78361
39716
39632
51136
37157
24696
28418
38713
32026
38450
22492
26947
33063
25657
44827
34781
32155
35697
39117
40394
29853
34543
34142
38248
24518
27220
36503
39322
40919
26968
26722
32011
35364
24412
31251
21843
27518
28186
24637
27838
26350
31248
28715
26332
36104
44120
36417
28046
35937
25724
34268
24513
27919
32663
33000
25544
34254
38362
38563
27480
29316
24444
24183
23693
36672
27903
31722
24769
31494
34834
33113
45480
37805
28807
33418
39567
39757
31546
26097
25724
28462
27125
35466
34166
27876
30929
33424
24349
37942
24233
33457
37939
34247
31502
28512
32890
30720
33428
25507
25621
28090
23766
31930
29392
31687
26517
37132
26673
27036
27489
33699
30737
32661
33355
31365
40288
31151
26553
22945
21663
25161
32737
34171
27698
33694
31273
40549
31320
34252
30555
30330
24696
26538
34724
220439
28359
30000
97312
218616
46030
33709
31560
33199
30591
47784
33163
41733
24819
27260
26677
34986
33927
25171
75751
33759
32766
40489
28483
33519
28842
26941
25733
24797
21435
52768
31817
32893
27462
25112
40474
39076
35241
35575
29137
36139
32540
28221
34209
35357
30903
26536
29644
31754
36298
30096
70824
34707
27801
29759
27563
25659
45727
28648
26248
72898
37419
28573
30798
34927
42175
27322
21670
24429
37895
32369
64090
29732
41261
32391
33180
19558
33630
27233
24941
24968
31683
32570
28443
24965
31932
39607
25610
30502
22892
37724
26608
27544
56129
32601
30423
23217
24760
35674
33588
26005
27975
29414
28756
30098
39905
29796
21765
28959
32967
31250
26456
78565
27389
32774
30832
29274
24998
29013
33141
29385
27938
34151
192798
24527
26696
50331
29178
33558
61987
25976
37856
23288
24748
29647
23874
33793
24716
31154
26764
28597
66581
30538
45445
27842
33386
36766
24589
27199
34296
29363
22837
34758
23445
28147
30076
27112
26570
28407
29959
23097
32458
42567
31068
29875
36801
28486
23320
31603
26951
28152
27532
44950
33567
26228
30630
26917
29657
46133
34257
27196
38874
138677
25196
31520
28933
35695
26605
27011
31390
54931
29675
29469
39256
27135
28316
65245
40505
28467
25415
22186
37808
34414
47753
22960
30955
28728
35914
18292
27581
21574
30649
30433
35804
26560
33825
31701
33813
37867
31156
34634
31457
40591
32511
28389
33984
25693
36188
26096
30424
52673
28500
27107
34496
39403
28771
31905
48509
31251
32694
28930
28840
28513
32408
28818
31006
51381
44478
21763
34059
31283
66763
31919
68991
26056
33614
29136
24965
25696
33957
29694
21811
26272
29343
33259
36866
30910
30025
31933
30667
36642
39711
29513
38589
39026
25962
52666
30030
101283
64070
85446
38491
37787
31015
28312
44318
29317
31271
30715
24859
46025
29878
538557
28744
38026
34623
32804
50304
27652
32775
30456
41068
39633
27755
24431
39629
38340
30041
32284
31257
48934
34552
40866
30667
39527
31729
32668
45247
27475
32231
38057
31636
32755
48323
34462
34872
310943
31130
25665
445742
24676
26031
44114
39500
37525
35907
32387
32778
225090
24952
35301
32060
28446
31094
39337
47588
31869
30543
26657
31379
22945
44825
33454
28697
46433
27926
25470
29982
29578
28158
33936
32896
26845
36579
48883
36650
36665
30581
57676
28540
29132
38048
26747
36889
41923
30428
27758
34229
28347
31646
34561
45460
44902
34160
34899
37284
65172
67029
43745
43088
698953
29891
36513
29789
30561
33195
28048
33205
87218
44040
255303
25362
33118
25407
36712
69743
39531
42726
33125
29289
40065
35639
31387
34086
44700
28326
55316
35696
58997
40013
37412
20498
56739
36903
25344
33730
34261
48726
23131
37720
35139
66035
78138
31717
32256
36162
33454
35988
30935
34212
38793
191497
35330
20752
30833
45680
39244
31337
34862
38206
46789
31644
35752
35693
28221
39999
35042
47207
33842
36526
28819
38635
32224
36959
32107
35184
27719
41077
3662023
34242
28553
26978
31117
61768
27484
44655
34674
26330
41683
42074
27746
41341
31772
26674
35656
32007
31611
37306
27396
38609
30697
27830
54917
36947
32110
37162
25816
45893
52099
46487
39285
24179
32310
43049
38617
37501
37970
23498
31782
25712
32120
32052
23004
30534
26207
26716
30918
30506
30560
49391
21862
522649
38744
23798
31091
43435
30660
37008
29882
35203
30984
48550
34945
37385
34729
36996
35584
43368
39899
38655
36087
24396
285844
32991
63783
28229
30843
34153
37924
28955
45139
29165
30764
32740
38020
35431
33049
29360
25358
41882
465443
26556
23436
39704
26453
32991
46950
29235
30972
24230
72126
39204
29526
34965
30107
28645
33287
64955
23448
34427
31974
36469
32414
27444
72202
31458
34561
59311
38121
53709
416650
34701
24759
38891
23089
27065
43898
23744
35212
25122
57584
35787
45644
29611
42239
34824
32325
37876
31885
36822
28872
37550
26234
36009
39470
43379
42633
29066
29674
69972
31507
52122
34946
48896
32157
36260
27754
45674
24867
34485
32745
25689
28496
42368
34354
36277
29326
40904
31168
22067
41806
34002
111795
35536
32199
28069
45282
35226
34413
30640
44027
29337
40496
26070
36820
26888
35424
46250
37377
27903
26108
35842
25107
53685
33610
26187
35916
29025
29567
34744
33613
375129
37932
29185
22527
29812
33133
28120
33065
29298
36259
29881
36880
25473
33986
36447
32569
31936
38968
39794
23685
27247
32298
60868
45633
29431
35850
25796
32732
24352
30224
36648
125089
36781
36605
36439
30188
33321
45407
49262
34881
37418
36076
44790
31882
31377
25816
35311
30249
54960
41745
30648
44758
32959
43366
42798
41325
29853
37195
31840
37680
27445
32931
28991
33129
27731
37975
51264
34050
45095
42089
32280
29605
31806
36867
26513
39994
31088
26359
41910
31203
31449
55911
28581
33545
23352
37108
25956
27496
32240
33709
33992
40104
26817
32311
35364
56709
32177
26136
32831
31294
33631
30747
32310
31959
24749
27778
35774
46481
27748
35060
32540
26532
25912
33252
226988
25512
31078
30881
19783
39024
31108
27893
30302
27917
31004
29931
35037
35975
28195
35622
46477
28492
27283
37575
25350
39454
22451
34549
31985
31473
34696
51589
28427
37687
28861
29700
33473
26589
32269
22830
29052
29260
30551
27060
27457
22385
36826
27433
29782
24065
23221
28642
41482
30233
40279
33878
26091
31544
31431
26445
28525
59569
37460
36625
27705
40455
28922
34404
31354
31933
33839
30902
26077
31453
31721
23892
23730
26651
32269
39360
36383
28491
48647
28205
20146
33410
25766
23583
32179
22467
36516
29085
33171
40404
24909
34757
23696
24244
26197
33479
29430
29095
39386
36453
44947
26510
30090
26356
32257
32112
41836
34988
26994
21824
28588
33910
28144
30056
36388
28327
27309
30559
25296
37156
29094
30589
31932
35832
26474
29757
31526
35302
42000
26318
29260
37493
29970
24747
34122
36346
26658
23001
30033
22568
33443
61746
30472
30253
41685
25057
20895
34782
26351
30403
36552
33691
39177
35964
30602
28903
29985
26928
33573
26658
33620
29859
41804
37380
38592
25870
30620
57613
31380
29498
25228
31677
25860
32953
70426
26997
26952
29828
27424
30832
33947
27557
138911
35398
26017
31877
32862
22524
43377
37090
36209
32781
31606
32887
37490
23852
30226
35413
34974
32730
31936
36851
28385
31854
41815
28981
132260
27883
44256
26718
25257
29823
46989
24084
35718
32027
43260
29136
38767
24910
27462
34970
32790
29165
24431
37316
25300
26474
34626
35817
37900
25555
36156
31704
68077
27037
27821
313641
26693
42270
33655
68014
29960
27880
43998
33226
41743
39558
29410
40437
21431
25124
30478
40488
32701
30207
34044
30864
30727
37628
31204
30942
25668
54854
33349
25080
34696
61818
27953
26309
28143
24083
47239
31324
37165
40822
35117
30923
65389
32865
26927
50720
27972
27805
26583
24495
28402
32813
32352
35377
30848
30165
34139
26268
27896
30286
37324
31882
42370
39554
29719
30211
32872
28022
34143
54043
40747
25916
21274
36086
29758
31952
25248
27321
31431
33276
38446
32042
39571
30974
37748
24641
34325
33485
32484
26171
35897
47699
23178
26801
27383
30853
26128
40821
58595
27552
37601
25626
25242
30945
36953
35497
32652
29831
32121
30773
27331
57268
26961
30407
35471
41352
24483
32414
32916
24559
28625
39435
33310
27857
28424
26640
52893
43741
23245
36755
40832
31000
24302
37210
29088
33982
25827
53683
23972
44560
29905
28286
45778
23524
26196
28905
22389
34431
38706
19814
31274
30242
32091
39068
34114
32080
49036
30572
41299
26320
31153
42915
30293
26149
24632
32704
424957
19347
117499
28361
38858
749881
29663
28600
27664
37936
31961
22498
32325
26560
25480
47391
32895
30249
47537
32318
40052
27444
24332
27441
24737
26392
26988
37309
24907
27231
32701
27466
38554
37835
36699
31579
66774
26770
40302
24206
27998
39740
23649
33053
30202
49171
36974
30643
30433
33151
31218
44661
28013
30505
25878
29242
32230
32899
29650
36198
35926
24920
37519
29680
27905
29598
50718
25984
36974
1781253
30897
43861
39475
83732
25505
56769
48040
38260
40210
41794
24117
36626
34998
91603
27629
39609
28840
61586
30125
33491
62957
38393
31459
25113
33254
57805
31009
31879
30391
38796
35027
130728
38116
454257
31398
80524
49747
29424
29708
31208
49688
45519
24575
29869
30611
26769
45010
21936
35302
35181
28980
32410
36325
39301
46275
97325
41297
72013
34073
53182
32459
31554
33206
25620
276405
52968
29583
36666
22710
34025
31131
36180
72107
40552
72143
32119
41283
22495
34356
33273
33885
55267
29874
35802
40299
28011
29367
150991
44701
26180
26284
56051
42508
29228
30343
114413
33733
669737
33835
27516
29759
24040
30980
32798
27140
39027
34316
30271
32990
35786
28234
27635
474390
61925
36632
28911
34993
38044
32137
34814
31529
32638
31358
34468
39588
40852
25287
97597
32962
30396
32297
23846
31211
35874
116110
39366
47935
32892
28588
29618
19280
22562
27046
31626
26493
29152
37989
25720
34045
41033
25874
42835
29698
36851
34810
57304
35963
25533
32474
29461
36126
30951
32058
35102
32509
25173
26787
32996
30336
29728
35873
33050
24754
330495
32041
29453
27255
29106
26834
29854
29618
26535
26871
30870
1482814
41937
28591
35751
30667
22345
31080
33826
26887
29649
30627
28395
39332
21617
33768
22628
22207
33036
29929
29001
32403
31432
27831
35796
25675
20858
24662
28408
62983
33620
32435
30410
24284
27923
32416
64852
28500
28595
30997
21696
34110
22113
26659
32179
27487
29222
32219
28616
31540
36709
569483
32234
30733
33973
47870
34920
27368
26503
31877
23201
25372
31989
44644
24221
25050
29097
32250
29998
29706
29319
27884
23814
99291
32098
28765
28644
27673
31424
32790
30464
30054
48674
33093
26423
35822
26721
30424
21657
30769
29177
25572
40541
40867
33805
27040
486062
32424
26243
26581
34417
50439
21113
23525
29131
33131
41520
33201
33750
26549
27915
26532
20490
27374
39125
29275
39520
38205
23498
29806
29091
37435
26330
29911
33144
34725
30047
28304
32147
34805
28364
31766
27701
44703
25369
28645
29680
26393
56811
29538
36358
26613
33013
22391
32362
33049
33333
42154
27012
28158
31098
28014
29899
27675
31069
25429
36207
28012
21685
30838
25913
28850
29727
27299
26440
39206
32682
29825
26947
30340
27660
30909
31471
28060
28143
29191
26014
24200
30552
22621
32411
29454
24909
32155
33157
26171
26187
46634
32167
28074
27327
29393
43388
43683
24319
29628
32248
48475
32877
28965
37151
33427
30399
33942
27234
29066
44810
31715
33235
30760
30613
33250
23011
30155
23680
29931
37884
22535
27686
27726
24887
23957
34647
28352
41465
25047
34459
27365
37145
35543
31066
33719
65477
30359
26080
27661
37481
28230
24535
36513
23107
23615
34374
22435
35420
26270
35023
37716
30256
31873
47978
33806
32255
30904
34433
50479
31238
32822
64856
30781
50783
34470
27568
61680
38367
22267
302353
37536
24723
27702
50082
33866
51421
33139
26356
26024
33792
36557
28558
29544
45961
29701
25078
27372
28370
39792
97993
35467
35344
35300
29321
31553
25503
35401
25256
34452
23986
48335
25829
35346
28172
24160
108181
35052
33202
34054
35629
27251
31200
41117
25975
25133
30880
31025
29077
31511
33976
25140
31971
23238
27064
25619
27400
29327
25749
41077
31156
29922
36108
29773
28724
32479
29376
29471
32144
28525
30386
30572
30432
35340
48313
26355
35213
29076
78844
28264
48490
29341
30219
32400
27055
24893
30215
39150
35598
26809
38249
24343
35362
25841
34366
38136
33041
26563
32970
30890
34957
28541
46241
31085
26075
28304
43305
38270
35432
24648
29176
23840
30988
42518
34378
36151
23797
24416
28000
23965
29104
76951
23937
33923
21885
26660
26638
25703
29715
34601
26726
26874
47305
26223
25245
26339
23729
28520
46334
29751
31447
29741
28559
27723
32597
21644
25301
21353
22255
29264
30058
31411
24132
35504
31795
36205
33105
37418
31521
33700
38889
35581
24289
34203
24902
33839
28636
31768
26994
27810
32234
26504
38229
28858
31357
32411
40937
33450
35570
53662
32827
24696
25028
42748
24397
30407
31347
38106
38550
36023
27307
32886
23942
23116
33479
38901
33875
37017
30129
30782
29792
36833
30881
29622
32989
28388
28644
31554
43390
26499
29787
48802
30278
41566
29662
36810
26952
30179
40913
38732
28148
41570
29609
35019
36951
30680
36529
29860
36571
35222
33399
33469
27218
23962
37845
39018
29515
305509
40498
24963
26650
35706
32262
29949
242252
33125
29560
28618
23471
29651
44649
34000
27271
24106
39707
33546
48842
31777
32386
25640
41941
27428
26723
36874
34052
38665
67584
37205
24910
24441
32806
31553
57518
33339
29238
37559
37109
24041
31122
32739
42751
27065
57396
31539
25940
53940
36781
34016
41453
27238
28154
32196
53913
41635
29812
25774
34415
31975
46698
25557
53041
46838
25357
58271
31829
116218
35127
29396
34541
29565
58355
24733
47492
31145
24595
33059
33849
33411
34256
26947
32323
31332
26718
63975
52866
25449
32830
47343
43797
29686
63349
39317
40549
34292
36109
24248
25795
41506
29980
51651
32434
40533
29528
26660
32492
64027
58661
35818
33564
35297
40856
42127
43827
43008
25636
52732
39079
39393
33552
25762
37510
42215
31415
30867
35740
28712
19918
37598
25623
30359
40954
27365
26657
26701
39816
26925
24146
33209
25460
36546
28325
31057
33038
34946
33703
41971
26368
57088
39601
24920
39557
25044
34561
45614
34041
40721
28789
25961
34231
29863
24313
26930
24575
32259
37100
38527
37558
24920
28439
35300
34455
31647
34955
23389
21917
32207
23341
25754
30032
31072
25554
26572
24070
26973
42120
35083
25072
26262
31889
30312
31381
35625
31951
24743
32633
24110
26461
28562
30262
41453
24803
33550
32643
31314
33646
34190
37575
31857
21828
26453
29571
35284
34456
28047
30744
29454
30648
32082
27887
33751
23544
29954
37123
31024
30926
31254
32868
38776
27445
26605
46474
31256
38207
25008
37248
30331
25532
26418
26813
23148
26831
31121
44657
30679
40770
26297
100402
29959
39042
20026
20885
29691
30961
40381
24613
31991
34809
28904
33451
32223
33872
24913
49532
24337
32568
29363
33119
32695
38300
31687
33666
20980
29549
38025
29197
