265570
232270
184920
197487
115247
191552
194180
147724
150088
152621
195054
201393
203279
153989
146014
196028
135392
149545
172666
192686
128345
161811
210402
158405
197294
190775
273456
201034
206474
127993
156764
212464
146514
268017
124382
141069
143840
195316
155651
182332
129753
162944
172246
139768
144045
165158
244793
262125
164171
150665
144030
174930
167532
223307
202630
197887
160396
155314
121325
130673
144508
153867
174621
197206
108917
133873
194408
222460
132771
142163
115108
133905
204036
106953
232040
127045
147857
152223
255768
124934
134627
239460
156338
147398
137269
131092
196786
162012
102902
169827
150618
161296
214328
289496
132858
137177
118823
178563
115816
150858
136072
169158
165754
135119
114704
165316
143103
126581
145413
154503
126572
143374
172737
493296
189330
264146
168638
182973
164627
217233
137389
172356
161999
169971
183692
247272
173125
147470
116984
194457
146098
126653
168464
159570
149084
183799
178221
166139
153424
155951
138653
153857
245267
149887
113859
160271
141173
109886
122120
156296
241139
156839
239830
146948
172201
147703
153870
203767
174046
145437
156269
161223
221824
193190
169995
147165
230738
240449
171244
152370
161551
177317
161967
145681
169315
150710
163274
155228
212345
161777
146262
142044
162433
120405
149988
150383
150852
209957
245261
115500
147158
141320
160033
131483
147724
154898
173850
162670
148222
201781
323875
139849
185121
170013
211399
204681
240801
205345
232377
156796
131005
231301
168094
174903
129064
140340
155036
189818
147913
178152
430810
147745
152599
176487
148610
144527
151982
123966
157367
155554
132148
136587
155287
162744
110438
168489
210085
248113
144645
130515
195147
148929
182491
445523
167080
5845102
234698
145065
139026
158437
133715
139758
183422
143656
173651
220915
142168
139194
123920
303565
180588
110952
1487947
388876
122954
134534
231940
171597
130290
799315
114716
148136
142370
121496
144498
165029
140738
149448
162662
199278
240887
174496
115421
230583
159641
149361
146755
138041
158792
196956
158940
226651
117444
140578
137991
158179
207673
138705
116030
688741
146774
161099
154365
163346
155752
162594
141025
150212
207404
175760
239734
292712
160661
168441
169752
154623
124094
156465
127117
229823
142562
150710
137936
139663
159085
156839
226240
185836
217485
127748
115124
190526
176980
245291
127325
165986
134709
143818
199617
167276
126365
171501
178853
155007
148456
271748
134819
202521
129704
103115
135274
174072
164843
159703
205195
141064
159023
144237
132848
125637
138923
234790
111905
173027
216162
128326
315488
133467
162979
217618
136650
189361
136282
196666
130264
135609
190274
187845
167945
144765
157928
6874408
174764
135486
148794
189906
152868
223702
284032
162406
159639
219429
144609
186859
115709
178070
177277
236752
132250
145933
165585
150210
188504
150875
168573
170605
231925
170878
133363
146508
123528
152992
265157
187758
136484
141929
114886
131729
144660
229481
148511
237960
153712
140122
139684
130176
166827
178385
182961
112627
133591
146401
516439
196190
182007
145205
161239
115814
161821
147719
164963
179181
993846
194039
147912
147688
171595
179513
148160
141912
155529
157182
139174
196540
200709
272167
190706
235145
127481
137309
146463
144287
310812
213926
104780
144132
173475
152408
185678
155553
150197
163990
180243
152713
113160
151942
157505
119482
163361
140504
171702
135545
185759
172620
138354
127578
215133
139476
172857
142196
154384
117359
113261
148863
147183
136255
131196
152727
171690
166232
150746
150939
130999
146999
119753
309255
174640
117704
133123
150946
161565
156293
161855
164922
310257
183413
131704
213239
118839
149826
155028
229157
155654
202799
172703
1891611
127438
176333
141090
98795
166771
149238
127166
142996
201737
136523
672477
156255
135017
131306
136404
156907
187874
150336
135114
154924
185386
147541
123884
120951
143464
150518
116776
178762
187459
188171
146863
355961
141110
143632
180775
154389
133740
152374
161264
156368
184420
144566
220621
141775
183253
123440
170989
163996
155886
113232
239104
213157
129319
241791
142248
140607
132934
184925
117236
238672
210838
124747
116703
166599
163586
191917
144133
161852
169317
143749
146340
228545
153999
141687
147243
122181
119116
177554
295501
149138
154900
120348
151996
148605
168687
129900
356803
200003
167870
187671
210970
156320
124151
163584
170212
127663
151112
142342
148712
161796
250057
135966
113532
132786
114764
194673
172517
137128
153667
161138
185589
126282
163814
182355
169447
136084
268546
127840
186351
135782
143842
150347
142991
128935
422872
144547
119586
143629
137171
165166
168782
198379
154610
183410
147103
139869
141046
151630
157787
146782
128139
117148
163131
111371
191067
111402
154646
202555
144338
171321
140916
255124
132291
152034
166918
148764
108016
153660
102915
123017
134058
114215
136729
96128
141179
147296
116030
149766
131615
145654
155707
124461
114009
114481
110378
167687
152752
153780
155520
130319
146416
121552
149869
147497
171066
237794
150090
140089
233152
157119
202737
115890
115746
144581
155832
126358
375027
312215
148112
138861
142376
140850
178406
143338
152751
153926
214541
160932
124777
138605
173536
101775
216539
183937
101818
143777
117670
138513
118507
116272
112478
125284
145629
162430
157336
133022
167840
147769
121566
148409
162764
144304
185970
151222
152131
151451
156424
138607
111375
133690
275976
130470
159832
138359
144673
130883
149989
191837
132583
231245
157333
140783
234440
195472
193263
147785
161844
300373
147165
158533
136986
154097
136521
184430
154538
232029
159538
153815
146851
130798
130222
132830
106890
137256
176608
139578
423070
146236
116996
180686
163717
210486
126081
148902
196623
237360
227913
258297
118178
150501
155848
100295
170989
141957
143726
116411
152589
146900
132205
179431
135353
151523
146669
130540
128265
142266
167828
149569
134957
133188
143226
130441
214007
249682
177660
156288
179330
228834
219104
151105
113794
160840
129424
134631
154406
150752
120223
171135
107772
229359
153385
134856
148663
161345
179502
155805
151195
248941
148509
141302
147070
159749
212661
153429
134329
208049
153512
108181
228314
138393
156753
5113805
151360
130742
134090
127962
156530
142707
184363
140409
161748
159017
137705
137345
121210
122280
173479
135242
139713
146319
220823
139239
160131
131527
128115
125142
243410
123882
215408
115240
158752
162408
114979
166258
137134
151838
141748
134770
223258
142115
113839
167281
153598
126100
233373
174686
165452
126522
138624
200560
227499
153077
146927
114215
155258
141616
153999
169647
163492
167105
160521
131200
117132
128790
153143
164311
130131
137211
113718
141395
761975
185608
150583
148143
159972
145546
125906
163586
147795
172070
210676
163367
157712
173136
131022
172135
129119
154464
173130
140828
160606
157732
141644
6279902
288767
155326
175124
144155
172449
320579
232759
163387
149021
170443
284672
175174
103478
142463
129874
127542
165119
125137
118296
144963
127516
168945
146176
108857
136419
145724
167248
108426
151866
117495
120214
119668
207152
102064
170127
132631
176175
124250
117226
135310
126059
153109
112743
168447
169142
144001
112906
175587
158783
154305
197887
217951
152853
167323
153757
134159
211877
161742
271874
126625
138948
112890
358241
186894
151010
169416
133711
211815
140320
259645
150398
134656
186152
134256
143337
137650
129436
237702
112266
96772
189121
159577
161795
117957
158856
147882
309673
164008
120619
153970
144374
136830
221443
156368
172380
171815
136607
145011
128327
143068
149605
137755
184896
135770
128221
195897
195550
144603
249194
133112
135491
184320
455904
138967
139215
178974
151569
146678
134700
117910
142178
125752
153399
162948
152349
130597
149953
149424
142091
127756
157314
182502
155808
149198
166684
143694
139830
120122
98431
144302
153080
155706
166656
126079
124782
146402
130593
138152
119820
129553
157695
119528
145895
108389
138865
152688
178790
171463
188583
121670
131742
134635
139786
139135
152619
140716
151737
151223
148576
112486
111218
131666
175213
169206
143423
173666
138858
141935
131584
129357
137838
128787
144890
157266
162535
135170
149488
145192
125431
151583
147285
168484
152469
196893
154686
122229
124657
130764
125876
131571
126708
157723
207496
134349
186552
172042
117451
157036
175612
151923
154500
159970
188568
173220
130754
104507
144283
147401
168372
136446
139375
187225
190947
137767
166536
98976
147525
115090
143040
140881
152479
134723
159583
168241
159895
130237
126216
141883
165378
129334
107421
149903
153467
163250
121782
205528
120768
214281
194228
140637
153780
129089
131593
214896
167249
151450
140504
128876
290073
157845
207354
168080
126827
149499
117625
194818
180817
130449
225146
139371
251986
142659
152129
148006
113955
125369
184627
141170
162534
166775
135253
104105
135356
144595
128281
142400
126075
133677
152083
173179
140646
134863
183038
120572
245222
162522
198592
141492
106743
118410
133899
159941
138540
145966
158799
149862
130352
156920
147709
115092
207907
120852
143196
119463
179238
120565
118084
156646
143400
146481
152653
146368
131965
127799
129026
130542
154054
194193
108214
133033
144865
148846
110782
1771479
147843
124372
149475
153672
151201
202812
149693
165060
156871
155715
135798
297409
210267
125225
147635
222507
256468
474791
145556
177806
152657
191852
143036
125149
320271
130411
201746
157024
138970
143133
118737
144166
5043239
108732
142851
144790
146528
136202
157807
136940
179986
129227
114939
195298
218085
137697
116566
167225
178144
137513
175161
249342
148418
164916
134689
120900
146874
133730
158736
182816
129079
143695
133182
123630
117545
150956
122771
114220
124643
127461
114195
159396
162190
193729
199906
233707
219510
147847
362449
162615
157311
161421
138712
131489
140925
149841
379421
153537
128641
152454
182429
135224
161040
153716
137398
129883
146826
166624
161035
130714
127717
149949
180870
178635
136110
187558
133081
202089
210818
163248
151392
163820
192425
119735
112212
125872
195873
174642
139234
141758
147624
245491
144865
147055
153813
130189
238563
158380
181023
129997
127448
148555
183600
140908
166481
153253
159893
120678
142643
131638
155636
141970
150156
129790
101887
196988
178405
144440
225551
146090
148627
113923
139923
132830
129772
112688
145203
206274
112743
172810
138589
150449
150280
160982
134976
153083
114497
134477
148004
153641
129824
146572
159459
117433
142802
159640
150319
141172
216279
147160
144369
157064
140051
146011
118654
139201
143167
183807
155677
153251
136323
142412
152466
133775
150433
196513
179251
153652
116328
157716
172537
155146
216459
141307
149388
191337
147797
146505
147739
162146
151004
132929
184205
147123
128880
147368
124741
137448
159440
198396
128712
147241
174788
151377
147079
147105
132688
149845
156398
108077
128925
120804
179551
241003
160076
148160
173010
239598
118648
156753
155335
131981
142488
127687
191267
147344
132561
175128
150629
128282
136838
322834
115318
186780
127643
181086
139959
225212
146300
131519
130820
145713
179624
158540
231565
205880
174195
156211
214337
142117
142372
178841
162192
159627
172870
145159
171477
113108
125148
118376
134987
125553
170524
145274
141151
169945
149147
145072
148733
148839
139333
179673
139576
246937
138523
147516
134415
125938
164614
154660
168689
175546
158393
183246
109866
142275
158913
156689
197429
158563
149549
151246
148221
331426
156501
139405
154682
132082
133639
116872
192519
145283
188240
139509
150719
140482
133780
140678
113023
231878
471145
152375
162736
156602
143978
120723
149539
243458
174738
160407
135052
146959
131319
164100
178460
141055
158588
158948
152863
159488
482707
157802
220735
137535
156532
132750
180512
164473
127243
141198
154686
257836
138208
106749
169201
165676
142864
137876
127580
141396
114499
165323
150296
108027
125928
153432
140378
217214
163194
206257
131165
149528
213071
194874
113310
137317
181829
198122
162832
229588
136608
524432
249604
109360
120786
151624
115368
143031
148699
151645
123912
154535
138645
172182
150798
140799
161188
124049
164757
134229
153831
138701
198296
163181
169125
151898
126560
140449
153135
149429
246557
146876
153622
109502
110907
216115
147571
140100
107195
223080
147386
131610
109677
152940
130690
207123
154481
122994
214540
174107
156050
196043
141926
140364
175617
139077
141167
175924
148904
125895
148574
170685
146543
149967
140203
137162
190129
157152
147225
184414
123194
151902
164077
121030
112175
162108
186843
154634
178265
147305
114136
150589
143348
153490
148248
127883
179510
170289
176371
144264
155859
165065
131773
251022
126867
151442
174594
144172
178552
197223
142630
193676
133462
160286
106053
125381
134662
145492
150409
132943
158823
145100
171397
166815
137500
136132
165570
178840
149308
128574
135381
136566
141389
174280
115905
131949
169226
210225
108929
190710
329758
129853
193295
144106
131874
142741
147281
140172
170599
368127
147379
132822
149855
141912
145946
194580
137978
168712
184213
157103
167307
163732
157009
146558
150974
128364
149566
164566
159491
156668
180770
147403
163713
114393
192837
126453
236974
140414
153703
159416
153487
142052
143900
138242
146236
158351
378582
155038
159517
272359
211616
152525
188418
341816
136633
165505
175235
124760
169457
119251
169375
138512
112262
135604
412012
130672
217305
455230
195917
120473
137514
150612
149210
137408
121135
155841
116182
130829
150151
141948
134917
139137
209998
149196
143491
140666
166133
144535
161201
157448
140976
142097
133003
261231
176506
156926
131778
153638
139908
129904
141664
154753
135751
130482
118478
124566
145884
153756
139686
153162
149343
151844
142892
135453
125261
131098
128589
129698
118907
156169
193632
143411
119479
117032
147035
167995
139411
156878
147798
209759
141283
145304
137956
186463
144493
167567
194671
146683
170307
113576
160412
134385
213612
150655
152833
151523
110224
144683
200802
140590
114464
119349
160750
106825
189807
185173
141310
146165
248866
131540
142969
152174
158984
118083
146316
105862
182986
158319
160124
133705
121241
139281
145455
143501
170209
131851
166180
137851
172258
118758
121989
149540
140288
199514
108683
139467
118502
193421
140649
155490
162529
143891
180339
163636
153757
135550
136983
168007
172476
138149
142922
151650
195991
111392
187497
146329
156113
146300
112996
108858
151786
182869
146576
185914
163207
161593
179462
167717
125667
158400
128383
218323
152244
146012
149533
145736
155819
260165
170650
181268
122008
140734
152132
315694
168391
151894
134285
190049
204825
174998
137706
143330
173219
148648
195771
151299
163918
133920
158254
154725
149528
140059
111343
169183
149877
102644
157300
188537
420680
171941
148695
142067
153952
130396
198421
158727
142483
118804
159546
170208
167019
139365
133178
178310
164168
191373
142581
116775
141813
161070
167917
175183
171065
152988
148803
158610
130212
150985
152675
207113
147229
148265
140384
169328
161916
184593
137110
157441
142467
165635
174316
154821
180457
142932
151375
112784
163443
145023
134315
145068
148542
144917
168261
182445
180298
148294
131425
187501
102531
134846
153360
243444
140112
367894
133970
183514
177605
157053
158405
150554
138796
109593
137879
139423
159663
142804
166266
161748
131915
126045
147859
172318
186616
171185
161778
129621
108758
145423
177955
145412
124153
169383
188949
140906
159726
113023
142016
192267
161929
179933
150953
160271
195025
172976
156374
109470
174171
112336
138086
153882
141701
169869
228978
158503
150632
145215
134764
126499
129082
199904
142581
170503
237848
152620
166862
125342
170712
154918
190282
166788
173507
124577
154624
118877
124850
147341
122442
155913
161068
133862
143991
142220
148991
116172
158172
145594
210365
135337
140684
150960
118461
167182
164040
151158
134543
210943
186600
213512
115794
194559
125264
156669
176317
125512
161142
215523
198798
258840
139478
224037
142984
905557
136012
150040
151036
138597
140702
168051
143405
148660
147801
139024
210682
178044
128165
176696
143475
131295
134540
141349
163148
225733
149122
147779
192850
166434
144741
132658
121421
134909
149230
151822
212494
162987
133609
149046
142913
157704
147617
164085
241611
189384
153472
198306
227403
214515
161434
179521
138256
132383
157379
143273
145720
158857
156502
140544
154339
135311
129716
132630
123635
181939
143841
131239
166659
138506
222125
123294
149718
136346
145437
519843
141840
155750
112111
117420
147176
144901
113456
127233
138153
127597
110834
152953
105436
152293
149519
144406
173008
159613
149764
174303
109678
100382
197766
227838
110705
130043
140391
168306
145590
138965
136950
138919
142317
166712
203806
137755
279292
120156
416713
160203
130944
196744
115330
141929
161901
137773
146405
146204
173822
107455
211704
152062
282382
162503
150989
123706
121632
123829
130110
119554
124127
170414
145757
119524
145624
135387
147224
154026
192179
159757
132914
130527
127503
194792
136615
207696
179514
191149
295034
110441
178914
186341
624608
308260
141058
155605
202650
153306
162683
131099
122103
199196
197157
121640
134773
113842
132783
177891
173944
129053
121720
160935
135808
137427
158479
157628
154645
148045
171312
133208
146559
142785
164023
112500
150070
133351
131047
160980
113156
186240
160084
164182
163136
147868
143642
147679
170975
190950
140222
138184
154076
124918
112379
100126
166622
135340
215938
133165
119915
123373
174186
134190
165682
116461
170233
161791
166564
120836
114184
143286
119065
159164
171293
132723
182944
117146
216116
119861
161994
154249
126885
117109
157111
146987
109524
194039
163713
114398
139033
133186
211514
125474
128557
148787
159334
153589
173833
146085
141570
142287
151355
125134
144603
142466
264979
201284
159889
135102
199804
188380
144239
150484
139928
271551
174088
133635
126136
141822
169630
173558
147015
154785
152592
137050
132247
154480
115356
137266
169478
134254
203986
171748
132541
130812
158098
131579
130318
189181
200538
243131
143446
158632
131606
146340
125931
160511
159944
213316
131984
129522
137583
209558
168750
142178
134365
145482
141688
138542
171311
123216
107954
154985
108669
166264
168427
163409
160384
138548
158918
351481
126028
155120
152595
142704
145811
138120
140013
185047
209403
155625
143793
153057
173873
164834
145166
179048
168921
170284
144852
146420
119622
144776
162546
161554
318848
153615
183492
183216
116329
184390
144046
273877
292503
182255
263647
148425
168237
177374
125679
135750
153321
190017
163735
177474
195341
342727
187068
193808
154547
139350
139855
191696
138066
217010
165711
195267
120669
136846
122737
145891
140438
137941
175771
140631
139200
148324
189783
146208
130683
168269
149849
108696
145773
144035
150340
117051
162270
161250
169851
182843
183414
196582
164775
127765
142216
146341
153022
143847
123483
169625
179059
232620
146295
176622
139840
132969
144092
169877
139719
148738
107203
186214
133819
144421
149868
118274
139557
149180
135036
147786
170280
202550
139119
190222
137418
228800
188047
143627
161324
163515
138641
171339
116371
155204
175615
273073
164867
145465
206200
122463
132112
130123
178049
137622
144376
152862
166022
141316
578175
172253
147182
189296
153007
140378
110804
172356
129273
162740
158346
150962
175288
153677
139124
151621
144138
143465
147531
179215
121635
133318
169240
186057
184228
125075
168777
190712
159937
158537
129860
162967
167940
146318
190252
170708
157068
128867
149447
159841
149983
150592
136098
149663
168353
151435
299724
147147
109725
179027
147023
163509
177517
147677
127319
148962
150492
141556
136227
221807
186277
145840
246517
154546
152620
137849
149900
179983
199113
121259
161298
175905
144696
153462
177581
163468
142744
129472
170331
147621
184301
167943
146039
124746
180571
158937
141313
219653
166998
160056
158083
142300
148243
157978
169750
168457
137421
147737
171987
120536
154627
149007
152295
165439
135170
326884
163634
140687
191780
175313
142285
130634
147176
200684
214159
156824
119901
190864
153303
117915
156635
289506
123336
146671
196970
183869
180921
174859
139891
216164
149756
140969
144113
204211
118976
224141
164448
165248
102643
154772
201520
178597
174551
169758
119383
103863
177565
172518
150148
150274
151391
180477
149464
170745
201953
166970
204960
178054
151558
182935
139861
117376
153164
161599
136686
153735
170250
245894
173119
202182
170335
169066
126793
141227
158934
164508
116132
145974
117201
148271
135687
203329
175757
149227
126404
160278
154635
109321
147563
177755
157392
166734
153338
168107
188874
135053
148934
143887
148006
137071
158689
145537
204642
104772
196809
174831
202086
104842
143284
150883
149336
144560
165980
170758
140561
511803
146394
456128
165609
135886
145125
138487
137329
142773
179998
161911
110516
141956
162250
159259
106761
151991
151459
113902
127665
138867
171072
170014
188640
150232
129658
142858
99665
115018
127663
155096
112354
126568
158011
130240
117544
229700
161940
164058
143987
163852
159018
135494
134538
170404
142963
124602
170433
153068
122327
140270
160435
149785
141488
141477
132589
152369
185637
140420
156806
145903
131263
129718
160097
131421
139523
304871
225376
150414
184194
176876
131205
147641
134600
132320
151882
148553
151591
219662
147518
166819
439456
149418
141720
149944
115801
132754
142095
143883
206358
154238
160997
124746
145061
171128
136681
152624
111420
134257
149083
135183
162608
137349
140133
141026
185568
144899
141039
143377
192959
239589
203128
127266
106094
156078
151154
143147
103615
138147
133126
136471
160515
147658
193685
161482
136781
120440
151547
146985
142927
196935
139613
193566
140538
113081
152743
162372
151808
123699
147179
133766
139419
154723
157246
175223
165614
159716
158533
143775
139887
149295
192451
227256
133705
119648
182036
171527
159377
193206
198455
185130
265952
160970
177942
137949
133075
145394
147554
184259
226563
110820
152052
145145
168419
166533
131177
141430
172079
172033
128646
148642
243923
171389
137375
162503
164727
210317
123387
199115
149933
97985
128175
379500
117069
272631
158493
176598
131136
117181
225662
139900
150475
159162
217981
282506
176925
159409
152985
158202
149558
156687
142693
167264
247529
5232261
133596
144576
128517
217661
171350
126127
134675
142649
142348
108519
163679
166745
166960
174204
146233
145704
184425
189076
191671
118102
160932
144650
143865
179046
131406
130271
152167
160503
150719
232134
173562
153841
169069
167912
114456
173985
135270
136427
199510
129807
216819
146633
158662
182297
213628
273851
134638
173051
240400
134818
182182
175928
153257
208128
142091
134938
141804
161797
141174
387033
164859
155575
171243
145968
229247
207028
168724
145974
147683
155752
207606
401925
119599
252407
164860
145773
164606
202868
164041
153671
175182
172631
136033
133163
187317
155523
159490
148911
295075
137274
146939
171118
154821
127320
160073
129825
657461
2739053
336493
160473
148000
136555
150229
139574
108482
249715
218731
177406
1429394
146828
155281
143217
153547
168693
1100580
135335
195884
5935445
147809
193333
288030
146260
142569
149021
140109
178153
160671
161727
147152
145110
145752
143551
162566
209814
152785
200409
188055
221791
170486
171689
174815
198600
168596
130597
128955
203254
169589
114807
130841
120550
166520
172330
134131
342166
198804
197853
141260
142233
145301
156974
143877
142028
207140
148542
159624
151550
132543
155387
142195
169126
155704
142942
7086147
140948
152336
162757
170633
135417
267789
189924
135146
213624
155095
200379
184406
144443
107965
140639
151523
131252
164192
132991
150465
132048
314856
192592
142787
175883
161321
130333
139991
161793
189555
161624
194602
252881
137895
198375
137674
203472
125355
145909
146116
220911
131820
167651
109732
217961
193578
154043
123530
191967
105009
173932
149682
191209
210470
148715
189481
199241
165537
228684
162980
173133
161075
222617
137212
193978
136498
239794
143209
173553
187247
158907
125669
146106
152893
142886
139438
136478
149266
123294
160208
161980
149066
122959
215161
183028
144032
171461
133394
173998
222110
147479
156677
300016
175799
118998
216462
150674
147270
150237
161927
245406
131450
138267
151818
158985
184352
203937
148748
150354
195148
190850
126555
142527
137224
152576
156301
145157
151088
110831
148999
161390
159237
175921
152801
131984
165343
147026
149633
151639
154191
243644
105893
144549
149975
166692
136953
194955
120012
149132
136663
218563
148863
188596
147003
191491
182798
159682
133421
273818
131366
415270
145537
140136
155750
164229
148431
147642
142059
180964
149714
219294
150258
224480
168856
130584
166290
227530
242598
166489
228863
160547
140988
130024
149447
151417
148991
226187
213728
132039
146222
156025
151214
169571
151707
137972
141847
129144
182886
116250
124575
154050
185819
131688
191498
149663
249659
347028
132441
152944
164023
178652
151278
163445
131133
112195
157722
184803
184479
129890
183882
134410
232025
122554
260083
173615
139521
206669
180931
145871
157985
160941
149808
173325
157627
123833
157680
156330
214812
119792
219466
130007
141985
418450
177273
134292
138330
136852
132255
144776
186647
121558
230609
189470
115514
152699
138565
134047
228169
595906
117693
168416
112243
216164
138198
143225
164686
145561
221804
162309
125617
149839
147135
167034
151922
190490
120952
148640
141621
173172
144434
161832
150187
149900
259445
191209
166618
179938
151851
112365
157093
379504
143885
152118
150071
144556
202746
291168
176525
126801
185540
137859
184056
141530
171035
131856
154169
164070
969886
136209
148473
159091
153107
143398
151550
149032
177207
128309
151984
103824
139780
132252
121475
117940
119128
186299
123378
147469
187113
177481
163768
123990
157028
157081
118285
195898
135064
134788
144968
118024
125792
182167
139883
127154
142603
126643
283328
146590
162711
134565
127965
124851
147224
152521
147566
134445
130949
150083
127576
152022
146663
155531
157692
152456
137997
138013
113664
136308
125744
221309
207291
140033
113395
124861
195731
159758
140494
147122
126679
148406
149851
177614
132977
214144
160985
141575
133355
90170
119403
113331
174160
112465
128454
113382
140906
143250
151033
192016
212853
119679
136443
142055
135066
169984
158665
118442
178516
150012
167501
147699
130294
803283
129823
196627
174140
111508
120340
190802
107085
118451
176858
127202
160204
127417
123650
116072
125590
117948
114847
157536
149470
150466
156673
200159
132243
131159
124916
138893
113386
102042
143063
129292
177032
123859
112641
154005
879729
142203
160215
111706
146773
134417
116273
128969
103050
139233
161955
117675
131747
167826
160015
149373
145225
162122
125177
237130
125762
101823
101429
125156
203797
123919
97940
143364
237314
122843
139953
146451
110607
126237
119336
115513
123705
116739
140697
159558
128977
189426
187283
119989
184011
176147
110786
132853
145326
123130
134894
149096
193100
134942
133112
151352
277869
155761
175493
197465
157238
204015
149958
132192
121435
122385
111587
1358556
130903
202309
125255
162364
147145
135707
125240
131765
123503
121059
121988
168497
130457
132636
126586
240119
116176
150298
153475
152178
115033
127881
205293
115456
133186
142735
126043
117183
213429
144832
137043
147250
101500
103719
151351
109724
118499
129493
131362
113802
131655
171633
137440
139684
107081
136158
126597
107688
198116
154949
115368
173070
202236
124350
132362
135588
137447
164835
166636
177077
125820
139955
138482
131935
174270
141026
121640
94123
189033
136223
135083
151099
109719
98845
123182
158945
108745
120319
115241
135061
105802
105703
136720
125653
152889
165754
134656
145775
118035
117911
109226
117493
187756
211941
127018
128550
152435
132995
145428
127592
132967
138167
123728
118587
118168
124983
153144
175544
129979
149413
132603
108320
185606
123076
109068
152321
137886
135337
118148
125051
158063
122876
110543
113329
144350
168792
142907
99854
154835
124162
158706
121007
133381
126493
123028
115580
121358
176842
116124
210675
137709
106527
127103
146797
130244
155486
211575
141369
149642
127314
241220
117710
149708
103124
182474
138028
159737
135903
171973
139222
130866
153794
164559
132626
110625
117433
99122
156954
147939
203243
114415
137365
137130
135881
171518
107427
122691
126470
97555
106070
137443
185623
142391
312073
153498
145549
126280
150966
124570
147764
199269
141479
123774
228433
115355
136649
121307
97340
119338
127739
142488
186239
108871
139702
147343
126079
159087
130891
107819
115183
111310
154008
123668
124909
126976
124605
115226
154837
117647
104087
109657
201378
109584
102387
104163
161949
112503
97778
83583
102865
110691
91402
197865
105037
109552
109403
205087
109994
104602
101804
103084
118392
101119
150273
105833
94415
112080
146710
134763
155009
140451
125803
265065
140966
144200
146906
142439
149872
161094
152625
126663
134582
166638
186261
182050
146907
151014
186954
184082
556125
160703
163249
136517
122747
150443
138124
213048
138261
159719
141143
183901
155734
122362
196485
161900
141746
130856
151999
164253
200579
129769
126894
206829
119869
193899
135789
116060
150639
258013
146045
131321
144161
250461
168104
149088
180387
163414
173596
141475
210256
142107
184558
211776
158652
142413
387408
169458
153226
166296
441521
117522
130321
121121
109609
118294
128958
222875
117667
167670
138465
105014
118849
184676
161505
174406
140379
127888
160899
122748
164502
124088
201630
197845
156843
133348
148502
153739
125988
152870
132494
133140
159234
129632
162733
190847
130336
157467
133809
118177
409846
268688
134649
127677
110975
116648
118542
135543
162997
142431
129830
127356
123074
144127
132719
110813
122258
129091
119134
144115
160616
161443
156063
154058
123616
137625
145240
155762
103840
144794
119639
127421
229224
109601
94510
133923
121024
118150
109624
123507
237730
116876
85081
129562
126743
106703
108383
119497
96413
104737
121965
106207
119121
134471
106688
128714
120918
128304
117466
128362
108414
125483
181230
101158
108609
97317
119988
159691
114012
94486
125634
107336
129736
91738
131528
134072
115836
151445
113971
82621
115407
112384
118431
109157
140192
117214
152549
97518
88862
114131
109392
112344
100267
107980
117347
112127
136011
113412
81051
93593
117961
80542
119732
93997
81117
109050
114618
156858
121071
135217
121872
147483
115145
112312
114849
80868
100238
118558
93012
134470
112697
92049
96683
108899
122837
91186
106828
89380
121507
94946
119414
117013
112381
95259
123551
108206
101624
96797
98366
114578
113940
117137
83725
81208
204355
116443
110509
115706
114811
101877
101208
126143
125029
180495
102687
83621
119270
100803
100360
124645
113370
107002
140170
77418
98718
104854
146425
107893
120724
107609
116661
82546
126359
116377
78573
146470
118815
111303
86759
79076
89274
99102
2172603
89884
74747
126728
101366
158712
77349
110353
116733
69810
92210
94492
123479
152012
120581
95779
124960
87705
107956
98626
103393
94822
123428
181816
79265
137515
168926
117659
118109
107716
94066
90216
98543
79255
73244
117512
121888
109974
154659
136502
81582
183425
94249
89273
65527
195615
78587
144458
78011
82956
105391
82587
77227
99615
68821
124488
110692
90266
181330
102170
120432
135096
115679
114253
171163
116781
105708
124233
117840
176309
122687
133225
110290
123540
85849
125560
182464
102586
122609
155973
133309
97319
117330
144768
123526
116970
128625
119185
126640
116978
114769
124542
131488
111642
137723
151237
105118
95585
121882
117771
333237
141569
111568
130821
132495
166230
98964
128271
138348
123075
159629
110294
84813
112420
120108
101153
132204
128178
106945
141830
125296
88893
122311
108328
133931
112290
116255
120045
105385
113419
119661
119692
124689
144819
106372
109919
114757
108135
143116
134175
144023
125277
126065
147423
135663
131554
196024
121663
254648
103401
107744
123577
127365
151617
132352
129155
187224
97889
107584
125482
120043
122479
107645
119237
149083
104731
110572
143553
126678
153656
131000
130045
125511
131558
129625
138197
118515
170210
151267
145290
102078
201910
140643
129240
108367
134706
138905
258862
143128
154089
129967
209286
127951
153503
128153
118864
122633
117244
125261
96463
134941
131101
147550
140325
143241
130019
125739
117590
155887
136906
118894
125384
121191
123008
164863
142574
123730
104226
116340
122895
145775
111564
131296
124405
125279
132815
143994
149887
122890
123321
101937
99544
162543
128998
117328
111893
126928
131796
110417
128813
152861
102567
128253
129700
161193
127776
119481
153444
126803
103047
118920
136025
126601
126346
285897
116150
141825
119795
119490
106026
119111
132095
120509
139147
125783
121951
113404
106385
155470
274479
116024
125283
94678
99598
107486
96216
108018
117671
122256
103911
126006
95825
114413
119737
131064
93789
144602
136223
120970
114464
107754
130669
116443
155609
120133
103094
108316
90299
150645
119503
127568
134710
123915
109231
144356
106749
127263
127450
122287
129446
114643
118558
124022
123071
122574
150944
119870
133777
101719
115545
94742
128106
122630
103714
111260
128626
101478
143217
98000
95908
125316
114184
120358
134156
120024
116543
114236
109299
125275
104028
108873
111611
140008
124200
138996
116201
126277
100736
119712
110542
112932
118224
106635
116381
113032
123726
142546
91808
111651
122836
161686
111885
125491
137395
134821
93923
111984
134271
145508
121344
120044
161166
103107
133882
118173
120476
119537
116245
127807
110321
1337714
133077
114089
153852
114858
116373
112858
118295
118055
118275
113571
119046
91444
109811
98625
121413
121160
116577
116738
115666
102048
107327
98055
100295
599212
106538
117995
113262
93108
157158
118137
188987
100140
133403
138001
109933
114411
106106
87751
115466
121441
124438
130038
110044
106854
116012
141994
135831
196192
143705
150184
153601
107685
122869
121561
122284
106293
108330
113326
107841
81387
105885
104217
105130
106064
118456
107447
112136
88353
103041
131233
127102
101198
113394
110116
105724
110933
88379
101150
136582
75406
68663
80831
72446
67389
65925
93470
68213
73878
232629
74872
61605
110565
100850
104792
106530
118990
73116
73389
109258
107986
117704
116317
108185
106541
67226
80657
84023
114258
119875
114085
149862
59407
60940
111225
64833
60049
112931
74110
65390
77807
86824
114836
88386
52833
96746
73446
66550
89905
105275
85922
61650
73297
77479
82199
67395
122552
114351
82551
57645
77801
78171
107930
103759
106751
115894
74987
59068
60913
69741
53532
75677
89295
76149
63301
140071
66161
75531
97683
107513
71552
77610
87825
58280
80525
53017
89924
60278
73768
51044
89132
86304
63453
61166
89153
73146
50760
54566
79430
74181
80255
63262
57055
80008
64280
65246
65027
57283
79573
72551
48570
51323
69662
62747
60989
59104
93833
46208
51404
45622
75624
51037
85999
78029
55091
51505
55206
62265
54054
60471
52861
47020
44599
65151
92486
66977
64165
48742
48426
53869
70302
64575
49575
58117
46531
68636
60291
57602
56145
57288
58345
50981
69445
59738
54141
59929
88305
68754
75314
54155
64004
59269
49070
66756
70516
66344
80251
46121
51643
57455
78974
48912
60090
76001
71173
74514
48383
59687
56807
47612
133813
53710
66905
61379
47156
73628
46244
42874
46879
50938
51449
59512
69731
47619
62714
51335
43203
44115
55633
57032
49420
67646
50452
58324
48699
50275
58438
71773
60151
75304
64388
74378
46172
69035
60638
63681
58071
59975
75048
68698
63923
69477
46543
61432
50345
47367
51512
