1024959
1008622
302028
350149
653946
1302797
313695
769259
757184
836777
499959
622227
830412
10892834
306443
11114808
929453
1996878
728894
712585
593444
10782030
688425
287751
780386
624949
669185
686388
570073
714960
705902
10911290
611463
399775
754498
681513
860097
888835
368511
4037959
563640
815025
861743
656940
596515
660213
10759574
700902
634037
1246041
636211
11272315
760518
611175
845486
831888
703722
553058
775099
379383
829646
743491
613882
653953
970319
895432
3621294
703616
705244
325439
926313
10839310
575031
682345
11165527
519947
519579
684786
668142
558790
10980055
1033645
661933
712784
11151974
695251
833316
11003607
650536
872139
602371
910732
702647
728800
670385
625875
889033
630816
668210
697027
11722672
727431
608442
611054
737836
633941
851714
796752
752938
572140
732503
1002525
959989
647240
437313
824039
738425
700201
1359435
3403064
624059
664738
903409
535411
776917
814776
751684
657083
857938
920256
690528
606105
666481
1358566
459962
345118
731432
891176
690694
346145
612919
673770
731140
692341
985456
2103234
858117
1091594
587759
600418
601215
371468
879246
738480
744068
913115
11072696
768227
825089
901886
10900848
754976
641033
333003
733208
659146
596594
10813955
609481
1020474
1001773
1294906
10806991
623525
833467
10849872
11177356
11023891
10933755
225636
6527576
681613
710200
345593
586885
10754382
11026200
728247
373113
788224
10896449
11608976
578709
685845
735700
724700
11074990
770464
588093
334532
592631
805051
758918
757266
838812
9265969
984234
686461
1319001
1046784
1392421
566582
641622
1075856
897258
629170
665562
681139
311973
857808
719825
584809
910611
858158
706836
715461
539079
658874
412304
682581
720499
761608
671796
695759
781157
791385
1046510
545737
529460
604028
325642
754576
781162
577761
784428
629475
645253
796953
727863
793407
520886
783816
690264
663789
833070
753406
646236
698602
569361
714472
994611
784522
803911
1878016
705606
678209
673000
690666
790041
395535
882900
1097791
768648
20827486
693492
678022
631095
591631
690802
676669
813794
670935
441073
960268
700765
1079384
757253
1005624
406956
795935
1005112
788445
657731
666255
853403
700019
627188
743195
867428
566728
9326732
606597
752591
638270
737000
820784
545293
781412
320459
779314
545155
764156
688140
638671
582070
986793
630265
488148
637093
634931
661906
606316
1384462
1398381
629184
407683
1046653
458794
654220
799510
639536
656029
664591
8157844
650810
670060
731036
693048
546592
877954
776094
513895
673804
932622
702576
606153
593883
747319
371812
724997
795050
398465
636857
797540
555401
688174
880292
881574
708987
407912
512816
526928
882365
731621
719444
350906
741868
672957
420074
836024
625182
611021
451272
804441
1196570
392247
613440
666814
712386
396883
743844
692317
513621
844666
799784
497252
894756
566227
699848
782594
782878
747030
679541
705853
754449
647161
575056
689853
3035592
584928
9090296
758081
780937
764740
646041
563008
925074
664626
764009
405638
776414
859943
628025
987342
736560
600910
1524629
779367
692255
701665
763142
683499
590924
593869
606326
346541
648093
1031252
687893
1067151
687461
308694
781591
689416
635339
703815
704399
796978
710801
696663
650409
762029
643159
1120665
683855
715479
719476
782049
744528
422277
815186
889410
616532
696735
733190
683117
709095
757457
750334
643847
719308
834989
702113
601684
857091
860777
868373
695942
624944
586144
654109
767436
909188
661902
597415
588490
514618
887656
378617
818637
684996
436911
548533
789770
584370
621491
652182
455428
521363
374339
549833
663442
697299
479438
652943
526017
667897
484770
582781
622209
626477
643257
650188
545445
525696
463805
646256
611052
371381
682123
709388
555859
671689
1401939
699747
545018
588717
350132
727397
655526
678720
602486
712712
472803
438683
266567
727050
550764
467399
604546
534779
556451
404942
608962
678191
664852
515168
654901
526866
700983
720232
1136683
612881
679204
663462
716365
631135
536385
509001
695464
513376
627380
573312
887934
559375
803608
558811
705060
833777
295358
625600
756995
392843
622224
787274
767968
408591
877751
515069
786058
602086
287438
575782
682868
617575
548966
665085
604526
465440
811418
397497
722310
723443
566905
583249
808446
592204
1156246
3761882
1003206
742335
961124
762776
717663
688294
781865
864572
505067
1218768
854673
973692
934352
886483
1339002
764486
854842
879883
763368
786227
794711
831780
680539
833231
938844
828379
1051165
523020
869213
685074
614645
691652
1058645
595750
663191
834922
1037466
659001
752257
674093
623387
773644
1013187
789242
768761
955768
831459
740019
642653
882660
1058717
772447
622895
843882
772905
1022079
780629
845221
792485
887491
732404
858461
718663
1432735
784871
672785
637097
588671
667424
831713
653675
722386
721314
671771
803743
638700
901855
650463
618955
874652
2154749
731657
682575
761192
2141228
609494
780142
551397
642591
860136
642123
597635
861138
613898
709958
836570
601848
569949
760409
694406
678189
643296
835236
673990
751214
1048243
769530
670109
5657649
857761
779618
654539
791595
983411
728147
895033
846022
768593
572803
857480
841591
705894
762704
751979
730038
709451
917220
736228
815442
384590
539256
408982
879234
394909
753071
725874
350214
715563
654699
411650
595756
645372
647370
765058
438627
640790
864138
756695
422205
715477
306012
751011
707577
679777
363158
658887
400792
730014
650316
410779
851436
648624
918967
801061
1833517
434968
978331
663715
904024
657066
584451
713083
717301
620893
692848
614674
392465
465142
787355
531067
403197
649942
770656
708988
560087
747022
348562
806533
771547
639264
407601
611925
632048
651984
783956
903454
486468
568864
649762
607374
707154
624763
688317
670837
735605
412172
725309
643264
566715
657651
469623
728918
707137
383697
10038457
671229
736904
681318
765765
425062
825727
772231
800105
703211
589211
682832
581627
660115
553654
419991
644524
1058144
741206
809010
348937
548050
891036
606626
700133
572080
951711
963388
748478
703991
575223
1001941
737071
539397
730870
527209
609412
655748
565611
649809
709791
599389
744737
569023
582357
387621
878309
562228
853641
488389
707505
881416
525537
658003
529575
413902
790855
520046
584802
508751
527313
763441
332053
677818
875263
597688
795333
546528
628695
623784
355126
483542
780726
608392
670527
415114
748479
763921
1071218
582371
628993
620595
589055
589940
705639
971104
703396
637405
689503
669402
885741
634631
567254
690590
823785
779774
463153
674534
613806
561199
677474
446616
644677
714955
455123
742058
392782
897062
763085
734331
728296
636263
728916
635181
688634
705606
713128
512228
593993
411322
496263
519491
411262
524869
570569
580640
527509
668506
720534
735065
673196
590950
565212
541297
584191
627276
710882
437513
827102
657859
700590
697939
566304
678621
503574
816849
690455
344104
717356
900789
706841
682109
733504
518014
702109
665585
907594
953202
743260
1076137
8868900
1095750
895498
675625
704279
792494
883452
636547
904328
907573
734733
851628
1071130
925060
876811
1402676
747348
799102
1085854
1119798
1347110
1079580
808198
841946
882246
700293
657384
999744
866041
859477
842836
679460
899736
1350587
1010749
789117
774717
600254
734036
748610
1215632
681235
649220
1711543
848686
672570
833765
730348
899997
727108
773666
1249580
639259
572751
766053
919903
3681070
663519
922700
809341
1338630
808547
685056
893839
651001
653680
803798
746573
765881
783998
852186
590924
763100
841166
723555
717629
1459324
797451
821299
953781
1993311
953275
655755
751419
675166
861723
726808
536186
635562
573196
704499
656063
640130
752674
815964
773854
742676
673434
918160
2368363
684882
917878
674411
712719
827914
880543
787683
716950
993134
747471
826017
901397
849151
778515
812848
739814
721108
801257
1008532
642129
753131
810365
1295511
715529
724034
676095
734245
837314
686554
1452321
835964
678079
914049
981021
885573
620724
707926
915806
611854
809314
809920
2369972
798003
617044
792606
913311
727698
890296
700093
679824
688283
915826
909118
676561
651349
829261
1430410
1033748
824863
822678
1133360
809617
792025
813868
672000
808516
777023
703508
902039
752557
557785
877360
791317
560866
787403
667241
666283
642292
622133
764844
1224371
736209
735567
702700
573861
623931
643117
894183
553435
728525
747166
828499
885813
804916
878138
657451
726325
680831
675106
723511
1000671
660186
573162
679372
1071206
926697
812825
655137
842059
637452
1297487
875464
925306
1315564
868064
632770
686109
976186
813075
905166
1306449
727619
1056106
892074
719173
690827
567055
720725
793143
769348
768363
605924
734871
849074
1686094
674700
701976
1678877
691281
668108
737692
588742
822904
874493
663969
761005
890560
799540
598530
610879
789055
717861
709522
899571
1173999
840428
658003
764378
666067
959439
725890
870603
599735
799699
925808
3862014
587222
651172
1081789
589774
701541
867874
805218
664356
683569
772009
847948
630485
745711
4717429
864497
986670
762564
739068
747797
843905
723381
702557
772547
641641
969925
724415
690365
651163
1080488
643738
665868
3023490
554458
868204
573551
871133
741541
683429
626863
683904
1212003
539956
670636
661403
429378
568075
644532
468295
849111
913835
722202
749579
821895
794041
712538
658018
666518
707175
678058
520378
704085
773337
783423
850846
969234
781510
994960
700337
514974
627979
772013
745398
905463
908994
707963
705759
756657
932323
728877
836437
2030600
1142492
845325
923652
794624
702108
735293
851488
727877
642738
526352
860108
757130
662285
814656
836049
684733
841193
746356
718364
708931
1136693
660985
739577
711086
586138
870422
696638
856571
866341
698772
1355377
1031715
743637
964349
648029
619366
625503
700870
1013826
765138
715929
839688
667429
624256
602019
854953
728407
668348
850898
849207
520590
697766
706128
689233
482853
511014
879245
760243
1024455
637198
581578
599196
675582
770097
849777
605884
454945
480083
464122
596019
489780
678985
585115
517650
498736
514428
687291
691085
387613
711637
688593
741089
604471
595827
521592
486154
653811
568276
709964
425909
508069
480022
799768
697002
573326
656701
588042
697606
691684
460004
551716
509715
522870
626192
544248
555863
772260
505168
422922
1288643
641205
543196
640327
560620
539875
592024
533662
619387
502074
714563
490261
3540794
1186534
651165
469106
483941
327726
635610
1064796
467994
598766
576227
1474266
588878
473347
591372
682648
688867
528114
578485
565011
645472
544317
751321
872556
834396
508445
672342
648070
616870
612720
682589
537269
586871
456068
387500
686212
599952
539556
449278
657069
418210
521146
480158
706613
564324
643436
645721
447088
464212
488110
642099
688286
400481
487718
427921
695728
613209
549709
509871
622222
534374
632819
601275
503663
621871
569374
630990
479534
699783
803817
605581
593825
606610
669914
449870
670280
634643
549401
545180
531520
731073
756235
475438
603221
592582
444883
556720
507471
742872
419921
478624
584177
520261
467435
543355
656390
499890
474642
533429
587414
647650
506408
466219
552113
614478
525712
484270
563504
434086
413562
389482
557864
373495
561506
491305
490809
522729
481236
457437
385667
586094
389256
616573
766173
487416
647729
739916
516309
285557
549345
521267
514222
250587
573993
600620
598241
394551
402510
600270
431139
578435
677411
815437
766576
708330
796369
692710
708168
738931
424157
617899
576056
666155
431868
532346
871072
515151
504767
683632
516468
613450
657988
509353
540935
10757888
10731000
603508
699782
493552
728504
10855982
702698
10441148
536207
588874
10819573
10586839
11343180
10629408
10658587
10912465
562940
623136
972237
10812305
640740
491878
281320
628993
790452
769491
549069
555218
705702
626131
476067
571227
10903954
11311729
808222
489348
366338
955763
10840154
10809625
665607
614356
658780
606392
585315
749905
693003
585600
504784
1146510
682315
735933
630858
1458236
768891
556538
557577
608652
798056
550250
760319
686470
898470
696380
654574
663322
466595
952367
679386
487020
649702
765614
698003
538048
736455
774294
662040
495269
611340
432180
497043
570627
626923
916437
486919
546731
502189
735530
532239
1272550
752965
538415
2021728
601479
718850
698337
790726
503927
669809
589319
568546
1408272
744849
814468
512947
747964
10675238
285891
10955302
992515
10775354
622586
713054
689154
10834960
288575
10669014
303428
504085
685781
661723
695482
557106
10854962
902579
11042286
10846309
10754911
429798
747274
923564
501696
568390
579862
780745
882800
584221
817952
489837
680566
614099
1306936
2003548
892679
767791
737373
725817
863142
640177
685903
764824
727404
1175068
724644
557710
1018440
780086
802728
582481
875859
775986
590959
765137
882255
565136
937988
1076602
587232
1039132
620169
960154
1032911
658293
959255
1233728
943879
527777
570618
583199
696402
687063
903695
562755
710784
895397
619761
710001
650288
626452
765839
1127892
701639
792129
518743
568027
696731
662577
289574
840015
711552
965209
1262301
579740
809254
956521
685820
930020
1199747
1091196
651228
1132261
817148
393079
785999
619648
778260
10970581
802765
907381
609175
574289
865413
503292
902358
723114
1003324
831728
669399
1001096
671089
561390
778568
841998
887938
747570
953100
773481
711582
952427
995278
848233
967308
923113
724192
863882
907359
805588
821816
688964
1120037
573026
601443
707799
648306
758499
706699
693610
964854
835122
734194
590220
766649
1114928
688118
1038522
760289
620139
794365
759618
595903
582501
749767
512118
689139
1047782
1070183
521678
805098
467904
680861
551055
741724
862867
625775
638692
473919
646652
616708
658924
605502
651197
706216
669411
873365
697641
669336
719274
705488
751270
757930
803120
790585
806832
1020572
929330
929609
646756
455654
727149
1064299
628327
817174
707432
699896
864329
1562110
790381
770720
643707
781764
787967
978304
766097
916539
865542
791460
770717
794015
753743
781045
764117
825407
763786
775878
532586
813380
558816
737399
534087
505743
555800
957738
573686
565733
586214
501779
601489
508073
618730
528021
507787
654786
566584
647899
1051252
733069
541144
616154
592858
565283
552494
602182
564326
521125
543522
730570
516327
588330
519343
543214
455695
700786
547893
561260
441683
519106
889181
504126
693203
413657
367390
913906
658723
662829
625537
530119
432322
590092
727442
992943
512161
911559
811134
506940
567241
617087
1618471
510588
520799
530985
588729
715347
641364
497172
606794
587628
530137
729243
584985
626181
554224
830893
631672
637136
492227
561010
579136
561204
601108
508866
515748
584143
726548
518481
559318
623857
650204
414508
710624
770617
531165
757067
634705
582053
591594
585792
742089
676611
520804
679034
521833
539720
560889
652710
642852
633808
636910
643123
663306
459295
530400
535731
771325
697855
487316
685205
625360
574174
592460
574267
516558
642031
825877
622987
587574
541282
846532
647135
528947
645465
637631
641353
834144
889584
856679
1656549
599037
368011
638667
811799
661437
636460
10847217
10681103
10722284
731472
589827
10944687
10868950
563313
10611869
14336370
10725525
10921830
424243
822315
10891288
940493
533362
615720
853571
953909
624383
768649
638588
694575
10762056
743967
587388
10789419
10644132
498314
790758
638502
640124
10746759
10753927
534013
888286
10793936
609222
587276
1121287
10646903
10750562
275426
570163
637698
627375
10888220
10714602
20756143
323760
721629
402881
625958
631590
661870
604892
1013144
708699
1874196
843144
1177503
635687
649835
1124818
503511
796886
760208
708224
623910
662818
619476
985728
927571
685446
726889
756609
665809
513892
776311
811753
1222998
692039
606278
609581
645009
575650
896890
524906
764431
684931
1018966
704201
638716
617513
570895
1015759
726031
686876
658363
770449
733969
1409456
718709
4094845
484060
341828
884011
675650
700526
1005259
559573
791149
702722
669847
917718
537040
810928
963443
878905
557287
765330
828156
651685
672913
531764
828344
601404
1076064
630622
578750
689003
889286
981918
806768
587180
714844
1360869
1052955
797798
1539542
441694
693910
1200373
595321
742731
716481
531486
721938
483901
717485
1224365
619440
667489
704523
753146
581345
673455
621597
723541
508586
755446
680209
561702
721610
368529
591048
785961
437229
642673
1072431
769850
777638
961977
709283
692108
775308
837599
548952
1167691
610604
426768
729100
762157
823652
659449
788061
893408
557040
655657
714472
670528
1303826
811199
505665
591512
545223
741211
621388
660352
708852
756845
768655
831365
746160
699344
567500
627508
756632
821643
338903
1010060
628446
762607
623290
427950
727259
682370
682779
761259
1446612
608887
484665
955665
611925
736414
563984
551243
528529
748342
743608
846817
696950
655132
693832
534529
575815
539990
647655
564321
653890
667999
599107
734198
630365
692304
535980
1023565
588285
712353
651368
884670
627716
1316109
953151
669910
771353
639088
753632
988750
679567
631702
614521
1479179
819155
799548
805161
956004
665908
1627589
626018
1198165
785681
989064
852520
558359
605194
768095
768198
759414
724258
615729
1039126
922636
707281
628232
385176
702144
821001
658962
600683
674223
792240
546140
889247
942654
573861
554426
10675057
10725124
567663
496758
677819
414557
556862
539072
955476
10946990
479420
428489
573546
657079
588339
587968
651187
10659322
10614899
489735
536796
633399
11125908
430084
650658
439711
522228
739526
460123
507521
618289
10832188
414647
638401
513303
10826534
594575
10654392
595576
10776007
497058
704818
376565
605901
480302
668552
569665
410089
513781
480381
10868084
638244
10677193
467754
705650
10486779
581642
522804
658496
714647
666200
562294
400135
774734
771457
530890
255074
10750377
10570491
10936018
10920726
10788498
260634
11346199
520064
523370
606404
586480
344631
592784
740152
10969202
641918
977796
524693
763376
10595317
477793
815169
10785333
10601077
519685
359294
20908480
565019
10453599
555528
10988297
10783304
10766927
10719944
10608481
10596159
10473464
841842
10793034
10593635
11315518
10642139
709822
31083665
10766232
11035420
711708
10727422
11090309
10585401
11086676
10829417
10649012
10803835
10696737
10764144
715130
677786
651422
565630
469447
404961
693811
919477
526540
348915
656138
732398
589447
703966
658229
753772
636188
447567
627014
640268
666314
548634
717380
635977
719066
721279
587466
679703
693393
1430120
1169911
754502
817334
644411
705539
711683
734798
1298277
639662
1109482
737431
754634
707578
1056244
609535
687196
770597
585761
640510
760028
1059650
1329911
724003
520081
625600
918913
682119
677469
737090
563302
666468
901291
553139
941353
638429
685574
589909
738392
865826
749055
712296
615150
507643
931812
520172
484144
507730
482169
535753
449599
705701
598357
686898
726602
649591
563802
668518
624874
558007
794824
557160
778876
569523
746172
607378
455137
641429
600390
457736
378394
555707
634812
733436
755220
649913
699276
417505
630654
669476
402714
774857
634818
407315
919029
768712
623317
501790
321113
765942
4881539
632567
1909262
691947
619081
753281
735791
655318
787302
880321
10885324
759977
11129633
831568
591438
494184
541142
698949
634025
744741
616210
626126
656883
702290
754839
712136
718851
705917
604582
977670
707771
1067164
586739
724447
939811
1115354
852349
745631
696690
652366
12335343
1136292
613504
708773
740006
780402
849193
693718
891086
742767
870178
725770
755236
835018
756963
462887
808284
978813
1377367
732373
817608
728388
746751
732740
734707
871621
865188
961187
752082
716561
875787
715245
608944
830233
820623
886607
595450
561944
755878
659673
325423
716246
710722
782936
698739
280019
536310
633447
291202
577759
286762
628329
687328
648919
707431
1102938
708452
737347
523378
1055121
520970
807562
749269
685713
571964
650912
640327
773704
667296
982151
576249
602152
638526
610741
622200
630762
677637
739476
623335
693725
600470
705666
645864
895002
889429
744639
889174
10774096
637629
537267
905824
535860
808153
780428
748693
689157
763489
553487
1113471
760316
740068
992597
798472
626237
10982946
664995
10774702
884649
743451
734135
912308
877209
591444
704822
708774
682746
591393
10823612
773132
653829
1688518
784594
633806
683530
632784
703641
632538
807269
631800
675173
622941
704724
10766306
625951
603483
716014
756050
670638
527947
841388
1929938
10980239
618576
743117
609197
1064677
589202
761007
888139
563303
397542
642528
690906
640947
747259
376040
967839
616895
542378
567641
330830
646529
777489
687517
369176
697222
1059346
727064
952805
620821
806777
11148213
970234
320470
10952256
791833
737270
1333520
612730
357523
820241
569980
564568
267553
644474
11036207
605890
13827303
10823552
587170
780972
10576723
10936444
10804772
694121
482939
677404
301604
10980578
718718
261064
834134
10946284
12505697
285995
10841683
10604222
10867449
10709274
10846015
10387603
10814067
10491135
659327
10415142
675118
711911
10618496
11048099
10919858
10642885
10761166
10368973
10825458
10406689
902092
10987714
10894017
10847544
707528
10673145
329687
10955128
11642291
10922506
10670994
10756082
10882396
10542439
10446459
10728023
1053988
523245
10709845
20948184
630490
10746727
725549
630377
1260668
10512712
10744969
648749
11120030
617096
11278846
10971046
10818911
766802
758626
659217
676679
635080
807416
820356
884176
652983
782822
757485
834934
678941
926518
724148
694420
880177
1130704
960685
738199
570724
2190785
1057029
845236
707973
856016
1042370
915747
924712
769165
923255
826989
731641
994680
749998
3066044
835860
840629
762595
855959
914877
722961
589584
955974
875616
742600
403772
791113
867423
684345
621986
892912
810725
965107
719092
635990
841627
876383
625937
727267
880889
2919167
853047
714085
585895
736589
903823
705893
728251
844940
616282
683144
699935
653884
967841
783117
542653
6318791
553097
702060
1112175
752729
642183
655498
590311
691092
818134
879022
808763
932285
979068
746442
740695
363662
713960
669052
750775
738700
659024
538634
758056
1008202
598375
617539
640035
767116
551675
722999
647338
733899
909089
4133899
797496
695359
699514
561884
825938
582573
813568
736483
712120
654900
977159
599837
602737
633510
657111
601863
628918
1084356
774763
631682
900735
734249
768618
828659
696499
909981
572811
797426
775378
724411
641219
685220
619580
721577
698216
724613
780189
708205
567358
640380
671231
783581
776351
719248
1230976
656097
598063
621863
818392
496510
860260
572387
749013
806551
764413
921824
749110
1069426
755682
782657
648280
670383
904916
674784
945872
919156
782898
809314
750141
819767
812995
634479
797761
809365
758577
573256
822193
1021983
744147
661276
1047766
1006163
809947
765777
1008190
748961
695407
795771
859335
531254
931503
1679049
705170
1025045
857299
892099
1803881
1357778
724938
459284
864055
928920
938754
1036138
948899
821454
1157599
777533
730378
741067
926449
477134
895122
769824
542172
843210
959279
1039427
826546
921554
910695
932291
954473
975565
885719
615447
856585
1153501
1263345
829619
1159084
541866
923198
1349334
1305639
831419
1027434
917200
985779
923586
849845
984491
916320
1035173
502386
912254
881965
797332
734750
970933
1075612
832436
1110496
1060023
1159666
1014409
783248
489444
994954
1070589
1456312
842764
951991
725120
863303
379601
773355
1227104
905922
806170
806447
912199
933340
841703
516472
813856
1046429
500564
857189
927143
937936
779161
769761
994880
541217
1050684
907379
792150
1052414
774002
1486720
533669
1061522
882178
982622
816740
669062
954810
879598
556468
1055578
634123
940282
959440
1211399
1263521
854705
949940
888475
1006707
720984
836086
994104
1183111
1705534
705706
1003797
997969
874179
986018
645302
561000
833169
686225
886651
606753
908881
1094206
834369
862075
652732
1274864
846668
1046369
1099732
5906029
1533703
600406
1237328
1066106
1285008
2019738
895777
2359112
472295
1185036
917202
983754
1010372
829484
1334566
1425580
1084076
677538
886827
902391
1649209
820742
1248959
1094342
1153337
881697
964812
916134
1024002
1041772
956737
988860
939922
1521879
1291300
912004
1463452
1188751
992154
1097131
1046049
728385
1122150
1222112
854266
1270740
730171
506936
996566
443285
1429807
661704
828090
1281433
1164302
955817
988277
1436145
495023
863796
1371766
1088350
1085415
1121499
796906
1045685
1309844
1435652
1189544
1199447
1461910
549809
940991
1046138
1106027
995950
858406
946411
1022417
1051436
790625
1273645
884439
1070708
1026954
958023
824656
951239
1105914
992152
864973
879776
785719
935966
804211
1064786
1001589
1089350
935073
1121917
878805
917660
964351
803339
1087697
998520
1542322
1025893
1079246
740987
910407
883511
709433
1164838
481774
1108506
762669
1178104
958650
681649
1227271
1081532
2168269
1101616
1120474
1083574
863865
978290
804409
3924606
961660
772385
969117
944494
1181820
1029357
1024737
1066152
769203
939480
916964
943561
903566
1655182
1060486
941055
819789
907556
876651
846462
817761
1116221
920017
1060415
870016
1048935
854033
809479
1079733
828476
987560
986236
883380
891872
970230
890566
1872628
1165184
930146
1022344
1118915
1202098
1119869
1207555
732580
966976
740365
1319298
917458
747225
2135058
1184663
1139925
656125
1036283
952713
1027402
444768
2737522
516119
975800
685269
799886
937197
997321
1194901
799036
1225450
1338555
1190652
938314
1249934
1160455
623593
924641
904186
1151368
626540
993499
900503
1089780
1018230
771421
773021
928571
721755
970260
1123307
1032123
820497
1526221
1071487
1062788
892055
1119833
1228309
837803
934574
1120705
928876
1051040
976329
878462
820736
577200
1160457
1419525
1121085
1450992
1080016
957248
1139715
1038740
764897
689713
1151734
1140384
829094
969414
1028584
862740
921407
1006722
586964
1283296
1335624
1016609
992097
1030069
588863
1045271
726555
1459127
777954
1055949
918681
866052
1216418
1008419
960670
1028002
901013
854765
589545
1292150
820727
850477
1041781
712165
1081167
1388403
1199159
1057902
488137
1103781
1075661
1034247
1111366
799883
957576
556239
1483900
900190
817127
615540
981985
652091
1214883
995893
819158
1056754
1226405
651789
1289781
821364
867944
1586480
1067462
1009608
719270
1595136
1142530
1033397
914119
789884
839778
1282532
1440654
913728
357620
1066582
1791707
874085
1669056
1087535
774570
1177956
348578
994540
990573
715723
1037143
931369
1253947
750069
968832
796879
896582
1036950
868492
828120
1089203
779612
731364
705191
772999
1138541
1003230
1209741
773672
1143978
851916
840888
736538
958855
1166567
1815865
1075386
755612
822919
1256760
1352577
928622
593019
1803547
891840
1214809
1163002
1167537
1150728
1229400
819516
1196222
775974
799155
1107273
850713
790142
1016537
1079333
1124547
1044793
766322
554955
958855
547273
772959
949648
646695
945974
949277
1931338
938409
789737
1217920
1094427
918046
1271437
937419
549222
735902
827707
920328
569115
1158092
588361
1299761
866880
1076011
1047492
917861
1264727
965682
825209
946115
663423
472764
1442252
1076451
628997
1018479
812283
1116867
1162153
1151590
646692
1222305
1265521
1031280
1006594
960202
809551
996785
599408
710023
1021940
965974
660667
1030832
1090459
687432
1263166
1032365
855174
641159
1332992
1021788
1110180
1139622
844155
909157
768743
964929
1035206
823314
965837
1078222
2953500
761844
1059803
900249
681034
1144778
847343
670521
750277
743946
879146
621484
1152875
963873
1185249
905401
552286
1009766
802552
733521
837522
670524
1042703
811371
983971
761446
395044
1003078
952428
682795
1140653
893522
1040589
873595
750372
1028344
722806
1080823
1973497
1113219
1168429
825930
927053
796655
1525065
720894
1239868
663104
1051873
757157
846825
528122
1198098
503432
1118932
538216
893005
1071158
1346973
1043491
787844
535991
1421748
1481424
1992535
635668
1014380
732703
955043
730385
1156628
768058
705502
929454
1178782
838148
1050533
995567
1151994
769355
1920519
851935
750292
1069631
991409
964027
749492
1106684
1023582
927462
1043783
1069495
968440
1223037
1282191
1004915
950903
1113370
817873
985507
1026072
963578
576082
788258
981466
1659608
980245
953729
946700
1075575
1054742
1156544
986584
995586
733992
848119
1091916
889992
865503
1148540
1037444
1151274
1342913
498636
867553
906931
1259781
736392
1734898
1042714
1042754
971656
620297
795729
1691788
1069759
684643
1654374
1072385
831641
866332
1399263
1085861
1152940
1207584
955488
1358349
753839
1008890
1030870
731081
824901
1073377
1051356
1178621
993907
838768
1050575
1175473
1060864
1520916
1437635
932405
1035189
699229
779188
1527396
946110
923957
952453
1132392
904473
1371950
751588
1075896
929070
1210063
561428
980322
1181651
987982
828649
717194
1190753
1185509
851441
1241793
1429998
1111744
1042487
1288607
1188153
817234
883745
954393
1071111
887816
1330980
1249628
1292283
1042733
909920
1335145
1188356
565460
1153237
1085151
1022892
758159
1217302
1258244
844998
1555106
1527629
1412005
1249208
1279488
1217575
1331843
1234220
1481679
2963240
1135961
1304578
1032749
1379443
1272035
1004464
1300736
1201905
1035029
781208
1251024
1199204
1322093
1064417
1161171
784569
1233957
1137350
1282000
1315875
804572
866450
915445
1254569
1203912
832915
1029047
1199263
1404582
1205623
1537163
1255334
1331541
1215939
1290599
913425
731701
936517
766574
1095481
1136323
527379
1431148
1286842
711636
1336971
1399516
537207
1423225
1120406
1307893
869498
1148257
1036619
751150
1165815
1203936
701397
586093
1592025
1200553
483620
1596541
1237678
897173
1355689
1322335
1141998
1215911
949108
757522
1420332
1041663
915793
1278035
1561850
469657
1515709
845724
850260
963573
1210897
1536022
1137645
1473556
1648920
910175
1404931
1098892
762904
829496
1164396
907055
1083741
767220
1036909
1044280
895541
981395
1375201
734586
1081937
552449
1232257
3982033
912701
1206140
1674412
564246
728975
782454
1112765
816216
1019468
1075602
810407
794120
1208877
1110898
2467336
871272
1107256
1208199
1087985
1123651
787271
1074135
1104792
1505743
1383438
1345387
877012
1156864
1378957
524166
1506168
1267344
854215
1215872
625087
1229141
1452267
918734
1295871
1086166
740601
1047258
1448368
1146796
932090
1211267
1068069
783147
1294369
1421538
844085
1001546
1077000
1408695
848560
1242051
1406860
1310857
1080517
1056066
1034775
873831
3638796
1132951
1085815
1227801
969997
993154
696731
857347
1064809
771975
1042246
1276873
881773
684521
832788
1037589
1086380
1418829
1231258
1113850
862109
796538
1001392
1327784
1374396
1291702
1202039
1014479
3240996
1161220
1072143
1146238
961506
1516446
1484319
1105034
1012552
1081966
1155291
1321825
1022828
871137
876141
856393
1221021
1474956
994983
1011369
1080763
1043905
1028562
1110084
725527
1107597
1221154
1232800
909275
797440
792347
1221915
1174720
521151
862508
995942
946941
1177480
1081683
801461
943654
964420
604135
686165
893168
685530
706708
1003302
663257
950423
921606
673163
807366
1176805
702199
962980
1020351
592845
1211442
1162779
828884
985925
1061552
871065
857520
762043
635619
930917
739497
766202
956828
1134827
803875
1013394
764603
1171977
973018
1072861
756622
1048578
1009849
792657
1061566
765845
904655
953151
1158560
777999
1167593
776578
1653694
798706
861895
849223
780585
770576
607578
920112
593857
649521
677339
618516
977042
672692
703724
594222
871038
794207
824091
708995
786093
736537
644705
849141
446534
1069636
726112
885382
580796
953363
777092
742513
761876
682858
770862
871270
535530
666400
1431065
703702
726538
686080
1014242
653364
701687
717547
1089286
1037953
1051332
824856
1658947
713693
561992
721187
597964
837161
912652
818743
787870
1576594
997875
837372
846137
733401
629770
749548
944579
879837
658971
630633
823899
777967
558221
783088
852750
799649
642986
804303
488323
941414
675036
562636
860011
538583
687541
786656
649521
761264
770116
852724
612733
696859
818835
606174
791295
446221
577167
841166
634324
616789
679629
623703
676144
808727
717834
702834
524455
629755
738773
1454616
586219
1027237
523981
650038
823687
1209318
732409
734031
542625
526513
614448
667911
809378
833819
798048
717930
638742
847190
744741
800921
853442
542145
865032
1277928
919759
859453
875082
780669
789719
1185688
963392
471611
611887
860713
783250
701533
913008
990595
864955
707312
585856
1097445
568809
755022
713042
461237
595587
1008070
672678
641926
1016935
831300
512539
638706
768070
563481
913674
788437
560196
767889
779559
406375
653677
955569
434359
742220
680872
904583
820132
800497
427374
766783
751751
1426324
699452
974457
1242031
894762
716181
722951
847952
906090
576937
589983
463592
807656
679492
850007
745598
936953
551308
757782
1129328
663034
939140
962701
862925
1131029
915299
842104
466409
642018
761135
1097540
633073
872432
723440
579902
831719
654879
821869
452641
690462
814666
604072
431524
728135
981174
1176406
588917
519433
752785
516378
1020344
557293
712472
936080
752816
546354
703234
531632
736220
638531
827561
820108
652907
729893
503694
928738
767442
649417
1003839
617213
744279
445762
856061
689855
850579
837971
763601
745130
808822
1023354
1330287
570969
677055
600371
576391
815264
806166
609828
1101936
797732
883314
802105
1166613
834544
793194
607279
713050
738670
847795
826691
698660
1140851
552985
694283
613223
1024072
806224
786646
901253
648127
962810
877595
632921
536652
928374
731129
910195
718711
479617
783493
937581
838219
764824
813211
826504
1063941
772275
887240
748248
1040578
594386
1024875
544674
646813
1065789
505733
733379
688711
768030
689775
1159325
773490
762536
556126
716368
883675
672923
662621
578578
599919
712849
670956
443786
668417
865759
857642
650138
589493
1070743
819735
808501
618379
499321
920453
818019
796034
845719
660730
577789
1014115
586358
575786
611079
412379
842516
481191
800309
884599
645383
694985
611191
597788
693313
476791
1115350
819347
735799
772956
566069
982017
901904
841888
619007
843455
632193
851934
748780
756668
484393
638394
719201
695465
845579
654213
515580
639386
869812
832228
963174
636538
596484
614373
918901
732035
954950
791980
659629
736060
717956
435297
723847
658187
887773
559466
582274
771224
824060
862941
562048
946490
635429
596397
777604
564116
972916
716984
660122
801606
556245
682331
635896
536600
797079
564691
745523
778929
647899
520109
701337
575371
1038577
635944
1148618
618080
1106269
546618
648004
595283
495125
729868
677226
476549
578976
639752
724121
727042
677451
525946
376706
491807
1811670
887677
1834971
965100
566633
692735
889273
737622
1961622
683855
600854
559907
599591
674691
697288
554077
1151326
655400
623611
658065
779501
627302
730390
656096
788468
448402
683026
601803
678674
677509
707256
757988
579701
519127
742970
783128
867466
691898
574854
947194
561634
795544
665184
1085993
850137
881384
701019
928534
1097571
770290
603835
798995
677326
1055580
600250
831104
972319
636546
1156390
1221730
747709
684106
765330
624829
633320
625096
793661
800372
678685
956187
438736
1141157
540158
786383
636439
613433
1119973
524466
749872
575926
803997
685628
505714
887399
590469
651686
780478
1360994
705660
663171
489196
927511
404623
880733
682140
1053900
825666
699457
774004
788888
589190
608190
831138
609290
679446
585580
777408
796652
674288
622860
597915
1051459
431642
656850
666479
1122374
822799
1325470
704344
954920
882082
725690
499316
761867
679664
640053
518193
930083
727268
724327
677257
669522
719664
565554
597482
605277
885583
777640
502857
866133
800925
573257
887255
700306
431874
742485
692727
563618
700285
803418
693701
330381
555782
420733
702392
602145
991636
699708
681813
552038
804927
587846
649201
923569
1368812
841283
491088
873414
837038
849118
807508
631692
810175
803543
800917
534800
634109
818401
655982
864924
817363
683867
880198
739608
864139
575053
1155418
716629
461470
1195869
695780
625830
694388
678579
784443
1303657
1032315
792858
848205
511511
809248
755090
568771
1084044
951707
703373
749866
754822
811461
832087
595995
622404
821063
966000
1066400
742336
977895
483080
760840
670562
515405
853567
810170
724601
878732
885140
493960
494213
755895
800411
863237
769030
785846
693229
742301
575719
1419913
658718
598599
812507
813215
915894
701505
715568
649447
603880
650252
481516
851597
535707
3608429
436476
608265
506185
911298
617101
711476
749156
7257160
830288
856513
571779
888070
457098
742130
728432
698327
526198
719751
761350
722213
712316
667996
616466
603204
629521
742574
768651
686059
415673
759703
459330
729309
705776
784571
1071296
1072706
882147
478015
629581
853613
586934
670027
932081
1181707
670629
885457
776881
678255
794349
1006154
881133
606624
1045273
704736
739061
839117
355551
888036
783645
340960
577522
752630
498542
710533
536503
985218
746546
820147
1226032
1256361
845749
868988
614083
794348
984751
714101
848507
744538
674415
327881
1144202
761204
872968
801678
758131
683990
811889
462727
836124
678071
671632
888924
1048986
1244083
574426
505737
754917
418221
802257
690387
334615
1033142
968269
786349
836135
706305
821269
911225
876774
1005608
889452
580148
731813
782615
956380
1175424
697818
936557
769477
925542
822165
769321
762352
754246
745781
703192
716170
664580
557871
740731
894242
652841
900558
779369
805305
455234
892513
370406
4600995
846596
1021589
698039
757425
938827
1040407
677501
881406
708879
994449
1065021
1077034
776818
864006
907382
904884
663759
1727807
442764
957694
927277
815955
774328
965683
719037
726233
685545
848542
458930
672250
450063
831133
2455171
826089
595398
1152787
545733
1257058
735694
819396
1119201
664722
657533
736690
1018015
833517
560485
1124459
667837
802599
685736
816064
1371927
745659
1042012
1112515
826593
1146552
835818
622493
955880
407490
1295915
733646
1012112
941623
981395
884172
789837
743289
826769
933475
976254
907494
838324
974436
550471
803801
1099505
851897
553807
654456
1012400
357967
820427
975337
1051400
1005624
882167
968184
512675
658929
762999
944651
834301
811391
855732
858900
1024111
1051013
610759
759878
713270
951094
997653
1311004
774571
1214341
712915
490163
973571
745797
642836
1055917
1039742
1024211
789154
717421
832935
831860
835249
984207
833075
901603
649066
1561176
802849
1079207
1817199
745407
1254847
1026511
551618
1146942
737094
3465968
863432
939212
802818
747076
1053558
744935
826209
858601
759615
684356
909834
618982
792072
632223
880791
728786
712162
844899
1232495
809821
934311
651148
733232
759404
596325
612199
889702
673173
712433
803707
680060
647814
830788
893552
749197
754041
574328
823810
889161
648351
760964
687504
758788
803324
458702
916984
495120
1089479
868557
786066
503101
777021
866078
939090
777314
587881
3176433
1007228
807569
1378244
637375
796730
848576
581614
907747
872158
535110
594104
1049358
851894
694823
730136
585324
1104264
704617
893245
836792
866182
848037
918791
1286331
669573
741662
910672
894868
598701
849432
621784
979765
751258
882169
811804
699303
448691
715257
847282
743079
499922
987151
842015
1180552
978079
992298
1165181
700734
427519
910297
539537
573755
810031
798376
432241
925922
1194291
627882
361942
836650
757897
1242882
849251
618865
909650
874197
547615
727225
968133
559612
1408694
621435
713217
991353
803029
321808
1630804
752886
647129
856081
698939
662025
926024
1171147
945969
554744
1018217
1082932
616040
1004039
570590
1046763
967481
1038399
656623
753212
910369
464098
681821
402203
721568
920023
839754
1415294
608279
1035967
679123
672353
765780
559278
581167
638347
673222
935802
435305
953600
815510
600899
721394
652338
942261
931414
733427
811002
872174
406166
1063204
1459576
625087
950592
832933
1134050
933968
452815
792324
600493
606031
742921
534655
874427
992113
772562
898516
1045485
872014
972174
496939
894649
959493
906695
948873
769318
1419602
936209
1006647
693821
718017
946630
959485
924452
847619
680446
1124597
1008201
1128368
840588
720731
912394
693617
523198
931284
775968
813734
643489
974645
2266019
929337
3186071
544241
749807
948835
896087
525105
855624
730447
1034964
1041215
907997
1254214
865817
1674600
1318685
1093896
1179832
965656
654985
1714681
1368945
751764
764129
1060625
803408
1042092
1016912
1578187
765300
993305
1211994
750577
759296
847561
957177
1211156
865187
1269136
754435
1208806
895518
799344
955098
1399135
1028153
720115
674475
943748
868289
715977
717840
791738
881693
918617
853737
1133190
661722
1200472
955243
1076146
687636
1188933
941263
934035
941439
756964
879194
2537529
1183605
866910
637644
981931
890182
1643494
971748
928822
1352518
867173
832601
990324
931112
950733
1103505
957767
743879
952423
811132
975011
546893
1278183
837696
862384
1084083
831061
1015311
858626
7844280
1176892
851935
781458
1018128
654779
673270
1099484
974447
743779
1071999
997829
796785
942453
896200
1542025
1120239
737300
997970
974238
1061094
684355
1819810
1000681
1132167
1088682
1196106
1413884
940769
954632
771318
1064889
414232
859993
1352863
1272846
1230378
1040624
906642
935282
1088944
904910
691818
1121660
1151586
635961
1097531
677002
998804
1001901
602810
816036
1185491
1089461
836229
884758
823931
738300
1092187
890041
1140288
572260
513976
1032334
1122725
1151130
1144367
943328
962724
915738
743083
727656
590565
1050982
739122
1129849
903347
864895
1036857
1036187
1868103
893910
1019705
589140
662669
931973
1012723
760574
1123570
741280
993003
691209
796011
551080
783084
619295
707479
817082
788574
1103645
846763
691268
771891
844357
965149
831827
783316
1106312
624476
963358
1081037
888125
1054026
619042
771530
483153
1203845
804444
783602
870320
816034
865042
665713
899987
906957
1251725
566582
1039870
949215
997481
982765
646298
835508
526721
681252
629195
655551
1065655
908747
951048
1017310
1036577
338310
904691
1120759
898452
1017605
765951
945790
3169568
789903
918209
966227
702201
925924
1110553
1043849
1163401
754431
954689
1089813
952414
1005813
1000743
905829
711903
749616
776871
721767
934476
756551
930117
1018436
657756
1081380
842413
885764
806777
1023083
807121
798518
753493
1113931
931771
966430
911474
1261448
741919
742970
827690
1153355
892337
1001676
794712
674184
942629
930998
862117
632827
812725
670532
872934
965569
690184
897848
995972
969604
658110
744448
730185
596883
981707
1124808
648318
643073
1082732
543825
644837
642003
684952
664579
594740
631425
713758
563372
621406
557139
527982
688658
715132
696915
924252
531627
564802
508049
655943
553870
448856
556227
614996
454890
613048
503793
667861
565827
492357
588499
668511
670551
663273
4154473
514645
508869
971329
408510
605839
714164
956511
815298
548018
431219
554166
876156
468650
525428
624345
493154
629847
650651
538679
494557
568495
491785
570603
749690
566862
623512
695704
510812
465875
622141
642605
565396
627897
629856
10780256
528163
568527
484024
635966
1166586
587487
766126
823727
967155
672210
11019615
524094
413266
725679
643725
11095489
620733
870159
547265
1059452
582683
847587
667335
691234
646643
721519
1409834
1096875
718997
633211
656942
810156
473186
523918
680987
1113254
677568
667540
837770
801683
654884
623503
481821
552529
968660
545720
791022
754940
969233
928377
583022
653528
627227
10732906
611458
613142
10892102
420629
10777806
542858
632165
623315
10689131
421828
10681061
480364
664912
10584588
572749
584059
10621369
554076
10709463
400582
578052
574852
11294118
736943
764395
539061
549961
589015
553088
717052
660693
1182687
730170
993373
11023573
10819895
10787261
10688564
10835312
762148
10739813
647490
596475
1073973
662033
10906847
11007501
10644115
10611885
10763066
10568902
10949623
10726306
517192
10710217
10983452
10636257
493228
10743876
10634401
548092
21072535
487777
10690769
2139267
820835
10741877
545015
10686708
10831262
587742
1086474
584470
637173
11342863
10884722
10816503
10642505
10584431
10559914
10684684
10752157
10665195
512978
679259
10693907
11817029
585284
770245
531724
452786
599467
803732
571742
457897
710100
629495
762209
433985
513297
663813
647245
891532
844701
587134
564513
485963
650031
606908
499790
1312666
675281
630457
525469
653247
541625
10804880
509831
538389
550136
581896
834168
466808
637673
615645
717958
648115
489039
635443
611669
493899
360282
629294
629157
462727
580300
551575
437226
725174
561790
616117
488943
632695
598059
581210
494445
876209
539606
443075
627931
762008
542311
474724
708679
757989
577638
647467
576362
510876
568696
525987
443894
540709
602451
725163
725576
809732
548848
473382
590510
513441
517252
687812
514194
837961
517242
661778
1208554
426466
391108
539836
557359
854306
427329
468906
568900
538272
558469
508237
420376
414665
574451
559204
475980
413342
449718
526090
595926
377968
5944840
612372
459625
488944
534731
463170
542598
514046
496037
454557
522617
757023
507474
656748
454921
655915
727283
678052
416750
470301
505104
574835
572507
585163
434799
481991
287287
515141
665584
510701
608928
579404
1002448
703579
734445
589973
595402
585550
536537
585490
501565
531572
642396
739866
646630
640638
679333
550624
561239
608872
537132
710864
514525
674629
465903
720193
610706
576474
598961
616700
750317
565575
613540
695327
1002934
643153
696013
687995
541787
691527
693919
534273
628741
652520
586643
652330
549114
623414
571345
635543
682362
697059
649385
523636
682461
544359
699069
553854
610927
604198
531861
663118
575663
618144
540230
594361
543873
727943
626444
496912
646488
554621
621145
521311
579557
519871
526407
778853
613539
539819
547257
685012
494183
684239
1217854
692808
726964
620199
756022
723812
540339
708798
704638
592674
698094
676206
706102
652096
593339
597481
651738
648105
1362295
687567
700742
628719
634452
655367
611158
666722
674784
639568
603773
744407
673332
606711
666488
646073
669012
823067
694208
650428
674252
601315
642684
2087280
671538
601360
664711
732761
767668
2693523
786861
798315
721722
622745
787211
693486
783739
707600
1853618
619261
795681
739075
749181
1012653
725640
511841
680192
665387
737244
706880
681450
622232
549320
780941
605654
865273
806055
595236
909740
809961
479898
655650
625513
717001
690232
706810
591777
661401
624964
606424
677051
850851
701571
517996
821559
707690
670359
617704
810493
506859
1647038
763674
594797
1086957
587671
1505344
933102
715862
556776
670066
631328
615284
699811
741585
1261730
1048951
640483
503205
694097
470567
571433
579941
623882
608445
645226
586790
532268
577571
594627
672455
654312
561597
723011
1030454
666246
702124
825762
700894
774744
818203
565912
684134
652377
810137
684777
748855
687960
504397
565967
500331
604667
531829
547576
610538
635026
669868
568135
595083
418012
653495
684662
742232
678086
571926
631997
575683
545562
517874
636385
504245
530777
455026
438728
578335
511259
552528
588275
534760
590462
425914
436655
510171
536962
444748
477349
496833
455334
482061
523072
546238
615537
476931
487827
540252
564081
566542
574024
560656
673354
552151
535158
406151
492552
706244
455695
602835
520772
585552
681838
787268
689627
577836
1142046
565982
718551
466818
482476
978474
715769
683614
591169
529553
529771
568125
865520
445777
485577
583370
593050
607471
598658
582299
544180
631976
627476
571947
511705
514543
713515
647313
626760
646105
674511
544877
749429
627351
570527
740837
610144
769090
642271
905068
713199
1060018
588729
635284
757537
632955
770605
669241
459211
609680
715458
640988
597086
512466
573244
412342
557206
450829
628201
561658
540145
452832
478045
501570
474164
608307
420340
437842
538304
474093
686965
470812
571854
630597
653368
594769
702838
680633
440062
455925
653455
515635
469972
481132
422170
408497
467047
619002
551959
551110
404330
683218
528766
511109
433369
478754
569000
615720
485840
416661
543421
417567
443107
485301
538070
426431
412120
601229
545380
384950
493811
511395
504049
456692
437526
383774
399814
531868
402922
411688
557015
591778
523487
610666
590890
398319
651581
402161
619032
530689
412057
519663
460903
491745
431356
348288
393290
443814
494105
506652
624014
360008
495692
525573
545438
10559110
10640082
373564
408439
354705
439140
438824
530900
489897
356514
421485
659490
507871
367709
380869
414646
590484
411535
541881
514381
397128
671027
414054
459152
379605
506920
609035
439202
652728
