78308
23886
35638
23435
18703
16970
78157
22658
34625
24677
44602
22331
81119
32796
26731
30151
32195
36445
55618
17351
20569
60482
36886
27525
20479
23466
87647
29351
22809
31493
23687
20060
48043
27791
23477
23232
110907
34980
34390
40612
30455
17309
34037
46911
39365
49125
29859
19762
36036
23489
36976
29748
115834
22053
22092
107020
21429
21400
23773
17204
33235
40058
20722
24480
23082
39767
17484
17375
25540
21513
18093
28598
21278
25042
25011
22739
30357
13436
23177
20620
22039
19594
36805
18239
34370
17684
31418
34351
34944
17946
25060
33568
37460
18776
32812
29058
32879
76008
40061
43679
36172
28597
29380
24799
24749
35828
29358
16475
20935
44540
25693
43051
79284
24188
75965
25168
21826
33274
22528
24307
30621
36071
32324
106010
19925
22467
21491
37962
27898
128442
87937
19104
21706
24774
131198
28465
138400
31446
29617
25409
28072
35951
40342
31478
27027
23756
40517
35467
18305
49749
142542
82533
95707
34191
40601
135947
101602
88813
77078
95588
48611
39427
91242
24558
18092
24759
60221
35217
35680
172824
84701
45643
25207
24340
31377
19187
51006
325391
46045
57392
26852
32966
20465
30222
125708
262162
89146
70213
30402
75608
38392
42967
41981
30101
42609
55448
23067
50776
69185
22901
18393
27131
46613
25717
21628
23294
235951
44809
68589
28516
20675
85016
83800
25913
100627
54270
17925
40845
18027
19503
25325
27657
25869
32970
62337
22548
17972
20775
66384
28009
40284
25543
25602
29254
42876
29703
21243
36226
39497
25407
21966
36981
23757
19165
30719
35017
26135
34258
29663
33348
37775
19127
25596
41984
26885
29841
27054
68788
18986
40237
43273
51722
26968
26140
302202
43241
13818
28455
20103
36226
23064
27483
30851
50540
24471
46518
39960
25586
25339
26627
50746
105326
23116
43803
54574
54761
76328
23653
47145
78799
82815
61172
44214
53200
24538
60525
118084
58784
45585
60520
45369
43652
65332
48796
48167
117643
107223
45809
63377
47210
35266
58800
53244
60145
47788
57899
63916
59262
22333
69369
41245
53041
17273
17322
62191
30549
43959
42998
24459
62472
52728
53693
64306
44415
39520
153227
58307
150785
66789
50637
70602
58598
48303
46747
62884
64304
42097
29488
52486
47875
21545
60112
48936
66515
33168
64001
54677
31490
47072
25665
25487
53157
113011
20743
20441
58041
53125
24895
45858
58321
58406
203451
56903
28474
50813
24347
54189
70853
1474513
78680
64855
27685
59698
57665
561616
19162
67012
46422
101878
49549
28283
22249
27614
95456
55040
54000
184389
59550
50067
97187
66449
97143
62812
77361
78526
58511
82234
47401
29395
49917
69168
99728
70480
24164
65397
60486
59232
35547
100097
27164
50291
65269
81405
68598
60801
67170
40298
27778
71462
50621
27891
46312
22863
50394
52403
60128
84755
67579
86613
45039
64774
25668
55897
32715
63537
88576
85243
71633
47596
49346
33982
70475
90767
32013
74676
74101
45117
84670
66556
73930
33366
66342
50722
47729
51274
56507
63595
67736
66451
65520
61001
78014
88610
77283
83205
50033
63126
72864
73514
52380
68125
63489
64448
82111
49435
56201
15759
73331
66620
64305
96993
78662
35102
60068
188563
61558
68679
148513
28946
61509
52704
26506
48661
27369
51037
56897
85237
54868
91564
77334
56656
30262
42035
45529
57592
27082
70035
60146
123270
32881
26502
60844
62552
71232
20248
62635
55727
62943
52597
70630
30600
101668
89498
30385
139164
61506
31704
93237
36596
41083
21311
32532
49311
40874
27842
25394
21939
119398
26302
27858
29214
36546
30939
30092
25574
13776
20446
36539
61572
78782
75150
37023
451103
30439
46656
65056
80363
51388
71294
65515
51719
23636
26503
90707
49879
66081
52415
47225
132848
74922
69809
100797
25079
73723
46145
26779
91947
73650
84322
31696
56151
74554
60553
35939
47143
43537
52841
41683
101320
29957
81260
18218
16461
71786
29867
39623
31200
13007
38353
29598
87928
23477
28937
26273
21680
21393
27142
24846
20398
16710
