101924
51255
47592
45400
39729
30619
33457
37603
63080
37975
46763
45110
53194
42426
30759
44513
45619
43215
43145
43413
36830
35121
52583
45634
46399
41987
75824
31076
41774
50234
64273
51217
63239
35076
47423
48684
43311
44243
48306
43335
41151
39623
44932
36883
33044
46232
43520
33338
55087
44613
61906
42581
365289
39300
35570
46148
41380
36541
31348
32647
35834
28807
41146
38399
23436
69037
37160
44847
59867
46448
42029
35103
79281
43306
81742
44305
33776
37220
32593
33973
42262
33374
64938
33685
36201
33546
26016
37911
48231
34645
38487
28657
79558
37667
24655
32787
58011
48962
38104
35571
39986
34310
56335
44832
38808
49095
51103
31305
43477
43052
35543
61207
34549
32508
23096
40131
37801
32585
42495
23508
29019
52873
35265
36834
57097
51095
38226
46097
41630
40451
53488
35791
36311
47170
40123
42254
63440
51702
47539
38307
42742
38313
34085
35403
34037
29839
75440
37092
52099
678816
41309
43819
40199
29573
50158
30091
35915
33918
40460
43361
42032
40619
35183
35875
36215
40539
39311
41468
38462
38102
35892
28977
40367
40720
46454
55356
42110
32649
45872
42598
33058
33226
39232
28015
43504
39947
610958
202177
88559
50159
39617
43100
39003
26046
38780
42960
68095
50227
43010
45824
36401
45571
28644
35502
40974
41317
50213
35720
48156
31282
40143
31026
30195
34801
43120
44815
65723
47247
40049
41389
41996
38202
69737
40622
41835
36633
46641
31160
42683
31271
54902
43232
43491
55439
35460
34487
67106
42503
51665
41289
35738
36050
42858
28077
42097
38605
39365
46454
46129
31595
30997
37872
35727
36275
32219
43492
39742
33555
73030
43006
44322
32189
40771
30122
54630
43854
33477
48789
36141
38889
32944
33865
43053
36037
38834
43530
36433
54684
86086
49189
52772
30424
40620
44971
44991
35324
52210
38048
42356
50886
47687
35489
52387
36983
43665
68661
69688
46026
46784
48238
38187
40572
35995
30005
41503
61540
33587
41740
52517
30754
28716
31851
34910
43174
47836
39914
36751
35976
38339
92156
42047
47674
33403
29079
48178
42702
42295
37564
51111
37419
28036
34383
45672
48221
65098
98742
35876
35478
30158
46466
43034
35299
24188
52137
39348
54308
43322
36094
16275
47985
62301
53539
29815
36799
40084
623140
50888
31472
36382
32099
37013
51644
47308
34236
46950
35147
51164
39908
71831
41663
38514
37370
46505
31656
36648
44134
42646
35498
40104
29228
42121
37006
38212
64731
44053
28678
40199
39102
38142
53584
35886
33246
42437
45905
48823
52341
55541
34957
45836
35952
48495
31476
33931
33511
40831
53135
42815
43318
46207
36197
37599
47071
30583
36727
46761
37244
31584
48049
44555
37865
32778
41247
33652
72069
192515
57658
65912
34038
54337
36162
40268
42900
46989
86664
40219
41436
71895
43344
132646
41005
28141
34315
31646
37893
43798
52617
259250
38414
50237
39369
45141
48949
31599
26650
54503
32378
35103
51618
52428
37553
53318
40318
42296
43681
36009
30130
43287
40335
79682
34420
26845
37208
40866
36269
32221
38137
65818
27685
45187
24956
38670
31322
28727
54418
50657
49078
35546
38434
35771
297130
30843
49999
37015
30267
34310
65478
33086
35434
28514
27977
309714
64680
40240
79003
31503
29988
37565
82290
38832
29520
51620
36409
36512
64872
39738
39068
39157
38390
41934
37062
39353
34210
41344
52370
34425
48092
34363
44214
36715
50064
54964
35852
48288
48838
41433
51678
37421
68051
46089
34634
48794
53048
33111
47393
41809
52549
55238
36996
42406
38828
44085
43581
36320
44130
51747
46610
44707
96589
37811
84582
50671
57405
52614
55536
36183
54093
45195
35511
41790
44743
50213
36681
36713
84082
68281
47488
51931
48595
44715
48142
38634
25660
30998
49795
36902
29464
33816
40523
37714
42115
38975
32835
37895
49759
37635
36336
29185
44677
40380
35092
39826
41520
43872
254148
35871
59463
45550
42984
50624
31316
41533
33220
45224
142070
45347
39410
32061
39150
41230
56272
43663
50120
49863
33082
1173036
64206
39138
52287
62190
43998
47364
44247
60298
54236
67646
39406
36227
41878
30907
42352
48434
25808
33004
58955
45160
68439
48584
37452
45097
44101
36057
42290
33095
50268
42711
45311
53558
42352
50395
49580
41926
40221
43864
40535
54106
34061
41693
44933
37517
48733
41353
44475
37968
42864
44121
51708
34341
41838
41942
60253
48035
53226
50701
40450
62651
45530
44273
44072
56220
48537
39712
36795
38452
47234
40651
42404
31760
52701
69941
51019
43531
41160
48329
40082
55791
64876
51925
49417
47714
41007
50552
48519
53778
42912
40740
45866
32144
39399
42457
39772
63610
42150
38544
34593
39006
43013
37869
44514
31257
50750
32794
49520
43216
32060
49347
49254
45773
45756
57811
35228
32104
34389
41979
49557
40507
48921
34639
68664
46545
59051
36841
36510
37467
40000
34995
58107
77420
36344
35549
48779
46114
38107
40409
40837
71322
40923
41708
35725
41435
44283
77527
65619
43946
57756
38679
42478
31811
36239
41017
37413
32398
54388
56246
41660
33472
40176
46723
34683
37159
43829
40660
44719
50853
42713
42065
42608
47045
46768
29711
41006
29412
83091
37348
63239
30803
39162
25420
34950
42816
48707
29351
37018
41082
35851
46396
45302
40937
45308
38666
37602
33062
41709
31098
32243
37422
44362
33462
40475
41975
33551
33619
39416
31996
30999
81709
36476
44397
32877
43712
73283
44920
44464
45435
34109
42786
56901
43723
40447
55380
32623
36269
40448
35117
43843
44233
42017
41694
38262
49070
42323
41630
45954
38932
44565
95607
50418
86556
37540
156548
103266
35527
65276
36050
33954
47195
57674
53459
41367
45332
52397
39598
37982
42614
38782
46051
47183
45825
43221
46333
43511
52111
33374
46786
47223
49101
65484
41426
42619
52037
40215
49152
31974
34244
41260
48980
38036
31509
38353
39749
45187
36678
32680
34058
35062
36866
46190
45881
56486
32519
35448
31128
29473
34612
37926
37346
36122
37460
57285
53501
36087
47298
36241
52233
32031
47215
36479
38238
39672
48936
55356
41094
43259
88744
50544
63238
41557
47487
26722
35925
43424
55047
44155
45742
32260
49338
43530
261643
34219
49114
29254
47404
41421
56633
33269
41961
48403
39163
47030
54138
56559
40275
73119
44710
43708
46195
47407
111164
55340
47435
46825
58577
47110
51687
78579
58832
46700
50835
38395
40286
49390
48964
45236
37444
33029
43924
54644
68138
39590
73497
50769
49211
56774
48905
36245
39220
78227
33136
131645
36779
38508
66265
39337
49870
50814
44425
48104
41209
48660
43812
41127
44610
64253
46702
123341
504867
44389
47654
64214
39087
44788
37562
41011
34537
44597
46741
38438
45576
46831
46202
57908
35048
77714
46855
36394
166137
50804
34976
35057
55233
38742
381972
44398
47225
49583
46952
40742
36251
40521
42040
59043
45930
49144
53680
51306
42088
53657
49351
36322
44324
50368
53796
38041
41829
48923
37386
54316
53237
45847
48765
34692
39723
59511
48017
45282
48404
46903
43657
45243
56253
51581
49120
43072
37321
43406
36721
45252
34522
68155
34352
49069
40737
46796
56576
42949
41145
47471
41359
67582
39056
42772
40020
61693
46337
51212
44922
43823
40384
44420
44723
45882
54811
42329
59089
45538
50917
50268
34981
48541
46738
67841
40222
43893
58851
42841
38071
73686
48833
35748
42336
38443
60625
49124
51327
41280
46837
34659
30800
45686
43056
61367
47036
50316
31955
40987
47401
39238
65406
48791
56221
42556
41433
50717
41602
45510
41040
41000
44822
42864
60341
50666
52004
43006
39871
37965
109390
40947
43683
37470
43807
41354
37039
56886
59135
45472
49961
53203
49356
46888
42824
64747
54276
41819
45511
51692
46352
37682
38308
57818
41814
42005
57684
54929
48626
41469
48358
58761
31427
49007
49748
42061
39717
37837
58427
41310
69864
46128
44607
62549
48355
43716
56485
56839
41879
57344
42122
52794
33705
37498
41781
48696
71674
63241
69541
53884
45931
48054
45139
48731
38788
56431
52329
67801
42166
36965
107207
50332
38782
47330
39241
60207
43112
43879
51452
57708
48332
83612
37087
54836
47819
61982
53237
47693
66279
39775
55072
41032
37288
69589
51752
31968
71107
37695
45794
39764
61751
71769
53790
52370
43790
45465
41805
61721
49748
50246
55985
70535
40276
45983
69247
54891
35428
49168
60959
52532
131662
55180
49096
69219
43987
33996
35713
42084
45204
108537
32572
77182
37523
294462
47348
34611
41182
33480
44441
44615
38089
32331
36570
38985
47301
38963
32117
46977
48265
63976
37015
62730
53157
45275
40002
47126
37326
62353
47637
48810
479987
48041
35244
42622
54306
55592
35432
54622
62484
88733
42357
55993
27411
67516
70517
46559
72697
53242
49633
47932
45104
54394
44476
41308
60732
50464
49676
39936
43542
47040
55345
76494
45233
97168
200355
61848
43349
45207
78231
32755
76571
57805
35653
42824
42751
42232
46600
41528
36162
51199
40626
58926
44911
37195
43915
59030
37675
41520
56115
32280
76980
39515
46763
52439
26309
46415
38263
40834
36228
31239
42222
47559
45515
30328
37358
41820
38709
41967
74565
63645
37391
51033
37796
35728
33603
54495
34012
65786
54369
49814
62569
58167
37805
38924
56590
40072
43807
49137
34973
30651
38041
52175
32647
37461
37624
53472
44424
58221
44912
41695
80778
48574
44075
47434
41799
64822
57035
30247
57584
39281
40424
46828
40491
53491
63389
50774
33782
42125
46823
43031
40882
38281
37788
45815
34543
35784
35114
39397
72772
43525
38701
36382
37098
32366
47071
39576
36956
43308
35164
42046
46388
56188
29543
42408
43681
37881
33269
33265
64757
59704
65107
44786
57364
40970
40676
44882
46942
34324
61455
55544
38430
43675
42285
39173
35764
33012
47823
33691
32565
33947
53017
39296
38542
61978
44067
38008
43986
44720
35106
59515
33589
42494
38787
47397
34990
32980
40089
61154
42134
57291
45017
46065
34752
32501
41004
37369
46308
60104
51587
43300
37340
59770
37498
31378
35962
35499
39137
31586
33493
36697
40910
52506
46174
39504
38516
36960
43432
39993
34040
43254
61377
44229
35705
37249
42405
77072
30356
40967
49171
40300
31073
44898
44880
34271
54579
44793
42132
41154
48872
38943
47749
52408
37420
33863
34547
52054
37491
41615
52441
36725
35911
56404
29289
39044
59725
47744
42275
51363
44280
43486
48009
38859
50122
41617
48930
41323
49600
79411
40292
37843
39301
44620
41367
40726
48539
42687
46967
65989
33864
37375
40261
31647
40612
37497
37438
59699
46098
28353
75930
37667
41056
52029
40842
32725
40420
40078
59915
47520
33375
41438
53267
41377
39513
38484
36337
62358
44596
36555
35366
37762
35594
38468
51533
33281
35426
35385
29620
30998
49636
40724
890776
37620
30524
52858
39896
49484
36360
35160
39647
40455
64685
46837
40184
39238
48276
72492
48915
33126
34434
37075
35049
74230
35269
37814
38445
37151
47374
37489
38591
39725
42733
42404
38938
62248
41068
40525
32858
38668
46550
35154
32201
37070
41058
41592
58914
38368
32297
30834
53808
53346
54121
47350
49439
43742
40512
35357
35730
52623
38836
47583
52030
35554
42248
41993
53610
34702
37728
48172
33419
42024
43260
51128
43132
69496
44286
33393
40885
29188
32951
51646
37001
40870
47020
32296
59322
47658
34054
48027
36771
33242
54865
55858
37183
69052
35877
41264
40056
29857
43199
42689
48553
47205
46621
51953
44572
49151
75318
33835
28156
70431
40945
44542
57307
38621
38592
32467
55607
41047
33313
40961
45898
52292
37405
31762
40616
40379
43418
45399
39545
45885
33020
55562
45399
44616
39021
41914
31695
44943
93118
54608
42726
55754
41684
38958
43811
52750
60195
43822
47859
76411
33190
41614
30990
50636
70223
49495
37844
33014
34751
42510
39609
40373
50359
44636
43757
42141
62605
86262
47713
45065
40207
54755
69465
40095
38293
40006
59726
40377
32332
41818
73012
42494
30998
47327
34918
50005
47679
62451
78804
58119
40631
37218
57007
30415
38828
37108
35158
27643
30671
44499
32908
41426
32050
39649
54288
47522
35540
42955
63311
108442
30731
39861
53184
49394
69161
46366
63978
40515
43998
111079
52162
55620
31449
56814
47140
37814
53127
46500
54493
28023
54422
50811
40252
44612
48712
40463
44169
45341
72084
42439
40415
74464
65752
58787
36290
41722
46153
56523
41756
48446
35483
40550
35417
35424
43616
43851
47636
59354
36489
43124
65392
47978
48760
44423
56215
35395
61716
43397
35389
62119
48137
36456
50089
31535
72170
47963
52407
40813
45461
61596
42506
45767
49613
32399
39965
37512
40505
105551
67007
82599
94611
189278
44979
48206
46381
41511
48623
333335
38143
45501
32648
56726
49290
54291
46116
39167
64499
61643
38834
40910
60893
46590
33310
37567
36959
35194
42285
54621
52882
66408
46012
54658
33577
37656
31200
73450
46558
62198
30416
34796
42920
37911
56938
66852
41623
40539
46680
71826
55653
142003
38963
45085
32133
61162
39424
33915
34909
41308
43464
57178
35090
46053
56869
57510
42806
43056
49301
31795
28511
46816
37594
46473
73077
33718
29663
41281
48565
55657
34636
59019
38856
41820
39279
40882
42145
39274
38656
47707
52428
37615
71158
36978
43899
44289
31965
57912
57389
39034
64414
42626
41766
38720
33590
36320
44962
48259
44643
52856
58430
40999
46340
56013
622954
41653
42197
64133
42856
33829
52544
30847
110893
41033
49141
48703
37377
40883
43529
46950
47271
41056
39345
43106
43911
32227
37471
46756
79994
37092
56860
40033
40625
48000
35312
46715
37213
55197
57114
36166
45479
42508
47641
37128
53823
33356
45447
83690
45980
44454
52786
56363
38944
43723
53675
49671
43955
50770
40857
49237
47958
44718
45787
44882
32847
45552
39932
41531
37978
39040
45316
72769
46469
36311
59072
40431
45042
42178
42035
94997
32773
41965
35684
39597
36513
33708
54386
34813
45886
31110
35026
43961
39094
51472
38220
42053
55929
48729
34102
31279
53892
40428
48511
33143
30919
56123
38908
38695
47839
48839
35386
32489
38922
28834
78851
54507
22949
37922
41109
38390
41897
46401
41666
48802
53761
51362
40440
41718
35765
39174
46327
46429
33374
47423
32295
45172
35401
45490
45538
59551
35373
45562
42714
41883
32193
37214
30280
48139
51797
47419
48185
47031
37293
34448
32666
67557
36535
46819
231477
38115
32858
43825
47785
38607
52335
38888
42485
48800
48430
33376
47886
33125
48880
33673
39457
38476
37982
39964
43166
36746
40854
39774
47901
37731
32525
81951
45413
41988
33836
47446
53463
72069
41647
33395
46386
47291
43016
39534
42390
40802
74423
75496
39432
58008
42726
34031
41792
35361
53054
34449
39146
45284
21990
47446
36072
49993
351380
59651
20538
44213
107466
51065
50183
59726
36978
39046
42298
41792
41577
62028
33426
37595
79962
38843
41800
40292
36466
35739
44694
42564
39734
42715
53794
48360
54967
41350
49110
55427
42476
61304
46553
42620
53557
38341
43798
55582
45480
45475
51639
268701
48663
40292
50443
43318
54234
44870
88148
44871
62226
36465
52257
35340
48499
56015
60327
57572
41417
42340
52791
36790
63548
39260
42223
40840
42536
44361
40161
34025
48148
36894
67562
38871
43900
41040
45908
37073
34354
40443
75386
38216
37273
47489
41391
64369
46784
39534
33183
35639
42848
40721
42824
73138
57429
38633
79385
42927
46164
49482
41847
42770
38832
49128
54185
43591
74224
34052
32788
38442
43380
68453
46101
42822
36180
37805
30620
41494
42482
41824
37098
41058
56456
31360
32639
50347
32358
47696
36019
37034
49288
42758
48256
43958
51025
39901
34490
37531
47699
34716
46505
38212
45176
38659
34602
55232
46019
34108
48239
43804
40468
44160
49643
40355
48337
50699
55125
43428
62063
44691
39542
44574
49591
48660
41359
39901
46767
37511
36147
36177
60246
43086
48164
46300
48090
44698
40751
43458
34293
42065
55282
47732
74916
30798
62705
43953
38300
44161
42956
43054
58045
66555
35863
50999
35739
42209
36543
36159
41066
40391
51722
46312
45341
35733
45051
40891
39717
42162
76912
53237
46368
45160
49406
46247
36092
53210
32469
46917
38175
47017
42835
43576
50971
41269
41465
47090
50183
58233
59012
68360
39394
83118
53380
36287
43315
46085
55008
48848
72139
44625
51752
50050
45564
50079
57081
39180
52800
52998
60532
60633
75542
41226
43277
45743
82168
57587
50673
79037
33083
82564
34942
51523
48047
54120
38386
80771
46930
48433
55973
55808
42079
43054
46413
49329
51429
36347
44697
52715
38044
56923
49380
37998
40320
44123
36277
36138
56387
40287
90069
56952
44597
42720
47375
52846
35401
44320
42490
34773
42579
47980
37444
40103
36946
47363
41281
50131
33789
36612
42731
49843
87801
43467
43261
89274
43832
39671
35234
40786
38940
35089
34792
43291
40169
46346
46072
33389
42794
41620
44052
39441
41389
48108
43517
35503
44737
40134
92093
44054
42276
51316
41826
42200
41713
55984
42321
39322
45048
47808
56187
46379
78186
47342
48434
34282
42052
46901
44487
55727
45246
41798
52627
41081
45768
37569
45058
408046
70654
41362
74447
42415
41773
49585
71862
44543
45232
53284
38281
43035
73264
66572
40226
44267
41845
57276
39686
61764
63846
49206
44967
38793
48613
53464
48286
40727
48864
42692
47950
59901
55389
58238
42121
44016
36753
48647
54239
39600
43682
42414
51711
43106
37255
42993
67753
36772
49840
43357
39209
47268
40127
40922
36272
46877
53821
41472
48268
44123
33608
34111
37160
41362
48687
64222
51330
75471
53671
37889
68558
38761
46915
46390
55595
37908
43191
40854
39637
59240
50568
43159
46977
43316
47304
40979
50007
37843
84236
53502
41411
60197
46060
46077
42084
45171
43141
50594
51090
60871
44232
41847
51008
77213
57155
49038
38245
38111
44614
46471
65055
36131
45577
32117
44787
40313
50947
49330
47295
62617
47328
62321
38252
44059
42581
41839
56904
86613
49513
45899
52692
35865
41471
48982
41810
42040
41212
75639
44896
43463
41214
44504
49897
48119
41492
41255
36042
53821
41859
43370
73526
45845
44708
70679
49368
88879
44969
60213
49977
40401
31325
52691
42715
114474
46661
47086
41927
44320
73637
40882
41172
34127
41301
54178
55453
37370
43147
86171
46404
32390
36734
84304
42548
37989
44448
60174
44646
36417
46559
47411
45794
38953
36442
37914
60517
43817
46417
41076
52381
42630
34746
36934
39276
39127
45293
51823
40321
50384
35947
43166
32577
47307
40207
48712
44165
46070
33046
32333
57320
46015
46421
29826
35198
51400
59673
37696
36632
34221
40261
47808
36091
32264
38462
36290
38473
137372
52084
31921
57288
57584
34385
54790
56052
43302
97844
37862
35273
33088
41145
78383
43062
35066
55679
61517
63102
35844
36844
39966
51839
59166
38996
43181
55859
48825
58014
47600
72669
42102
55456
49433
31570
47998
41901
31963
43596
39195
36396
45185
41838
60456
41354
57097
45066
48021
558290
48447
44066
52499
40625
41659
44834
50476
37225
94577
57814
55868
55413
45749
50802
50414
36732
37558
42530
49436
53363
40701
40292
54334
46839
48639
54973
42250
43534
56450
31755
64596
42507
47557
43108
54162
50697
44433
39023
52461
53138
50482
39573
50400
49516
42765
87579
46427
54954
42116
40175
39808
43085
38915
44674
47567
50245
37789
42398
43160
38075
41816
72144
37372
40105
37060
37553
50119
41351
52260
39108
47236
43929
42944
45629
44140
37898
50608
38014
51365
49890
32809
39175
41500
41941
49090
51396
56787
31655
53129
41979
43164
52532
44181
41699
52080
49692
44707
40937
43770
46970
60649
40294
37223
43539
43664
44243
61464
109075
52086
50849
34849
49011
42205
39574
36035
46351
57234
61175
44869
48540
43021
43884
72201
97190
41532
35361
34907
42166
45786
41977
35921
35863
38887
24920
42862
42641
50769
33192
46453
59751
43931
60286
32139
36058
39343
47974
41131
64733
50892
51815
35750
38442
33404
31676
50376
43715
45887
32294
40184
41507
252304
45521
42941
36222
42603
41423
38345
44544
59433
30380
38776
40607
45946
37794
38483
34681
42603
65167
53275
49515
45357
46649
53868
87165
55386
30433
39928
88985
305443
54037
56568
39388
40433
48375
83627
31436
38207
29139
49659
67989
56703
29494
44805
64869
40362
30497
40249
38746
60671
44341
41750
56679
36146
37412
35606
30114
188688
47018
29331
46270
42309
36261
31970
56879
31627
46955
28642
46849
54067
34893
42796
54349
42160
30144
33216
44416
31851
118467
39933
38501
37352
41774
58633
29531
38452
31704
37153
56888
46826
44568
33093
27506
36117
33322
46796
30459
36804
34669
37145
42553
29111
45091
54779
41812
34813
39885
31565
41465
36733
41591
38514
28006
38614
55178
49726
34803
82229
61959
45027
25262
37224
28148
32403
41603
49279
45212
34596
41927
39517
42180
29381
31743
55716
37959
34120
31023
31517
38901
33117
38647
35652
29434
27833
46994
53575
50530
45854
47013
18666
37201
52567
46022
45013
38406
42226
46550
49385
30263
32120
38713
36955
34970
46030
24538
53437
42772
61320
35954
30891
42372
44766
191984
56874
33543
32875
42338
53718
52999
40127
32366
42773
36115
60629
39921
45966
46966
42573
58944
37928
46861
65615
38900
42047
48773
45226
42642
51205
42540
54875
60489
155501
42895
42699
54514
33111
37472
40978
39159
29334
45801
47136
35177
38208
40740
44925
38730
44100
124491
61419
35576
70324
44238
47016
67806
44813
43842
42611
47998
40497
41528
51420
36689
43771
40292
42265
43553
55263
40455
46809
52619
77294
40851
46576
43790
34169
57231
51449
42013
62210
34161
43023
42548
30247
40098
41728
61718
31062
45511
45245
43593
34252
43027
42470
32433
46133
46966
48029
31970
42116
48658
51543
51668
41719
56093
67392
38744
40125
58708
46217
55281
42586
45312
37790
47364
48353
39617
35868
45221
44003
36510
50049
31144
36734
45687
46444
47637
41946
39145
47261
52488
41089
45381
68855
36920
43639
37366
50566
30118
41034
41982
40321
36634
43350
60333
31552
57131
39122
38147
43029
44629
35989
39446
31851
43971
48503
42879
44331
65213
42796
39398
39196
34142
34593
47990
53758
67870
40693
50522
52483
30806
37294
42398
37587
48639
39089
30861
37190
58445
37882
58681
67261
47565
43636
54689
49994
42455
32422
57085
83411
30531
39505
51794
44236
40146
33432
47058
35041
37965
39005
38618
31063
36148
88731
35497
54702
46735
47987
59532
45984
43012
51817
33330
38622
62768
40344
45125
46894
48978
58312
42574
45568
47187
40604
46182
45363
36852
45109
36712
51143
53413
39305
42352
49879
30164
63927
43575
38381
35558
55039
48085
56612
59624
37523
53468
44404
42024
39295
48954
40731
39941
37438
54433
351544
44960
36325
42804
48341
45100
41424
57718
82766
43739
47395
39809
45460
379236
28974
53846
55344
56407
52112
45569
52728
43345
34850
62808
42620
38545
68164
28712
38182
41203
57840
344421
213697
32474
363574
35922
59592
42090
43139
57348
44416
42881
47204
56146
29804
61708
34420
29764
344349
39737
31052
39343
60305
39795
59200
41366
41942
67437
43724
54673
42317
58822
43195
42796
77037
34707
31787
43771
38795
47174
45100
47482
30976
46591
45820
66777
41864
41540
65076
32751
45803
34433
50007
35842
61953
44579
70947
61819
55717
47180
42714
41388
43197
37999
43394
38622
1423193
56398
56725
36661
37425
41497
42387
45520
44323
40273
43272
31819
34326
38215
48215
122603
45269
34440
40121
40056
51207
38502
56968
48693
55737
38879
53996
62831
46405
32202
43306
429449
40182
35235
48355
58389
22411
61801
46862
47260
35505
40622
38616
51291
40652
44218
45764
42710
33128
36611
42537
52927
48118
49339
55319
44489
47414
37781
81721
40901
44744
42183
48304
43597
35084
41999
46155
44174
34292
45570
44403
39507
33144
45231
40461
43260
50139
34597
47347
56582
39559
44134
53547
34424
54834
37719
246051
37187
61928
33604
44217
41879
33073
38456
55323
46506
164871
50674
48430
51132
46252
43131
56854
54901
98338
32437
71537
41424
652271
37519
55652
40357
46476
36412
41135
63669
41773
33092
45757
40918
36645
34479
35588
50120
68996
38977
46444
41426
38497
34399
45806
40633
52769
55315
37144
435808
34336
50128
75391
42949
33334
32057
36558
45432
31326
35507
37464
36895
36561
36117
51828
45797
38287
59319
32553
56781
70677
47994
50881
32831
44167
36013
34283
55738
34084
36880
44689
46245
39960
39928
23996
52610
56626
52779
53333
56356
41040
69136
44856
38187
51335
42839
48243
35639
43115
72883
47941
38263
46868
59474
51809
46719
49470
47896
71163
38475
110875
35223
47345
34708
40247
405917
35437
47077
41345
40219
60918
47251
35137
48288
40445
35869
46471
32379
65372
41048
52944
39651
96928
50255
41921
38224
41444
44424
35253
56657
52576
46330
30242
46095
51943
40462
65879
38120
39835
45008
33392
42848
43207
48129
46651
44585
50625
36196
68336
37392
29369
60399
56088
52298
68482
46595
44332
53119
45721
62885
49814
39675
41177
45699
46205
37987
44037
46514
38018
32582
56464
35722
41959
45654
458302
42284
34552
47763
33564
36522
33418
49395
62539
68790
46032
42412
41891
33654
44424
54735
40247
49958
50938
38450
42667
63643
43539
37682
35329
51494
50857
44480
43580
51529
45503
37456
60712
42615
44509
48742
29535
35240
53578
35618
62216
89479
46370
46377
74137
44756
40712
44821
41985
42356
40264
41475
36433
43389
85274
44074
37849
55238
32495
45908
46226
44643
31294
45928
31574
36939
48612
68274
66378
41853
47653
55546
49311
38096
40210
28290
283092
47867
39694
49557
89492
46612
50613
46640
44613
73383
66794
44725
47933
51514
48727
45698
54687
51341
51198
39841
51587
44411
36591
41757
52148
40882
36185
41433
40043
45101
37467
44790
41336
40068
46321
42099
38652
37844
57236
55007
56122
49537
44114
49784
21733
46475
42376
37410
44933
45640
39778
33352
46162
35839
56143
60042
40142
39960
33032
55700
48139
40880
46164
44998
61072
38644
386675
73055
44012
51831
52063
45110
36146
35279
54776
33791
36668
63503
45800
29488
37722
47598
35317
43503
101818
37263
34599
49403
56803
58440
66973
44677
36745
41041
35883
51609
53307
33898
42420
43423
47037
53145
38038
30644
63123
43498
36542
40521
35792
41035
61112
38664
39133
42099
63172
50206
47631
46728
45966
33084
44804
35920
30359
38935
43354
41403
47468
35649
48519
40970
34216
29592
40323
53040
31040
64917
86812
34945
51361
51785
36607
38192
43364
33292
43803
55691
32777
49901
33600
47722
42339
35656
56321
53257
61223
49801
57827
51936
30715
59097
42631
39321
33393
48647
48210
36192
47666
45435
70220
44071
46532
38525
50957
36286
47271
40710
299425
45487
43652
32543
36328
53225
43842
35757
43759
42734
48297
37366
33127
48621
55891
46306
35531
45623
46788
52788
40793
45437
29306
35207
41110
52721
58692
63941
52801
41286
43676
46510
57143
34480
48752
33671
31348
31955
36862
59570
52460
30724
29558
50007
58644
41631
68394
48155
46494
54563
40968
39978
41645
45012
41991
53782
40252
43287
42727
51990
54800
59757
44781
45089
56058
47199
39318
35550
37187
43435
38045
30667
35683
67028
42669
40855
39501
68478
36212
48918
68337
43786
47161
44915
41182
48329
39847
54915
53544
32500
44645
40123
49071
46342
45580
66041
41835
46710
42432
42128
45807
33013
42074
43248
41817
38510
41600
30972
43904
44963
39482
52497
35286
44726
55539
34744
34719
43321
39368
49078
53241
49246
49240
52779
45671
36870
39854
47530
35915
43035
34896
39523
46216
74753
2053661
44093
46274
41963
33094
48007
36951
40229
50847
37306
43214
78114
38773
47967
39555
41285
49981
55434
38945
48642
51945
39832
37451
53836
44950
43418
31297
40380
33863
42656
42795
42341
40495
44544
819140
45925
66138
54439
49031
36374
33300
43986
40134
47131
55577
40187
46685
59658
70961
61336
41405
38519
53031
44959
53828
41555
352994
58334
27574
34155
35272
34669
44443
45862
117057
46894
35366
74385
43922
37197
55586
44952
76170
50492
45366
26726
39254
32865
28932
39463
43371
45727
38205
58525
39569
38460
29685
42922
36792
43779
74720
37308
38712
42725
33278
54997
44581
39478
42954
34598
36022
63125
33727
41796
65357
39861
37408
52662
29869
34831
53246
39979
43931
40810
35540
40296
40517
41642
48904
43999
35627
37606
32745
47893
48676
50268
44437
74718
32929
41577
45342
46447
32330
36866
44845
70850
73438
39344
31930
53704
44776
39154
30702
47569
37131
36010
48722
45713
40093
29621
51857
41066
36085
45076
35968
45590
89152
46349
35387
44526
45168
52873
42881
43208
46908
38570
62609
58099
43735
42462
42146
41649
47645
48681
61582
43117
51043
31835
48279
63794
56117
45437
30075
38404
32915
33169
50492
33703
42676
38855
49139
43358
30442
36424
31791
41779
42022
46589
36896
34959
43295
38589
69860
47534
37374
36361
30567
31765
46046
44850
42656
39487
48645
40803
46996
144034
36401
54377
33730
49165
36835
45909
60370
36864
38030
45715
37150
32202
40759
50565
49945
35210
51773
47416
44172
39825
40183
50324
51750
48150
38213
47421
36003
35970
54626
35674
77897
36325
33856
56458
56050
42537
40447
33167
118547
36522
39361
32810
39130
45470
42644
42675
36429
35083
51303
44449
29988
33085
60517
37254
34796
49039
39282
45748
40493
41368
762684
69539
31481
48678
47470
43019
43396
36493
48372
43142
450538
49287
556884
43742
52228
42760
34191
41293
47812
190557
52297
63970
341494
48217
35434
33961
47609
49032
36078
50733
44715
44091
40053
31224
50833
33236
56759
45961
46380
35057
45804
41421
47701
42465
41831
54211
50594
34751
43729
39018
46415
40334
46462
46447
41266
46773
30746
40139
39160
43875
30720
39831
42529
49520
46915
33083
36604
39113
36648
35600
33618
37274
29724
30843
41690
40468
27664
35329
47238
51222
44919
48407
74805
38678
75359
44372
38113
42923
32744
38703
44444
52746
33900
51161
30765
39729
73477
44682
41195
32888
44476
35677
35888
41409
39423
39857
78450
32797
84729
36752
32808
67210
44273
49984
31922
49986
37894
42781
32959
59797
36715
44409
65827
56779
38573
43811
41442
29361
72831
48884
46971
46310
443818
50094
42517
41492
46493
32394
37687
37799
41771
45058
43916
31170
46531
44347
37627
43552
44555
38316
39283
48669
35038
40208
42350
45505
42383
45699
44521
39573
36727
44038
35592
60878
56162
32122
33569
31063
49288
37892
32778
40586
36266
47750
49346
31946
94874
39993
65638
53209
32123
32117
34569
57002
48160
37387
30803
33995
46070
34617
36081
42539
46791
34538
63303
43487
36674
34543
35693
43674
56770
39523
56655
51861
35129
55292
46646
44698
48823
58073
76930
39359
32982
38079
45978
41897
31150
42782
50779
47015
48982
62167
57141
38536
38817
49507
70873
37323
40338
36497
31965
40929
39128
46362
44024
49159
50227
71405
44192
43513
55290
42735
50414
53826
33113
36328
28019
44189
43026
35510
33898
33856
69272
43547
38180
44316
60170
36622
45630
34050
33599
46006
49324
58203
34044
42018
52931
31346
35073
54536
46509
38745
47208
34096
40235
33989
35063
31865
67438
31766
33625
34264
38798
41459
41546
53862
35882
37269
36379
47059
54262
51734
53262
49538
39608
36145
35561
24360
38582
46719
36324
46743
37054
31560
46050
33076
43014
51160
65488
43265
33519
55342
31174
47404
34572
50786
33380
35103
40562
48375
31332
31248
34857
33302
43294
42367
30166
43337
30850
37982
37224
33995
27859
34203
35028
28843
33438
39879
55930
39304
76124
42281
35920
41315
35942
40423
42636
34145
35792
30526
55311
33269
41638
32315
36660
54367
62477
30669
38797
45453
74158
45837
40910
45557
39183
43187
35400
30007
53920
39494
46266
59528
50071
38584
37597
45058
44172
27356
56264
35799
43920
35442
273517
59486
36856
52323
38433
47266
46847
38851
59967
38099
34907
38320
56853
48195
32548
27307
57207
48968
48432
45972
35549
49808
44232
38354
38863
43461
37051
42511
47953
51135
33285
61129
55775
33220
49941
44594
57533
46108
41003
39981
41221
35577
40693
39718
38238
38576
31479
40087
39947
61244
65844
46492
42637
67626
51332
36827
39338
23860
44510
33727
42480
38077
29386
42772
46900
38957
47165
35273
37662
40729
266854
36080
37009
65294
49044
29788
45723
29566
46371
47123
43345
53418
41674
68086
32847
42268
42262
39659
36739
37342
33882
38240
46912
44348
32898
35284
70950
34818
37658
34066
53499
44554
37358
43742
40386
34693
56005
41641
39913
33398
24794
47096
109411
40481
40874
39790
56462
42091
46181
55608
44882
68330
48548
43604
48843
40880
57435
36649
31106
32512
44268
42056
46713
48925
68365
50320
48024
64545
41692
40803
32260
47487
60237
57423
67227
40435
36044
35730
34936
36633
41930
51017
36599
48472
51484
41670
66688
43580
40405
81172
35519
42879
49628
35110
41725
38831
79286
37849
54014
36784
24630
50371
35389
47414
29646
41654
41576
49912
46118
44092
39750
47299
50190
42895
52962
55739
49094
29854
34714
45256
46549
53479
50505
46654
65373
36960
60891
42824
36791
46494
28077
37412
58834
47795
33979
49989
49037
38205
39706
46655
93370
36227
48651
35695
37139
38226
44318
36360
308491
67165
34215
40648
52905
33376
50710
38262
34513
54676
29634
44259
53716
37017
41070
43897
38034
44120
40104
101836
42066
54002
29238
37308
33729
45657
45632
37161
53237
42200
32833
53053
41064
31900
33071
46355
39802
39204
35111
43394
32546
38988
35052
43759
33556
36524
51478
57142
43610
49766
44613
35787
35640
55366
46192
36191
39453
48991
19996
38449
32101
36870
54515
38968
39275
25963
37983
35113
35961
35636
42896
44748
38166
44679
59659
77173
35431
63466
43564
34546
48350
36479
36581
43836
48591
48825
34493
39775
47836
37664
49502
43408
46518
48642
39758
47310
45029
40899
38976
44337
48715
36097
45110
34859
58721
37195
48453
56714
35912
35786
38832
42934
32439
40009
127857
49300
40287
46083
35336
34150
32894
54587
35934
43956
37690
34737
41312
38061
54274
46495
74595
37353
36377
36844
42800
30988
36366
44696
36566
41562
34138
33811
39647
48497
46396
42020
62107
43442
30813
36437
47267
38680
52145
44396
53405
29641
68172
42920
34004
32176
40369
43079
49894
67890
43124
61259
33037
25974
44359
46015
44831
38547
59289
49381
38507
56206
32068
36244
46975
52083
43934
34801
34317
57828
48334
36743
53170
36594
40614
46212
35370
73350
29745
40244
43361
37249
33188
32640
35157
37427
34597
31749
34091
34118
44909
55549
40940
46174
29636
35331
36392
44301
58928
35257
43927
34467
36862
38277
55529
31866
38933
35572
79817
62418
31024
40967
34449
49565
46621
90238
50539
41188
29621
45691
27468
47062
43667
41509
32190
45483
37324
28482
35861
44846
32387
44504
57188
34778
35186
59240
34041
47914
32757
40226
38993
28630
43985
270811
49786
44291
47381
32760
45464
45882
39413
67620
44899
42392
39214
48968
56418
41735
39727
51402
48987
64580
40791
44876
45736
62089
38960
45900
39512
38677
57582
47526
35362
43027
43445
47145
39409
43863
48487
53417
54388
40999
41132
43190
38922
80444
58580
31260
41625
44898
38947
48449
33727
44740
45316
24941
47879
48076
37378
37962
39861
50366
56481
92592
44466
39817
41851
44105
44857
56015
58678
42142
58831
35849
45259
43546
42741
34101
49445
40329
32604
38673
30635
41287
39056
30481
41177
55082
43063
35288
155382
43686
47671
57688
52636
38965
42128
47427
48334
159586
45505
46820
47782
44846
48868
42749
44252
38345
38277
50259
46179
37981
39422
47484
69494
54048
40829
45989
38093
41068
36032
44067
40076
49251
41086
41474
45057
41656
512377
62083
41623
38130
43276
54399
33952
63095
43580
43411
60322
38705
39250
35896
34748
97776
38315
30949
34974
42389
42707
39194
43971
37777
34107
33371
37204
34275
41631
49558
42939
34912
43822
42657
34201
36027
41609
54125
33771
33934
33726
42729
31737
52099
40963
31261
48408
34875
37499
43526
33680
36398
49692
49592
37255
36054
28336
53536
44389
61895
56703
42117
38355
36209
52236
50467
601547
51682
58876
41817
45263
36578
44973
37408
35936
33873
92610
26988
47721
59857
43348
37615
46475
51525
39104
36212
42159
77396
37523
42228
39195
37839
60319
34126
29856
37652
64512
47207
35812
44301
43032
40620
43687
54678
53618
40643
57613
66234
37028
48945
43783
38384
51255
32836
37801
45343
33654
35706
42833
50885
50758
42681
51351
267710
77985
34772
42936
53130
46611
42516
40837
45492
53692
42898
49467
107130
42274
38247
133899
35249
36846
46653
44993
43148
41142
41051
38151
66522
44500
55436
54099
64702
38875
46862
50967
43398
35828
253995
52047
64151
29776
41209
47035
57899
38067
40562
52749
47743
39049
56926
47584
41791
61940
46597
50286
97264
49116
43367
52936
41417
46871
45796
44617
49989
39753
41095
42790
37263
47662
42577
60781
33079
36948
40915
42157
42969
44633
53853
95052
40598
42803
37114
54369
55619
46492
49989
43961
43427
45149
65359
39914
49709
51014
42183
35536
36280
38959
49700
50464
40645
39456
45773
41877
50795
33636
36204
38766
67923
41298
50061
35574
38794
57537
52435
38819
38117
41401
40428
44168
39719
61349
38071
49611
112625
61247
53409
44476
52387
46119
46106
36467
46216
72729
40280
54179
45165
57091
33309
33096
49731
34504
44371
113595
46421
47949
43332
39919
43412
34519
44247
42855
40392
40799
30618
49069
116836
42742
33733
73243
45533
38301
32547
46940
165125
44131
36093
48051
30470
78195
35805
43406
40307
39568
49558
40733
40996
35177
46613
40841
36552
33436
42014
38032
41261
38176
30828
36199
41450
31155
38901
42596
68213
49668
33523
38496
50310
31551
37103
39312
43225
46203
57598
94731
40877
36615
37320
93020
65913
35935
41039
41472
62902
47774
42801
44020
61611
43666
42825
40310
61953
2598679
29137
37622
34198
33336
38554
37057
36052
51569
39033
46626
39628
49071
32822
39728
35717
44848
32401
54146
27900
53339
45168
51504
72377
36222
37094
42671
73025
39903
36045
40929
61284
55941
45173
33121
47357
33394
63829
46718
43764
31637
57561
48446
36696
41005
55215
36496
34751
44389
31959
28868
72826
37945
37177
41033
35301
44170
36645
56075
37189
35373
34917
41795
79678
38648
37805
44638
39300
42348
46770
37731
41229
49028
41181
42575
49538
37264
56186
39499
52893
31743
42720
50898
84402
58817
67552
40842
32465
72142
46477
38315
40907
42440
34210
219007
45081
46068
32690
46607
66256
44055
37492
45223
66294
61356
75372
99391
35946
51420
31761
53175
46171
43239
36469
40209
49624
87078
77537
34848
31046
33886
42313
47350
34793
43400
40457
58267
124101
40714
43175
37964
43294
57490
257229
53491
45676
65494
63389
49483
35036
50955
35605
58955
42113
35440
43526
69583
38722
43831
35638
40141
32706
42680
33719
45856
51399
48203
35441
48892
37745
41242
30743
67261
32585
46733
35367
47226
34995
45679
67359
82899
46637
59372
51741
35655
34247
56009
33077
90695
35722
55709
57344
42234
48035
44463
50018
56382
41921
54244
40750
37952
45707
49413
47522
85142
41941
87409
29319
65969
43457
45884
41478
42316
39769
39921
44424
38921
44630
29691
53874
49800
50290
58871
53701
41989
40712
74367
50346
47442
41130
44030
41960
35248
41252
29043
51854
53101
40091
48118
31253
35522
37157
37503
79271
38805
36061
39460
42540
42851
39783
41784
48425
31531
37156
37434
57070
38124
50647
39217
34793
39787
43069
40248
49922
32004
63802
52455
38678
43669
30729
42338
41954
38950
50249
44288
36956
41959
34616
57027
32284
32663
45978
40281
64089
28105
41458
38104
48212
41974
37015
43104
37271
56084
57929
74276
44292
34862
39493
100572
25102
33510
46002
34912
61176
43281
158494
34679
37396
39621
37200
40283
42244
38710
41833
46451
71403
46864
95800
37917
39799
37871
47299
39987
37556
31097
46044
43145
79724
38034
35537
36121
37982
27721
43168
61562
37526
36723
34808
52985
40659
40502
47610
52031
51347
55660
26142
29873
46734
38001
39096
43020
49099
45853
114575
33558
47335
42976
94323
30378
35233
43954
51921
50156
46504
47812
40264
41830
31231
28681
39852
34009
56504
142910
68010
38427
35234
69944
61005
42489
44963
54959
36963
41412
44117
42549
44827
56925
55465
24430
53664
59643
44071
34460
36000
31161
43750
39985
55159
56042
43438
43943
27908
40761
32955
258829
73464
46306
46665
45498
65212
69771
46908
39134
41220
43816
43231
65684
33050
39738
52392
46760
46555
53365
54522
34104
41773
71751
45354
39104
39369
35753
27413
42118
36676
43682
43314
47286
32556
39179
41103
37154
74524
35155
29231
37380
46331
74714
73559
48269
54412
51403
95902
107015
32006
56350
49117
35435
45786
38653
46576
43323
32332
56093
67530
32151
49510
35542
53145
38975
48859
58736
50987
48091
40182
45503
36042
72095
40130
44458
49685
34408
45326
40888
39589
33782
40019
54808
1438221
92976
61470
44377
29408
51346
30948
33312
33420
38810
39305
41375
41590
33581
55197
37183
46088
44486
49272
50639
42482
32075
40954
40713
38805
47615
57551
43910
34115
72790
39982
46169
44499
39177
37814
42831
41325
30329
39817
34262
37458
41248
41991
37283
69302
43133
70911
44423
47813
39229
39461
40764
65480
44783
41249
40856
35980
55958
44923
46406
41071
54076
80135
32691
38750
47394
34482
40659
34070
33696
30778
34559
40162
35276
34261
37986
35323
35398
44360
46646
33216
37198
39333
54941
38093
40126
53098
47079
52742
42363
59080
34512
30641
65558
43545
51735
36311
166039
40860
60531
48058
35255
40743
32068
40852
42814
36640
67874
39300
35174
42014
34309
47908
39337
47808
42713
40464
37917
41275
37085
33855
38488
32943
35497
34688
41766
34809
34362
35504
32031
34198
32287
49749
40288
36539
50452
37826
38586
45787
52393
33149
32499
40130
34787
89751
40396
44540
44913
41348
42673
39250
34534
40604
54822
35102
33489
39960
31958
42599
39555
39986
44488
33931
35646
46700
43931
36597
40059
41636
40600
32348
44488
36593
37134
43870
46028
41581
36421
34449
37320
37137
33140
35044
31283
34825
44318
37072
37656
38766
40212
43526
38733
38381
35876
74988
43543
46445
54726
42902
41198
47635
46726
32057
35027
70836
45601
33625
34213
31720
36730
33591
59155
36871
35366
35569
44624
34708
31498
39853
41367
35676
37668
28877
28660
42510
48351
33387
29542
38510
37306
36787
