14032
28830
20985
22102
17110
14938
21402
45443
674684
14005
23920
27075
29534
29008
25715
13151
25868
25739
13430
13512
25052
28470
33309
20735
35413
14887
30072
18900
13530
19158
50077
25487
15504
45745
39250
33035
31759
23666
30287
13567
16559
28025
14288
37012
34755
19737
30672
15551
34012
13198
32789
15564
25884
18287
10108
17263
38144
27104
13069
25202
32703
73607
15364
15292
32655
17046
18346
23611
43216
16672
14878
16396
15508
30057
17045
32271
26200
38214
57932
16487
26589
16096
21131
19718
31682
18483
25473
56905
17628
21080
26543
14641
33209
15140
16031
39689
25303
26114
18188
41634
26351
36898
15376
14821
18973
16804
16403
51068
20410
15019
38199
26956
29233
37528
33937
12979
30362
13091
26927
35817
29741
38825
23612
18595
13970
15644
29372
20521
42890
12669
33469
24083
39019
133396
15082
24547
31639
16002
14235
27918
38750
28481
9192
26992
11370
30337
28909
38062
17774
15970
26237
12365
73273
31119
18565
13798
29108
32277
42520
32060
42282
30459
16359
31311
13469
28965
74989
28706
22110
32160
27514
31249
15816
22167
23946
18194
43102
62724
18462
20563
55029
17206
50585
15427
13968
14267
39811
13324
28583
14666
20212
19687
27005
32329
31487
17095
27542
29033
54260
21872
23099
19538
31947
20480
31189
22011
32606
25954
39061
31228
24691
48395
13116
26412
30673
18472
17140
18582
28269
31911
27399
14419
17312
18959
28017
21894
27215
41242
28844
23445
15275
35678
16152
13131
31513
15804
30743
36771
21723
14622
12714
24371
27494
34984
21813
13094
37601
14005
26536
30754
33304
29245
30364
23445
30767
22099
32651
28786
19477
58434
18970
29092
24903
32645
31300
13439
17134
40357
15874
14150
32419
44116
36860
34346
15518
21946
18702
16692
32693
14640
18324
32024
15759
25084
16259
14181
19661
26041
33772
58680
43313
32437
29988
26062
21980
32940
18723
25651
10167
15014
13020
26518
22561
16496
13491
28258
17837
36087
24939
18918
25756
13133
36161
30027
14226
34771
34471
16465
12858
34639
35558
28648
32503
25383
40729
25503
31425
35087
38880
25029
26875
40165
49159
15225
21381
18407
29554
36711
31145
17555
13184
25628
69699
14237
16449
12843
15976
16673
16520
20205
44687
25838
15607
14540
30108
33650
15840
18623
39370
25667
38203
16703
60220
23009
21164
9740
27102
57652
32863
11240
56843
18753
30767
18586
31761
30074
26113
29919
26629
19903
31861
15315
40445
19546
20792
21634
21580
41815
35713
12805
25663
24844
16594
34590
22382
27975
35375
309617
27270
42544
24150
25152
26170
31447
26732
29676
23530
29721
22068
24242
32847
32084
27282
31159
24355
30828
27585
32151
44831
15064
45616
14224
35888
25138
42677
101686
18460
38444
29731
21227
15441
37201
33457
34208
36402
18801
32634
27355
11773
12960
26785
31196
31641
15137
53956
18255
16049
9260
19085
19125
24918
21940
27914
18948
22357
21989
13518
27523
29356
23773
26216
41316
36372
29001
29118
29154
30809
26093
28766
20766
28951
25655
30455
34970
29701
18743
63076
29374
12797
24326
22559
29745
30621
19404
34380
26861
30826
35822
27198
39622
16087
26981
52889
61142
42575
12077
13424
24127
29918
33043
12868
29407
29473
26361
12844
12953
27732
40050
27900
25043
23732
25660
33606
25078
30040
42489
32540
18284
13315
25314
23830
15638
19615
46902
28542
30403
43531
48363
60840
14424
30554
15946
31284
20756
26244
8900
13859
18516
21088
25834
25324
25905
46568
35257
62896
28716
28080
14989
27250
36273
17272
18729
27523
31193
43369
25512
18060
17383
33671
30485
17737
30765
67666
35018
105474
22790
12792
42193
15509
32238
17880
15239
36059
25463
17575
28051
28900
13737
11144
29227
31385
28473
11682
26423
50240
56563
32049
26274
46250
27527
28510
23483
35019
25161
14059
16029
27074
24065
25925
25979
23458
27223
41264
20829
24786
32006
33240
15663
28482
36498
26783
25151
16284
37606
24942
27306
15270
14917
32410
22793
23626
27350
33178
27500
19852
23336
25546
27001
23111
28053
23080
29324
29869
30444
31721
11349
26343
29754
10400
43779
27534
24847
48621
22769
35932
32979
29974
23198
20257
29328
12373
19369
31978
36086
14735
45329
24229
30145
27317
28713
45972
43496
23611
25314
18788
25474
31245
27707
27086
26953
13081
26060
27362
28777
22953
19377
26818
11392
15434
14799
19956
26516
30903
29518
38727
183995
32288
14151
22010
27318
27199
28007
29949
34527
23019
29519
40333
31063
24765
13728
21364
17311
21171
27881
22414
18559
42099
39959
22007
30996
35393
26896
14219
20873
13144
18657
66706
34995
16042
13216
28146
21787
30162
25873
173111
30014
30867
37098
30066
27973
40738
28160
13159
31693
30697
14052
21821
12885
31824
41777
29318
44096
14531
32798
17177
49756
52871
13629
38881
14965
33889
38836
30948
8941
23487
35038
19422
13379
30720
28888
21616
30041
30078
273934
23505
27477
25899
39044
29338
31197
25708
25637
30661
17126
12898
59154
38057
27099
15081
55892
28049
32178
28349
27680
14842
28019
18489
9753
39409
20369
33121
38192
17372
14068
31781
28174
48635
16845
18967
14408
13756
27094
18060
34940
29211
17053
24042
14722
29644
33653
25206
32596
32069
36083
17774
26595
31501
22381
27479
47336
24018
11249
24222
25574
29487
18336
32262
18324
34521
17535
31283
25595
30427
40410
24420
24259
30986
27410
29409
26347
32153
32351
108698
27766
14053
15678
14442
33547
51383
22571
30933
16078
15326
53373
31786
14610
21325
17273
15557
37376
23885
31804
27380
30301
23340
16993
28242
19374
31801
16214
15440
53236
40079
32397
28064
23705
32850
15670
52444
31490
30051
23275
23849
30882
34396
28240
20596
26967
16181
14783
25011
28428
23703
28881
38872
35223
27342
31422
29432
32782
79353
22499
31403
15044
34985
45868
29153
24595
28939
10144
32070
16372
25830
30201
104713
33293
25529
16503
28219
26513
28592
29490
17530
30115
28244
29254
32711
12389
31030
21498
24755
32026
15984
33267
29329
24414
33712
26259
17810
13399
28760
28150
13190
31396
36329
45513
42816
30457
30050
36598
29165
32828
23058
15725
29246
31395
32691
12328
24691
25250
27749
28304
19923
17035
26099
29045
16664
21890
26723
25778
32754
28501
32024
12894
15741
29696
26958
50478
29244
29858
33196
24254
27726
31849
18554
13027
21515
16915
14330
15326
29784
24498
29180
30435
15601
27810
23787
26368
27022
31839
24904
20794
30428
37491
15599
28379
32167
25304
24478
43959
21565
24880
29951
28611
29919
23426
29246
23198
21951
25270
68488
39056
34049
42952
26825
30279
23914
30977
28567
35131
20451
22950
24728
21798
29382
28123
25359
28689
25436
29104
25053
39983
25637
27028
23579
14193
25112
31122
27794
24338
27310
17279
10260
25457
16514
36801
34090
29983
27477
61073
30299
14487
14650
16056
28405
12517
35932
16758
28532
24136
73733
35375
53233
32151
30659
29038
25834
26292
23543
31509
26733
29955
39561
21921
29053
59696
45272
28104
37429
15883
37572
21775
22772
21423
40474
31480
39115
28720
25855
28441
20959
15936
33135
15347
22210
30737
25815
26529
20055
17549
23663
32693
26165
28280
27735
22457
26337
19165
22007
27607
32064
27044
27790
24196
19979
26382
23101
60736
55218
27861
31516
27489
28045
27092
31562
33733
33324
23976
19111
30194
13707
24370
29305
30008
31387
30576
15790
41606
40054
29463
32121
38138
26651
16564
21273
39004
16490
30264
40638
221350
21441
23762
31690
27915
23613
30754
26478
21695
15806
21625
53210
32686
27780
23691
24482
23352
25932
28787
28833
19823
33685
27074
27903
26082
37554
28214
31249
26623
30932
38256
25188
16423
26375
29358
24031
18704
27507
26909
38140
17878
23733
26557
475384
32064
25525
13673
45547
23558
24247
34040
16580
27389
15704
19194
56733
19661
23590
22869
27498
26531
29123
33581
24528
41144
28719
10391
24098
21636
40351
24519
32920
25441
22544
33998
9583
29752
14310
32844
34505
21465
21549
22131
27872
40281
24532
31228
16654
22172
28442
29498
25105
29869
26489
26201
32486
26165
29016
30275
38962
27842
25125
42745
21560
30402
8514
30587
30705
30244
22511
13823
32320
42573
30723
32749
25841
44545
69575
30544
24022
28373
30899
20560
21698
59132
29598
22965
30527
28603
25812
40223
29199
26974
24176
21631
28205
31744
30878
24670
22800
26337
37999
21262
28863
63430
16547
27463
25685
29042
32884
16104
43467
26693
26147
21915
29075
10855
15587
25992
24675
20496
28283
13553
27857
29312
15048
28640
13027
52191
27813
24611
15606
32451
30357
18695
13429
26883
13393
23833
13515
29995
27348
22856
33085
40657
25496
22697
29277
23248
44224
19011
44813
21882
26633
30036
24248
23480
32943
9199
22115
32458
39531
31591
29984
22943
24936
19865
14367
27211
31288
16011
28174
19002
31491
23583
15084
28069
30668
13260
12088
60826
14686
49437
18924
14516
49220
40636
27690
13763
28223
33354
36912
13387
29279
26759
27335
39579
16867
13888
37311
23400
30491
33859
16175
30904
32781
36118
18083
31137
16777
30999
10134
16218
32020
10901
27368
33793
16357
53888
15272
14924
11891
17305
24175
30747
28375
32500
16443
14262
15358
27957
25250
25928
31595
29532
26257
32815
12623
37467
18504
29059
29162
17643
12281
29208
28882
26002
23527
26005
14459
31471
25195
25754
22712
27265
27406
28757
31433
24245
26465
17334
28024
36394
46825
24841
36632
17237
13268
29090
38646
23488
38753
32686
15301
23551
14226
16261
17003
30774
19841
25684
32119
30120
15261
61971
48387
27586
29735
33962
31325
10510
26715
32540
24804
14683
26473
20606
20592
29056
28189
21424
25680
14450
33374
27178
31782
29222
27714
26938
12883
26015
15472
33983
23330
14240
15232
45968
38451
20046
29222
31794
52708
29060
30937
26148
43848
19887
17628
13558
24932
35698
27167
15251
35039
28072
25202
30473
14649
46424
28739
24451
29124
16404
25734
14215
13369
10941
25308
16712
40939
23217
29123
24314
16801
28513
26444
37741
27094
33654
26551
14176
29227
19690
31106
16005
29437
36862
21445
32474
32447
24941
29753
15990
29090
17897
30079
31803
66003
16197
38215
24526
14230
31680
63644
25575
15256
31366
27087
18333
22277
17073
28218
124746
15544
29679
40258
22880
23998
14513
35329
27338
27704
18814
24364
15848
24149
22789
24065
28834
39735
16582
25904
22416
28125
23461
29557
35934
16157
17060
26889
31419
18473
28928
32601
40002
27926
25677
27714
31938
42323
15976
27921
15570
27647
22276
31124
35532
26878
30524
28557
27611
16071
28340
15258
18494
32323
30233
24877
46189
29621
28261
21016
22565
16841
19834
52287
18939
33009
30548
23806
28093
27163
8282
23647
20798
14321
35003
13398
20006
26365
21193
28628
28396
32682
17903
30869
18779
13421
14847
25312
16752
32347
24012
31045
23186
25417
32798
28531
40559
32385
16591
24741
15783
35793
55506
22215
33107
25003
21494
14475
14161
25334
32400
19589
32768
21965
33390
34143
15878
16849
31265
25430
30307
13133
32481
28070
48544
33134
14052
50040
18550
31314
27198
32906
31149
22767
10376
29956
12578
19476
30888
36230
29081
28750
17227
18745
29028
33862
58543
39807
32700
15167
16044
44041
28425
31322
16009
22493
18605
28800
25492
24506
17434
21567
29990
27069
28782
24134
27929
39119
68743
40347
33420
28598
25597
17343
28595
27173
45176
13135
33096
29745
14581
13492
27437
18778
30793
28514
202439
12675
32288
19705
28751
26164
16688
29889
27019
27786
15828
24137
26771
54995
15893
14707
14292
10076
20333
31175
18503
22767
13633
38241
30821
23590
10519
22448
30292
14150
32590
21798
26493
32066
14044
29055
29108
27406
30512
32237
26441
13678
26929
38774
30948
31264
15213
31041
12685
29421
16201
33019
31664
33863
30441
26070
32326
16415
35101
14259
16146
15629
9606
31120
42599
28985
15042
18854
19647
10682
29230
56288
16654
15060
32019
22238
27070
93564
19413
24119
32193
33233
40031
23796
26087
30011
33437
20807
32529
26454
16694
27370
26169
43152
30068
43751
25403
27996
26335
28165
13529
24702
43044
14891
15254
14049
53006
27855
25150
24824
27503
39597
33637
10222
13455
15014
13499
25106
27787
19275
13967
38347
26994
30918
24472
26703
13935
28750
42950
32016
29250
39133
22408
25427
47044
23669
21466
13897
28959
41555
16324
38141
32528
26524
30661
9289
15590
17173
22258
17839
24215
31279
28290
24042
27780
36067
31351
16151
34303
11150
29622
15565
28329
23744
27841
14382
24758
26825
22789
30529
29531
14217
20675
25020
17424
30660
27308
14676
22205
29188
16100
27648
30802
27881
24889
13969
58824
31036
31420
30590
28259
27764
21554
25241
31124
22924
20978
13424
28315
23649
24742
31873
29261
14793
14392
22714
27102
31909
33152
19980
27866
29453
29248
28080
32989
118583
28288
29193
50150
28586
16433
37371
32436
28738
30719
43095
25873
28663
31239
47472
19828
25848
15804
25513
21796
29592
21533
42959
25766
28670
28009
16833
44342
30917
448906
29137
12927
17893
20080
27838
15568
42458
24699
23064
16912
20046
31671
25892
12903
23723
10324
11502
28164
26297
28449
29244
32958
29147
22675
23837
24481
29327
22910
26503
21823
25477
16815
10591
26101
10308
16758
33547
26992
26168
23391
13116
12913
15814
31357
12880
27308
19940
14600
28123
30606
23274
30342
14936
25055
27825
16038
42273
19876
29092
20032
19993
46969
29394
22525
28309
24554
28299
23770
61323
28907
32452
30157
30317
35826
32131
29409
22584
14647
17141
16299
31110
30956
60090
26113
26445
27253
50724
15734
18111
41304
34655
23557
14274
38275
36602
36579
14204
15077
27338
31789
27002
32121
26302
40118
28319
17355
52623
36423
59360
28454
16725
26844
29097
15840
25494
13184
25858
30125
13651
19624
36508
30506
21181
26124
31667
32061
26992
29269
24719
20193
34803
23332
28154
20032
28808
10372
31225
8336
19011
125487
27326
31434
11638
45232
15729
30106
34395
26335
15918
15923
12915
10912
32970
30923
13038
15978
35362
18144
60770
29021
32261
22522
21000
12739
30342
42374
23670
34119
26256
16466
56805
28004
43401
37177
16979
29944
26329
30955
18190
24754
17715
34448
23427
24792
13750
41272
17615
34324
24733
27642
14636
34107
31789
36269
31039
14330
17489
11287
23573
33293
31116
12222
20806
35036
13067
16952
15357
18838
27199
12087
30064
14934
32258
16587
16193
32705
20316
19255
25968
31132
32547
31370
32413
42818
32760
14703
29236
17149
30365
33478
14129
18806
26368
14687
32120
11074
15105
15182
31390
25117
14868
45942
29904
23067
453732
32243
48044
49964
37486
25043
17945
13661
14475
16781
45900
31115
60257
55858
33901
14106
18869
19113
32601
16729
19888
15772
26639
18301
40422
72011
28742
12890
15897
18302
40416
27390
90679
27056
20503
22440
46000
45304
39306
23270
23646
16898
22073
39417
16481
18967
18793
18887
26049
29640
25312
28981
56624
27954
29185
25612
50638
25817
24133
29873
17311
35371
26132
24448
21536
37821
59219
35348
21707
47330
30108
18366
35889
37622
14702
24966
27214
24461
32798
16776
27154
17242
15647
23634
22610
27247
26602
37825
32647
22238
27434
29565
31085
21618
30322
17163
23023
16562
29671
37784
26349
17831
26317
20039
35127
28749
31459
15574
26812
16976
24800
39292
14300
23233
21853
23768
32167
28192
25999
20279
30087
27676
30690
21783
28817
30394
22426
15841
30673
24656
30666
16755
31843
32657
15581
26034
37759
15427
47596
24330
26392
24739
27700
22374
27055
28168
51526
23747
33170
27040
24425
49979
29340
24660
18228
43141
29607
33887
29426
30930
27746
35791
27392
179828
17539
32386
38624
14571
30618
16099
27355
26880
31480
27744
24023
30648
32822
21156
23401
27796
12519
16700
27057
38610
22286
22853
26695
35109
10737
16707
147651
16492
29762
39130
27544
28700
25869
15445
41245
42387
16097
24057
30521
29867
31126
15013
27579
36883
25384
32000
28607
12974
27734
34100
29164
28072
49971
15869
14254
20838
23633
21834
15256
30957
34585
15643
48116
25975
30178
29595
19249
35059
44174
15509
17088
27684
17306
17785
18703
55649
129309
12792
36624
22291
30100
33292
25968
14060
25323
33300
24472
29034
18138
47790
28176
34009
26951
27342
23866
18095
46417
15108
20666
25494
26605
23824
28710
23875
43783
46572
40973
26369
29919
30768
33132
21769
24920
28777
27907
26186
31207
20869
31640
28166
19889
25459
24286
23159
24799
25136
32670
29670
36105
17278
31201
31073
28612
22383
44485
14969
12804
34273
50287
13410
38763
26404
29674
46445
30277
30861
10971
15230
11379
11500
27714
17048
27048
24885
25141
23255
17385
16205
22029
25936
44615
30266
24430
17341
36877
23601
23969
22314
32021
46225
17503
22106
29819
30034
49139
17074
12834
9393
26425
34416
27221
24927
15807
19642
30421
26174
20886
34561
29138
18913
23129
16108
24505
28666
20485
26567
31892
24705
23217
39382
23068
25593
26710
18126
31270
22569
24848
16826
18074
14721
25330
20336
28324
26633
21182
29195
15049
24055
14824
26975
42419
16124
21738
36474
22617
27196
23094
15584
32017
17288
35136
9347
28372
26619
37130
16573
92028
21890
48985
30462
12965
28688
16949
12459
18383
18616
26130
55569
14525
28232
16114
26446
17863
14125
50200
36332
27119
14724
18544
64590
32571
16930
21482
33123
15586
35677
19067
35379
42123
29216
55947
14228
35720
28957
20288
15209
28311
35665
22789
34079
13537
38335
30944
35149
27812
23564
29379
29154
22921
35338
26268
58251
24810
35048
33443
29956
15538
31755
30010
32048
27825
37756
29496
9727
15386
24312
16370
36168
36205
36805
31623
30100
9214
14560
20787
19314
22952
17977
27598
27800
16585
25803
27049
25414
31501
15908
30952
30837
25705
39210
21472
32876
40295
11054
35251
26844
14835
11844
23875
27080
27496
60956
26515
29205
12233
22395
31134
18306
47242
27739
9574
30774
23262
28543
21612
36390
23060
14212
25302
24476
24060
27082
28365
27491
16307
25490
23032
28555
21910
22901
27633
28494
29643
33861
44067
35754
35896
46319
30982
35533
30775
25798
26603
32821
30224
34166
48275
29596
31675
42965
25337
25524
12128
28193
22327
17845
13523
13526
24566
30074
29392
24267
29561
31031
26188
33296
15824
16713
22654
22571
31828
30616
9578
29839
23802
28047
32690
33021
33661
27742
28614
34029
29595
24659
23654
22654
28704
12303
31334
21468
28056
16151
35565
13423
18491
19510
24315
34410
28908
11876
19608
39825
26085
31994
30249
25715
28141
28912
52582
24128
26855
14221
13703
36703
47055
51454
29155
15763
14876
21002
18940
38419
24411
34885
29514
14401
57511
20976
17914
20481
30955
30770
33453
10728
32054
29935
26773
21251
26367
24781
24024
29606
37413
14152
23060
23551
24200
27707
13719
21276
26389
56415
31770
17656
32270
28193
31467
12545
22845
27166
34565
29185
27251
28100
29365
58994
40392
68296
26654
15576
30614
24030
26280
30875
17063
23401
34943
34549
28555
19838
31264
32600
12887
22966
15099
31737
24253
13619
52659
25865
37628
24888
18169
30286
30090
28138
34962
26633
48281
17153
26919
26106
26988
34842
26592
21351
29472
30703
16963
32341
20845
16876
31622
25584
34059
15380
28537
26558
41967
23876
30013
18351
30033
37282
23477
21126
20351
17046
25962
32855
21808
16192
31613
29951
32029
33020
34778
32320
28245
29919
9337
39210
14390
30953
25721
15831
29335
11077
29337
25029
35898
45256
24336
45188
26635
25403
14630
26235
19098
31787
23772
32283
28699
17405
57794
17523
31169
33597
30910
34572
23279
25860
35856
29965
33120
16751
13212
37498
22370
15377
27434
13965
23490
29454
16841
26900
32503
19283
13277
26705
27520
9283
33235
16181
15929
12321
20614
13951
31352
26948
77869
40917
30375
29970
16652
25018
39985
34244
42568
23107
34615
34112
26524
41757
15735
29540
15493
17573
27014
31428
18364
19127
26475
31173
18941
18354
28602
34522
28329
32966
35563
15448
46195
48073
31535
33362
25443
15281
28379
24080
29673
12960
14256
10867
14814
15164
9345
18497
26462
34937
31544
33068
69212
26073
35722
36692
40995
16810
29604
11505
29777
14180
28015
32134
18790
16792
17664
12897
31968
30820
31534
25639
17995
35004
30386
40967
43293
13299
37212
31865
70278
29473
28147
18412
14336
34914
32112
12568
17416
20587
29235
12357
22469
20287
16350
9743
22031
15425
12850
12863
28783
29721
31073
25918
27068
31850
13897
17305
30835
30191
30157
17513
23096
23423
13391
32418
16714
36958
21471
28864
25777
28178
30372
15903
19611
16305
26728
42181
17861
35370
34126
15138
17122
16486
16803
29885
46731
15737
18873
322905
16960
15480
38253
19652
33774
14374
15388
24358
13696
15992
25610
19488
19293
14067
14376
15380
13453
17044
19169
18492
30901
16432
12561
14062
62564
17572
14981
15358
52487
47696
43767
17551
17914
16079
14938
15979
12704
16192
17625
16992
30789
35725
14689
11263
13305
13892
25042
13715
19258
23564
29822
13468
18667
13347
31394
30578
15039
13692
26197
14054
13317
13030
29606
20055
15606
22004
35692
11949
19515
13413
10854
398659
14216
18213
80152
12981
13607
21372
14115
27203
13231
17305
24666
18018
9774
12054
30000
22909
34498
16499
15541
18052
13333
30172
15864
13099
35436
15407
39754
17382
30130
12954
30761
31646
13012
15000
10213
30631
29201
23159
29985
16996
16045
16559
14830
19576
26783
39902
13122
18837
13186
16104
27854
36831
31534
14639
13089
16810
17679
12464
10238
30256
26385
13911
16467
38121
14590
18345
29285
16581
472702
16245
12056
12843
13975
32950
29931
17765
13780
21087
32731
18373
29448
10888
19730
18218
19711
14687
18556
22505
13855
35240
16458
18735
11233
13083
13942
19143
16200
37720
23632
16607
20756
28352
15268
13440
31021
41515
15586
15278
38114
27669
14956
28229
31959
16890
10549
38380
16064
14613
36759
32087
31412
42159
18113
13661
37818
14244
14182
22711
16849
13299
17933
11826
12384
14254
12551
16474
36763
28708
15867
14035
26340
12411
13547
17487
16823
14413
14465
14698
14016
14051
12784
17823
14715
15118
31291
12530
13472
13186
30023
14286
12247
13547
12262
30208
16178
24036
15401
12447
35871
13869
30903
31531
16567
22197
15479
16076
22611
10476
14476
15235
14223
29385
35411
17134
28601
14044
17236
15215
9465
12305
25554
13935
15226
29147
16320
46996
29453
14978
19581
34942
15620
12598
33259
32736
11411
16242
37801
13324
14177
12395
12715
71106
8864
15217
12724
49446
32938
14424
12504
14587
46349
14244
14786
23205
17011
14811
10491
30683
17011
12449
12911
16167
13979
17409
14779
9087
14362
13374
13401
21059
15962
15360
32390
14146
49859
16699
13871
14761
30455
34906
15818
28109
29264
13873
36339
11486
33730
36690
13192
15213
31800
14076
13457
15147
27315
20799
17185
13248
17968
31846
18978
13346
29882
21578
17221
42294
29790
23746
17129
16123
30472
27198
13945
13309
13843
26285
13476
13862
16876
29285
29073
18839
37851
30162
15957
22218
15998
26267
14254
19725
14291
31376
34069
24208
13479
13680
14553
17921
14369
15393
31018
13658
30902
16084
49659
14188
22537
14742
18658
13993
33837
28061
17922
19844
36675
29388
33838
19811
39374
26089
32433
23755
13496
41128
11578
13066
39413
44444
18014
35085
16347
17890
14887
22832
32991
34618
28195
45922
32104
15665
26006
35099
13366
16332
37312
29379
21498
13339
15433
19415
12656
21680
14608
15095
39947
29358
24168
13141
15719
12894
23314
14801
17798
14313
20526
15751
21216
25076
30620
18310
46026
15516
18979
33914
29210
16654
15837
12034
29858
33988
13806
16154
14263
17320
38330
40811
18902
10564
14456
33000
29393
13577
13646
30857
17096
22865
13997
37396
11942
27065
22000
27811
72867
17611
15976
15595
30633
30420
10293
15792
36617
9142
12211
44415
24259
17455
19683
10259
34845
28921
29142
13237
14983
15892
16554
15478
17551
10849
131864
32992
35021
16232
27740
16402
11528
30138
39319
32424
12655
15845
40267
29084
24348
13341
28740
14223
12121
17254
31958
39046
11965
32273
30486
14654
17606
17767
13359
26663
14372
25837
39664
20735
9454
31886
28045
38813
12873
17711
38866
17960
24512
17034
27709
16255
15657
51901
25481
63311
9386
27613
25962
32853
23399
16084
30506
32266
43529
28578
34804
13226
34074
46576
19739
14003
31838
12391
17067
30291
15474
22087
48349
16752
20237
9146
11482
15496
26369
32705
17595
17898
14713
27137
15600
29031
16166
20728
16732
15276
14080
35371
33088
10802
20816
16779
14406
25984
12408
37689
18941
13002
11558
14388
15138
34746
22366
15851
31188
24186
28687
14936
14584
13876
12642
23491
15858
31453
12771
13646
23134
14334
16823
43173
9866
15330
30360
12557
34475
59569
29280
14604
13297
19772
18300
32833
14350
30463
12246
14863
14767
23946
15618
36974
17073
10572
44201
13953
32085
13995
16411
16214
29870
18635
25500
9570
10741
16122
28728
27638
18299
15477
23217
12186
29359
24904
17611
29782
44719
16451
15640
9393
14924
19049
10392
19593
11895
13216
13603
25057
25479
25802
32619
11905
15306
17597
31810
16061
14151
23188
14380
12030
16993
15649
25621
16287
14674
24051
30223
33370
24228
32577
16821
32308
33869
13502
57661
25387
14957
47124
26356
25812
17880
20320
27051
29862
19151
13235
19494
14297
18575
17778
15453
27980
11958
14467
14076
12418
31662
30881
14882
17366
29241
14850
24513
14346
12130
26735
47661
17187
15578
11612
16774
10716
34414
44674
42641
14388
15171
18875
35386
33452
14793
16310
29820
15232
13439
16769
24758
18608
18421
29285
13321
27296
34937
14323
14092
32252
16173
15045
24751
28514
29467
15966
15500
18655
20023
14144
31452
37033
15978
14747
16845
24265
14209
51075
13021
25318
17424
31242
49701
16962
12362
13029
37157
13918
13878
45632
14809
14291
36324
17861
14084
28515
15739
33820
14267
17830
16058
31418
17058
16537
18389
40092
15524
23995
15555
18081
8972
14402
12927
32116
27921
14793
23093
13681
12440
16610
14873
68022
10848
16520
43889
17255
13812
17139
14161
34028
20732
37503
146391
15623
34994
14022
29932
16729
30943
18208
31625
16408
17690
11714
13995
31828
17174
29312
31807
22795
27775
46916
14432
10752
43334
35443
35639
23974
34172
15638
26176
34021
20207
22378
249605
19481
20636
17203
27757
18014
10708
15865
27560
39563
31578
15006
37946
173578
27202
32070
26930
25543
19220
16314
14114
16038
15706
16626
15956
20210
36551
27729
10668
14665
174320
40693
27453
28187
27060
29061
28910
27834
33393
29586
20662
15616
387832
28301
27021
13701
16739
13955
40616
31859
13546
27542
370617
18102
42298
37344
29509
16863
11279
31227
37845
14147
26758
18136
29858
16257
29646
27371
15093
29638
14804
10628
20114
37474
12712
28130
27500
13795
30953
12712
30254
28733
24854
25819
26325
33342
22861
28630
30514
19733
14703
38139
27355
20183
28277
16470
26041
62639
34860
14955
37012
34513
14392
38302
44925
22056
26030
15820
28038
28325
28907
20771
18458
25114
28399
25101
25980
35774
135113
73162
22590
27729
16885
33847
30144
50746
27985
16760
29407
25827
16685
27903
12139
23697
29758
28000
31766
15749
29914
31786
29463
26082
36308
32004
33384
21774
26466
29750
26066
40954
32564
38500
42272
23928
31127
22007
32143
28224
33952
20075
15714
49755
14104
25325
31317
29252
30905
33473
29530
29378
25627
17412
13433
33625
13812
27504
29223
13759
49189
45969
14553
15446
38036
28033
29109
25205
32650
14816
42415
22371
30588
43873
27748
27401
32839
98179
32854
52674
29011
17568
16701
38649
33181
26044
16291
52482
24320
25709
28267
57800
48513
29292
28056
39089
37648
20369
17812
32570
29894
48391
32870
34684
13466
26291
24691
25075
19392
24354
30495
11670
23790
37259
16594
22136
27416
27194
24303
21983
33421
25374
19204
26913
25232
25436
29688
23607
29572
26142
31505
32720
22426
22629
14007
25245
40452
28439
29875
36084
28262
28616
66275
32517
24187
31147
31543
28672
27623
29986
21463
21209
26572
29072
62530
24372
28664
41545
32003
26303
30381
17523
37166
20463
45157
21165
33869
19905
33574
14768
43795
49100
15594
28624
23725
24897
26948
30286
32954
15328
13552
25568
69791
15205
43803
26573
19726
27635
38250
16037
36803
32576
9422
31994
28649
21621
32282
41925
24542
28006
30403
16610
27404
31999
23321
43315
14665
29179
24948
33301
25497
40045
29920
17245
26082
18719
13577
26574
15664
27686
37862
27928
18705
21780
27113
20888
17202
33451
31747
34204
25284
33503
30291
17936
60346
16157
24307
37201
23489
29308
29981
14739
32166
28723
30154
27424
24866
28717
51798
223062
22439
78049
18752
14166
42205
18703
30938
38298
30796
32848
35773
24511
31607
28316
32945
30539
31497
17853
25234
30053
24880
33506
58244
39627
54642
28024
35169
28978
25539
34680
29687
65199
33679
35446
16587
31284
31198
22856
26975
48930
61337
16820
15746
35722
27290
34260
35880
35206
16061
33512
28065
36994
32564
24068
33092
24760
24586
15443
30496
32720
13962
25593
23112
38632
16131
13041
24965
36322
25314
22737
32650
31606
13079
29220
20474
26070
54507
28766
32339
40976
9819
29921
38856
9734
14891
15178
36325
53466
25827
31704
31564
17894
29491
29594
22969
44326
31909
18863
20481
33725
36417
16654
27254
18345
27136
16065
21337
34846
30632
15729
29111
17875
46600
49788
23857
26484
41361
31052
28605
29653
25381
31744
26473
17648
13117
40786
28834
31886
23866
27593
27390
29162
23042
555632
17691
23282
20916
30774
29415
17951
32925
13153
42789
14044
13563
25856
19845
36020
33447
29891
21819
13189
33018
32150
27414
15139
52451
64422
26444
18362
15098
16126
32572
37872
34518
27912
31393
67515
29698
26758
17130
26855
24838
13654
31199
17636
18628
42569
14209
34879
17997
14883
30271
38764
33143
36559
34110
29331
32711
44480
22445
75457
59858
35644
16300
17267
14385
32283
27130
11846
30021
19924
17719
25148
30288
47664
13511
16816
35078
19854
36796
46826
17192
40689
15283
24438
35807
15751
18554
45831
31562
28484
35028
52258
18465
20509
18239
16304
14273
17104
16459
18951
29724
18155
292071
33216
16152
29583
14645
21735
29093
29372
26859
19692
87314
30900
31508
38135
32051
30770
11086
15283
23860
41340
47810
15793
26904
52138
18118
23695
15377
13216
20398
43666
20260
68085
29722
17278
21920
17570
26426
13972
16643
33077
37339
30796
14814
27140
26939
23987
24813
20063
52608
27264
52813
15770
53468
26894
26903
26155
19645
38031
38643
46673
22122
52762
39045
30138
20881
52765
63384
33596
27211
52648
46833
25955
24294
49807
34970
40091
42854
34920
24332
25915
30215
50206
32910
34505
28660
23874
43251
17805
31436
40939
29958
41877
18723
43404
34559
83324
27021
23533
46072
28059
113624
24546
30353
50155
37600
25113
39369
32565
33041
38759
30754
24551
32724
24860
25573
32872
16664
32579
32308
30887
24358
40421
117381
49602
24886
15072
23135
36110
25662
44028
16695
22541
30461
31887
25522
23297
29913
25334
26981
29960
31953
24637
27950
24330
31013
15892
10277
42479
18260
25709
29829
20045
33807
30221
25499
24196
25076
30461
37846
21591
10045
29725
30418
24602
25504
22229
26011
22682
27920
23808
31026
25208
24035
25243
35198
27673
29286
27671
18136
32669
29685
28814
27481
43661
27807
21780
33803
29528
31370
24477
23377
36512
33003
17240
15236
24967
14153
49342
18286
35098
33682
32260
22803
23350
32386
37410
23455
24988
28749
33472
24926
24707
23572
35146
27063
16923
14629
34637
28808
25619
33502
28867
28053
30517
24452
29747
15101
24215
24139
47601
32995
29892
26714
42243
30621
36310
25622
24169
15332
28575
32808
24240
28577
28892
46866
33185
28358
27592
27041
26868
28672
38656
30491
11990
31004
28830
17111
