115312
202221
260814
149624
201348
150472
201521
199636
158324
156237
334810
169542
168963
159716
169186
268151
168398
166094
172866
183691
163211
163319
163971
172863
155825
171238
188611
155410
171354
172392
210837
233711
168720
160751
111488
150205
154671
180213
149295
149763
144294
173081
143708
297866
138325
189649
501707
163334
199820
163889
183531
168793
172913
178786
157954
121747
185033
160695
162031
169755
148856
158225
161931
191811
174983
137206
149327
243358
144183
177782
181565
168267
164894
174294
181965
156072
149304
155176
172943
174530
354433
196662
204743
259897
166460
160363
170929
186668
237940
226679
297741
231109
138074
154953
213021
123075
244655
178508
152700
169665
269816
178543
157640
195853
212503
210434
160307
207241
174055
127754
177188
161660
196258
174611
186405
174502
110767
177326
196897
180629
180687
151427
133107
174950
173104
181853
159947
159448
104443
168591
188686
177659
174948
162908
194202
149222
442704
174070
157230
192960
173468
183632
217385
212802
161653
187802
165963
205019
159898
130992
171924
163835
164926
166598
145955
118957
154674
176655
444635
143213
166597
186644
121944
249295
155357
161664
180704
177310
147413
153011
164578
192717
155756
278027
167145
204029
186818
154182
163149
174501
223108
193525
143630
148646
150038
443906
148083
107422
135613
169473
192538
203876
173244
129936
156964
151158
168240
165548
176443
307680
173859
179086
178022
166884
141334
182272
164363
178139
164424
200514
183339
173792
181381
154936
247877
250111
176313
163614
131238
170226
187721
182645
154472
159369
189662
166446
159227
137100
164183
161646
108734
145965
212080
238769
215128
219450
112732
166414
217104
157754
258895
172560
230415
196191
213844
182838
192838
117820
167234
412111
203715
195446
173650
189454
354350
166867
239912
183408
143284
194672
180332
177338
136618
153704
136254
163053
233465
155717
215332
169053
303484
173559
157215
179504
187431
146256
146223
171424
132132
147367
122569
180789
183805
148418
164680
201065
409214
203577
172772
165260
165747
162731
180417
181335
114127
172540
161223
193074
166988
164283
198686
155907
158465
204904
210782
151663
209152
172957
160717
174017
133138
155069
174985
163884
213180
204715
174109
180386
164258
141066
301074
168135
112444
162053
175011
118180
268199
149007
158799
168132
166466
166570
168789
168064
182970
199985
289964
190025
169988
177424
157104
209593
166230
218297
214081
138593
163614
241057
106004
180001
157195
160060
192848
153167
119261
174475
155301
205850
188391
162946
171843
202405
161287
163674
165796
176374
217013
158143
151583
204974
181480
151582
226547
161432
198230
168793
225269
150926
157810
187260
200179
166295
201962
166973
125173
186281
129755
142299
208416
187472
159657
281203
145207
150493
180881
166461
191442
156555
188767
156690
164134
164272
206463
155908
178485
158897
196323
163728
225416
187954
182139
339419
226312
147638
175312
163348
214468
167931
195377
149282
193731
167651
165834
175820
176550
147220
172681
172780
176370
183998
153119
178267
181913
241747
186410
169782
177103
152391
200995
249407
183348
120680
218139
249162
188116
234532
160318
154046
185933
184205
117320
191140
164216
229664
128495
132540
110347
222706
163477
169553
194488
169307
181375
187486
164465
127857
171923
473159
242684
227829
182018
190279
135396
189361
200441
230841
189164
183630
252441
127037
172281
170174
182173
191899
160822
157937
169785
138867
129495
194550
186177
167415
153118
153452
165955
161097
211739
162395
896372
163506
155534
161557
221577
152820
163432
202792
150805
149369
182642
152837
256981
695740
160929
176789
139224
162353
316879
169474
147614
159772
110870
171489
169415
219186
182549
179899
216099
199408
169257
181289
175352
149790
368929
104726
125541
207503
267333
193417
190048
154978
172263
161028
181848
180194
275373
163136
206974
223343
166187
163334
175117
169091
118481
158998
173958
243539
159873
132617
122112
196926
178308
185286
169866
145371
151354
166446
108449
147416
153407
178328
1493169
115125
187800
235380
125129
304604
97965
178431
153802
187010
176810
137165
166704
175707
176364
155306
151775
155151
149839
189474
106311
169813
192728
142971
158621
158874
107133
188727
162041
159933
131742
165627
151036
181678
157154
175889
180769
124253
180461
136851
211373
174829
189736
178296
157949
144850
189019
191179
158715
153433
139899
180158
204905
145536
135053
165938
153441
183503
171525
148846
119172
133254
156305
147173
121882
253134
169247
126604
150665
167340
194282
219335
166949
134262
162071
165829
203881
193647
120739
165202
447340
123216
148674
148605
99967
146013
116700
172674
142522
118944
203833
156085
199511
207883
118624
116979
150682
169977
216016
161397
130180
154337
207925
197331
1020314
159111
121712
542688
180754
262124
126399
391950
165981
210195
194571
152735
183746
199075
115739
192468
207284
180153
153316
161138
152108
176239
168111
115983
165776
225651
197654
307882
116852
159558
131131
307143
158932
120078
159717
169010
131608
153497
146748
153468
174297
226027
262085
150526
229150
146124
148254
132471
163014
348609
164340
170617
121363
176903
151243
146744
142743
149863
258099
158806
152710
158815
150198
184887
153334
209656
135920
174892
175371
158096
173525
354209
128257
148767
136233
176536
199561
187869
192595
232274
138806
138139
151360
176848
231329
127802
127048
183421
196147
263715
180221
207302
171051
173732
185451
194529
217757
158107
150763
147384
127858
127029
161085
149560
149629
112783
148978
250806
158862
130916
155270
196125
125786
191264
128648
148258
166504
106247
166655
104735
122361
158047
187984
177359
122977
156571
156650
174903
146156
161036
185943
275912
140575
121103
204488
107932
152037
159824
97212
130500
163473
97496
184329
156684
212648
160683
145522
180874
171093
173165
169612
263619
341179
159764
187269
112394
176757
163235
171353
164436
178814
115014
142262
117532
144020
154647
130641
183119
162597
199671
120771
141270
109369
191408
173614
214521
161916
124978
172266
166316
364184
175184
216031
183090
164435
204059
184965
397063
161125
160274
189786
183414
179457
158511
252218
158722
124673
155394
263801
348359
184498
212018
119662
181252
165420
167541
262938
166403
203942
170830
118089
221638
165389
171064
169938
197229
145127
173588
177219
176496
207488
151776
191173
145577
117197
259594
157636
195653
158416
161879
110944
142219
114446
165379
174373
168286
669220
109803
211057
161260
215328
156349
126234
143862
141002
154326
303051
184523
188710
174738
121598
203239
134558
162925
171261
135857
170260
162429
182762
145234
320526
195323
194017
134043
277072
155175
148555
163980
231159
208397
148956
149815
160854
153725
165078
150245
138862
144001
152154
151831
124996
157126
264348
163498
214953
207193
131852
167141
145260
150899
141498
158821
100942
151196
131191
135206
180349
153051
135504
188198
130269
104441
175045
156552
184595
179532
194851
213412
146337
152477
153963
161214
137480
157153
243306
195095
233108
250690
162681
149907
220039
142391
114629
179110
138432
175601
312158
167895
164146
185247
146739
121232
172496
298199
196766
162859
155151
197357
121613
174874
157332
183917
122000
116163
129148
167932
100919
190951
179914
531843
194477
106733
142763
199559
142049
178800
181225
121428
169228
147939
203001
171996
163049
157901
133823
157743
305057
195128
200585
153689
192372
227401
178878
100049
153027
184705
188204
185155
177684
160285
155328
188141
163822
135439
128466
117539
154127
151499
331506
171611
153053
153613
154782
158398
139399
173810
173649
130557
128050
184638
161570
149766
99667
182349
136352
198310
146342
149571
162073
170495
129400
154910
208523
168496
134086
117933
162427
163211
193591
214829
183645
118406
102274
150764
105749
125785
177347
173084
220715
100953
202045
148183
196749
143452
225981
250520
196461
102709
170658
165037
186946
120605
95090
146541
202639
200008
186269
149965
182027
195887
154022
107995
110795
167493
134099
203563
112986
153858
161264
161558
116305
175067
157925
206725
160346
127709
147052
167619
164258
186921
188893
152930
123579
171950
130446
243455
144795
199646
170741
161019
144157
280440
177529
158707
471877
181475
168620
193193
165663
153006
110994
155580
147573
165670
160871
198159
154770
130868
157825
285838
2218607
120298
142820
166565
132019
154721
126443
162884
112998
172741
150367
211386
159679
153744
165739
206058
141374
112449
129353
289831
118510
163999
91229
122157
131907
143883
192375
143747
165666
116123
135538
108658
140149
165028
120716
144957
246448
142558
143219
149078
102134
171348
149946
119486
178898
169793
156113
156800
153529
181921
125804
122558
160519
109106
120303
211383
184773
153716
292255
169667
165035
160912
146011
178116
176740
196354
185082
155220
127276
113097
169445
122913
187768
179315
163455
158822
160076
145490
268746
145731
223709
153720
195342
224323
154983
121543
200602
175502
165723
172231
225998
182315
153370
151282
108754
153279
150089
175428
169130
155748
226490
172711
126454
157639
147205
160807
119804
241110
167144
125755
155136
205513
115374
172415
102480
145577
127938
151511
1453142
223065
167247
182424
185689
155296
175325
169165
175209
203224
115531
198559
143009
196260
111023
213853
172448
154338
118950
138747
104417
201622
163632
167466
111422
174633
152303
160373
113139
158033
131961
152299
116732
160681
171364
154688
203237
149807
193467
150129
134825
174762
179407
138161
109335
142079
168318
137117
162271
107271
187918
235219
116227
142980
215261
105772
117654
105070
123556
164628
116058
279943
98788
153467
112602
157883
158318
180412
120355
147045
190674
154272
164966
158338
161024
150121
180499
126760
166654
295922
106181
174228
169323
313335
153889
176855
170884
159231
123064
199233
149578
198316
164780
159466
152224
156801
138597
106099
172623
166507
233201
118877
146155
150133
97348
156331
157687
134204
173683
152313
156165
191616
137218
145358
110043
110638
175346
169482
167038
110547
177358
104766
119420
165488
164365
147807
111847
156758
213641
99141
149992
125196
175909
151342
207730
122174
94889
153807
164138
110607
104729
189218
194911
106298
166228
102587
105569
227398
197092
114730
155169
143679
148111
155297
146424
112898
202430
168523
157650
158948
183497
427342
173218
138030
161494
142350
163331
179874
157255
178850
154604
268670
115672
169170
170416
171932
214060
150529
168978
247744
150594
146925
153788
185639
134709
126596
122445
149961
123010
201254
181715
145048
174038
184950
100007
142554
170853
158050
210309
112070
151137
160680
185565
199361
117367
148999
294327
125229
214154
143995
150040
159527
118549
146719
116080
126270
107450
165284
124127
148572
99263
171060
216279
160591
187332
152572
180420
176222
176384
163896
147771
178006
172746
159017
168611
182197
201478
168659
110489
191640
125117
188788
152504
179495
149573
220140
182177
153621
172562
103941
147746
201800
170190
167743
172238
155308
245601
166781
161208
263116
155330
1604120
157977
184840
141278
148900
171720
235661
169635
240683
126858
122933
193591
165122
144915
201392
155635
179646
130578
116234
135594
177081
183626
150232
100233
145191
115781
181699
127465
125093
106770
354189
238308
152738
152791
136291
151219
165105
161937
354500
163853
305092
182823
131478
160845
141113
197047
183904
156608
180818
160989
156674
140437
361222
132296
201448
189943
178455
208008
116092
172297
177548
120205
149425
274672
185609
149020
129076
134816
147225
194143
169944
187165
152176
221445
166568
210701
183486
164860
171343
113272
148094
141263
157093
112449
179786
207003
149156
104814
152872
148326
157444
196911
136912
157071
113839
185849
338100
170243
180995
195005
174242
157989
198173
239505
171751
183171
236516
218210
143488
164230
165712
182822
113700
149123
108881
222361
117944
166694
144656
121766
105685
97018
200257
126877
201528
109575
143838
164668
184429
173682
214754
214004
124485
219556
130451
117831
146249
152184
119909
146266
171400
149366
160570
180052
161358
157452
157650
104686
166987
164258
164656
377473
172539
172752
172009
135532
168065
245940
146071
172810
153924
206848
112321
110044
205488
186102
153470
185954
151522
126356
213632
152483
186512
163473
114062
140786
109279
158976
99796
160851
100936
147446
199865
177772
163086
168059
162104
122999
130543
147550
236729
182276
142152
157121
153513
131092
166461
105764
178204
183874
106458
166216
115177
178080
156704
173207
172462
111267
128213
189936
197344
147929
168014
162131
160094
120523
163232
145502
180223
154579
198512
164534
120726
140450
222257
163378
173987
115503
193705
151045
165122
126584
152345
129502
159388
110980
187387
234839
133324
165846
170063
179295
223419
113590
160722
166131
155775
163869
151342
146319
149188
179720
151784
129927
163202
143724
319837
172951
130531
198813
251358
108546
210732
155860
166781
172176
163359
193522
210020
169383
156759
165010
99895
111643
161685
137642
147140
172007
165662
158092
161455
98495
132223
126507
142544
142928
180343
155750
145804
174455
156472
157604
133029
143353
146470
102176
134377
111156
148141
111848
170298
102947
154435
167681
144434
156391
205903
222947
160977
179901
158853
156262
158816
148433
155350
159334
164492
158186
147224
151957
105422
168485
150149
178955
158441
146093
155607
165015
159021
128189
101849
196783
161127
171779
161302
142627
168391
111443
165156
142329
183453
119365
103952
165531
137049
201813
167102
204214
119947
159345
130533
139275
141581
205452
129559
157016
100491
169661
166159
167627
109129
221148
213850
126545
282306
177906
102944
110532
205238
188099
114154
109915
171022
167435
172561
159788
172093
114037
169032
146131
214894
184595
170798
151803
168235
167448
100919
123567
169976
170256
182214
164487
167281
174073
175387
189679
194122
257361
364005
151818
172542
134373
151970
219719
201499
123273
167795
167510
160985
117959
147990
168386
170298
150713
177442
178095
163383
153041
170180
167104
225504
121142
168253
170061
156643
171813
237145
147523
157805
156725
128317
111052
178378
98184
181035
152201
177052
200869
255537
142341
165894
177816
158991
115382
112938
122092
162500
217185
157954
111075
165311
174269
200938
115529
184687
124613
163733
123337
111126
184733
113668
142902
166256
173414
158960
158748
119058
198827
162044
173799
170683
112159
148601
119298
189451
158521
173372
95298
105626
110836
204238
859535
158678
109334
175224
157699
160595
125881
159144
123925
172667
145629
183934
174944
224318
180649
117159
136367
156403
193057
188601
176428
162342
198827
160880
166633
172986
152034
159805
157807
117499
138527
127543
108908
166069
274925
179227
142966
172143
158177
150423
173355
172499
109221
148733
186281
123978
226389
128720
159069
154491
134710
166825
137021
184889
214818
231385
204492
100912
169515
154266
135873
160910
147437
156846
154163
600843
162916
146271
117740
145387
135633
147668
190429
163112
128398
162727
172568
151634
139907
179215
177879
120284
151700
106871
157743
157044
126048
155786
167195
111882
167914
97844
195796
166264
190695
175022
153019
105262
142119
128633
161627
129325
144137
127848
167327
193340
157332
159478
139364
157327
145756
163401
156531
221595
166970
168653
103378
153905
116527
135045
121926
155733
120902
148705
175495
181447
154413
129491
209755
159128
155171
142855
179286
239139
242136
173415
118322
189896
167584
244277
155939
139716
127611
145425
161971
149732
140353
152984
147794
154567
162924
2452964
157935
206601
172127
143872
186414
176631
167986
182157
172760
206411
160589
207613
204623
231680
146398
164067
311744
194161
158808
178015
202862
201821
217997
138916
95267
122645
115506
224772
174836
179677
183803
172697
136578
171512
152813
142297
187785
166651
116043
113843
189226
133562
177834
163882
117995
198404
158891
193461
124524
151061
166863
159594
161552
116080
148342
138518
189233
164374
163451
188604
176258
165538
198664
178940
168977
171025
174521
105658
174630
112179
124029
162336
148291
532894
111678
174896
120763
161584
177476
140503
188568
146607
119049
160278
191878
125534
166006
188351
111097
194546
155693
114467
195329
133053
181850
120634
149630
170569
152006
102441
151078
124407
182068
184468
152574
189729
109332
108290
173839
128018
156034
158644
189023
188965
169615
106806
188573
139083
174861
195395
108535
150356
135469
99618
143611
110910
148548
163796
184624
155624
122880
150462
153871
147220
170458
204225
104747
113618
165863
191174
186045
155878
163589
199726
128798
163576
144790
162169
141478
110674
156785
190179
110951
127383
218962
182609
150727
167695
159373
144017
132360
151622
187213
136041
196116
160929
113936
150348
177771
190731
176773
168730
154442
127942
123289
158859
122781
214300
225111
160266
194169
163917
189046
131921
201652
205397
121242
170194
157722
190377
243949
186275
122892
118491
160081
176907
168331
2987777
182758
166627
162277
185029
165226
154354
157674
157020
188587
167612
108042
141838
203199
159398
109705
133529
155630
156023
303983
339608
130525
179311
119245
174530
197546
158295
196593
173759
218178
247324
177539
185124
119885
125286
233686
147022
213794
189305
176866
200411
171268
116027
100534
191088
191493
168929
174812
183929
172943
177077
162798
152676
146703
107632
134890
187968
157724
120488
217390
167486
1014396
150005
181570
166282
155056
117626
156385
153300
118411
169817
162568
156543
197473
206290
165103
152909
177597
172263
161458
167893
113497
201338
180953
155798
155443
128346
171244
189747
295702
198113
124422
194359
150575
207419
187156
162133
274926
187183
189022
159029
195533
319378
154807
163874
227626
166230
296422
196856
191347
210989
220963
257764
118423
212833
169443
199590
171723
111992
172964
161945
461664
243248
166223
190050
187793
153682
166128
171083
161570
167810
129341
156937
185828
200293
215276
149686
161199
147909
178199
171271
153456
169674
175265
178415
172454
173432
213274
114160
157990
125839
161945
135584
172802
117016
158714
252587
179886
228583
170286
174938
185272
183880
112681
172542
118580
142168
180481
153211
148925
188842
139108
149060
99464
152045
204422
185899
172480
177757
295361
183552
136993
171826
165015
158219
125948
158437
185203
143546
226828
178663
154042
164998
203095
209871
166710
174817
141445
133760
167085
180621
158887
160606
180288
155091
138724
347987
142845
175073
186620
179101
184326
142506
110427
135098
243327
230650
152255
167062
157042
284492
145038
114115
150255
204564
192479
163339
147811
150804
253076
201258
171967
189958
179718
112853
132905
164719
215775
181117
196611
172995
197086
194740
272615
158675
409981
163322
168234
167759
151473
191660
171000
222687
169509
132071
148852
231904
173153
155584
201976
174941
319510
161796
126792
157035
165142
268411
142474
158948
217132
173166
144721
168070
119518
214517
114366
174884
170198
168444
159732
181859
178070
156238
97406
186277
160741
116726
194451
120970
180899
195463
186011
163582
170296
260566
190590
275611
136303
184169
149593
160100
158094
194569
174699
207791
201160
157953
181246
188037
174006
171602
167449
157742
191277
184921
173719
203298
153022
254586
110146
172957
178967
447682
174700
155620
235516
168327
151058
154127
178140
212355
165477
172853
159709
157663
207078
162549
171758
134412
271381
171857
189417
160951
168022
176260
241758
184278
191864
199651
189101
169155
154555
150999
176857
150015
174689
142704
158910
108709
207359
182636
178739
120922
158460
179199
127930
167333
357496
699869
204725
178284
352398
169401
184051
105892
99895
308718
117892
151636
210919
252844
178634
148575
118239
167451
174011
171777
155269
202501
197277
162221
181431
109246
173345
167798
178620
156018
151945
151616
148765
150899
139071
126698
174732
268826
206762
131791
180206
166700
277461
167659
172937
135144
119520
190677
174660
443581
214838
159440
157487
183157
123692
152081
119807
167535
168086
177809
187517
167344
125147
150186
264978
135213
114960
177182
157219
160506
158692
194021
856941
229906
113601
205779
135124
152702
254876
193477
147066
205667
163206
180524
199580
154772
169490
172167
169742
234797
110717
159907
131372
143444
109191
196624
117348
155232
158529
131220
190693
173280
143194
139322
196684
134363
133968
156622
120490
168828
152095
157423
137178
131739
132076
180897
119469
141605
122653
130483
135217
162191
119178
140631
121474
153761
155987
163396
154811
134126
146452
165208
148660
141241
270031
1114102
151039
165493
97827
165863
213426
160989
137159
179964
420995
152306
181984
189665
189487
186637
408660
201210
213851
178582
270701
252105
177113
158600
312176
181934
125939
194311
101963
165917
127140
186461
149637
191430
299861
165199
264888
150716
150106
187241
114894
222900
418022
153109
171672
161403
180035
164223
175891
160838
148628
223165
158751
165649
154830
160883
192318
107873
169538
345170
134978
144030
164831
147874
175159
194210
203660
311799
203961
158723
106043
140529
140242
241727
356568
213046
194056
211220
227742
189437
113976
164690
153868
174045
116577
145680
135814
174984
255817
170381
169003
192451
257293
149806
174995
229406
135315
214762
159692
147519
198237
101440
181064
256928
182682
104683
186554
161727
198337
174383
214846
110683
157875
143463
228603
152236
182546
188153
196231
145953
238288
181454
114444
135611
187576
135346
191153
150163
228990
154152
159506
185246
136201
192333
195895
166743
208777
188472
160028
174609
227341
185573
216353
257431
136647
202891
106430
173459
171077
170991
185970
178499
101166
104139
115796
193547
113629
214982
169042
166867
118384
185400
172509
121723
154225
163270
161540
152686
219771
198727
150946
127904
147542
105921
187145
161774
266789
98933
188012
155943
206886
161181
150026
283066
161269
108105
217168
239713
211282
163848
157985
184859
173503
201844
191508
166562
142361
153393
149546
157361
158228
227796
208232
146502
175635
186271
158027
157396
109870
144532
176176
156585
204269
103372
167755
171569
160166
160964
206474
160165
184152
207065
179654
119437
184984
161289
181283
181695
178938
152233
259007
195561
124674
168564
160302
153883
180872
176203
190952
191617
279986
194805
249966
184103
224404
161237
240540
165143
182990
185234
179072
149130
421298
162116
135222
165073
158102
157371
196667
678916
166669
194256
171856
154376
153864
149520
192280
250680
179456
157488
145350
145088
153740
156729
151896
159315
169371
161461
196005
158125
158578
166667
432834
152492
189233
180561
194284
106594
240331
161458
124788
158877
204891
121884
289060
181786
167037
205559
211740
159211
216561
147870
154046
143881
150793
173285
166604
250913
170841
197488
261261
186406
102659
144381
196183
178981
215080
106500
224569
316403
263307
159178
165946
178085
194509
156048
274206
190295
148982
117894
161716
180234
119112
192891
238830
208698
260896
188757
180834
154338
156461
192863
199842
167689
175456
173951
153787
253376
191667
163204
177763
158180
168393
159890
130484
182244
179256
162717
183996
209804
162169
208206
153107
127940
156131
171812
145907
210500
160261
166619
283115
169331
142144
109055
164055
187845
157135
262988
162706
151707
443836
121592
180168
167636
208294
113026
167309
181579
161026
154242
175731
189308
163642
186390
190058
129638
171232
173342
212978
201530
197004
172695
141207
140103
168140
198400
176649
215717
192072
149357
167000
183012
282797
173101
194672
199472
108816
236373
140224
269429
191577
173987
175133
196848
163496
199959
176496
160808
155174
266084
203112
164196
119995
186870
162995
227551
179027
176397
171921
153710
152676
196254
118739
173665
163017
164187
168428
160283
174501
154221
399044
137972
106402
160111
274656
144999
171628
201829
128128
169563
163306
167962
249962
105875
145762
244727
156526
171582
95088
184279
176001
126798
284903
209899
194447
159715
155085
108294
165853
119649
162351
159477
173970
199123
155980
173306
171465
158928
167877
199640
134813
177677
114127
155704
255381
132701
145511
156891
128998
170461
124392
182449
158722
166003
189161
116419
153030
211549
171481
116302
188801
150612
170628
237562
312513
153552
597407
184670
141537
212806
137524
151330
148942
232770
196186
184948
104546
93997
123901
185074
164073
145595
155075
193458
149896
119307
217101
183997
193587
108380
97957
167125
117463
185303
119916
145492
201432
144972
293526
145443
112005
148894
135399
218163
169170
122487
165862
157153
148716
149499
147293
155249
184882
164514
127017
137278
126735
280108
189977
186329
106443
99506
187128
117489
176442
173348
151191
140647
157022
163982
154685
166356
137616
151848
160549
189634
159961
184464
149043
154242
130505
133505
162019
141477
153156
135536
174173
220525
162498
248056
162953
114209
153175
161514
147657
155614
104835
154448
159834
192585
153440
171224
184654
119032
198398
146669
156804
204137
213371
172922
179214
160824
200451
189096
347334
148888
149193
166593
159156
151014
196508
155686
237944
142282
175239
157371
195081
102268
153854
174806
127432
192651
152272
160643
341847
150967
168846
303499
166222
153702
192540
147601
171765
229451
204635
143072
151124
146297
192309
144936
227605
158847
191480
194035
226151
145418
189131
177328
165627
132961
151432
173355
152981
168588
171511
156584
95397
242066
186002
372115
199563
171854
163166
179487
136220
182910
157586
160502
145627
169064
144875
148699
163581
158860
152838
144713
151873
152002
267237
139674
192685
168718
304753
161408
127932
182123
145043
156008
156927
162522
172865
123357
130398
146276
201362
166519
151824
168213
171825
93244
99546
183363
105225
175397
129569
184443
150293
120604
185483
164320
149176
164710
192620
169997
186165
246721
131265
110291
93030
194121
270699
157862
135575
118616
162543
155953
124904
112468
203551
165885
168997
154950
127476
165991
116123
149507
213450
177978
142587
127822
152980
167383
169714
165854
143808
135877
185456
182729
115519
146909
167315
145188
168164
195306
172914
189559
185842
159082
140854
185779
107647
139988
182164
246531
228033
173876
165602
138175
149356
951473
138550
157595
140195
129829
173392
153074
151429
207285
168626
196668
115394
145451
244035
149226
147821
184116
152389
159808
156272
215277
367932
151071
334022
208773
135240
390504
152469
185613
154190
161739
146489
141759
148661
157937
165698
102318
195540
249101
197631
189657
142934
170363
114886
183856
143013
187589
190629
192515
155393
120770
146575
102870
128933
155353
175652
128308
177287
141930
194223
154901
217479
90062
154912
195428
145231
105180
151059
148331
241927
176270
155755
109272
160707
125311
162335
155683
156935
134927
188833
146118
138077
140939
176042
193719
157825
176391
155113
118099
134906
141963
196809
176312
137104
165501
167446
147903
147284
177650
133595
134394
652423
148618
360420
132194
194679
175587
98661
97397
142445
152220
154081
146330
230914
213722
114993
199507
111855
102630
159953
169913
153681
152375
171078
144910
158790
182453
176171
144856
154628
160498
116204
151368
174465
152456
96105
161326
176171
144408
181049
130387
197664
145031
147767
159865
148424
172385
113839
146325
174298
99570
116450
104415
109784
157443
169448
198703
142596
148561
111638
110394
220885
167013
177593
163986
131253
154385
195090
187532
127927
100442
180737
167296
155299
209756
267264
179103
196567
146027
142680
104534
140881
162032
174615
137499
206898
142903
143718
123364
122295
151971
126790
151215
194779
157117
153132
158278
191154
464370
215808
165707
181207
167539
151363
133830
146904
134875
161872
136082
138095
157257
137700
156534
117230
134936
133885
155068
114725
166244
101315
134904
193071
148198
145520
120756
120601
196591
120805
119273
159769
222436
131072
176831
153568
100743
175013
166974
202768
158498
187051
158733
177323
161056
149452
155601
126032
154683
179305
164715
167842
161702
112997
187608
179651
296067
198629
185567
179471
206147
155549
138216
290319
224410
211519
195214
189195
232862
191885
174604
166465
174015
161080
167849
145531
176495
265922
168383
203222
174058
183682
151236
241428
183124
221995
194502
159515
205599
140892
155139
155129
172382
185734
206994
151779
121450
170843
143988
167554
180858
224348
163858
166567
153574
103180
168808
169696
194053
197596
103328
174547
187450
159786
156991
170100
181785
152262
138873
182623
101532
111605
164325
159605
202069
171179
180175
153563
267139
342535
147336
161976
179621
171289
169129
160226
204204
151623
149011
160747
146825
201458
168343
169510
130729
153230
259214
98199
153476
172991
191721
165461
204587
184363
157864
199958
180498
112174
164898
176294
215310
172422
148795
167586
203318
160067
189627
104468
171717
335369
157414
185424
98481
170046
110462
151506
152625
169420
4399148
206374
284269
183484
132052
152042
129669
122589
129380
124324
150953
159858
130146
144247
147760
268418
173014
153345
140284
155154
160456
1796387
140697
100200
164256
152772
175751
106809
177940
120673
107717
153679
192526
166144
150683
110624
168431
139632
156787
112791
163376
201756
163136
154312
163931
163988
188684
184448
178933
224128
204173
162786
160903
263165
169065
164211
173542
260940
186847
266013
174854
188779
161115
152298
138401
157117
148238
168992
166691
159103
181835
182395
213678
172609
161549
153635
215849
145189
154124
197554
169315
142521
180342
154144
179072
121792
378620
253581
163452
164187
147561
153570
182832
196675
145366
166126
181604
156743
145036
166513
233545
155834
160251
150702
187305
171044
201969
170590
127464
177205
161009
135626
151767
198141
155347
111481
132255
205112
202979
273259
195214
202117
139250
159269
124869
171953
159221
168717
155261
157567
206151
149884
110681
173690
163686
111962
163540
109665
97784
193711
180949
163155
575735
620705
145731
166833
161771
120295
122875
122282
151690
169170
170177
165329
181885
141114
210626
164141
147631
186087
177647
166146
109448
196847
166953
147721
194043
212734
188439
166436
186222
135477
146992
165782
180364
184489
150304
181932
153010
110252
205991
158995
110048
173884
149254
147038
159938
152769
147598
166040
185021
149900
101999
169507
142100
158566
92250
182750
123145
160912
155067
183617
167924
165929
134963
176711
167984
170385
150967
205873
187079
152103
160283
157716
164526
187832
171076
200300
180329
287797
110117
227910
180717
168712
136629
156158
144635
162431
161424
138323
131602
154607
174854
156467
186119
154244
188041
143762
190132
100549
141365
174065
136591
169293
153608
136545
181216
202257
2213441
147649
7265256
117435
186677
156361
109469
159136
151355
151061
161454
178235
184996
195976
279844
146778
165459
168101
158872
200030
167000
146065
168131
138401
181957
210517
156107
165139
166617
214380
136679
164814
298428
183409
103852
138588
194052
175339
280375
152541
166982
154848
165370
189747
159767
156447
184243
147913
149674
168401
165532
157871
206750
160067
161702
193228
212012
162050
197764
160106
159537
210859
180946
157820
161320
164739
164689
185667
152767
197969
226912
189881
172604
160127
165667
153141
221069
155409
162410
245792
157848
261892
157567
189579
112648
169905
121378
163667
163633
130420
166676
159743
196264
168643
105143
157800
171836
143320
178977
200901
117870
129859
178558
160244
100885
159230
201319
142995
165767
124661
159747
135974
1345866
198461
165747
118215
156289
229657
190866
127668
230855
169502
152696
160128
249852
178498
172544
146481
206030
203055
169337
155840
207767
113484
142450
174284
176222
147229
122431
172605
157412
205300
153336
175768
159224
157424
160736
103612
116359
158089
222088
154301
153011
184854
200721
821715
165455
237839
148952
116475
172822
136002
112111
656223
149639
189429
183625
165109
178859
309785
275191
222540
328924
176558
263826
162321
166345
314754
207926
171324
163281
160946
177477
195502
271851
165009
130500
187855
164948
122700
163267
161838
147714
132209
564524
235177
162113
166687
186279
139876
151151
198349
171481
153661
106983
145496
169113
113134
153402
154628
174107
173435
196560
163472
171180
154816
167514
148070
132398
141028
182166
172208
168175
164182
155570
161220
152902
191638
253271
170650
198059
169234
178158
466598
151844
328593
118268
150237
158769
131245
109744
173993
125475
169717
202577
219950
148283
170843
131175
197964
190362
168437
176657
168721
104703
159710
177187
160783
201026
163873
163218
141628
411855
129164
161723
200885
160379
178104
181417
168369
121977
162646
179317
139360
331011
204460
256582
172853
156824
197977
161176
163623
200253
159882
139784
171933
164899
178655
168710
195136
158616
168434
179063
222997
158975
127291
215871
123250
103982
172908
182157
162607
151345
192643
178945
158199
171752
158834
147154
228653
227819
408353
184735
149743
262394
175282
155546
187599
150682
178334
222279
188055
162920
147477
142533
152167
169246
175903
120585
136282
163247
231124
156843
163327
138445
160706
194982
155403
186682
187403
179127
161056
226666
192195
149761
158618
224920
154097
151711
181297
154720
220843
167569
116092
166255
107947
178058
164945
137501
163869
168652
158066
144972
156936
189164
121931
158279
108757
127617
137935
190983
156541
170560
171461
202097
279729
141328
164991
195461
164013
115264
178903
160373
171785
167294
132532
175434
256123
180891
153918
160056
132213
184076
161714
181601
214067
183965
171450
174164
171704
156655
236641
176717
154895
167424
175932
167396
154415
141191
183432
137073
164709
120613
155167
252956
161892
165670
139344
144855
128168
208792
174620
138877
163954
173688
225832
197355
174980
159071
157816
154447
204740
139543
164789
146621
153817
156743
97734
147470
152583
162932
202859
152258
188061
148909
172463
195592
209618
168578
259486
115267
171456
225494
261336
181194
151411
160413
211776
215408
202031
146306
197083
157733
167310
160857
177954
162177
188506
224964
193180
147108
232522
149059
211331
146682
180743
398214
173554
173530
198692
123705
172914
104830
227873
159375
130312
159784
168692
105379
177231
186454
170519
168542
162903
159732
119279
185251
119406
277962
205027
164741
213628
164100
124501
182087
178824
171780
156298
162187
152872
259153
160736
183655
161969
132110
207219
158973
175390
215666
163775
174238
184051
188979
168704
102306
195682
168735
195634
215057
159348
158409
146466
157227
177862
173553
159805
156907
167362
156964
167729
128898
175604
201583
197592
174684
167245
154940
368829
175772
157070
169928
153286
163644
213341
176693
161201
196954
235460
110262
171634
165564
160346
173896
187847
160180
114105
151420
189774
150082
173226
135902
242658
165866
100452
147906
165844
185826
175877
165089
313827
154287
156687
134306
331485
165554
188656
337948
188514
164580
187595
174405
161631
161339
177474
154822
253153
172702
176016
165848
160988
165956
158138
204966
183373
163257
163090
157358
211466
248633
154697
147954
200570
216268
157459
145166
154353
181286
169605
169145
166271
154801
152900
158761
177144
236674
205364
162770
140674
191038
279284
228980
162712
158520
125635
158309
344682
171394
172151
177549
395029
195639
154168
221618
197921
125974
194566
154388
121833
191318
117781
273160
183180
171868
155437
125037
171599
151217
201280
181538
203712
159890
172039
186970
179977
180069
157633
105947
130684
144972
195384
201069
201682
229330
193879
197347
171893
171914
177512
153155
181743
225434
228403
312365
102109
183503
152950
162243
160354
121443
241131
185319
182401
156748
166844
153649
149624
237461
153008
186239
153457
160209
172402
190043
196457
222663
169045
175793
253360
152157
230759
179683
196518
106398
219856
156093
153374
167067
169043
208615
158290
162044
167674
165950
159774
150856
314817
166610
251464
181439
156576
161445
158523
216982
173541
160603
135040
149719
162932
167641
157512
194151
151192
194927
358582
171058
179109
223801
147115
102259
181642
209661
197736
153946
238124
194344
204033
159341
192842
118498
162592
175801
243308
168930
173968
214387
119302
170768
318188
429561
197510
156285
213821
160453
153028
179654
178768
220469
126471
194598
133736
312633
176494
264490
157930
140548
197984
164222
156442
196824
155920
180293
170992
197056
198731
190459
199054
156645
191906
158712
145387
160710
164461
178615
166495
186962
148158
167198
210918
148344
210529
139212
156488
150262
147188
281018
254722
161490
109055
172683
118386
164373
191407
173007
178593
167298
185882
166297
157329
175437
150037
118183
152147
144853
121342
164034
184066
173459
191865
154213
209089
174308
181787
156367
149376
194517
233494
124008
132239
146605
211543
146909
139271
170228
168617
178324
193042
273873
211668
164901
178607
173294
115307
167178
156697
162387
168155
149561
146432
183360
154024
193233
120508
178469
258607
163140
285155
440381
207862
203313
150304
166116
236927
173910
182359
150265
170211
182315
157872
192404
126422
131253
135663
187269
195370
161575
188556
159776
245604
147528
792094
219811
167186
191099
179317
170208
141691
160946
128932
203644
101973
178999
166649
156625
262689
143508
204882
158977
192214
129085
181464
159870
149379
144342
184927
171625
174051
170623
165440
180527
181551
175309
161491
156961
156984
160600
170351
171411
251865
187821
188756
299641
146461
174377
120780
199852
162014
160595
168394
207845
157891
152786
157077
168620
143260
198244
153758
203260
164569
161996
200376
201317
160001
178604
532169
318785
183332
176619
153088
138172
132839
156518
192042
160954
175455
203270
164794
192869
158044
181364
121850
187158
169238
189764
194297
162164
165901
142585
193542
150162
199777
158757
162824
170950
178996
194268
328591
158196
149385
207961
171640
153660
174207
212102
197089
159644
227002
190319
190199
168321
198990
210706
288048
196438
458675
166207
160038
171235
175407
226645
131940
165196
172709
138742
154990
179486
159271
174582
179284
160956
195113
227070
148723
241174
198797
167425
170497
199690
183147
194471
166761
223188
148226
207787
164537
196826
146934
153597
188590
113694
157947
152621
257831
184714
198549
198906
187754
229500
171793
200780
159350
168196
160149
139816
172358
162084
195730
158666
201638
156104
159318
158305
160693
180287
124555
162929
190595
160693
191374
148027
163844
141649
166600
139714
279658
173320
223906
234326
246859
226432
157700
174552
154601
233768
192151
137017
191238
262709
203070
189186
153215
181120
218185
195559
204354
830934
147575
159181
144325
194243
119180
177539
175629
298370
138369
186250
175671
188998
176597
167176
194344
164143
221892
112599
210999
172591
180690
162432
148989
156094
136235
210005
178004
156073
207713
406193
181320
177325
177439
118531
165705
174992
166939
177162
194702
177989
145171
107560
182951
158775
208466
166454
170756
112869
153973
157731
141588
167076
176564
155703
180730
164600
216645
157023
146510
192380
194380
157069
185409
158768
264033
123018
151779
150839
213338
160285
160367
155179
191418
161739
174510
162075
170471
153583
184569
163170
191086
163741
153141
169012
167089
115573
357169
153689
165432
158347
197826
157938
165814
153132
206173
156694
126821
179327
110877
153339
218793
173541
174999
157373
151131
235748
157479
183941
161938
186466
229955
189003
201465
204566
162864
151648
170634
167761
176211
162636
268278
170140
169831
195969
165721
190530
189114
136075
137095
197498
200065
189669
293921
169415
237987
178218
172627
136667
241622
184423
195038
198152
171933
173911
197790
173437
173067
197669
255170
181264
186543
159169
221687
179087
162696
165745
189784
177485
172979
169930
179558
173522
167482
178194
133916
173619
594301
160720
169224
187719
193059
181454
155927
174059
163949
148326
262216
178224
171160
118979
381518
187072
173764
200487
170408
188743
156527
144136
172106
184131
148713
156368
156245
152363
250514
158718
152299
164400
226213
180167
175922
210198
200274
144058
175417
139464
174402
144228
236603
182375
103704
109016
164808
155907
133033
168440
181293
178223
185103
208284
113966
145510
161969
148515
159351
158260
205733
211405
154267
169768
182132
148832
156224
182077
141795
220958
157493
190525
177569
157732
161800
168869
176646
176059
156686
179554
177397
170234
218800
172661
200810
180365
177042
200481
253070
182821
161858
183301
190550
180250
380058
152989
226880
161296
132866
170693
156985
261572
797432
131814
176146
170336
150649
164975
160291
167155
166747
179169
167059
263650
178915
153213
199898
185730
172655
154845
894450
191146
457107
199737
168065
203474
193846
151860
142624
188297
184847
190581
158023
176305
274411
165438
218131
173563
225971
177933
163653
171312
197479
162476
157586
181268
230338
162547
188443
226585
189384
144971
165053
161253
210153
166954
189554
180200
246568
165689
271843
233364
177336
134316
690529
232512
174979
121403
230572
185314
194278
150477
148429
421464
181489
169083
183315
215863
147427
237466
294712
158300
155069
190516
285857
301715
220549
166942
245361
164591
165361
204122
294446
176740
154081
141528
193685
158580
146549
165364
145084
149577
157865
137881
188877
156067
177044
126539
143014
169755
162378
159601
168420
104268
110667
169941
180607
101666
189649
139681
177432
173994
217359
146610
176905
211021
181356
164837
142028
99281
188816
174897
182596
156047
157466
169367
175881
174290
146092
171490
151197
191523
162272
161129
158952
153740
187047
124758
204176
192150
127254
149760
177370
194613
161640
150883
183944
182626
173465
116634
199809
156021
239841
202094
196789
170809
197647
262779
107657
164614
137903
179277
311864
173801
227880
138190
166825
130306
215637
113184
167149
181442
161821
151910
170639
197594
174820
152366
177877
136492
165387
191203
222606
158953
185272
178593
179141
175599
174054
139121
189249
123840
108226
167663
167708
181968
167262
124097
213905
121909
122875
245475
166367
126206
201768
163342
165712
162118
205411
114969
152501
142219
167604
156043
131468
194399
168224
183256
194279
144837
159240
147705
172126
167888
195398
165347
211593
167003
250302
165883
200913
135712
160817
262145
196146
186028
156903
169218
160399
184457
161444
164196
216638
115241
157888
246563
151965
159982
121530
155014
150408
154800
98423
152817
188299
159751
163343
106800
141005
178813
163897
132166
144510
137119
164406
247592
136768
99792
157618
118550
112642
130755
161131
184138
153076
188331
153615
112380
164848
258181
643150
162809
154644
110675
123604
172756
174965
182204
114878
154024
183387
152073
138004
162793
187525
134767
184876
161811
152292
209335
193562
166168
160754
166884
141570
233713
117954
109762
171000
131282
116045
152804
177425
159966
184302
155826
133092
163769
168264
153873
192240
191357
156488
167602
292556
105488
163157
153052
178818
162193
153134
176875
157796
153063
160117
172522
126987
160402
171432
106437
154179
234935
171675
178318
201517
162795
156792
147541
163916
142902
225314
161800
154148
174426
152532
106367
170066
102230
104617
147570
98708
123980
155506
174878
115868
138009
117357
163809
178003
162177
171993
163577
124695
125960
157853
165652
119742
102340
112776
173385
159027
124358
141240
103196
157468
170708
107770
199095
155261
104611
146190
154239
180938
136813
120331
163426
253169
152979
169581
134103
152313
152812
160585
161170
101719
158176
150561
177946
325623
117159
120427
178394
156524
122888
159689
188438
156403
115958
120246
118954
201020
143383
108276
190617
142466
171725
160229
109606
190921
130959
142505
156646
151121
146451
164414
165949
106379
101115
121636
95754
111330
172617
163287
164155
184230
132594
142152
201332
165623
203213
185740
123510
122571
176507
173454
162770
199864
160437
176205
186916
152422
180413
155430
126300
165728
112263
332272
136072
160908
139527
174893
146386
173497
96305
149140
166079
129912
138756
119882
125137
142169
132716
154747
172582
171006
160475
174504
95219
144641
168415
164596
145441
134770
164973
144004
148946
155992
122419
151297
189829
162392
157101
112702
192507
127784
160952
104703
114747
173235
142257
145686
96196
110450
146777
167880
133702
175684
99795
96552
151245
169257
153649
161735
195460
160735
177509
160727
154098
141361
102766
111337
158080
159477
110527
160952
170932
141077
126255
108976
100591
123426
183674
156150
158769
224416
149082
145670
140459
149645
127353
163039
164063
164476
176842
197892
154380
145079
150992
179165
162317
213808
163364
174860
149783
854001
149885
128524
167661
133636
146356
217214
100768
113367
184299
166962
179429
164708
128874
214837
107504
197899
164930
155507
164016
199666
173567
162351
125316
169767
101102
147535
155106
200631
125989
172598
161835
199319
116235
168834
180507
201523
227200
183479
127112
110163
153544
148196
109032
169698
213431
187062
161427
142614
120637
102109
171403
170948
109311
160096
311898
172538
152726
207165
144591
164526
169861
254310
119210
146147
122882
185187
162935
175297
122988
208297
159921
129293
175799
132905
111611
143188
249118
198902
130268
159331
158222
344479
118683
171303
156271
143974
193725
257233
165523
192848
146332
193126
163931
183126
228123
185251
115378
177258
130161
133152
161600
131508
123852
148635
363260
215093
208207
150184
119195
130973
111014
123923
144353
162129
106943
264198
110861
166770
110247
162896
159228
166671
188685
185030
136598
127393
120217
145928
118579
139349
151784
149960
141292
145328
166677
151332
152738
134859
100963
168071
159614
203644
183192
148411
161208
183051
250087
156498
148678
347670
157845
157414
152057
152513
166817
152053
162776
164143
117627
155920
178174
204106
157039
96707
188025
128978
198435
133785
107680
139084
158248
153851
217097
155789
167085
176248
165762
106766
100491
152241
161174
159077
112472
158360
98802
138461
120512
299118
124533
156412
172318
174189
150220
175077
136014
157551
162922
200469
186661
172483
173113
184925
156259
122065
168320
191079
229383
167571
213206
112348
149493
109078
165983
175143
136866
188758
151340
218559
160947
222278
170917
154924
107360
147262
156386
122014
103659
123685
112686
164368
165817
172272
116143
136846
126268
127888
155576
111122
97221
181766
165144
112089
104157
166799
147661
157194
148986
115798
119254
103827
119435
158797
93630
182446
146658
128113
183993
95835
117563
184812
150304
107473
108810
106207
107875
170633
180998
167977
134657
164536
121012
139658
112310
163696
145042
103573
155527
163284
121729
130199
117059
134802
116912
133958
184830
158183
166547
178760
173680
178194
121891
98802
93813
147778
117251
170508
170244
106559
116525
145344
106037
105854
154869
151424
99971
166170
103584
123322
157074
160744
149660
167004
104633
139401
187695
163357
103933
160174
134997
137819
170451
105249
111362
153962
105399
128281
124928
106167
112868
144966
114250
