983049
14120626
1672393
8197572
1032105
19411487
780160
31951325
933048
9597713
890773
14089407
925544
10577557
905988
17102596
1046376
7690509
1103854
12534233
924815
10580035
837132
10613730
691834
10720269
1044802
14217580
1032826
10254820
1068354
21410368
2049194
12770225
3883737
14883925
1015504
27526059
1019069
17252486
1149494
20814863
1109896
13010190
4025805
8970337
778469
11930725
1046481
9707997
1719599
19339429
1034881
27803168
1216622
12926934
717688
13202959
919989
18567575
979398
9695771
1008787
30621278
1068907
9974696
967469
9802807
942137
19359665
936501
8519260
942324
13077904
915143
11355847
1120312
13173163
918920
11942141
757939
10028320
