139345
154946
159846
162534
130923
120042
175490
139376
165722
173938
136527
164607
145066
164929
157612
159190
16330846
178415
18326278
40629262
149647
200234
15900074
18123687
167629
207970
209211
175816
162598
20040799
124919
127611
182377
165699
196964
139588
15351969
96341
132771
178187
142028
54145494
13918893
138373
151937
36701262
171549
13897200
17827982
10874504
244955
15413190
174068
18470275
16314196
15487148
11757000
166074
183888
387635
135175
101971
162968
12466536
154150
166038
41353585
160818
124408
15534264
182649
158947
272205
194410
150396
14334532
23530484
174376
170664
171733
17790993
188079
253987
165443
202602
152935
197056
174628
186586
15506834
20402774
179248
13184070
184554
145437
247044
168234
10616094
15625372
154661
134218
199774
165871
209847
172989
141173
19973681
15626257
123153
15975633
169392
19407234
15807667
32779341
167956
171128
16874178
156830
151459
16897996
15497240
175905
117377
14817237
22071442
117104
18740857
103571
205790
268810
14225751
1384672
164634
150538
126467
167076
182811
145930
151106
163679
173495
16888667
135009
10923326
2660265
124155
117645
119204
249070
148094
149494
115814
14971164
12286107
178692
15004307
139482
184644
27953527
20921136
202263
13972250
154721
155931
14841213
172151
151235
20077246
192579
170603
298579
204632
19885156
177884
102328
141260
14281188
146489
101297
13758648
206911
269016
1904382
241258
18391296
163282
16037545
205074
141655
139776
161327
15048805
202664
170342
168755
160099
13895597
3174676
133313
185615
149639
144174
171295
12201676
39501920
173671
13610860
21029379
224292
130819
212025
230298
156338
141721
17946628
178044
184789
198090
202134
125720
13569641
211212
170982
165962
273533
144770
16378884
163468
15213448
222681
154632
165000
13908492
189327
103964
128977
16667574
126013
15101842
9177840
222286
14221115
127109
164283
160010
167220
184906
145864
21698483
196915
548958
155989
149553
170466
145838
194775
130054
1979543
149536
193848
15302600
97418
13895907
13826268
96168
160474
297590
126070
14891183
163689
131614
168540
16765092
109574
37263079
402209
16759587
195797
240692
740431
175315
32563065
286414
173723
14024301
141290
172024
162853
160213
171547
162935
194436
17628399
149516
155931
32668852
171243
167467
31937166
142720
142754
155069
178623
13043962
18760837
253634
169974
188714
193246
16496004
193298
16629149
149677
125731
160025
277557
190706
202534
177009
179621
159121
11284488
146985
30407236
15450185
161278
201324
253398
140676
161443
190860
178111
212507
222646
192664
16376369
19301831
131322
134589
154723
13854763
11609603
126508
10427596
173043
178712
182540
13122599
839122
151009
178040
19806920
163306
151199
155450
156248
285839
134941
159905
149061
149811
198784
141659
276954
37549518
192103
183711
21428124
302570
130877
25340092
13274594
108955
128236
108125
160770
162399
139957
197550
145602
161884
188425
20737710
14230099
296763
96854
17491184
178826
184345
11791568
160380
167019
221310
18621221
218969
168888
183620
16724338
164133
1990460
13905796
198978
235869
14908290
206526
190096
16015335
104774
159525
172879
196696
171230
8675119
13592138
185410
166032
18036974
153977
183304
17255823
172541
12652815
172797
17118964
149992
204830
176742
13860752
161357
184057
198910
159630
194821
26243138
18701502
163435
19998586
102177
13056850
32477458
160037
13015187
110852
164391
18651289
10945017
25459421
153516
141034
178247
122733
19902245
135791
184976
11940181
20123430
140222
213786
159731
250578
150505
149463
120010
31896031
170804
111218
167830
115351
201235
156962
304304
205990
9668341
166063
170189
178728
197160
147545
167286
184816
134860
199679
164734
173465
246810
173077
1974046
176095
161314
171536
167536
139974
236750
169848
162758
174393
2506462
203840
230702
136072
157984
195997
3046367
162397
169969
228329
124519
168574
175475
122620
160628
157253
201504
151947
173238
162003
1121507
198597
165926
174816
233195
177399
188852
165412
216471
177920
151642
156816
158070
225784
229384
177131
235122
243204
163696
166510
120691
157593
203129
207182
132741
149984
110971
169755
168696
161091
266804
158210
177938
178444
164862
201301
98902
126363
87747
157006
188802
165752
113862
186402
138420
143953
228373
136949
237125
179150
270071
179630
144982
139013
165532
11036099
2526447
153448
178490
154469
175431
144459
126670
221809
218123
902042
178793
772967
138614
98451
186940
165746
173501
209481
141583
188357
157721
188020
125785
1307788
186032
170229
227952
117963
164967
106262
167758
225754
210624
182758
25388620
139456
100340
18402908
12855310
11369175
17291547
12753007
142867
155182
10531699
10045915
138362
191829
26395019
13907101
95211
15314673
20831704
17065079
121607
16940716
12622333
199121
11144808
253110
160564
12853670
16401585
125367
11195610
165458
134771
157646
10971799
134611
12289457
191731
100451
168771
121652
22798591
172212
165550
13539468
149948
161456
142694
11865347
129679
125851
12130123
14473196
149317
12039300
122392
116975
196150
249988
161711
17896637
125883
173320
30489356
92082
148920
10097417
202622
124093
153407
17197982
173275
13428079
19424320
14695540
10549116
145532
153309
11195444
154468
98629
13163675
13169393
11037483
11070832
14251499
137213
146074
164662
213435
11982692
147899
114385
17614876
15107757
146154
137986
15441966
201557
19454824
162049
174034
97056
198845
175298
13539162
211633
256601
18188592
20679946
147405
166216
16038227
194649
9704825
191896
166657
159030
217138
231184
153851
133132
185541
137914
201818
161475
96440
151497
153479
166561
178408
228452
127020
190157
149923
130277
171053
180629
175149
177346
175336
114615
154196
116069
172839
139537
141216
154780
204162
188653
193284
150780
598896
251371
129492
158017
173429
125130
982332
173487
174179
112949
146336
182354
163328
149846
170759
189899
130466
151353
130149
1560078
197010
107072
167945
163712
146861
141564
146415
113444
123339
168282
308801
140893
287823
154704
98905
89793
160578
229709
125932
123690
186481
109568
134617
155253
152070
173036
237375
244389
240554
147406
154569
167233
132687
153807
208676
163945
192744
155537
174381
211806
174135
139568
169133
139298
270645
214142
192069
170700
124633
186741
167129
165759
204308
184022
137856
181487
235144
153963
147153
162023
333483
160948
152123
187769
147345
142234
147845
1004828
214213
127155
143795
183700
114928
134121
154919
171852
165557
119435
235711
191948
191863
205914
385855
145021
173883
129145
148853
152811
242979
419125
129450
114307
169660
120665
177267
146222
144608
144866
151088
123029
174083
126375
180173
158098
198362
183257
116373
343696
152774
147805
115163
221109
172915
223676
150544
177781
160805
137293
154134
187968
158517
170053
127587
168408
682171
106351
162635
220053
154582
153985
239369
98923
184480
134687
270248
159791
169052
207170
146954
145018
7906809
129705
138999
295561
183847
139717
201886
145693
155564
124873
184162
140757
183157
245209
165907
161232
177880
174087
158036
122358
135628
152364
170101
97820
123219
153407
105742
97450
141137
150152
130595
214602
177306
130648
224946
89652
590164
225640
189368
146483
16304736
11314490
143317
10852373
10898191
131255
148739
146909
169165
1317997
168715
135605
179089
148438
141258
11051077
134052
113009
11968648
164116
155390
10256466
10388289
184780
12110269
12211964
174740
12969581
137141
171716
10415370
165068
165482
166162
19209335
17421912
205374
162679
246978
111064
11173712
716979
163537
135613
218922
10398691
2515758
162791
15833112
153348
137893
20974866
137490
164314
176165
11813959
14002003
715319
16324095
165978
16815198
174529
150568
11370588
152860
111496
14229676
157494
231964
142560
154272
17820719
20130259
135540
155476
11556993
86422
168817
121438
129996
174074
14135470
177263
166469
18462906
185745
173518
10661810
136011
140029
172922
15214474
186140
166105
124920
192941
132143
14277936
170978
207397
9889478
11295862
12838137
107693
144060
126219
122640
102181
10945670
217695
12882504
184138
278089
14669120
12465755
150274
179347
9320182
801710
182237
145854
196109
164600
140964
115662
14742127
13231687
169003
139143
11955060
209858
189943
12021512
169257
165555
13026818
186835
20898485
12558345
133195
129919
155987
11273032
181478
181536
134817
167451
194723
143073
13256473
10572664
132317
211139
10303125
136413
170681
16832170
117294
239747
139231
231834
117628
10570308
121490
193005
12297895
153681
154192
11335969
13010019
127251
164436
217313
104327
11310125
300694
109953
13736288
157517
13966024
12870764
125671
222901
182890
90092
16093334
144483
148263
19334304
225199
160901
10691851
199885
172407
121270
22569124
101791
293010
184707
152116
12967945
12903394
149205
27064068
25396130
97783
8998264
248301
110918
13381692
13269605
173911
195920
12498865
122942
163732
125093
181897
13674048
174536
148826
12723624
14453574
221183
10364423
12342762
116222
12681588
571990
10999477
11529569
17989862
158125
150843
185995
19534438
151456
187942
163795
13325732
178729
149699
11099406
162507
198222
9913355
11979194
120062
15006869
16279862
165497
105777
9305415
169154
149020
17768800
105252
14523998
11346864
199870
11631735
119756
127131
13043996
101872
12050097
104792
10860421
98867
22147191
258314
132343
15534282
247323
9860640
132628
175482
148265
153600
12709342
17041315
208076
172904
140769
13597588
181393
22062650
103331
156534
158503
163507
13404766
136106
21100769
129307
148264
15049950
159980
879653
11409468
174884
175557
214990
194190
243801
17698249
11789279
159184
15408629
12218917
10792005
11491212
168312
10991117
12062899
191757
129804
13524544
11212033
164676
115201
179579
185046
12789955
159303
143850
98548
232650
12362469
209672
205637
231501
10747930
148656
96438
13576718
168937
206884
16490153
12891332
158033
16918433
189996
11855545
167330
110872
13422324
155755
10385106
103096
185245
24345274
28863494
25228352
130983
15416237
153553
35744865
13598265
1529672
172235
167560
15662457
124170
141247
138566
11567145
94915
13702539
13245801
101469
18782725
122112
11810827
166877
12454268
168230
130710
10173879
116059
139882
11319765
159201
10246144
161520
126216
92732
186302
145844
14012623
154832
170969
11318894
10063531
160983
118327
10810124
150701
150410
110944
100290
11018697
201470
98038
93506
123476
10564150
142164
91617
108670
10794041
303111
139034
11820583
188782
10540882
9626302
138627
164877
10932910
131139
198609
157126
244103
103380
136521
143258
320091
174767
175892
143853
138861
137676
130573
95200
144210
227699
142294
2290739
122125
99740
175295
150567
147164
129108
389353
180834
151243
190856
99274
203359
1406306
92457
139364
222719
128345
203371
134051
148731
159548
138467
179238
375727
146866
114387
144700
108182
164268
155435
134835
157537
167391
166396
160122
139353
160848
98247
121311
167155
169922
152554
165435
165975
215659
158426
154150
108964
176930
151233
162487
159258
147318
108610
96801
90693
93428
91445
98654
166180
151153
157873
141858
155009
143549
156048
152629
182787
145913
111558
151082
186610
156678
151387
12582391
227475
142838
171223
199758
226390
157532
388081
153054
149424
122787
159102
160237
146785
182813
130738
140784
187179
145016
241066
210131
158663
915441
117043
156507
163321
154662
135605
171847
200287
148041
97711
106249
149362
134015
201658
195135
141414
169960
90562
119012
161258
190649
152356
162893
227420
202629
160083
151295
91548
142557
115440
195604
203767
156593
167678
131513
163403
162603
182296
212611
172765
168305
163754
153982
99700
170632
102601
144283
143398
114786
122309
175632
108519
101319
112644
91644
201229
122745
140662
155899
159401
102755
164243
152344
172913
167559
957895
204759
211669
158685
136342
204172
150783
180044
338182
394747
149314
141533
140688
145364
194354
168336
147773
195335
166009
151454
184267
131516
133722
109468
170086
123198
104017
284866
113010
209375
155114
160708
153842
160593
109859
130023
282665
165846
156434
201477
110886
150818
161150
120115
172388
100822
101126
158021
169725
132908
176823
177003
150465
200744
174001
159367
201588
117762
126394
110954
148076
201258
146335
161401
100038
108975
111359
148145
106031
154108
189005
128161
104096
222415
154996
155829
179051
177420
118009
152091
187414
136153
143443
198431
171180
156805
105104
167247
101850
123571
173656
131061
188544
106941
253191
134206
99492
165981
172760
108720
175485
156608
278972
104404
170947
92304
180963
163825
145948
131040
103269
151765
113804
102628
94517
105674
198433
145368
114182
160241
127708
126055
155836
151819
92814
208804
124126
171475
197129
119026
166665
154904
133890
161732
199188
114582
162189
174275
173334
141380
156803
131478
111873
245759
114891
125243
114012
172223
142203
141408
195059
132081
167978
157640
209762
146472
176884
197937
103528
212657
102334
172635
111636
219264
160624
185724
135335
170104
170355
175672
160204
243450
178267
785418
208032
228756
151968
136994
158046
176860
111730
144106
158335
109437
142179
134309
134251
133746
139978
187361
324164
158619
164121
158715
140183
167237
104509
165112
98936
115355
145170
161969
142064
124949
185316
154313
238510
146200
212786
141594
175734
172223
145907
152597
103147
171573
133324
150465
170254
172568
92699
134487
211284
166290
82350
1026948
167984
147482
177323
211717
161199
183668
143628
210382
144269
140295
246972
194173
147576
154363
114324
113628
156070
104623
153358
157739
135143
183649
171130
193031
92101
155168
162052
144497
105766
267590
128282
181049
130212
96635
137616
95901
141278
180241
157578
132107
166777
215127
167011
147205
182209
138801
116584
164379
113225
147139
158873
167098
103893
140742
146412
108858
152414
83124
126357
153919
85729
110185
100450
118561
196756
129084
197889
131306
163266
148300
135222
133136
151187
108778
127220
168124
124455
142468
357657
189980
101594
175061
163617
157056
170877
184575
120226
151009
150355
96748
163940
162537
100405
157653
132576
158955
135192
138704
147294
157260
166326
147170
119759
249833
131220
165710
167525
158817
125932
176152
132685
160869
140088
148984
153813
218352
158018
156961
214339
137824
200614
109092
187140
141815
166051
162845
140069
121592
168988
198804
154047
155476
181813
105420
248059
157181
264281
162630
141395
178653
190737
201987
102083
166135
137809
222746
215898
131370
167459
155213
146130
165361
147237
125011
111399
140686
138988
156058
173403
183197
176699
113008
108924
156242
163777
171744
94258
170217
160119
147215
188912
332320
97566
119135
139566
118309
136850
182197
132959
125069
159716
98621
173231
200610
166173
167128
142760
136285
109949
110915
152140
114303
141194
133596
205861
141302
122801
150716
91612
156355
99833
219612
170016
188527
149865
128955
134392
179665
133841
172916
153987
226792
115814
131437
136256
144906
125956
138407
158066
152135
125719
218052
111320
161916
153344
135911
203991
153524
162453
158512
168499
174164
123069
187893
183701
127642
156064
158188
99372
164011
177146
124125
167675
177968
99369
163073
113916
157529
139619
150821
220963
151621
167104
154338
171974
183018
121646
122266
139066
157594
109120
175384
107328
161298
239746
139627
215937
119657
529535
138962
184080
104714
162960
136240
121188
120400
181001
158230
176231
138700
153221
150126
154948
185961
141981
149799
210442
151810
191034
139812
183186
160564
173743
160943
150714
165558
188291
116589
96842
193251
150149
113322
151743
138092
176168
173131
138670
172329
131166
150094
211221
132335
148451
110815
131245
132392
159677
186720
101200
113757
131076
96750
218928
140370
165563
159932
104912
149241
172839
132601
148909
174496
183361
117352
176664
143550
169030
161030
175171
147503
169089
183467
166448
10647381
9839200
125135
145096
141237
101884
145953
168282
191196
144601
144910
159676
158202
153490
143770
98189
144881
153983
181080
190785
135264
137670
164980
95485
183929
141591
113478
107657
180807
137709
142322
93029
218083
149206
148585
164138
151788
180157
96761
127917
191066
105269
156277
291512
146874
97774
151687
141751
150264
149915
136204
156479
173676
96899
193564
130145
208609
193073
180344
115232
183112
177830
152033
155401
11215288
11105801
209773
8463747
9684230
10713156
112625
99878
111992
185159
143476
126787
291064
179163
159374
96762
148419
201863
286141
162228
186165
145743
160067
108121
148194
162909
109635
165618
128081
98551
159971
143142
157632
110963
121182
157777
176695
98747
151211
143858
140733
156148
140634
159038
130245
207932
179330
141737
168473
111965
150211
177272
139963
134578
137200
168710
95745
145222
167830
152886
188209
173686
146218
182645
154687
192008
199476
183974
164862
158633
145104
213835
113504
155427
184748
106256
164977
220352
160260
95928
153244
147162
153658
186540
149337
91499
109872
150305
115238
138156
147547
208168
171616
155875
86241
166861
170164
99898
138049
188790
132555
186792
172946
109054
157038
164816
104311
145533
190577
146146
139135
189069
120269
163932
142730
132530
140872
174301
142449
157228
100479
140918
145493
143525
872260
133271
152494
175292
113603
173162
153313
269645
122742
147778
158484
197399
142819
158004
202753
175819
156018
170507
162150
152045
179130
155590
116549
160338
96180
101841
198684
114317
123858
170309
164474
123167
105414
159636
113668
181314
134193
188100
174818
163465
173698
177559
98164
145884
146114
130607
118238
136698
155250
145861
168001
157863
173088
146963
137110
109749
162599
149275
109153
238878
136708
148378
157939
151132
182342
168884
108989
114056
143840
128562
187600
159989
168171
151645
119931
156515
166476
98926
114129
166949
151026
144784
151074
145490
159348
135463
124946
164846
180846
98668
176264
159860
146342
138258
658644
144546
192095
113615
235815
172453
173439
140674
157065
92756
107763
156432
139808
158211
154208
133537
176121
160269
136316
201435
191101
161748
112581
140858
148862
157164
169737
108749
140372
117490
107150
167626
149875
154210
167510
155494
6169684
169223
169990
241919
154176
123071
185507
126568
184847
197536
334299
189019
169082
206529
183677
198888
183852
130834
176886
136991
157037
207129
188775
154746
269539
166090
211231
132232
120211
202121
185572
126398
153720
196780
169693
105223
170439
150843
160288
272717
109801
159530
144330
191884
158554
12679370
193010
162824
159169
169096
13054317
11551362
189608
16049973
175290
205008
10937902
184952
204778
181463
131753
191063
120027
165638
166025
138691
141816
108828
161523
13273317
164857
14526433
128491
180017
3376723
139206
106913
194585
145337
110118
149742
165680
157821
17045276
125066
109094
12057111
170548
232031
148885
172537
92671
118409
13213517
157529
107906
164888
157343
227907
111418
142165
101876
123891
16964449
154056
173208
226973
155921
189248
108779
12819143
10351947
110529
13846339
252483
212094
11300809
11738406
168999
752171
154586
12437935
10627942
13777205
17034546
93017
163880
166067
11453784
158419
179445
12400984
159005
132288
138716
172620
153670
149026
142494
122729
166174
95394
129638
106691
175457
116958
140675
167856
139077
179303
156327
241316
128687
218281
133841
148751
159894
125051
216941
341531
161803
107878
102500
158592
184172
150002
165424
119058
126121
162504
111064
152230
158102
229271
204322
140597
1596418
132470
123638
145194
616437
161755
199759
136441
120636
12191844
15782053
204770
209254
13683760
187618
134390
185798
157185
171987
158731
11197076
139184
113212
150668
149703
235801
152880
183697
161200
16213521
15493293
144399
10231392
97564
148514
11723435
25108709
148612
18697087
110316
21390559
143628
247946
11677666
107332
112763
97201
21480124
157176
148385
143746
226884
168284
193655
921299
124829
146882
134129
158308
16130828
279190
98918
104819
714138
181709
174879
162758
190521
166343
113647
205201
199448
160555
205671
156238
169637
209289
102193
142993
176071
152072
142344
159891
136757
160614
152770
179724
120225
189304
307224
155360
181064
231374
12506802
175157
155303
198019
133887
173069
9689401
197610
13386789
109570
149553
265742
125316
162189
13375811
148479
108083
228028
154437
108064
99233
205460
190301
37075948
203750
165680
10406853
16852520
154392
200186
164501
176346
12695995
98700
156969
264736
858843
107177
11905521
169292
154095
13333774
28861706
216338
12515993
224346
13651475
15917709
146600
138535
13336777
158217
186229
204184
15240248
208155
154775
19399806
103977
221086
154546
17733176
103574
191790
14060837
14484448
208651
213881
14219428
216426
148752
148971
204150
242521
119125
186062
149427
153238
167092
121448
106810
181568
198842
12935020
189728
366071
127965
153716
11065348
187643
16662851
12629425
157106
180844
19268974
190037
92471
235966
214439
223621
174869
117195
206486
183582
146118
159373
145131
99767
153771
94965
115209
175812
152392
142727
126051
186211
186392
149751
175708
168080
183915
201081
170792
159756
205194
176220
165171
103505
105716
182743
150320
195807
126401
120996
222764
162549
112636
103317
132806
203759
137762
131602
76808
180010
145298
139609
110768
118132
133802
121997
109711
119559
133954
159577
164293
180394
148763
144362
104537
108855
143789
121159
1776827
120955
128198
123011
202367
103930
112518
88278
171792
208770
135702
150533
94149
118345
95002
169483
127918
183988
110177
187507
180699
146436
155342
158940
209457
148847
162139
622780
175424
140216
111154
154526
112887
25060052
238012
162975
89793
146354
13666707
176176
30812862
16506483
5546120
196609
111258
111592
184592
136414
13957533
140045
11230686
100293
160973
134017
113256
202557
167548
148450
179065
142144
11289592
159366
12644958
218521
180643
11526548
10733786
159255
164542
177465
172264
152384
99036
12331782
194743
13635675
11951507
139082
310771
15530967
128589
165928
279523
187309
17563485
171424
346121
13932418
153084
116701
20681245
214652
13026600
169865
122446
16317177
119294
151653
235461
160628
117343
189936
240332
117886
185822
158359
113799
16629990
212273
161624
151290
142908
218658
137907
107535
184806
140601
240696
181460
10837411
9954360
12249028
162202
17969125
201562
108260
184717
131115
204448
149454
102394
130743
211199
17389673
113082
180066
261369
153195
177086
158606
179052
129934
11251399
254656
156167
94652
180916
12028121
169815
127442
178791
187759
201854
181584
11287883
168969
13664843
184182
126405
166955
165596
12084645
177630
127408
11083973
158362
189220
160893
177813
251148
248873
211218
12525808
138933
9056724
16278890
153836
9071484
15577801
175748
154733
109914
90512
143306
145745
104940
108720
107291
178676
208253
266852
93441
11812343
100543
168405
171171
10419994
50187751
18550300
153566
10641201
171582
174585
29715035
171059
190406
155886
16796995
104312
184906
10169597
182062
12910023
181313
136099
15668528
16863259
175054
20600402
13912330
213340
18568681
182651
286223
183326
165259
146836
140271
162188
164373
156855
161542
156410
200829
165830
185534
189813
135550
150556
238379
140188
180504
208791
245546
154158
186183
171511
238254
146007
185984
174548
171359
278273
150718
151056
243944
98587
663453
97929
194950
95321
185548
194833
153562
112466
162641
221038
212018
200860
159432
217948
169240
176619
218903
168264
158252
182484
170965
149998
130145
153656
151754
125623
127989
134947
152180
151594
276083
19463653
192398
174490
160855
136205
13174869
21883981
18047494
14445763
149169
102380
38602816
105461
207842
226297
11334619
95226
11907886
13221336
169390
147844
422597
156982
195739
173955
302513
154545
164943
165973
48684880
122569
168355
15593593
170015
151802
157114
115906
245815
154346
152936
12652105
144997
154385
154299
183929
177102
47871609
192632
150703
136794
17323178
324642
113430
163047
122876
20032676
187956
48514126
180663
9184682
179878
170688
39734368
132832
166225
158719
146155
137005
286761
165230
15296930
20045828
126261
126399
202151
161932
172492
1322056
150427
29010464
171589
144873
158010
17594316
175104
13806578
172657
33696747
130699
183019
177730
240958
19427439
106510
179663
41507974
13960403
167758
20955393
171759
184057
164514
139432
188270
14989735
158411
47631433
152112
154553
101071
200108
21531060
100564
32715363
172352
118432
11353743
136456
160452
137910
225603
154437
143820
156819
189077
207356
22500905
179467
190588
299790
46030082
117666
16604383
147199
225615
17267461
1292152
17926860
13988041
207354
254302
200784
109649
17234769
23376313
198009
10798989
188601
15590587
150978
192044
214875
288785
186455
163906
18393786
228200
178322
190606
194907
184865
202609
11827570
155869
22060958
192517
182845
15522982
140999
264031
25069723
148101
142725
194613
255741
190527
164583
16216095
203909
11181728
161138
185581
300212
109666
13225765
185459
10272303
12599043
15035521
154814
138531
11332972
197084
25335829
149642
325183
149410
11266046
133772
237714
11855149
145028
180485
128178
14508358
86267
102171
168759
149598
168854
16099643
175298
23372494
153285
29218876
148861
136534
12666970
107882
139130
163321
156020
168159
183841
180275
91647
119837
13760481
179037
215007
110234
114907
12899558
184121
135837
12728029
127854
164235
174052
135183
167203
167129
18168418
134583
175576
189400
225301
220574
204943
161870
14605195
164458
11709033
13959445
146237
173427
124490
147677
93308
104916
174110
131504
18157502
10380650
85937
162926
109362
12061862
165987
154069
136811
158075
130867
121424
19592376
143805
159236
156038
125736
171910
11394246
162066
140324
131529
838028
142852
262633
146994
1787388
164135
265987
165909
138451
145145
169426
137984
142257
115072
146993
267547
149574
146707
141609
100251
252008
96946
1373576
113500
106642
161165
121940
139591
99227
158411
135017
83430
154760
132906
172692
163701
140312
135037
129978
116821
88181
133956
187974
10686466
9855607
114687
25214345
148337
112772
98136
208848
149731
143565
122223
169158
141799
172582
139161
132698
126265
151268
153174
135700
148166
154008
159115
171266
137169
179246
151763
175475
179714
163554
138616
154502
161495
162312
191893
178686
158032
125780
123186
129814
144094
113550
188829
131014
462400
129550
153803
141564
134889
117275
171344
116097
142100
94640
147771
154015
174929
138720
273507
124734
364502
181010
117582
177102
126466
128836
138078
129149
108173
212522
193734
207834
152164
97958
148598
142129
204028
131844
173154
115167
96683
101949
174730
149184
154812
171302
127000
136746
90819
119794
241952
180200
139910
117179
122649
131489
197795
134793
145031
102868
162298
221241
160980
146509
251846
154228
141030
165218
137472
82759
135145
127464
151194
134383
195773
144958
148497
220937
164970
87792
997826
95582
135976
144283
196149
217732
100782
118435
167564
159937
173294
182066
162766
143066
205254
154496
79514
100228
89406
127722
124285
115750
161844
129350
159675
156934
152903
191544
159181
197536
138758
182204
944028
199365
390012
205171
155657
174932
179873
150750
132118
192493
134907
186222
151036
171141
143021
152660
148120
146247
186072
143517
157521
182501
139827
165633
90837
143638
163227
166217
162047
173216
232956
105573
100171
535345
111057
119450
168178
215112
155118
178212
156110
157729
126802
167788
127691
158925
83995
110140
152758
213565
138071
175847
150025
128796
143100
121605
148961
102479
148072
145319
161546
124094
105825
208724
186471
142796
127300
167813
130323
121528
241241
154668
162165
123342
156939
169595
136095
150495
170660
155376
113266
153213
2152875
206229
105391
116985
173794
124810
115003
133415
183706
183582
76962
129551
103845
381425
140997
83662
116908
405749
145121
140711
124553
120832
155291
140924
126274
239885
1226405
145734
126350
108958
454338
161074
142375
132870
164136
9932881
137724
156827
197342
148193
144453
149621
129662
123532
161080
86987
112141
100002
109532
99424
179891
140182
140886
333072
161735
137117
371241
99538
115819
259968
136955
199833
171883
179547
148471
181886
151298
189067
175773
118874
128403
149900
130398
74002
159688
12382197
128679
191079
135856
150495
154885
141965
141164
158374
84301
177525
134804
118217
149300
121536
154072
136992
126847
186342
130251
143673
138271
135802
154875
126344
161743
214354
95121
658250
94347
138310
155540
155679
126055
136289
145371
123031
123895
95301
137348
20931188
14031010
108441
184790
174752
150719
620365
153131
332100
115680
159619
497574
197689
142630
134088
131700
147201
156304
104761
151045
124649
7062735
104335
111590
144758
87290
153088
152857
124615
134941
186150
154285
203489
173567
208749
105947
152189
175383
132425
134478
197296
151338
110575
104676
122443
130533
146215
193413
141739
118025
232934
121287
128383
145147
156521
131642
128378
123168
160444
133575
127468
136401
186101
142316
141054
127006
109203
140577
167282
145045
103090
146916
127474
137860
182544
136276
155973
100221
213167
175463
156772
408517
170307
171364
10613585
166102
101371
18657951
31489530
111558
152210
149405
148374
214746
14952373
16468250
16226164
143184
228229
13673467
17303524
132005
183961
149393
253819
31215312
20566291
177643
18732064
156217
106273
216111
51223991
182502
27542438
350672
19005985
21426306
240384
143786
194707
31025070
97502
27135530
159507
170143
103812
167517
164122
16200946
37282464
169272
20981203
98794
52240361
23880120
187363
168483
16735171
180651
12104228
174288
154339
355167
106644
170025
189669
15087650
175599
141578
21495926
142070
97819
155010
182748
147389
15981885
172423
152082
19951344
260088
161610
316906
159798
149602
35799114
13670806
168543
15430491
88169
218053
177396
13953102
31139873
163996
169681
13852537
166649
154819
138805
107783
110258
194010
155383
183627
120490
101108
12530755
113234
153625
156579
129318
160494
179603
16844566
13624571
163205
159409
318465
13101678
142348
142068
226553
18529326
158282
166886
12310590
114711
20220898
139180
196161
205583
184989
17449711
146565
38848023
147717
150687
101029
122399
14718801
83538
81416
11608098
105782
136257
120459
178142
136098
166798
11924276
120203
12992554
154208
218928
132583
122195
127951
123839
637557
91815
141017
99575
136266
233435
154482
122118
167019
116553
703189
569713
139751
153573
169206
205275
154300
197257
165523
169004
158577
168171
1394368
176839
199890
111248
158656
178405
167688
143409
163576
167430
170598
13282952
132001
158607
169286
15576201
151552
409210
184512
188166
138760
31130382
14551791
142607
151423
12051453
214395
156315
18268174
208767
142180
143412
152319
92081
267095
131276
120414
184969
133691
140097
169120
177887
191290
149678
172687
173484
199475
120049
121095
134637
251922
310287
121555
122453
145541
142021
100737
160111
128773
157376
161056
141458
149102
166293
146687
133775
144478
144586
121454
171799
178466
211634
175490
189584
176302
201586
205588
124429
144290
130054
177798
171063
206246
1177294
158216
97564
101483
148377
122467
109510
162997
135301
15657171
12615659
37364196
152346
15099595
9584296
149813
17970244
11322611
220436
1718198
182789
186376
144444
151076
171930
592802
193185
128487
106622
178012
146953
103649
190940
157007
177809
165962
176731
162780
140755
166223
215820
1254200
168657
153926
96512
199267
139386
385842
150830
213555
163294
144712
323303
182216
172643
143306
91488
160680
194924
172128
289226
179495
154048
152355
108174
183768
148153
102704
208289
147870
242883
321765
241617
145289
401154
174637
451132
156243
127513
114908
170414
262177
495005
145413
172271
98120
188471
187561
107338
181112
161271
165282
226102
144222
188427
142671
125584
156853
94942
132368
316559
11430999
98789
10408500
15662561
158267
10811807
12483340
154403
130819
27115117
160587
19628047
13759026
129981
146200
661219
13491145
205001
24818543
247981
15263782
12200440
12344300
145077
203991
188233
122589
177427
140713
170194
138699
181004
156260
166400
116990
176505
142825
206094
320736
182466
167758
203181
188937
200656
167175
157895
151289
153452
159334
207996
154603
441456
205669
227156
154024
194034
184260
162701
139400
125563
147197
188378
132813
175238
152015
153094
140405
152922
94748
174420
1914705
165040
176125
147597
171350
204652
142840
100573
142048
131682
178241
272459
145117
208856
175199
176884
190235
180668
2720334
255807
154578
181687
178917
189655
174311
106009
167040
353901
187572
175314
106027
166933
204548
145278
165534
142377
193432
6921310
182012
188323
190281
138310
154006
167614
206256
148893
169235
124921
219156
214825
437716
170114
146667
206714
106273
172584
154807
194799
128476
106996
93846
168760
151339
145237
156238
130442
155670
151905
156575
156859
162993
147196
160114
179283
190742
152576
191498
168030
183176
274218
138525
472990
335664
266507
174812
98971
158467
150326
156716
190328
182551
207675
205169
138906
168719
108122
174690
152081
1759191
198213
96004
152812
153586
163805
153548
165334
159386
141827
152949
142941
171407
177107
110494
164212
197372
120746
164056
138229
147083
165122
97387
211328
156941
85563
110169
193522
185905
116549
236250
149300
173639
107574
90637
170859
191074
176655
192261
176246
105545
152735
220552
183062
99386
281976
154212
165121
156323
680271
124059
139542
125486
139414
199281
98045
105689
115478
239117
100857
528771
154965
128641
203864
145342
135536
139834
220618
180204
95425
135450
324436
200321
111772
188635
145375
167245
189936
117204
260261
185475
131768
167512
128619
264204
240700
102202
155543
198673
98656
139010
136853
182802
102157
127901
224686
133626
314686
127321
197985
187689
175325
186328
149213
150229
104476
97352
185558
496093
186316
173636
124218
225436
477562
208445
325621
134090
126402
173225
289512
231407
139037
218864
139421
171783
167578
440932
193876
173897
125422
112108
165294
375627
195841
154752
125658
147223
103292
170736
185819
152793
155480
242199
150062
192658
177563
143638
181696
166373
170402
185807
118528
221996
102115
191667
156139
136729
162195
166904
186545
197481
143038
195210
118991
186257
109371
143055
142680
125539
150890
221185
104681
191317
166036
170043
97561
151558
119682
108700
162382
586247
148683
204091
9395934
179567
146288
101182
188210
166743
170953
166775
154566
123162
155545
98510
100492
165408
119119
128919
189384
191519
185293
220049
115719
185328
171897
111646
203826
116382
139822
221295
172028
125796
111903
173961
157070
173382
167316
102402
421092
182139
290169
122034
193414
174731
102137
173999
171453
192039
143946
113831
186828
307002
107411
138640
162957
160087
190723
108059
244830
143415
141426
148504
138038
203230
167002
198354
255434
186345
232614
165442
161239
98420
108915
157234
134148
187377
155216
211185
184527
146159
109104
170254
165140
101217
146271
199658
142163
179975
106990
147136
180050
131165
370682
165354
150179
247501
124254
152772
99017
102563
171420
177100
254617
156517
141085
167422
127665
129299
113247
149640
234279
149229
137186
99596
122967
213091
156647
133851
165890
113514
186018
316278
709332
833539
179826
140356
231797
170643
184829
153672
144204
1313130
140252
167783
174311
171583
146806
180528
163775
161150
144957
149683
113717
173875
168256
152099
152728
167857
120251
149899
144428
169299
173048
129325
137218
131323
168565
153896
150176
153386
175225
160316
188685
248623
102644
176957
95834
155114
170695
120529
241776
107279
137139
138299
402449
190699
142001
125741
103525
139124
176569
152211
235026
178464
171756
170058
158061
167767
207892
168272
269710
194404
130311
171232
156555
166537
228633
112366
122637
165689
95619
669637
171242
171846
164278
165884
183258
173982
201847
100983
264110
254588
134255
246908
177170
164955
87884
156386
190077
205012
202046
166938
172512
92021
241186
154885
156731
117254
148927
180066
108856
134258
104694
151009
122965
107062
233892
103126
240184
171683
158176
137305
198326
172280
174482
240946
143013
166247
165505
153110
295058
169327
130335
193637
94290
170951
144088
105477
126406
202070
137438
197387
133252
161081
143020
258310
177860
160704
165095
106207
130920
206415
148461
485743
97472
229617
194401
377650
107485
174889
156563
1428089
850825
178014
157163
135221
171467
125634
194656
102617
144402
170827
188534
164896
186902
158297
165254
92706
163884
192935
169544
161463
89814
113426
162173
146789
129794
170656
133706
148904
154498
183916
123084
114540
136899
180335
184759
92942
143194
169323
161455
130955
252767
97420
144263
147899
167841
142491
278716
496084
104585
121531
252471
215105
222054
13656205
118048
134785
216789
206715
153158
166351
146045
166891
172949
190348
161145
116943
186920
164717
163305
198117
95579
100972
104871
151451
96485
84543
98027
96637
148246
136656
99771
167742
96337
97293
142079
131843
306066
189805
173027
105961
99785
148040
161234
154767
156699
137467
179964
186622
214747
120314
149141
137224
162550
143287
168629
110939
143317
148090
137327
151520
197386
149045
206167
153474
174706
162490
157942
148592
139108
164768
167947
112521
103716
128769
107933
150757
104633
182050
136584
152422
118060
119231
159471
173194
181606
102083
182180
131462
144129
191627
164852
192534
135210
169560
172341
100229
179037
144617
183019
177549
185674
180929
158556
142726
108764
202283
264530
108982
103546
158484
143642
194430
213956
169618
158166
119772
91644
182724
218385
306812
223907
153140
172111
100776
137064
159219
150030
137125
201004
154396
107141
180020
138442
156061
311569
205950
181593
158587
172589
169754
190867
133099
202315
9275926
145701
7243752
9072472
139383
145745
115605
102503
11613380
120187
145072
11213372
112030
181488
10119564
151954
156913
9688916
113841
158725
131715
135520
99274
14849767
8163081
11194901
203825
7116019
135910
140886
125646
17533745
10095365
8715557
168648
19220751
230859
95399
122125
233796
97308
150020
168757
176037
214090
98732
1036764
133617
152621
156794
196108
126804
158284
179620
145306
154837
231382
248753
158209
183512
210854
186124
180976
113670
148710
126956
173863
194740
173404
145752
157217
143756
176246
199152
167497
110026
154488
185218
188799
98648
195629
214546
135858
95050
142199
177478
160533
1935181
93562
123202
194344
155225
195213
109309
297579
145955
97370
126305
136133
702891
103882
145677
144528
170612
151469
216856
133191
160898
97428
157948
98162
191647
172876
169530
206708
159243
273678
187591
157473
109179
174354
177697
114990
201680
187757
93146
386028
188344
104752
165016
206237
162471
110363
202384
229082
339384
106718
194238
192943
154291
180555
214925
104610
175798
151474
230033
152351
159030
209676
101451
182827
208740
131912
192810
101115
379615
161067
118813
243188
146512
195071
208811
94955
168746
155579
184014
286422
103023
209850
125423
183500
184444
108055
147010
164478
95965
153673
125135
191253
251405
158675
149760
112766
148198
164652
143414
280201
205506
139823
134461
217174
188539
102372
138277
112008
171832
168614
178779
149977
179083
164191
274868
132741
150626
221707
107215
162812
177806
234550
188133
168883
116758
179484
190898
114171
150449
199007
154350
143797
211421
99209
152369
191920
140668
166460
138747
163627
115324
221725
124475
168374
197712
149371
174735
159426
193240
141183
197533
138513
174469
147672
179790
167036
92535
157279
142720
92801
144029
168384
115726
201690
164050
121942
137039
140353
159844
231395
111113
156782
174056
117989
209695
187383
199626
172330
183720
318233
122912
268034
95308
153025
185440
116011
139722
147386
159055
149454
119314
153376
152862
164263
140706
119893
176687
199647
168533
178513
158966
183674
178176
163881
175462
156842
143917
161904
177118
178830
171867
121836
164746
166504
138060
176889
199693
118042
142824
143736
166921
130340
157886
182912
1779891
211920
185630
221876
161524
168870
142351
115028
208520
228354
154555
113074
166838
147791
167114
149888
183429
122722
139725
152418
155930
162450
195548
144701
200847
160799
138109
162174
194045
2120852
119973
213008
179588
159043
175830
154306
174750
90158
165672
155503
175646
159345
277886
129773
237089
135049
182233
129924
137639
150298
103865
145696
177014
151690
175501
173277
123375
152942
133963
178188
122317
164862
146420
194934
584328
164134
117430
119631
107002
144597
127831
144911
176746
152657
133022
94612
174649
194251
112946
149921
176406
144234
121406
143529
163757
111452
121556
145173
263025
191607
198183
223484
119274
181182
171954
170703
143291
162264
187902
130324
117842
183941
98450
146237
166459
428730
255794
148928
197250
212528
227721
138214
149638
115199
178991
155423
165724
158630
184734
186249
154423
229772
125943
143966
314991
222663
168865
146519
174116
391586
212350
176749
149248
106026
138816
151547
231358
148662
176458
157655
207316
168743
261219
111048
189306
99528
117410
170195
165558
187003
151533
184633
206599
166839
165684
163685
150915
152413
153516
494630
159665
151028
169937
158060
136813
186049
156717
149192
159518
191280
147741
214421
191440
132448
166698
159441
99776
155100
160411
181476
330559
198088
145893
148996
146817
201030
167568
183957
126679
149545
112929
124133
117748
167375
171388
591339
188493
134251
159274
166625
187467
136252
157581
150900
156591
184024
137662
127927
177412
158208
140023
154237
134411
150767
294526
159980
190022
519335
165520
156128
149509
148296
137507
177693
154198
167443
122151
151956
159623
193984
392541
444963
164908
152819
114398
168593
178951
152453
123130
100166
155692
96329
149864
164729
997532
109722
174954
166192
163397
160271
170793
170006
133880
122776
195999
199820
148575
155730
144873
175484
102537
174929
257964
167435
211433
167203
160236
148137
161169
131735
242356
484947
162461
194841
154112
188701
175441
156572
139107
142938
189180
165946
155419
171207
131586
161616
219128
135057
137606
146217
246045
228638
239853
171914
149535
168223
143157
152390
209575
124961
109118
146294
239150
285940
293420
153869
166087
148356
224740
149451
29021781
303808
163245
165431
188765
166113
188333
176172
10557291
167823
158653
151387
181873
148504
131091
157931
111099
279972
173156
168612
235829
134024
272800
185537
161026
170915
201295
142055
164244
211327
105989
143129
174202
164877
129436
184629
168799
164494
143740
199264
106412
155505
153096
167482
136159
131669
197201
143706
141586
87709
162398
113504
146703
155804
160474
111973
133348
140982
163344
139848
193987
159783
152928
129078
178715
184590
126162
112187
195755
146384
150707
99542
124203
121189
114257
116545
116724
152116
108577
231001
159214
169197
168502
124925
108551
150501
147417
121734
211434
175576
160932
252320
126206
151688
182942
178605
146237
165010
198137
145337
202063
148500
146715
112615
170023
175061
136585
184376
133848
160871
2025244
153261
119590
192507
160041
190195
171571
149024
127803
205244
142200
167637
138221
160440
150256
176576
167269
132525
131142
102167
203104
160743
157481
171051
118991
158057
154348
167352
180590
152188
136587
169633
137852
126928
124243
151033
182237
174217
157038
188244
182027
117575
188751
144213
97237
205364
210890
134939
157504
141198
164688
170147
106282
143495
248856
122620
116507
185852
148999
157849
117935
108888
152772
141742
148143
100212
135428
191145
134233
136628
160723
135487
142718
125301
126329
113745
432672
185083
199544
136465
168790
141534
180039
184239
117055
160026
186743
130529
165580
193119
164295
147141
170121
147733
136100
149224
150424
156183
213718
158099
885698
147298
149611
151269
147890
171945
196248
154256
176724
173324
91406
96521
187354
155949
182371
186043
155211
149980
185167
107031
152556
101192
201259
146577
183131
141630
146400
168151
129505
160593
176628
91860
131898
88408
211227
167324
167769
214515
175896
197405
169917
177760
216793
150779
145450
115255
118279
141132
179177
157849
137227
148638
115725
160632
148026
136617
140278
162555
153914
157201
167257
92430
176676
139617
226405
168944
163238
155703
129749
149208
159060
169746
174617
139195
167997
145481
199685
188078
171172
150409
194864
142201
131061
186581
160193
178425
168035
197910
109674
167908
114376
189199
167794
115882
95612
158628
168996
156301
142356
165502
159508
111535
142544
168460
166483
185300
149705
136177
208024
168183
127485
142151
109559
359674
156007
157923
128321
232921
129409
119920
129075
108963
96260
103357
86567
160927
155866
168989
142766
161882
102335
1500421
135354
158278
99564
168669
148144
170871
141400
103959
231992
126523
153834
158886
98516
156839
168158
152989
135624
146930
164664
1651396
143279
134638
139717
162737
160104
143807
140071
142444
158114
183490
135291
151650
121161
142151
163366
134920
142174
160492
106555
187634
178204
93541
143468
168859
141531
163942
343437
120542
153514
168952
159031
125684
114791
813441
177795
190610
173866
146689
154829
113515
195510
153598
125003
129145
162179
181008
118762
110060
99074
161627
92707
169801
104185
729838
129798
156907
176061
166066
190536
191436
224713
100773
163625
152856
140533
168462
164270
167870
105729
132329
122599
144543
150772
128008
87470
138168
158380
139172
142008
157188
97387
155146
182945
142784
148446
132610
100251
139011
152495
146891
160667
150405
109758
170090
153253
169993
160962
138548
147257
93225
107293
152280
144897
106141
141341
150400
157776
97338
109559
98935
137415
152420
126106
134373
170543
150009
158880
151768
133964
128525
95079
2485413
155108
173271
88846
94108
130245
203452
99184
105394
139977
144488
133055
122437
145891
123302
115316
110354
141399
172551
101523
157766
111097
91179
388969
132373
145977
127539
117837
167747
184327
164550
162670
183770
141822
189031
151131
157541
118225
131461
140483
106963
143875
169278
99209
162814
96649
160685
133644
173607
135488
156916
102926
173305
169522
119304
147691
161614
143374
631943
192918
154993
98960
166484
135621
194007
172288
120662
200295
165398
150796
134038
191971
158651
136635
128186
174723
172667
190463
149659
147008
120488
141530
170828
160533
134951
149998
205860
127852
154819
91411
151569
156272
180995
175690
167090
132402
156187
97290
164825
153736
126224
132798
125147
124242
154078
161354
149775
168874
102468
152921
108361
118941
164085
187475
138874
147603
108825
101956
107455
187842
141155
108430
162040
179978
128302
110858
114565
146734
151914
156599
151343
160465
100542
175387
103488
148691
154796
117951
307020
103977
124198
82961
166139
146902
370554
225824
151895
1015567
178785
200902
153960
120756
170092
147880
1811215
130785
160718
193538
155496
240224
150862
116900
146426
154251
148281
176991
143533
175259
121706
163677
100760
185744
126299
122832
96998
143926
164092
170419
126891
106858
172451
129735
151881
107944
164770
106419
149166
118628
336841
130674
192692
170316
100345
146600
160866
137648
143576
174549
133049
124662
154682
93345
179586
158766
119351
191467
152753
163789
93023
126133
111575
182535
159084
182149
138719
158113
174251
179709
99951
159549
153715
155953
105581
165087
191606
171487
130515
216610
221458
162356
119882
212163
4053864
152734
191919
161894
177021
116127
299893
158454
163635
153713
128158
135624
192858
169972
146332
155092
157392
517760
143342
189894
119127
189052
137106
191792
137299
159075
133635
117776
104600
155991
103273
247189
101094
171663
158696
121980
136151
109076
298754
102799
136386
145564
98036
169417
130421
100520
152678
110712
196299
151972
213302
113690
167226
120221
155957
93996
106617
172146
141056
150892
157263
116537
111081
156589
129642
116916
127458
101806
165354
148280
166308
161047
144025
183105
107174
108140
138117
158588
96224
167642
163379
161764
102100
150364
134189
94386
118396
110385
114125
132928
169534
172319
162400
140611
94138
104615
146549
148538
99873
169881
153715
117790
142514
140736
172621
95778
150685
96515
114840
983148
172817
161550
158836
117097
99467
158470
100650
140982
128129
98566
134057
159928
177120
109467
173711
104765
116476
138383
104951
913075
108047
102937
146370
85328
113672
