3548
5720
3316
4300
1437
1306
7456
6987
4232
6429
3403
4632
5896
7495
7617
4008
5889
4594
8685
7913
3136
5485
4457
5133
12032
2937
2553
4228
2871
3233
6066
5347
5684
5027
6703
6882
5975
5481
6873
5193
13656
1850
7128
3877
6109
7837
6653
4854
7091
4590
5311
8106
9204
7949
5674
5186
9153
8723
17598
4296
13546
5851
5953
5549
2669
1446
9531
3964
6388
4880
9471
6038
3632
6617
1226
5189
3933
2332
6143
6215
7514
4463
10748
5760
4978
6852
9744
3212
4805
3251
5652
7777
5905
10568
5052
4273
6919
6950
5572
5392
4830
4589
4684
6116
3983
3157
4017
6472
6634
7236
5792
9657
3542
9972
7457
7546
8926
5608
9828
4659
5822
5817
3357
4855
6304
3897
3889
267686
7458
5187
5719
5140
7389
6787
7397
4934
10178
6362
4205
6760
4995
4950
14410
6175
5692
6152
5830
8954
3758
5780
6088
4887
5970
5541
13709
5246
6768
4498
9557
13432
5450
7666
3161
5381
5475
4689
6974
6268
2476
4713
5513
5339
10094
12314
5052
6491
4661
4330
4047
6580
6220
7866
4305
6545
4318
5497
4139
22798
5616
7034
7278
2768
5200
3309
6542
5836
6300
9428
6922
4692
10345
5671
4930
852
8885
6911
7481
5892
2634
3933
4874
4395
8542
5655
4798
7711
5087
6500
4995
5322
5821
3885
6987
6357
5254
2800
7711
6440
11521
8615
4610
6188
4312
7071
6193
6043
5314
5834
6806
5606
5451
4823
4707
5602
4715
4587
6912
5074
5669
10593
5779
6819
5592
8671
5629
8361
6928
7569
3272
9155
5500
4779
6280
5746
4742
6106
4623
8380
7897
6227
4749
4777
10309
4998
7666
5786
13565
3745
5195
5216
5172
6303
6987
4588
9015
10013
3676
4580
2751
3542
5018
6114
7553
5502
5352
6849
4926
4334
8550
11445
3368
7329
5374
3826
4889
5499
6065
10170
6869
5585
4282
6958
2923
5951
5857
5943
7152
8623
6036
5302
6426
7325
9313
6439
5018
6876
5078
5339
6875
6222
4582
6053
6165
7497
9553
6073
4103
9054
5474
6442
6332
8467
4969
8152
5837
6080
2759
6087
35267
4001
7069
7560
6511
3837
9499
5539
6531
8241
4988
6002
3688
5067
5153
4133
4439
12173
3801
5752
6998
3190
5188
5587
5131
5085
8102
6613
5978
4323
5327
3999
6877
7419
14119
7584
5422
5273
7199
6919
4596
2524
5146
7867
3816
4061
7678
4921
7440
5182
6794
5087
3470
4108
5738
4428
6523
7428
3026
5878
7154
5228
8630
9676
6182
6233
6770
5388
5661
5283
11891
4935
7303
5793
5898
4416
7415
7071
5379
7858
5998
5651
3512
7568
5701
5032
5599
8963
4761
5895
5493
7320
5483
6617
6048
3701
6589
4020
5095
7071
5637
5337
6877
6249
5806
5827
5695
5238
5360
4742
4950
4532
6779
6099
5846
7134
6987
4985
3981
8202
5707
7157
4954
5282
3580
9679
4096
10029
19951
7103
3163
6897
5146
4236
7170
7568
7571
7034
7003
5350
10218
5612
7364
4651
4377
5144
5731
13123
7731
5980
6714
5953
6400
3970
11240
6765
6513
5900
9687
5366
8123
8844
3930
6277
4458
5831
4510
9630
5369
6015
8703
7945
7914
2761
10143
8629
6348
4649
3929
4417
6899
7814
5535
4868
10563
4527
4722
11218
3886
6965
4425
8756
6584
2673
6749
7712
4153
4375
5575
2953
4503
8885
3555
6725
9951
4123
5385
10693
4240
5769
3453
8667
4738
4845
5702
6807
5455
2053
6831
13906
5118
7558
10901
5053
6333
5412
5949
8385
5035
9782
3879
4812
4966
3792
6289
6390
8474
5928
6182
4932
4323
5871
4959
5525
6596
4773
5330
5066
4140
7119
2745
5284
7361
3440
5072
6597
3759
4283
8654
7222
5999
6240
5736
5707
5240
3697
6281
3862
5970
6471
8235
4360
7184
5720
5091
7506
7323
4389
9456
7296
5969
9057
6013
5027
4925
5245
4194
8055
6357
4550
6038
5376
6296
5005
4621
8521
4452
6849
8467
5731
23682
4366
4959
5305
8207
6153
5700
7179
4969
5254
3687
8324
7006
6205
10063
5166
6145
4211
6730
19203
4146
5704
3214
6079
8474
6123
6345
5290
6612
5435
5302
9346
6851
13407
4840
6127
2443
6329
7334
6436
4705
6951
7853
6265
9218
6982
6154
7864
7605
3755
3909
5924
6930
2779
5165
5874
6385
7916
6611
4276
4235
7092
4085
6776
5465
6238
4544
4760
4356
4640
4762
6885
5052
6271
4840
7083
7144
4857
8495
6263
4745
7005
9247
5901
4155
6145
7111
4730
54285
8338
4485
7197
7132
4245
5553
11587
3577
7114
5039
5313
4750
8460
6396
9139
6065
6389
5427
6837
5145
5285
3448
6630
10849
6631
5665
5957
5151
6010
7200
3845
5336
5022
5797
6304
5759
6566
6668
5230
5678
6475
4692
4125
4526
4212
6559
12005
4854
4917
5306
5836
4551
4272
6869
6874
5247
4922
4856
4928
5182
5745
3151
6399
6870
7202
5797
7644
3672
6777
4631
6283
7053
2626
3188
5291
6070
7414
4566
5003
5486
5324
12620
5477
5133
7214
6435
9560
8156
3604
5840
4118
5346
7879
4447
6437
6204
7775
4876
5519
4046
5408
5689
5254
7526
5027
4864
5477
5494
6459
8709
5385
5153
5541
6755
8398
5262
8057
5860
3417
6075
5577
6188
5488
5122
6192
5722
5449
4231
8507
10693
3593
4792
12174
5843
5205
8186
5529
6046
6560
6122
5896
10728
11267
4834
5541
4103
6554
8414
3599
5827
5551
8076
5995
6508
4656
5008
4818
7866
7241
5842
5396
6209
7564
5363
5381
4564
22538
5523
5026
4319
4524
4304
6478
7477
7676
6464
5141
5253
3573
5256
5711
2652
1861
5910
8206
7229
12125
6884
9774
4114
6515
5172
6070
5994
4468
5736
4685
4591
13573
4941
6447
3661
5300
5017
5713
4901
5564
10386
5943
4670
6255
11719
5956
10835
7567
6314
5855
22340
3214
5931
4555
6304
6047
8030
4719
5180
5481
5122
5130
9353
4827
6366
6962
4650
6844
8218
5062
4829
6656
2890
5505
3237
4828
6602
3597
5061
6332
5169
3654
7754
15577
4064
5076
5752
5260
7189
4788
5338
7139
3847
6193
6929
24287
4526
8640
10367
5458
4480
4149
6163
5845
8547
10483
5270
5167
7309
3975
6549
7145
6620
4705
5603
6031
18585
4879
2544
6337
3906
6166
5786
5554
4439
7126
7584
5415
7842
4365
4544
5223
6656
5849
4712
1939
9266
3890
23735
6169
5112
5686
5544
4831
6496
5720
5438
7124
5013
4525
3669
7767
7162
7399
3562
2189
3947
6890
6799
7406
5820
9337
3532
6985
5205
6361
7311
3626
5041
4657
5332
9053
4703
4435
6220
5629
5996
4922
6985
8023
7089
7484
7156
6693
4664
7578
5207
6145
6116
6295
5640
5055
4503
5442
1306
8005
7479
6211
4202
3605
1326
1039
6687
3665
5531
5993
7126
6451
9505
5867
5643
3458
4149
8398
5572
8622
6153
6546
8992
11913
9957
4393
7749
5892
8178
5935
4710
5289
5323
5486
3137
1827
4490
6692
6278
6646
5362
5892
8124
6715
6425
8141
3436
5043
4859
4907
4980
7654
6796
5080
13471
2547
7685
6639
4552
6062
4536
4167
5665
5848
5833
7386
4934
4877
6447
5919
4804
7148
4645
5094
7354
3843
6536
4597
4913
5386
4204
5255
5258
6847
5111
8506
2112
5338
7932
8496
17311
7533
4218
4637
5503
3654
5232
6757
5198
4390
3558
4875
5146
3646
6333
9507
4925
5945
8444
4929
5069
6340
4454
4371
6494
5040
8298
3890
4438
10414
5117
5837
5952
6472
5071
5907
6172
4571
7050
4376
4268
8682
4354
4007
5795
6544
5056
4764
8938
6092
5826
4410
10407
9132
6139
9679
6007
5250
18964
3765
6151
5817
3697
5474
9704
5496
4371
6953
6260
7306
6173
6341
5218
4853
5721
9174
6644
5770
8597
5398
5036
8404
5067
4425
8228
3985
4916
7195
6767
8513
7537
7550
8891
3119
5265
7085
5032
5772
8698
3639
6668
5915
5583
5875
8452
8584
4977
9782
4259
10183
6965
6889
6703
5544
5582
4471
7490
5502
4450
5175
6386
5072
6347
4519
5521
5243
4134
3038
7478
6221
71176
10247
5652
5173
10228
6810
3782
6768
5766
5423
18187
5933
4886
5257
5614
5409
7882
6819
5951
4744
6778
6717
7088
5808
5253
9328
3384
4684
9988
5270
6526
8255
5866
5805
6430
4775
4676
4812
4385
7753
3532
5410
6767
5104
5347
8955
5708
5159
4978
12108
4133
5097
5037
6916
6643
17183
9206
5689
6588
9639
2707
6052
5922
19985
4019
3693
5228
6199
6265
5055
6798
7007
5243
6995
3523
6774
6291
5949
5332
5287
5740
4455
6493
5078
5520
6265
5045
5743
4591
4050
5187
4665
6642
6775
5357
5725
4682
5044
4261
7086
4132
5627
6746
4506
6904
4682
5791
6464
6292
8728
7111
5709
7543
4521
10294
4748
6255
3077
5389
8932
4349
8706
10279
6049
4945
7397
5905
7333
3063
5396
7712
5930
7845
6408
4167
6519
6844
6180
6926
6490
5907
3589
3499
12119
5081
4782
6468
5099
4990
10054
6912
5288
7212
4276
4950
4761
6374
6097
4133
5983
8438
5476
5911
5580
4765
7408
5428
5641
6227
4457
4970
5456
6014
5494
7140
4237
4748
6273
22492
3990
8942
5146
6290
4873
5042
4683
8266
5108
6411
5615
7764
7899
6646
5726
9387
5259
6963
5300
7506
8001
5803
6055
5372
6593
5328
9545
7184
7383
17950
7928
3068
6013
4998
6420
4170
5904
6709
6064
5441
10600
7554
6311
21485
9107
4124
8740
4793
6878
6298
7525
5097
5296
6014
6780
4391
4288
7509
6745
5229
4590
4967
10602
6869
5929
280016
7102
7571
5524
6408
5192
4887
4040
4386
6188
6291
6575
6438
4901
11796
3809
4799
6684
6589
7598
5724
5030
10090
5720
5521
6279
5037
7765
6951
2932
6559
6207
5358
5433
9864
4776
5239
8018
5167
7764
5767
7313
22337
3557
9262
5489
6489
5676
8130
3431
5140
9606
6065
4774
4250
4942
5255
5008
7014
7966
4058
5428
8279
7451
6833
7346
4053
5996
5412
5349
5221
7917
4037
5123
5947
5650
7964
7032
12689
4915
5755
5532
4587
7273
3523
8123
4497
4638
6803
3784
8331
4185
5542
5658
6021
7095
5559
6371
4989
8227
4646
7908
4624
7208
5936
8237
5596
7115
5227
5291
4982
4841
4769
4372
5934
4078
5407
5549
4468
4005
4500
7386
5583
7072
4848
5367
8032
7477
8420
5006
4594
6759
6725
5023
5071
2891
4716
6767
6247
9084
5551
5200
6573
5978
5319
7693
6024
6111
5387
5745
5128
5410
6532
4942
17161
6473
6203
13464
4732
4908
5688
4515
7015
6387
5810
5054
5599
5805
6096
7412
7746
6500
15539
9121
5678
5626
6617
7515
7171
7572
5304
6223
7592
9286
7587
7276
4813
5223
4136
5249
5937
9846
3284
4966
7666
3825
4271
4918
5671
4192
9718
6560
6372
4569
7300
5708
5428
5235
8117
5218
6249
10168
3949
4968
8769
4148
4501
5773
4102
4214
5712
10237
4462
4059
4323
5246
4370
4496
7318
7086
6502
8847
3006
3983
8259
3820
5191
4181
4284
4811
4990
5299
7054
6077
5414
5861
6407
8548
4698
5854
7156
3168
5575
12304
5379
4706
9432
17345
5472
4023
4791
4486
3396
5524
4000
4712
3654
6425
3540
4354
4359
7370
3909
3277
5480
5962
2503
4876
4431
7051
4802
6767
10664
4580
5062
7977
6051
8829
7004
5721
4987
6753
4817
6467
5811
7328
11497
4991
5731
6908
7004
3892
9119
4238
6968
20307
5667
8950
5272
5997
6742
6407
6092
5506
4290
3948
8056
3598
5718
6031
4683
7565
9834
5600
5230
9490
5750
19891
5818
4106
7946
7550
5026
10879
6070
5349
4758
11569
4147
7712
7062
5201
8975
4793
8666
130252
6338
8860
6376
4906
6689
5776
5903
4337
6777
6504
5322
4943
4664
4714
4372
6615
5356
6590
5207
5116
6642
8806
5996
4436
5834
5705
4099
8675
5250
5376
4912
4667
4643
14511
4484
5847
4974
4746
10943
4235
9197
7685
4499
7129
12545
6884
6250
5212
3973
5920
6978
5619
232718
4093
4755
7335
12481
4871
5291
4584
5566
4826
5860
3720
9361
7785
4862
9369
7523
5083
7783
4972
17989
5368
4099
5296
5988
3473
8026
3538
5512
6876
5672
5785
5971
6028
5232
7627
5875
7587
8535
5657
5267
5012
6131
6648
4621
8804
9232
20718
5665
4271
4122
6771
4735
5269
10039
6100
4541
3839
4381
7352
8908
4448
4774
5602
5154
5224
8456
5623
10493
5630
3370
9191
6923
4607
3571
10407
5160
8199
5944
5332
11877
5712
4727
2730
4430
9168
9184
8634
6577
8389
5087
9408
7027
5626
6432
8947
20364
8037
5865
7523
7217
7271
4398
9141
6314
10843
3503
4738
5151
5453
5290
7588
7372
5112
9880
4469
4863
5068
2663
4798
8485
7165
6495
6742
4853
6311
5997
9062
11002
4121
5862
7185
6669
6237
10011
4812
5808
4265
4569
5609
8127
5141
5355
6420
4592
5612
4998
13012
4765
8947
5078
8462
9024
6765
4436
4796
5476
6618
5197
9369
5276
4990
4578
6669
5383
8500
3914
4431
4930
7246
4215
5100
5632
6423
5534
5003
5377
5569
6226
5357
7772
4881
6928
6798
4522
6018
5478
8602
5915
6417
18367
8277
5407
7957
5947
4847
4695
5495
6240
11189
8433
5634
5406
6070
5261
6798
5089
5183
8605
5094
6338
6510
6052
5178
4976
5375
3514
6845
5047
5157
5687
5137
6940
5315
5093
5474
5242
3894
247372
5191
3752
10862
6115
3942
4962
5215
3080
4780
8385
5880
3379
6487
6378
4245
4953
6344
6509
5236
7639
4961
42440
4136
4420
5654
5951
5964
6185
3759
6019
6201
4678
9830
6386
4288
4003
7292
4239
6142
9044
7662
5983
9860
5028
3233
7518
3565
4478
7370
5558
3766
5166
4519
6341
7587
6996
12839
4826
5960
14090
3231
4857
5878
4305
6289
5933
5134
22928
4294
4636
5204
5183
5729
4939
4592
6687
5205
4987
7486
7443
5318
4267
7590
6362
6112
6072
4523
10009
5520
7730
6547
14277
6984
7535
6105
7259
10435
7512
6330
10083
4785
4571
6240
4433
5855
8306
5067
4396
5684
4868
6113
6121
5482
5328
9143
6973
4266
2116
3892
5188
7351
4933
6054
7460
4334
4891
4631
4796
5416
5309
3552
7802
4803
5067
21140
8303
4688
8517
5787
7505
6023
5163
10827
5049
7816
6304
4492
5451
5707
5558
4896
6174
6473
6314
4806
5490
5684
4682
6615
6069
5632
5771
7024
3144
4150
3821
9247
5114
4386
9614
3996
6147
5139
6091
4952
11981
5519
4043
8756
7731
5385
4441
4949
7441
6121
5732
4767
4512
3517
5727
4983
5142
6493
4844
15583
7526
4597
4780
5805
4803
4476
4574
5484
4986
3472
5818
5988
25990
6077
6741
5903
5015
4643
5152
4678
4937
7904
8700
6332
4894
5057
6291
4320
6233
4732
5004
5826
6113
4923
7032
39387
6494
9552
5266
4230
5741
4527
4169
8572
8144
6068
4303
4465
7793
8703
7209
3617
3399
5772
5109
5225
5538
9950
4283
6347
6833
3025
6018
6240
6941
4496
8901
4509
5357
6049
4357
10411
5022
6724
5381
2507
4670
7132
4721
4924
6177
3631
7450
5706
6775
5404
7715
6606
4472
7093
7783
4720
5130
8099
6731
4478
3990
4331
5072
5008
6305
5659
4399
8340
6467
22336
7791
4566
4693
11734
4779
6334
4468
4588
4479
11729
5277
5133
4519
4128
5538
5525
4435
6389
7751
18862
6907
5357
4111
3274
5828
5978
5380
8083
4447
3850
5668
4447
3375
5662
4792
5142
4808
14023
7746
8052
9626
4687
4880
6052
4324
5692
5843
5016
6469
4479
5353
5586
4169
4115
7299
3884
6490
5075
5347
7885
3231
5776
5184
6851
4957
6610
4958
5158
6665
4206
5260
7631
5046
5335
9148
16281
5369
7032
5724
6209
7661
4665
5558
6506
6543
4991
5928
4678
5000
3298
7742
6953
5534
12142
12128
6753
4753
8470
5613
12864
4951
5488
4513
7456
5499
7132
6598
7766
6833
4108
5192
5126
4405
5591
22336
4177
15599
3831
4916
6528
3988
4512
5130
6986
7311
7254
5433
5299
6472
5481
5547
5201
6808
4699
3026
14106
4293
6155
6839
7717
8302
6780
5857
4872
3629
5493
6390
7490
5942
5736
4973
4466
5075
7629
5001
8489
6721
5252
5154
5195
7206
5593
4584
4476
5116
4514
7186
5553
5177
6934
4589
22487
10065
6429
4938
6625
4993
5800
5989
6026
3758
5664
7866
5578
5751
5419
6961
7748
7339
6390
5029
5422
4350
6998
10936
5928
9643
5157
5785
8069
4884
6948
6739
5824
4825
5447
5662
7550
5940
4014
6962
6174
5158
4434
9189
4895
4871
7745
6119
7240
7095
4999
5084
8089
5582
5637
6038
5540
6293
6342
5167
8883
5044
5421
8422
9188
5693
9646
35629
4630
5039
4550
6680
5211
4541
6138
4743
6449
8718
4459
9191
4710
6738
5600
5899
3084
5522
3448
5720
4898
9238
3532
6197
6881
4555
5242
5116
4405
5426
5539
14326
6055
5025
5465
5929
7466
5503
4999
7460
10655
5427
5354
5258
6315
4691
4611
5726
7015
6294
5223
5472
5875
5458
4785
5490
4957
5144
6450
4322
7614
5690
2838
7974
8068
4745
5076
7502
5228
8990
3302
7966
5937
5459
4482
8895
9073
5452
6117
5914
7064
6663
11414
8860
4881
5185
5505
5952
6215
6417
4838
6444
5101
3991
7562
4722
21194
5899
7753
5866
6731
5003
5272
9125
11786
4585
5834
5206
6189
5177
5316
6796
4142
8938
3428
5820
7144
4973
5603
4309
5824
4267
7367
5092
10335
5013
4825
4623
4938
4750
5145
5931
5218
5036
4030
6366
6545
5721
5564
5739
8903
5887
2586
6345
4256
4604
4499
6229
6921
6104
5697
7318
5586
5308
8013
4956
11438
6149
6601
6730
7897
10962
8170
11912
6152
11926
4831
6191
5139
3503
10108
5857
4992
5035
4771
4784
6791
4750
8253
6029
4101
5816
6694
4885
6816
6334
5198
7448
8525
6990
7295
5143
5365
3135
6888
4569
9187
7268
8133
6314
5803
4641
5397
5672
10556
5979
4575
5168
6736
6605
6356
6266
5069
4853
5563
5778
4691
6537
2256
4854
5530
8060
4152
7563
4247
6471
5576
12797
4922
5666
3603
4949
5407
5911
13370
5230
4555
4952
5120
5785
4877
6202
7411
4938
8824
8637
4885
7067
7143
4861
4787
7194
4406
10448
4812
5283
6685
3734
5607
3985
5207
5265
5572
4618
6286
5000
5449
5455
5129
5137
12763
4764
4713
5206
1880
5307
7028
5672
5621
4902
7034
5131
3435
5555
6911
3600
5222
7503
3800
5288
6499
4935
5363
6352
4969
6093
5842
4246
3509
4235
5129
4728
4592
5001
7741
5286
6429
9676
5999
5651
6384
2864
4111
7829
6760
9474
6019
7506
4355
6515
6345
6463
8501
5859
5975
4720
5023
7102
7817
5485
4435
3641
5524
10765
7149
5478
11758
5641
4515
5313
5465
3586
4283
8864
6339
5165
12998
5511
5706
4915
6807
4646
6384
4928
4798
6766
4087
5096
5969
5032
7375
15940
6492
4833
7614
5389
7232
5170
7017
7411
4659
5389
5802
4379
4721
7023
6343
6936
4942
5538
6993
6328
4909
6205
5577
5336
7397
7522
4311
7919
3764
5475
8162
4094
5081
8272
5192
4518
11271
5151
7721
7101
7604
4847
5923
4076
5937
5516
7038
10385
5475
4119
10186
4718
5086
7314
4701
6112
7722
5280
8536
6656
6412
5009
5952
4977
9231
4709
53979
5529
4648
5669
5481
6470
5384
6629
4282
7704
6943
4952
4103
5707
7082
5269
7221
4732
4020
5394
5239
7578
6153
20830
10907
4837
6555
4674
5011
4501
5674
5422
3591
4405
5576
8642
9715
8117
6043
2902
4457
6821
4422
9075
6594
6506
5440
14885
4101
6382
4928
4827
8218
4285
4231
3979
6263
5188
5323
5293
4094
4210
4159
5285
6433
5249
5719
5316
7023
4491
7365
8247
9908
8321
6467
5216
5000
4273
7077
4911
4855
5604
6333
7997
7235
5473
5180
4895
4975
12838
5934
5955
4865
6371
4932
6475
4695
5050
4546
5863
4502
7331
6684
15615
6533
5162
5930
6269
4342
5651
5193
7097
6706
5170
6249
6759
7274
4335
4058
4702
4766
5863
7545
4492
8311
5551
6837
7159
7385
7307
5877
4294
5703
6729
5229
7759
7825
4996
4180
3531
5105
4712
8404
4751
4637
8591
4799
4422
10573
5598
4639
4903
5473
5440
5800
5816
5746
4483
5078
9563
7374
6298
6886
7845
7265
7739
5899
4570
6984
4588
4640
8222
6229
12091
7268
4898
7603
7193
9182
6124
8167
5927
4111
5557
5315
5575
6413
6515
3400
5171
5581
5315
5134
12644
4003
4239
11359
4659
4099
6917
5669
5573
4990
5532
4019
4133
5949
4721
6860
4927
5957
3636
6526
6664
6866
4945
11121
5073
4316
7955
4992
5551
7660
7405
5457
3887
6630
5326
4256
4259
8013
3995
7574
4905
3618
15611
6680
6832
5197
5778
5755
3751
7019
6389
5417
4802
5626
4830
4952
4525
5883
4681
4616
4032
6785
8954
4923
5150
18541
4764
4525
4694
7307
15556
9506
3441
6232
3677
5141
5039
5615
4818
7619
4240
5778
14001
4582
4395
6162
6672
7705
7175
6020
5222
6733
6272
5690
5589
6638
8199
4566
6086
4976
5445
4923
5374
3183
3744
3432
4861
4290
6006
3412
5626
7787
6582
4827
6318
6189
5343
5701
6444
5783
3935
5089
6281
6850
4590
8071
4952
4007
8426
5469
4743
3841
2067
4427
3689
6010
4670
3774
5050
9143
3787
8402
4212
8821
4523
5829
6103
3560
4623
4404
3713
7204
7503
9778
4648
5396
6543
3754
5737
8577
5226
3112
5275
6794
6601
12974
5078
4980
7584
4930
8259
4167
4786
4898
3863
5419
4753
4278
4447
6439
6345
4492
6255
9349
3638
5785
7698
6043
11465
6230
5257
4930
4297
4780
6278
4087
13993
5600
5550
6318
5251
8389
4993
6497
4788
4917
4607
5246
5932
6667
7051
6641
7365
3869
4563
15540
4558
6706
7247
4919
4632
6154
4747
6021
5444
6283
4635
6708
6397
3750
4975
5193
5953
6446
4638
5266
5341
4819
8566
6318
3821
5910
6199
5466
5192
7716
4744
4278
8709
6452
14506
6966
5403
7477
4990
5711
4907
4178
20717
4404
6878
4408
5189
4591
7737
7404
4767
8048
3960
6135
7586
8418
6951
5186
4147
11225
5638
6375
6419
20381
6041
11112
6546
4503
9815
4104
4033
5537
4835
5032
5582
5786
5293
5482
5988
8136
4980
4520
5825
5958
8079
326861
5854
8092
7288
5103
8207
4507
5674
5401
4675
5560
5753
4247
5611
6320
7997
4038
6874
6776
5717
6050
4959
3935
6131
6302
4482
8892
6010
6748
9862
4745
7203
7186
6464
4644
8118
4699
12053
6113
6422
9298
11543
5337
3785
6698
4881
10339
5404
4940
4722
4067
3014
3582
5039
6885
6443
3913
6153
5026
4970
14165
7187
5078
5937
7082
7447
6329
4964
5462
3834
3764
4912
6133
6452
28586
4438
4369
5171
4771
4448
6898
5835
5711
10069
9179
4275
5259
5185
6645
6369
5716
5612
4656
2398
5718
5384
5754
11010
6036
5438
4414
5183
4888
9620
6782
3674
7037
3470
7887
7617
3741
4760
8837
4956
4797
8890
6451
9074
7221
5828
10920
5631
7498
5487
3454
2554
6329
4996
5504
5810
5649
6559
4764
4563
4607
3876
20874
7792
8992
4945
312330
4044
5284
6383
6139
6397
6753
4461
4091
5921
5288
5503
5901
3718
3582
4949
4841
5563
4183
4930
5225
7521
5168
9541
8599
5444
6578
4988
5889
5321
5678
6405
5732
5102
5361
6749
5844
5570
8801
5974
6413
8195
4422
7824
4274
5497
5981
7852
5387
7221
7002
5146
8091
5235
5721
6947
4935
25390
3940
5234
10828
7477
6097
6792
4616
5034
5745
8269
4514
5651
6823
5909
4881
5288
6335
5634
6511
6062
3396
6048
6929
4575
4183
5800
5119
4793
5811
6433
4893
5014
4232
5238
6043
5876
8855
3771
5084
9104
6517
4721
5377
8763
6642
9226
4792
6366
5313
7053
5131
5027
6864
5360
8967
5647
5272
4980
4501
4939
4305
4396
6563
5840
6785
5576
4049
4436
7261
5538
3874
4122
6406
4773
7768
4358
7573
9661
4984
5792
4044
4544
7050
5037
5962
9559
5179
4451
7272
4674
5344
6188
5382
3647
5053
5837
5099
5288
12029
7093
7593
5219
12376
6993
5571
6870
4621
4847
6893
5539
9891
3353
4299
4658
11910
7020
7822
5134
6804
5555
5064
9141
8628
4372
7998
7667
3880
7670
5353
4818
3954
5632
6477
5163
6319
4619
5252
6738
6726
5326
7900
4773
5781
5008
9050
5471
4800
4418
4610
4544
10351
4167
9864
5150
6634
4586
6300
7301
7630
3901
4021
9248
6976
5739
5385
5604
4131
6340
8834
6740
4259
5363
6686
5332
6026
6294
4994
12656
5497
4720
12305
4968
5818
5507
7054
5501
7171
5691
6636
6408
6482
4887
4721
4238
4748
5161
7671
4596
5177
5502
5672
4711
5522
9710
6022
6867
5388
7577
6830
6504
4613
7030
3923
4534
6547
4526
5435
8436
7455
5356
8475
4270
12149
9828
6469
5950
6689
4477
5240
8958
5074
4761
5007
7905
4575
3251
5635
5033
5706
6409
7674
3210
4076
4036
7682
6005
4875
5490
4671
5833
6799
5525
5917
4667
7479
6282
4695
12444
6050
4620
5754
3073
4101
6869
4657
5118
5249
7158
6134
4726
6265
8937
6421
5673
6525
7808
5273
6515
4971
7776
7845
7774
6850
4416
5297
5849
4963
7693
3871
3418
25901
7790
4459
5614
8481
5857
5828
9429
5495
4862
6002
5172
4815
9996
4998
5037
8907
7737
10302
3751
6106
4706
3640
4519
6210
3429
8692
4210
5357
5755
8321
4510
7051
7209
5975
4722
4927
4856
4260
3724
4638
4509
7315
6108
5252
3667
5629
7188
7991
4701
8713
5161
6164
6902
4043
5504
6672
7355
7642
6579
5678
6349
3585
3951
3710
4306
6299
7291
5287
8221
4346
7463
5305
2761
5758
8163
5826
5016
3766
7801
4128
3405
6241
7634
5064
5042
20417
4664
5701
9211
4361
6199
10662
5967
4734
6366
5549
5156
7343
6481
6997
7488
4890
4890
5218
4751
7606
3618
35889
5310
4548
4424
5100
4310
5178
4057
5199
4701
5554
7243
6545
4128
4620
6695
3403
4404
4642
4990
5150
8455
6961
23920
4021
6916
4327
4785
16301
4770
7817
5461
5232
5250
4792
6440
6094
5744
6634
5340
4802
7240
4866
6270
6122
7944
6283
8167
4798
4725
7280
5804
6483
5733
4971
7436
4375
5779
5997
4772
6726
5941
6467
5692
6240
7859
4665
7937
7000
7237
5931
6320
5578
7279
4974
6573
4936
4426
5056
5778
7588
4872
4086
3847
4443
6410
6348
4869
4897
4146
4562
5181
3428
5078
7013
5216
4667
5122
5425
4945
5899
6554
5656
5652
5486
5293
5919
7784
6581
6078
4935
6080
5672
3991
5488
7328
5494
3852
6814
8135
10584
4732
3251
6300
9195
4821
8985
4974
5800
7690
4729
7109
7719
4735
18061
4193
6921
4983
6186
5447
5044
9331
6139
5210
7134
5543
5295
5864
6385
4029
6172
5080
4810
4774
7049
4461
4922
5040
4903
3840
6135
4318
6034
5164
5331
5172
7047
5255
6221
5078
6706
6190
3046
4604
5848
6292
6119
6992
6427
4551
5687
5614
4907
5367
6495
8336
2231
4845
6669
7002
5511
6026
5169
7526
10606
7597
4032
6641
5563
3813
7095
6543
5608
7077
3395
6698
9565
5739
6884
3535
10218
3395
6189
7982
5004
4521
4017
5557
3994
6154
5000
4899
5636
6526
4550
4544
4527
5633
6686
3949
4047
4253
5860
7623
5565
5204
7326
5143
6525
6204
4673
6238
6683
5142
4972
6782
5975
12057
4215
7168
7992
4971
4815
8312
5739
8973
5326
5307
6672
8072
5364
5622
4795
5340
6683
4836
4691
4298
6370
5604
8143
5533
5113
7515
8491
7848
7469
5307
6035
8014
4569
4028
5688
5221
4512
4376
7517
5104
4863
5574
4741
4782
5258
6178
7611
4542
10033
4176
2546
9029
5389
4964
3842
4796
8455
3996
3447
4319
4700
6316
8409
5912
5324
6075
3057
5822
6150
6208
5844
7090
5827
6522
5546
6673
4991
5695
7343
10561
4081
5564
10192
5249
6440
5111
5435
4265
8368
4876
5353
8196
8020
4745
7012
5082
7611
5704
6724
9955
4607
8220
6875
7055
7683
6421
7497
8717
6659
4515
4728
5602
5816
4728
6850
5406
5114
4014
6912
4914
4953
6647
6213
5940
4787
5045
7432
7182
7168
3693
4475
5248
7179
5397
5010
3974
6656
6911
4194
4362
6839
6898
5735
5379
5051
3979
4813
5651
3794
6164
7528
6999
5510
5063
6078
7062
6361
8311
5992
5600
8327
7554
4613
6674
6813
4410
6833
5674
3749
5840
5855
3551
5788
5347
7333
4638
4315
7715
5675
6401
5188
4615
4184
6524
5424
5379
6726
4920
4158
3835
5097
5130
4253
4858
6058
5001
5611
5884
4820
5374
4833
5378
6791
5957
5043
4880
8132
7692
4580
7434
4820
5975
8711
4090
6127
3183
5491
5054
4329
4705
8237
8077
7342
7340
6081
5344
9383
6216
6747
4960
5740
4009
3443
2845
5925
5743
7062
7252
13319
5599
5804
4801
6237
5098
2653
4370
5904
4769
7285
5374
4490
6082
2870
6036
3666
8557
4907
2988
3855
6264
4461
3112
6135
4363
5202
4917
10603
6169
5013
8650
5163
4247
5174
4139
3795
6516
4713
4916
5903
3955
7722
7171
5171
4546
6110
4838
12290
20109
6809
4653
7277
6093
5633
4698
5293
4608
5276
7760
7408
6414
8879
4743
4796
12610
5533
5499
5596
4949
4026
6329
6086
5625
12475
5301
5767
4962
5134
9137
11355
5246
4013
4741
5341
7716
5083
6882
9817
5852
6469
6790
5717
5500
7224
4685
4666
7345
5599
6625
6704
6735
6574
4948
5530
5390
3974
5879
9254
4757
3903
5818
5739
5592
4302
5336
4526
7283
6234
6715
5087
6207
5702
4288
5846
6211
6366
7898
3908
4924
6586
4975
5383
5269
5299
5670
21051
6100
8336
7605
4556
5787
5081
4773
7641
4274
4432
24903
4908
6560
6058
6024
4886
5728
4372
8767
7848
6343
5774
7960
5485
6101
5036
6838
5125
3657
5216
5385
6636
4767
3709
3706
6538
8288
22318
5263
6052
4865
5623
6467
6255
8034
5030
5739
10493
4161
5398
5226
6291
4959
4942
3523
6185
4237
6551
6382
11838
6655
7632
9227
6419
5122
6663
4927
6666
6121
5146
7944
5891
6671
3911
5642
3905
7133
6781
6534
5561
4957
6014
4219
5656
8343
7113
4970
7432
20611
5674
4697
5966
5815
5630
6750
8227
3555
3808
5051
5835
5061
8314
3534
4919
5856
5122
4637
8359
6064
5505
7234
7883
4682
5182
7693
4508
4648
5816
5005
7006
4334
4721
4919
6673
5299
5289
4353
11871
5000
5126
5584
8807
5907
9108
5511
8523
5794
5023
5213
6429
5520
4379
6721
4581
5394
5285
5842
5349
5604
6668
5456
5742
6815
2742
4916
4940
5356
3881
13384
4710
3222
4554
4745
4798
6929
5408
4953
7453
5116
6919
6897
5626
3002
6810
6369
6799
5973
5395
4916
7778
5205
5787
4289
6178
5718
4783
4073
5928
6503
5498
7362
7491
6061
4662
4895
7550
3641
4757
3128
6384
4070
5139
5456
8908
7013
4090
6096
7442
4035
4613
6260
4848
5641
5296
5978
4491
5393
4889
4715
4374
5748
7580
4583
5107
5838
4307
5512
6433
5928
5235
3219
6625
9166
5836
8194
5175
7593
4831
5581
9559
5596
6066
4575
3489
4709
5177
7450
6212
4860
12314
5333
6209
5134
5056
6096
9020
5095
5441
7979
4812
7233
6928
5219
11190
4615
4104
4782
6029
5577
7008
5338
4916
11417
3704
5464
4455
9605
5073
3772
6785
7857
9686
6146
5645
16873
6245
4656
6260
5036
5266
6833
5558
4531
5476
5190
7291
5514
4759
4352
5164
5570
11830
5584
7122
6484
4980
5140
6912
6835
6782
6550
4286
6407
7704
9909
5815
6089
4920
5296
5290
7428
5969
5518
7447
6216
4395
6098
31478
4177
6067
6448
5057
5419
7533
13305
5756
7017
4592
4005
5571
9435
4906
3782
5645
5695
5731
9566
5448
5703
4828
5478
4357
7149
4398
4989
7554
4718
11356
4379
6890
5759
3485
5416
9830
4927
5723
6944
5619
4287
5411
8184
8852
4718
3876
6001
4052
5491
4286
4780
6407
4465
4468
3670
4424
4828
10365
7503
6727
3518
6714
5573
6801
5453
4714
6262
6886
4565
6067
7980
7758
4047
12121
5674
7498
4957
6303
3647
5313
13124
5371
7613
4970
5645
5147
5930
4414
9307
4260
5081
9576
6736
4361
5860
8493
7686
5475
4330
5099
10237
6937
5097
6120
5292
5966
7463
4206
5105
8230
4906
6644
5032
6327
4892
4977
4396
7316
7721
5576
5092
5909
6711
5372
6800
3950
6258
9438
5701
6354
7869
9808
4889
5118
6933
4340
5420
7518
5455
6291
6361
6794
4188
8021
4484
4736
11809
16828
5922
5149
4756
6999
5041
6548
9780
5535
8041
5664
6567
7684
5565
5435
5473
5875
4882
4509
6916
5147
5006
5596
5161
4692
6116
7701
3546
4911
9919
5165
5855
5960
4279
5767
3957
5155
5752
4571
7059
5694
3497
4637
6640
7503
4384
7860
5209
4791
5307
7281
5000
5231
6908
6527
4514
4605
5084
10876
6813
6139
6076
4763
6978
6870
4922
3123
4115
5589
8446
5079
4688
5615
5720
6134
3569
5270
4940
11051
5455
4229
5977
6047
4535
6156
4545
6900
6231
4530
7713
5990
4987
5835
5242
6161
4496
5086
5232
5854
5315
25213
6679
6564
9231
6114
4452
8971
6329
6506
7121
5905
4791
6326
5107
4924
2528
4684
5167
5629
5178
4779
4927
4745
8092
6160
4297
9709
7995
4884
6326
11690
8949
7495
9759
6652
1811
6519
4887
2882
8539
4038
4034
6147
4989
5202
7311
5227
5995
11861
4869
5578
7979
4588
4605
3898
5633
10234
4302
4686
5522
5446
4972
7421
5386
5537
4259
5067
4632
6778
4302
8383
5087
5063
4787
5034
6349
5591
4644
5682
4808
4144
5429
7133
4340
4859
5792
9062
7384
4852
38988
5387
4586
4337
5596
5664
4780
5442
4392
6214
4591
7880
5086
10526
7937
6124
3489
4291
5711
5316
5103
4894
5854
6194
3666
5252
6319
6098
7027
8101
3765
4424
5641
4758
4431
6212
5930
5549
5405
5502
5518
9186
4888
5904
3656
6712
4376
5018
5482
4043
5616
3937
5499
6395
9538
8133
6378
5491
7465
6865
5330
5838
6955
5531
5734
5410
4853
9780
5410
4189
4969
5224
5399
5841
4701
6527
5763
6331
7018
4558
4611
5040
4972
5290
3765
4412
5867
6044
5034
6474
3909
4964
4222
6636
4835
6336
6812
5255
7347
7161
6413
6069
5317
4813
6785
5186
5662
4185
5976
5828
5521
4922
5440
5751
6564
8547
9785
3995
4396
6395
4669
5257
5656
3527
4359
5908
5674
5124
5048
5875
4105
6001
7230
3383
4969
10139
8518
5189
9554
7603
4859
6338
4621
4823
6782
4871
6040
5794
4895
6447
5776
5989
4968
3973
6472
5393
5387
10267
9291
5158
4961
5161
5140
4434
3659
3894
5410
4159
3872
6644
3682
294944
10016
4890
5558
5138
3956
4814
5372
5793
5573
12580
5779
5546
3937
4608
5504
4543
5848
5827
3978
5867
4106
5716
12558
5213
5499
5970
3912
5753
4649
5494
5206
4534
17616
3375
3702
4805
4554
6646
4683
6855
4897
4974
10105
5301
4677
6745
10629
6900
6108
4741
5046
5009
4633
4990
4281
4519
5602
4237
4629
7570
4987
22358
5467
5152
4777
5426
6253
5095
3717
4980
4828
6156
5531
5040
5257
18250
5791
6782
5779
8590
4544
5356
4866
7921
6282
2750
6098
5673
5973
6863
5151
6213
4192
4713
7040
4257
5423
5269
5122
6766
5298
5161
7365
5636
4636
6681
5562
4832
7245
4767
6678
6439
7143
3535
3669
6654
5998
5944
4527
5078
4608
5075
9144
4812
5021
7822
5424
7725
4933
5985
5578
4796
5007
5252
6081
5529
4700
7239
4607
7176
7998
4885
3290
5266
4796
3667
3898
20686
4343
7303
5274
7006
5067
6879
8423
5248
7181
4873
5574
5686
3964
4544
5464
4776
8733
4955
5250
9062
5149
3780
4384
6261
4029
6860
5401
5636
6898
4512
4590
4979
5699
7811
5489
4848
5084
6561
6497
5479
4152
5044
9519
6146
7971
7501
4395
5003
3866
3953
5343
6832
5386
7691
4635
5784
8403
5849
5001
7055
7918
8845
3981
6793
5051
6178
7659
6520
4862
5474
5487
6710
4304
5696
4651
20588
8642
5734
19645
8820
6782
4882
5300
3802
5221
7740
5937
5178
2636
5987
7030
5552
5540
5999
5335
5165
5037
5574
6629
5359
5541
4495
6871
4200
5593
4825
4690
21865
4797
5319
13282
3558
7225
7991
5386
4294
4251
23907
20274
9408
5372
8509
6349
8957
4295
4766
4201
6463
5457
5045
4998
5515
5022
7360
3715
5060
22142
4349
9004
7226
6677
5149
4768
6337
7623
5526
5730
6242
3829
9899
6408
6544
14832
4805
11675
6653
5978
7755
5907
5523
4939
4195
5380
111287
4963
5025
3489
18207
6993
9696
4887
5518
5423
4092
5709
5712
6823
20283
4174
4686
5652
7832
4994
7249
4544
7371
5079
3462
6030
8606
5872
5572
5325
4320
5307
4787
5433
5149
7103
6925
6538
4297
9123
6874
5319
4872
6521
4810
5144
3996
5242
4425
11149
5347
6990
5235
7497
5580
4031
6179
6758
4769
7634
7699
5980
5198
5460
3955
4932
4473
4240
7572
6597
4837
6063
12516
4037
4773
6851
6483
5038
8197
3751
5025
5845
6160
5269
7142
5229
8853
5482
5003
5109
6606
7627
8387
6016
3974
3614
5589
5524
7076
4658
5886
6881
11285
6587
4559
4383
9324
7532
7267
5557
5663
5850
5678
5612
5292
4394
4763
4022
3973
7030
5922
5170
5621
5095
6807
7111
5649
3797
7557
8599
5739
5402
5299
5080
5252
7458
5111
6171
4749
22180
6035
7946
8383
4947
5191
4268
11688
5966
23877
5390
5268
7121
4923
5671
7496
6266
5880
7523
7451
4936
5627
5271
5104
5657
6991
5897
2671
5163
4912
4871
6646
10681
5232
5792
4265
4067
3949
3423
6897
4643
5973
4951
5172
5799
4367
7691
5436
5112
7879
6310
3962
8172
6930
6152
7396
8109
7746
3374
5514
4711
10671
6168
5396
6780
6351
12463
4954
5372
8424
6302
4600
8941
6346
5566
4027
5807
5369
4677
8199
3958
9647
4995
9904
11092
5071
4708
6101
6611
13090
5181
5396
9745
6027
6244
4714
7226
5293
5707
5242
4488
4437
4914
8193
4775
5996
5218
5333
6528
5017
4672
5378
12673
6289
4333
3567
5832
5286
4415
5495
12449
5163
5118
6116
4642
8628
7181
5568
4046
6655
4981
4816
9273
5035
5600
6867
4610
6247
9174
6226
5463
5756
5443
4922
6870
4942
8482
4513
6603
7273
6864
7565
4998
4146
4445
8494
4712
4459
4993
7738
6285
5391
9442
6167
5987
7868
7650
6532
10794
5148
5515
4576
4793
3773
5136
6121
5182
5506
5071
5181
3524
7249
3953
5445
9913
9412
3774
5822
7106
5520
5155
7993
4949
10162
3474
8801
4931
7103
10188
6229
5665
5201
6223
4170
5478
5153
3684
6928
4195
7386
4988
6909
6215
4900
5692
6239
6454
6063
5951
3003
6202
6520
4993
5981
5237
5375
8857
8669
5516
5609
5458
8967
5298
7180
5050
5198
4597
7023
4724
4849
5804
4626
5331
4619
6293
5499
7939
5993
10768
5320
5220
4780
7993
3387
4913
4730
4948
5448
4194
5240
4952
7204
7114
5048
5980
5466
7767
3985
4979
7216
4888
7519
6279
6480
5289
18807
5196
4574
5461
5056
4354
4269
6301
4540
7415
5293
6354
4923
6548
5292
5220
5230
8970
4535
6073
5195
5800
5735
5185
5914
7833
3553
4130
20501
8281
5530
4896
4326
3247
5447
5206
6964
6245
5533
4820
5552
5843
5664
7106
5135
5094
4559
3725
6183
4713
10185
8301
5119
7677
7416
5993
6527
4917
6063
3376
8653
7133
7825
7345
5972
3810
5262
5556
5150
4549
5279
4478
11391
8880
5779
7561
8882
4466
4772
5700
6427
5588
10697
4083
6653
5091
4745
4909
5270
8215
4748
7967
4884
5155
6114
4509
7241
5374
4957
7883
5159
6901
4746
9280
5705
7555
9145
6087
4384
4890
5337
7141
3869
4502
5027
6248
8415
7344
9197
5559
5201
4684
5094
4697
7115
4780
5427
6522
5369
6016
4643
4485
2744
5370
5861
4527
4538
6377
6742
5098
7526
4087
5934
4592
3548
233381
9692
4961
6236
8010
6597
4918
7393
4978
10356
8459
6562
5077
4557
5424
4328
6019
6916
6712
7693
4903
5066
5061
4769
5329
5764
5448
6991
3823
5590
5144
7782
4954
3944
7494
5130
4508
5371
5151
4816
4225
7591
4717
6651
4621
9386
4750
4921
4922
5719
6678
9115
6448
4769
6921
7533
4784
8465
6165
5560
4838
5060
4439
7856
3762
5040
4305
6286
5440
3095
5190
7214
3753
4937
3214
4069
4999
5264
5349
5403
6564
7424
6020
4372
7344
5217
10600
4641
19015
5695
5126
5506
3183
6349
4033
6919
6168
4088
7831
7614
6386
5597
7066
5963
4038
5923
5262
4640
5285
3705
5679
4934
5908
4391
6823
4839
6150
7198
3517
5048
6834
5073
4639
8192
4424
4051
17405
5865
6405
5195
4240
5507
8127
5033
5656
3458
4892
7056
22858
5441
6740
6422
4183
9217
4721
4762
5164
6033
6064
12509
6164
5193
5144
5037
6371
9294
4444
5263
6685
6829
5508
5294
4976
10309
7030
4681
7780
6085
5118
4273
4887
4773
5581
6019
9892
7806
7492
6181
4842
5127
5808
4520
4404
4484
4628
12305
3496
5013
5880
5409
4622
7616
7258
5586
5480
4404
9387
7026
6944
8318
5341
4629
6666
8005
5615
5666
4360
5642
6244
8245
6957
5529
5484
5341
5588
5428
36830
5212
5591
4452
3986
7414
4463
4557
6056
6034
5962
8086
3776
5657
5810
7691
6437
9549
4438
10680
4866
7906
11605
3766
3879
6089
5043
5624
5476
5794
5659
7015
5329
5562
4005
10788
6131
4774
5328
6268
5466
4743
13208
5092
4402
10869
4458
4492
6625
7763
7205
14217
5876
8358
9295
3910
6227
4424
5224
5618
4677
9374
7874
5085
6921
4879
5881
4747
4462
6862
5596
7623
6357
5008
5458
6519
4303
5217
4844
4806
6558
4901
6947
4214
5051
7195
3394
6214
4953
5374
4236
12581
4156
4695
6340
6320
5654
6265
4715
6998
5349
4892
4289
4920
4907
6557
5382
7131
5182
6497
4763
11391
7028
6185
4816
6260
4129
5857
3836
5881
10667
5236
4601
3943
7530
11534
3908
5174
6430
5664
4661
8366
21186
6839
6708
7960
6026
4417
5356
4631
3534
7145
5017
4801
6680
5188
6405
6357
19277
4866
5978
8435
6323
8176
5827
5901
12251
6401
5939
4676
6384
6882
5832
5143
5901
6460
4516
4745
8157
4929
7019
9002
7176
7986
2326
4667
9793
5288
8400
2919
5629
5435
6703
6575
5494
15289
6856
5369
6515
12459
4075
5108
5576
5493
4261
5389
4897
7559
5763
6304
5249
6951
9791
5125
5714
13478
4305
5712
6365
7764
5304
13880
5307
5213
5930
5104
6026
5309
7303
5579
5017
7641
7078
6112
4619
8405
6773
4558
4900
7173
6992
6012
7497
4612
4787
4643
5642
5265
5915
5841
6825
5300
5377
6054
4621
4848
8176
4011
8372
7887
6674
5238
10404
4577
6033
7990
5348
4189
4331
6332
5898
5985
8141
6914
5109
5415
5097
5419
5100
9285
5166
5471
3905
6562
4933
3324
5443
8010
3926
6977
5726
19328
4498
6623
4876
5941
4414
8212
3842
4890
5091
8638
5526
5329
4160
4800
4554
5043
5134
8670
4965
6761
5787
6206
5872
5422
4890
5171
5113
6814
5035
11254
6049
7811
6164
6351
4567
6953
3645
11346
4910
6576
5956
5380
8321
7690
4607
7994
6833
6669
4817
5341
6121
9491
10316
5955
6734
6674
8599
5265
8080
5917
4274
5041
5745
4462
6127
5631
5769
9575
4805
8141
4453
4658
5731
7968
7118
5490
5033
5580
6535
9201
6195
5934
4228
8457
4314
7219
1609754
6657
6470
4452
21461
8464
8151
4624
4649
5039
5143
4862
4926
7461
5313
7209
8842
5602
10194
6104
3066
4990
7038
7313
5384
8091
5297
6543
6681
5283
7186
5973
5732
4219
3535
5514
5766
3751
4284
11898
5209
9116
5652
5263
5872
5780
5297
5796
1923
9792
6793
5380
4623
6643
5395
5451
6348
5678
6618
4636
3780
7529
5341
4402
5905
5093
7416
5836
5028
5686
5064
5118
8434
7080
3777
5483
5233
8310
8158
3918
4526
10045
5082
4389
8861
5411
3950
6457
6027
6089
5001
7043
3939
17387
14024
4430
5635
5761
4497
4980
8573
6207
5574
4739
4679
4882
5424
6099
4682
3796
6303
10749
5005
5973
7582
4867
4499
7663
10389
9595
6308
5687
4557
4158
5188
6288
3711
4898
7681
5039
4968
5952
5905
5449
4759
5500
5792
6864
4899
4891
5506
350539
5373
6608
6776
4809
6213
5533
4773
5795
4805
6108
4306
4604
7522
4210
4914
5282
6488
5398
6570
4912
4106
6118
7889
6034
3687
5407
4731
5758
4625
7053
6665
5602
8754
4869
5380
7111
4837
12105
7504
5861
6561
4280
5102
4625
5561
6389
6624
7692
6004
5989
4457
5186
3709
4460
7204
5356
5292
5622
4982
4374
4947
6085
7142
6427
5431
9705
6142
8314
4972
3870
4753
4397
6566
6326
6275
5461
3803
9209
4583
7855
6760
14339
7194
13066
4935
6980
5247
4469
9533
3938
7154
3629076
5894
5942
4728
6078
5481
3807
8532
6051
6145
7489
6039
3057
5845
6970
4317
5711
7161
4002
4503
11643
6171
8077
9401
6114
5165
8344
5832
5258
5289
7818
4789
5477
6336
4882
9510
5269
8613
5497
5750
8178
4644
5179
12210
5036
6447
6525
6374
19008
4644
7033
4489
3829
6605
6071
4825
4369
6473
2673
6468
6109
6465
5087
7478
4984
8788
3732
4919
5767
4782
4465
4782
5845
4413
5006
6409
4993
7828
8287
5327
7462
3142
5130
5988
7367
6242
4823
5315
3668
5923
5109
5496
7763
4906
5473
7518
4152
8779
8218
6276
9299
6507
4720
9242
5584
4914
8157
5653
4226
4631
1707
3946
4541
4274
7396
5249
5349
9203
2528
4944
4801
6473
5001
6545
6383
4972
11325
4854
6842
4188
5193
5259
8145
4539
8497
3214
5277
6515
5174
5114
10220
6107
6243
7500
6484
4521
7225
4797
4175
4598
5646
10594
6382
5248
5030
3787
21994
6901
5353
6842
8199
4994
6720
2471
5491
5492
5638
4633
5112
10961
4359
5390
7578
6282
6642
5299
4741
9916
5343
6610
7629
4343
6758
7690
5557
6465
6549
10312
5825
8000
8062
3813
4679
6033
7984
5649
6343
7343
5769
5221
9417
4394
19697
7217
4829
3950
7421
4340
4443
55010
7736
5095
4835
4879
7478
6820
4702
5280
4260
7513
6275
10347
6236
4891
5793
4810
5316
4728
4908
5741
4769
9625
4283
6526
4996
5261
7012
4898
5338
6825
5854
6553
6479
3533
6259
4792
5290
4219
6326
5411
5530
3771
4896
5697
7014
4621
10585
4256
7712
5588
5117
7605
10713
4122
5873
4217
5601
4466
5898
6180
4514
4769
4943
6475
9953
3692
7935
4894
11560
7354
6336
9497
8117
4429
6209
5747
4768
4847
6127
5292
4346
7039
8671
4272
5981
11427
6669
6704
6294
20389
5571
7020
3937
4902
7248
4795
4836
6384
5561
6551
5500
3970
3794
3965
7793
4767
7331
3008
6360
7764
4979
4825
11112
5098
13611
7363
5392
5411
7900
5583
5986
3860
5376
4461
3382
5016
9093
3577
5381
8516
5452
5251
6755
4402
7346
8547
6134
5317
6321
5233
7057
4724
5793
6115
6125
5169
13604
2636
15920
5587
3668
4110
8003
4613
7201
4360
6360
6058
7085
5832
5620
4702
5858
6883
5837
5961
6273
3349
6834
7542
6457
3762
7773
5574
6043
9391
7136
4919
5511
4711
6017
4486
4954
7448
5906
4021
6345
6401
5088
3531
7221
5478
6054
5768
4898
5514
4981
6511
6230
6619
5250
3377
8849
4595
3729
4134
6579
3876
4612
5088
6171
4393
7761
5670
6411
7295
5239
5332
4588
4801
7380
5109
7409
6168
5148
4722
5993
4764
6394
7846
3698
4458
6895
2645
5251
7089
4972
5963
8598
5504
4544
5475
7257
8220
8292
5338
5473
6337
6811
8303
7301
5991
4803
3653
7195
8215
4621
4600
5010
4596
6294
7656
5826
6498
5680
5143
3261
12488
5891
5637
8568
5473
4703
7110
4414
6498
6741
5927
3846
9708
6920
5558
19627
4582
10321
6047
4678
6764
6800
4478
8475
9025
4256
6201
4863
6012
6922
4441
5149
3209
10302
4920
6556
6664
7517
5035
6965
4411
8228
5089
7166
4735
4829
10401
5344
5414
4400
5142
6107
2920
4318
5630
5703
3647
9238
4950
5184
7464
5148
3530
3784
6447
4841
5466
5041
2893
6002
4474
4617
3776
5954
6690
6191
3738
5901
8223
8391
8035
7823
8712
6581
5662
4952
6268
5761
6077
7057
8034
4457
3490
5806
6164
4413
4673
7052
5053
5965
5485
4419
5196
5555
7087
4225
3901
3814
4820
7000
4106
7640
8664
5353
5608
5112
5823
7275
4651
4300
9154
5051
4712
6641
4888
5432
3970
7033
9150
5541
4393
6297
4499
6088
4790
3386
6255
6360
4843
5448
8387
7714
4305
6114
6355
5980
6519
9420
4850
6869
5962
6824
5864
10056
5673
5160
4990
6767
5029
4915
10832
5946
5059
10167
11847
7174
5960
6976
6518
2503
6287
7645
4274
4920
4586
3572
10054
5242
6156
5719
7860
4412
7363
7521
7878
5702
6895
6249
5311
5630
5285
6097
18122
6378
10037
5312
4815
7822
7967
6524
9094
6379
4818
4501
5050
6248
5742
7653
5858
4167
19726
6750
5925
6354
11461
5454
4721
6106
2844
7489
10413
4745
5699
10864
6480
4770
6254
5266
5096
7612
5420
8083
5221
4738
8492
5017
4277
13169
5652
7290
6087
6766
5278
5883
4982
4991
6296
7976
7115
9161
3495
9428
5524
6275
5907
6110
5052
6097
6910
5413
5830
5641
6104
7952
6577
5605
6632
8239
6750
5524
5170
7697
5409
5702
5318
5362
7213
4512
9059
8785
6960
6602
4240
6356
8062
5797
6425
6923
6323
7643
6291
3947
4895
6050
4605
9602
5526
3708
6409
7305
6488
5186
6624
5888
7633
6999
7467
5956
6458
6216
6227
5105
4919
8859
5713
5986
4589
5178
5125
10375
5065
5326
7568
5334
6474
5810
6270
5151
22288
7484
5434
12409
7594
5316
8562
7790
5821
5910
3870
5782
5379
4992
7691
5579
7595
6600
5741
5332
7746
5561
4507
5480
4960
10402
6651
7433
5718
5046
4853
5034
3889
4762
4414
9304
4847
5369
5236
6081
3871
8505
6545
3855
5836
4171
6636
7056
6285
5671
6011
6177
3985
6086
8120
3758
4447
6407
6718
4946
5487
6140
7493
3747
3692
5031
7653
4977
9253
4585
5056
8823
6762
6314
5822
3947
6576
10612
3908
5660
5348
5263
5821
23829
7683
4422
3952
4679
4690
3507
5581
5059
5018
4049
6647
6750
6605
8836
4795
5635
12858
4823
5144
4911
5000
6695
9061
6868
7432
5068
4809
7704
6506
6660
7822
5485
5010
6083
6110
6709
4311
5041
5080
4309
7203
6646
6708
5171
5469
4615
6982
4493
4185
4928
7564
4811
6925
6745
4839
5886
5994
5681
4204
4465
7962
13259
5233
8539
8695
5399
5568
7808
6377
6074
18374
4843
5613
4764
3056
5239
5511
7607
6260
6071
4107
8397
5039
5375
8353
8654
3618
5242
8171
3961
7415
6225
6555
5687
4834
8483
9264
4930
4560
5435
4735
7743
4175
4972
6179
12143
5863
11122
8525
6737
5264
7364
5768
5365
6541
7363
4621
6722
4403
7479
7147
5252
3530
6000
5347
9801
2611
5376
7052
7735
4178
9845
7205
4692
9002
7540
5153
3320
6474
17705
4540
4945
13507
3785
7445
8345
5388
6166
7947
6279
5503
7428
8501
5745
5862
6174
8038
7701
6428
4407
7356
6425
4796
4532
4925
7792
5927
4164
8081
5434
4859
3705
4911
7311
7395
5002
7523
4177
4047
5896
7383
5363
7428
9014
5778
5885
5139
6960
8932
3832
4593
8280
6985
6781
5530
7589
7511
6201
5785
5429
4443
5672
5642
7086
4313
6336
9134
4731
5324
4340
5876
6917
7438
5855
5424
5087
4200
8640
5786
6388
4395
5617
13641
3593
6882
4348
3168
5521
11612
4185
5977
6381
4996
5637
6924
5195
4269
3476
5160
6578
4135
3528
6054
4934
5926
6364
6010
8715
8072
6310
5312
5113
4856
5857
8784
5201
11046
5358
3532
4920
5488
6072
8445
7410
5522
6879
9047
6578
5251
4171
5884
9330
4927
5374
7229
7516
5421
5405
30592
4429
5278
6768
6671
5254
7471
5587
15691
5333
5744
5454
6671
4955
5277
3723
3693
5998
6349
7206
5027
5645
7192
6727
5202
6258
4713
7605
7233
5641
4568
7130
5305
6211
5493
5001
4801
7483
4974
6268
5307
7476
9549
6898
5515
4588
5076
6293
6459
5132
5621
6712
8258
5625
4240
5436
5983
4873
5476
5409
4603
19794
6339
5405
8378
7502
3747
5268
5887
6388
6671
8450
8993
5674
4360
4767
10503
5910
5035
6667
6039
4099
8481
7915
5972
4586
9518
4957
5858
4970
4261
6317
6043
7773
4799
9314
5945
18607
6745
4461
6244
5825
4092
3469
4587
5876
6463
5405
6415
4399
4905
6612
6311
4962
4248
5693
5160
7477
4315
5818
5167
4730
5418
5981
3090
6843
6309
4414
10353
5016
7868
9156
8487
7236
6655
6848
5624
6939
6142
7198
6275
6516
6625
5263
3848
4261
4578
7042
5370
3502
6926
12823
5201
4968
7334
7412
5704
6575
4583
6490
5075
4101
6068
4556
4940
2930
5724
5128
4250
4649
7922
7575
5411
7187
7211
7494
5226
4594
8273
3418
6089
8806
6435
6845
5673
5071
6836
8823
5138
5687
7174
5535
3511
6287
4425
8297
9304
6204
7762
21476
6305
10683
5942
7176
4664
5994
11243
8809
4695
5755
6777
7401
4027
6215
5859
4413
6069
5400
8501
4314
5044
7167
4953
4952
7498
5212
6500
6417
4783
6143
5512
5166
5632
8225
4240
4972
6655
5733
6115
7306
6358
7322
7484
5416
8758
5538
6169
6100
3241
3460
5043
5327
4446
10058
5135
6329
5801
4997
6237
5363
4603
7312
5648
6812
8270
5977
4883
8214
6348
6465
4626
6962
4337
3660
6382
4818
4700
6334
7520
6094
5051
6803
5697
6037
11423
7808
6877
6998
7258
5187
15232
6492
9113
7536
3393
5481
5333
7079
8619
6412
8960
5564
5784
9164
6309
5743
4847
5196
3229
4331
4652
3907
4630
4467
4152
5562
6971
4695
23385
7003
4499
5862
6302
4825
5262
7696
6618
5133
13375
7619
3007
6263
5662
5728
3463
7121
5446
8059
6958
12017
8789
5557
7305
8301
6319
5650
6129
6183
5497
4968
6023
3309
4562
4938
5610
5205
4257
5275
5350
7370
8407
5898
3401
5755
7182
8628
5438
6805
4407
8606
5604
5364
3178
7494
5632
6846
6578
5316
4808
9598
4880
6492
5337
8530
5874
6613
4932
5227
8387
10827
4869
7308
4833
6162
3759
5067
6200
5456
5945
5246
4915
6535
5515
3241
7632
6749
7308
8019
7666
5803
6943
6093
7329
9503
7467
7616
5457
5144
1782
4430
2095
4999
8535
4513
4572
4619
9521
4945
5577
8429
5958
7406
3305
6029
6275
37020
5700
5686
6959
13411
4862
6813
5598
4904
7461
7669
5252
9703
10044
4956
4183
3360
6217
9682
32510
4728
6356
6396
5104
8813
4522
7996
6010
5156
5628
9228
4676
4944
6238
5790
5212
7711
9170
5869
5418
5129
7353
7198
7092
9839
5834
11158
7613
6694
5787
8421
7230
4500
7276
4437
5682
5088
5035
6685
5328
5194
5440
4404
5611
4804
5406
6294
10120
5505
6194
5004
6053
4580
5707
6421
5146
8073
6675
5790
5122
3446
5885
12245
4025
7442
4746
12157
4956
6306
4274
6364
4966
4115
3571
6313
5984
5857
10272
4962
5134
5645
6456
5246
4727
7007
4640
5967
5433
10449
16499
4574
5514
5179
4891
6318
5040
6131
3905
10732
5842
6175
5572
6340
5030
7701
3355
5424
13166
4663
8709
5986
5540
6124
7786
4695
7265
6865
6180
6751
4849
5026
4944
2921
1221
15146
4860
4133
3458
6188
4309
3939
5700
3895
4833
7002
6122
4974
7863
6319
3777
4775
7305
5673
4641
5577
6849
7125
5230
6921
7322
8214
5232
7577
4348
4881
4444
4277
5511
5356
6000
6441
4737
3413
5317
6450
7296
5250
8512
6758
7045
7881
4970
5371
4760
4860
7260
5145
4606
5843
2715
4420
7194
3051
4854
5603
3843
5965
7962
6428
6014
3456
5305
5557
4930
6664
10442
6738
7258
3618
4430
4969
4481
5241
4349
2964
5036
7659
5976
3533
8056
5154
3518
7738
6746
6877
5026
5840
5270
3096
4266
5119
3115
3962
7483
4416
4476
3634
6337
5606
10764
5608
5593
4805
6612
5133
4937
8364
5837
5711
1285
5364
5099
7242
6486
5298
6161
6920
6882
8159
7022
4339
5514
7484
3456
6184
5535
6983
7043
7906
5648
7846
5884
4506
8163
3477
6470
6123
5801
10497
5598
6075
8105
5311
6434
5581
6694
6582
4360
5059
4476
14554
22250
4208
5504
8641
6490
5385
5049
4309
3813
1971
10929
9517
6981
6622
5828
4373
6288
5327
4531
13845
6652
5278
11450
6035
5284
5195
5427
7045
4884
6068
5307
4436
4889
4863
5494
4335
5988
6736
5579
7477
7386
5137
11764
5782
7223
8136
3820
6906
7256
3583
4665
4125
4524
5011
5267
3815
4970
8039
5452
4467
4020
6815
6811
5279
5174
7729
7365
6352
9903
3293
5037
4945
3465
6812
8532
4397
5653
5117
4779
4273
3926
6317
6478
8433
4671
6414
6206
6527
7191
2860
6414
5264
5391
8672
5618
5878
9838
4236
4662
7199
4689
5125
5800
5604
4064
5712
5396
5370
7521
6534
5268
4803
5764
7045
7075
5040
5931
7712
5541
8376
4678
6812
5459
6570
5538
7452
6522
5120
6147
4175
8769
8718
4796
6094
9191
5253
9889
7217
6580
6883
5563
7081
11186
3441
2936
2783
5739
5069
12110
4538
6449
5734
4885
6995
5516
5262
6983
6823
5154
4643
6975
5745
14897
6499
4979
11111
4059
5366
4606
7006
5468
6771
5262
5592
6079
5755
6004
5847
8173
6721
4531
4342
5942
3842
6920
4895
4664
6807
5713
11459
5475
7717
2949
6173
4880
5965
5413
7965
6340
12174
5857
4118
5075
5839
6403
10776
4904
4580
6724
5260
6848
5337
5344
8760
7264
4967
5266
3611
5108
5820
21908
7047
9524
6371
6781
6490
2649
5510
5740
4602
5063
8453
4844
7124
11317
6423
8625
10848
4763
6330
3702
4928
6202
7258
5873
8287
5996
4683
2844
5772
5647
7935
6900
6061
7135
3479
5100
3840
4910
8261
4588
6337
7715
6601
3674
15791
7258
4782
4411
6392
4444
6030
36170
14073
5894
3594
5336
3850
4962
7083
7462
5252
8788
5794
6578
7797
7004
37073
7358
4195
5253
8949
7379
4501
6789
6455
5923
3824
6625
5126
9651
5083
10645
4239
6097
8190
7185
7482
6842
4265
4990
4523
4747
8434
10115
5701
4551
5555
7466
4669
4208
4450
10322
8258
4966
18588
3641
6725
6113
5328
6344
11059
6484
7920
5439
7139
5242
5548
4451
4118
5887
5289
9992
7623
5391
7689
2486
7006
6650
7398
6019
3711
7718
7678
3781
8055
6851
3412
4818
7758
6096
4355
5101
4515
4808
9222
5079
3747
9104
5490
7337
3520
5796
4800
4227
5282
5355
3927
4403
7173
5130
6652
11830
7030
4497
6520
3451
6289
8024
3407
7154
6004
6513
4864
8878
5479
6246
4163
5462
5095
11845
8750
4773
4868
5773
11406
5349
5965
4748
6182
5056
3798
2955
5866
9502
5476
5248
4230
6354
6416
4987
7120
7989
4740
6709
6337
3979
5366
23415
6073
4734
5624
5263
5676
7131
11240
7858
6691
4822
14688
7173
5451
5787
7653
5819
5658
3399
3976
10978
5827
7604
5310
8896
8700
4670
4496
5063
5282
4546
7396
6410
5170
8528
5613
7723
7709
4864
5812
6176
4966
8355
5459
4703
8480
4751
5650
7055
6823
4936
5037
10244
4375
5843
8419
8181
6343
4167
4989
5318
5697
6056
2746
5728
6570
3079
5215
7410
5577
5442
4498
3452
6520
7097
4510
5017
6806
5474
5253
3951
5758
4814
6960
5805
5490
6723
7380
5764
4235
4909
8145
4267
5018
4085
7602
4334
11726
9172
12119
6148
5675
4435
4113
5386
5756
4339
6500
6265
4160
7448
7861
4829
6229
5180
5169
4207
3490
6880
5125
6892
6468
4523
8118
6219
5047
5358
5235
5520
4749
6285
8042
6688
5099
4842
6587
6363
12145
3926
5926
7280
5056
6520
5067
4190
6454
5896
4807
10946
7235
5900
5157
3353
4256
5330
5753
5097
7897
5866
5314
4607
5006
19600
6769
6005
6708
7674
4658
4602
5204
7798
5039
6069
4857
6107
5422
4324
9715
7273
5951
8642
4909
5824
6953
7421
4444
3746
5315
5312
119333
4221
4628
4302
4301
12444
4468
4202
6393
5704
7733
6982
5974
4692
4847
5664
4711
5336
4502
3446
2304
4787
4475
5639
6417
3906
5325
7707
8823
4857
11656
4942
5503
5300
5520
6345
7632
4715
10900
5847
7668
8121
4211
4003
7098
6285
6017
6196
6415
7079
5134
6966
7959
8518
5740
5867
5788
5501
6094
5407
5209
6244
7270
5224
4525
13377
6788
6237
9647
6505
4783
5150
5378
6839
5047
5512
6329
6230
5408
7996
3780
8248
5219
8484
6152
6374
8610
6271
6038
4847
7253
5914
4248
5823
3378
5277
6146
5209
5289
4205
8911
5012
5257
5220
7452
4157
5603
4045
7152
4943
9087
5110
5031
5321
5376
4693
4610
7872
6323
3850
5793
5314
6766
6871
4748
4434
4251
4640
6912
4167
4315
5255
38948
5178
5536
5654
5986
4838
4763
2763
5340
10298
8827
4977
5656
8355
5626
2936
6768
5845
5474
4235
7193
5418
5393
5755
3636
3785
7859
4994
8296
9181
7385
10733
7783
3966
5440
9197
4389
6412
7797
5862
7223
4360
4297
5986
7269
6838
6156
3532
7725
6081
6144
5708
9029
3944
4438
4492
7388
5474
7713
5029
4587
5388
4659
6860
6491
5991
5881
2120
1692
5735
5548
8555
7473
5969
5192
7938
6253
6245
5363
5721
5655
6576
5119
5823
4427
3477
4741
3546
4599
5857
4486
7736
9844
7392
6041
10436
4706
8287
3405
8174
7298
7453
6554
5351
5361
5226
6036
3941
6516
9909
4654
6886
9361
4633
5125
7354
4359
5083
6637
5798
5516
6728
2696
4769
9301
5389
7254
3529
6202
5756
5836
5247
5987
3088
8367
5787
21517
12072
4681
10363
4383
5750
4061
4966
7193
5523
4910
5429
5867
4890
5651
7030
4371
4550
6228
7704
4584
6634
6041
4873
7178
5860
7045
3997
4876
5199
4345
4106
5184
5364
5674
8533
6682
5372
8525
3265
6568
4831
6643
7367
6157
3998
11087
5665
6441
4593
7582
6034
6190
4302
7002
6676
8385
5825
5627
4787
5577
4777
6476
5424
6983
5790
4555
6020
5805
5106
4214
7578
7618
3874
3900
6933
5215
4665
5538
6990
5159
5137
7443
9706
5752
6253
7759
3730
5762
5012
5835
4905
5243
4307
7985
5537
7759
6757
8170
8027
4305
6703
8797
4772
6527
4916
8031
6678
5284
10121
4565
5522
7758
4706
5179
3535
5272
5448
7036
5892
5520
6002
6136
38451
5408
6884
6607
4797
6067
5198
4499
8290
5548
3429
8767
11586
5174
6150
7410
6232
53864
5163
5771
4256
6373
4525
9081
5070
5741
5447
5252
4950
4797
5319
6549
10669
3959
5875
6974
3882
6989
8936
6320
5911
4812
6337
6366
6823
6424
4697
7231
5313
5909
5472
5217
6563
5952
5714
3381
3108
4597
5878
5503
5532
5645
5367
6048
3867
5702
5907
6033
6130
6226
4238
6119
8321
43594
7505
7944
3580
7360
3768
4983
5272
8647
6276
6979
5978
5375
6316
6145
11163
6774
3656
6831
4742
8125
4810
4939
19896
4909
6726
6021
5666
7421
6125
6948
3779
6735
5812
8643
7524
10148
4715
5046
8412
3650
7306
5818
6163
5201
7481
4753
6176
6185
5414
4215
13620
5730
6712
4550
6200
5861
5709
4810
8137
4912
6346
5285
5678
7543
8237
6257
4957
8206
4795
5743
5517
5241
8594
5766
4050
6565
4918
5518
4477
4683
19379
8149
6128
6265
4182
5716
10011
8027
6304
5863
6758
4984
6694
4461
4292
6939
6213
5058
4858
5982
5096
4676
4363
6062
7250
7650
6114
6284
9248
6653
3230
5591
6878
3679
6340
6558
7112
6871
8143
5637
4459
7930
5653
7263
6334
4576
4702
3963
7765
6668
6460
6593
4548
5838
5279
7777
6143
5658
8718
5319
6850
4565
5040
3863
5622
4139
7391
4605
10372
5943
4231
23052
50403
3751
9548
6056
3923
4638
4169
5825
5559
7408
4805
5441
4639
5216
7205
12468
5547
6250
5747
4060
9294
5232
4535
10818
6421
5033
4530
5105
4798
8872
8068
10054
6527
5410
4219
7051
4334
5174
4591
4211
5253
4007
9355
6780
4590
4718
5315
4242
10397
6465
5641
5208
7497
5513
4674
7234
4014
6388
4396
6960
4931
5020
6269
7555
4172
8999
5429
5240
5642
6762
6851
4842
7040
5056
7300
8222
5853
4202
6081
6663
6357
4319
5017
5900
4116
6927
7757
4277
4719
13428
5252
5479
4685
4062
5506
4407
7789
6041
4036
7329
4182
4487
8029
4107
6305
5082
5419
5758
6026
4785
4029
5166
3080
4667
5326
8035
5995
8789
5127
5481
2517
8824
4699
8463
5354
6860
19750
5081
6352
7287
39187
7069
6033
5542
4765
5279
5460
5227
4678
18292
6871
5167
4794
6152
5347
4134
5225
3845
5783
5184
4749
7825
8329
4559
5183
4758
5558
7007
6293
5576
6877
3720
4909
15981
6452
6056
5452
4832
3987
8276
5041
6813
8447
4722
5660
4311
5534
6519
5751
7013
6135
7728
5855
9949
4893
5789
5787
4964
5307
6115
4766
5527
8909
4496
9695
8101
5724
4431
7906
5531
4774
5751
6096
6932
5220
5688
5419
5413
6608
5937
5473
4207
6641
5653
5688
5006
4538
9852
8140
6601
4525
4054
6217
5589
4827
5574
3546
5463
5229
4960
5724
6841
7651
7772
7323
6457
9385
5282
4719
6864
4442
6070
6291
6156
5498
4207
3268
4201
5739
6936
5338
8684
7514
5263
4903
6974
4368
6357
6645
9547
4248
5693
6373
5562
6937
4995
8068
6286
6003
5272
4846
5264
5592
5016
6386
5423
14026
6044
5349
4876
4910
5556
6976
5832
5629
5774
6215
4444
7269
10018
3743
6703
5116
7030
6241
4826
6338
4144
4983
8743
2892
2576
6656
7280
5811
16416
4396
6270
6220
4246
4302
4519
4862
5539
5723
5502
5182
3170
5207
8307
5143
7329
4689
5349
4520
8700
3471
4572
4953
6295
7770
4346
4691
4050
5981
7132
4969
6353
10326
9242
5972
5735
6230
4085
5119
5782
6859
6014
5256
5941
6346
4445
5287
4173
8417
5173
6287
5529
4962
5864
6794
5121
14118
7058
5373
8694
9280
5868
7717
4792
6347
5312
6000
7107
5534
5452
6289
2669
8176
6151
8727
2875
4992
6695
5748
16863
7188
8228
3154
1209
5477
7593
4977
5411
4477
5184
9213
5974
5855
6848
5015
5745
5084
7179
6051
7864
2620
4680
7907
5126
5863
11550
7877
6104
3578
4500
4121
6238
6934
5863
7526
5508
7926
4637
8355
9379
4686
5935
13078
3912
6254
6527
4345
6070
7537
8551
6487
5002
6551
6193
5704
4519
7109
6371
6802
5034
5837
5323
8090
4900
4798
6105
6611
6252
7416
6414
7733
3083
7395
4921
5020
4384
8032
9773
5665
7479
7741
6537
14036
4278
5191
8438
5572
5902
3446
6098
3830
4241
5388
6691
3380
6398
6167
5549
4718
7723
6829
6113
4369
5780
4424
5942
5221
6747
6548
6598
6378
5157
7532
5222
4270
7978
5963
7257
7349
11161
4317
6468
6453
5282
4774
7737
8417
6663
4151
5435
6635
4028
4600
5335
6698
6255
7471
3572
10851
8089
5714
5212
7009
4909
3707
5428
6374
4526
4999
4122
6726
4871
5280
5370
5867
3694
6273
4136
3204
4921
5491
7773
3691
5001
8846
16182
4615
5902
5718
6077
4965
4361
7663
6054
5352
7784
3771
3385
5719
3952
4737
6557
14854
5210
7724
6574
6259
4596
4888
5299
8345
6030
7295
7276
4189
4527
6140
5571
4935
7511
5833
6176
16390
5213
5064
5148
5154
5378
5017
4128
8250
6202
4621
5006
5104
5153
5438
6441
5506
4703
7379
5803
8670
7367
5411
5655
3366
6602
6428
7001
5806
15253
3855
6213
5134
5729
4674
3995
5448
4477
4354
10093
7870
7282
6606
3585
5509
4333
4730
5235
7669
3454
2926
5665
5085
5486
6695
9922
5484
6591
6704
6763
5389
7703
5312
7264
4680
6299
3684
5724
4072
8964
5768
5003
6439
5465
5614
4502
6656
4673
4750
4468
7537
4955
6207
9368
7462
4841
4828
6864
4984
2993
4038
5583
6051
5287
4547
5432
3778
6690
4476
6826
8359
6343
8029
5428
3752
5677
7811
4690
6313
4162
7028
4901
3911
6243
5279
3556
3052
8105
3007
6316
10021
3838
4884
3919
4519
7144
4440
12862
6796
4835
8729
5289
3385
4702
12584
4726
6883
6250
6151
5250
4920
4614
11198
4289
4816
6754
6465
5319
7289
6316
5445
5283
3601
5902
5231
3691
5655
6273
4502
8791
4026
6493
7168
3752
5711
5458
5186
5475
5604
6587
6438
3603
5622
3947
4160
6334
7509
4569
4759
6269
5786
6167
7087
4581
4274
5591
5411
6322
5968
5146
4744
6884
5121
9145
3933
4372
5698
4915
4029
7543
4150
4854
6139
6662
5383
4160
3250
11185
5965
5025
8899
11483
5135
10981
6638
5629
5994
6118
8825
7327
5962
4954
7456
6368
6617
6107
9230
4156
5255
5448
4219
6953
6834
5621
5626
5791
4500
5710
4901
4302
7649
5189
4376
5245
6232
6157
4722
6718
7464
7432
3847
1913
5673
3994
5075
10059
4942
8316
5242
5797
5435
8563
3833
8344
7393
5012
5453
5470
5821
6904
4510
6325
4567
5590
5254
6485
3316
5812
7583
5258
3091
7106
6089
6331
5930
4022
5237
2908
8223
6360
4645
5818
6886
2411
3748
7537
3515
9193
8254
6767
5975
5270
4967
4063
6516
4811
5057
3636
5065
24193
4905
4908
6798
4111
6423
5853
5313
6654
7738
6432
4784
7046
5109
5209
6758
5185
3179
3305
4878
7326
7207
8492
5735
6276
5531
5730
3542
5809
7441
16239
6692
7817
5528
6587
217000
4775
7000
4316
3600
4139
5002
10826
3719
5907
7805
3199
8189
6365
3714
7279
7121
4381
7177
8472
3586
7249
5575
6610
7671
6403
5878
10521
4610
10341
5586
3964
8332
7827
7820
5425
5841
6130
10767
8231
3688
6032
4134
4225
5698
5171
6780
4360
3386
5066
11754
4590
5116
6919
7165
5973
6337
4030
4477
10410
4808
4801
3778
6101
5764
5716
4868
5925
3953
5779
5816
7027
5109
5745
10177
6235
7426
3315
4233
11775
3457
12500
6508
6303
5215
4681
5649
4910
3584
5752
7650
6251
5691
8442
6036
6143
6458
4301
6211
7099
4248
5626
4762
5502
6305
7159
4814
6014
4640
6505
7378
3522
14160
9969
6445
3621
5601
5263
4410
5918
4797
8837
5112
6327
5088
6019
5669
7574
6818
6856
6025
7911
7343
7434
4910
8694
6332
17637
4995
5567
5418
4891
6225
9028
7103
7806
6941
6874
4578
4758
5666
5979
5184
5657
6823
6075
13558
4827
6039
8974
4426
7453
4055
2236
7724
3431
7645
6659
5768
4146
5599
7039
7276
8698
4811
4451
5509
7347
5930
4791
5212
7477
4501
5319
5596
5701
4353
9228
8085
4899
7749
7360
4361
5660
4923
4808
4891
7529
8580
5397
4514
6626
4002
6436
6128
3294
5195
7740
4261
4745
14662
3939
3978
4796
4340
7838
5806
6119
5249
4087
2812
5871
5139
8652
4866
3820
6121
6486
4526
20018
7503
5166
5836
5725
4332
6050
5144
7282
8281
3700
1226
6718
6120
5635
10026
5581
5962
6002
3691
5698
2943
5471
5043
7985
22409
5369
9467
5128
5165
3392
4990
4715
5803
6311
5856
4897
8332
3584
5292
8087
4236
6964
8197
5325
6556
8091
5078
4779
4708
4652
3511
5805
5683
9627
6249
6355
5669
5719
5372
8496
8308
6445
9741
7423
5450
9072
8924
5387
5415
5901
4198
6889
4328
6346
6498
5967
5457
4557
6920
4418
7182
4414
5933
3636
6863
6732
5252
6988
4095
7011
5018
5335
3855
12768
5102
5828
5069
5451
4206
5219
4929
5072
8874
4482
6897
5617
6378
4837
4732
5342
17941
7626
4204
6259
6550
4792
5325
4701
5715
6223
7634
6165
6122
5860
5087
4957
4243
7083
5612
5316
5785
6595
7358
6786
6016
5314
6567
6092
4003
14135
5164
6837
6995
3020
3791
8603
7455
6548
5117
3454
8399
6008
3943
6637
7091
5394
6259
5137
11516
6816
3493
5547
3828
35127
7219
4522
5657
6890
19108
35307
17838
4416
7351
7379
4713
5134
5257
5484
6009
6799
9625
5908
6675
11795
5238
8896
4839
5099
4362
4855
6514
4006
5438
5591
4214
6235
6742
4000
7283
5283
4736
6792
5878
4688
4031
6916
5029
8077
5308
9184
4051
5331
3755
8979
8985
7432
4256
5134
6980
5654
5006
5308
3355
4747
9707
5224
3307
5351
4684
5989
5474
5543
6644
8577
6429
4746
4712
7172
3209
1524
5473
4020
5195
5773
5031
5355
8843
6129
5650
7663
3810
9442
2981
7317
5327
2320
5529
9976
4201
6122
7424
6240
6246
5259
5081
1739
4948
12245
6020
2784
5780
6024
7125
4948
9882
4090
5939
17163
4721
9023
4394
7652
3771
6642
4473
3201
5171
15777
5794
5974
4462
4035
5111
4523
4896
6013
5090
9693
3797
6733
7142
5530
12577
5329
7690
4145
8706
4913
8924
6010
30104
4935
5152
7287
5055
6191
7651
4744
4542
5932
5322
6912
5829
6553
6150
5931
7562
5666
4797
7990
8345
3578
8002
6154
7835
7468
6145
6135
5798
8201
6185
5277
7128
4477
4274
4614
6268
4260
4066
4235
4865
5242
5270
6290
6455
4959
6141
4897
5813
4057
5470
5225
6305
6881
4515
11021
6492
8292
38696
4715
5182
4848
5076
273128
8392
5297
8264
4780
7903
7202
7039
7263
7981
6602
4559
6566
5995
4438
6584
5609
8469
5090
6968
7312
4801
5850
6476
6972
5361
3311
4471
4968
7184
5783
6320
4505
4828
7431
4930
5978
6096
7891
3912
6355
7082
6150
8022
6654
4673
7710
4029
9157
5407
17951
4808
5334
7572
8572
5749
8982
7711
5267
5962
5549
3807
3472
4258
7300
3852
4650
4903
5132
5094
5706
4640
8112
6095
7328
5034
5763
4913
6574
5379
6948
5201
6524
4203
6207
8581
6430
4034
5689
3151
8006
4524
9977
6787
5652
6184
8140
2933
5380
6757
6321
5751
4990
5314
5771
5455
6564
4320
6060
4954
6017
4841
6969
4434
6571
6575
6988
4989
7274
6057
8023
5704
4046
29966
6725
3489
5262
5704
10224
2995
6192
5651
5692
5213
7557
5013
9367
3582
6714
4709
7378
5813
5254
3268
4732
9380
8584
6139
5714
8414
3225
7298
6336
7431
7664
5663
8429
5192
4815
5060
7600
4759
7102
5405
4616
7023
5173
4279
4701
4106
6417
9725
5800
6415
4457
6304
5790
5340
5213
5789
5358
4160
9203
4012
5238
9820
3458
5333
6324
4509
6032
7077
4961
3854
5460
5624
8728
6619
5325
5332
13924
4313
8977
4538
6907
6063
6623
6553
4857
7477
5806
9484
3817
6344
5480
8505
9726
9788
6130
5353
5918
5174
5498
4284
5394
7365
4869
4701
5629
5809
4671
4969
5653
6267
7687
6651
5605
3826
4941
5481
6622
8077
8570
5343
5653
5876
3511
6497
5069
5158
4198
5116
8183
7743
5244
8216
7363
6545
7420
12586
6514
7914
7544
3537
6771
8495
5538
5036
8413
5333
5170
6544
4841
4447
6331
5044
5766
7183
7463
6218
4422
5253
6146
5654
8174
4200
6138
5009
6031
8655
4674
8415
4760
4716
4380
5481
7818
4122
5327
6186
7057
5772
5724
3993
6490
10535
5329
5854
7202
3837
2658
7077
4433
4916
7602
6025
6700
5052
5403
6670
5688
5441
6578
4918
8534
16809
3078
5664
5317
3942
4145
5776
5642
8678
6009
5633
5102
4051
5393
10228
6699
5627
8118
5586
5064
6626
7282
6480
5611
6372
5112
7316
6513
5953
4309
5859
5847
7710
5101
4928
4934
5562
7307
6146
8167
7694
3867
4497
7520
7297
6531
7378
5914
6783
5817
3775
5434
4703
3149
4567
5493
6005
6395
5136
5364
7774
4756
7859
6774
7420
8410
6062
4281
5227
4907
5642
7223
9853
4601
5117
3469
4956
8739
4587
5140
4573
5758
5804
5076
5194
7580
9121
6957
4884
5244
4929
4507
5283
6617
7828
5702
5849
6287
3610
6428
5805
5372
5853
7223
5338
5165
7880
5731
6411
7675
4999
5885
6530
7262
4568
8112
8057
5852
4413
10986
6964
7780
6724
7715
5081
6429
5867
6935
4562
4272
5725
5775
5671
6087
6046
7336
6070
10038
5502
7707
9867
6153
5381
7584
5899
6765
3535
2235
5693
11658
6578
8525
3194
4793
6146
3128
5979
5278
8385
5254
8334
4020
5991
7062
4673
5495
6331
10585
8189
4262
6570
4236
4757
5452
5277
5639
7509
5330
5063
4505
6070
5496
4717
5855
10076
4202
4489
5559
5799
3561
4929
7364
5705
6059
9637
5750
5743
10520
4951
5999
6952
3797
4682
13648
4760
5694
9084
6943
7352
7725
6586
5251
11215
5811
5587
12066
6037
6999
3170
4352
7649
10084
8759
5984
4459
5890
7115
9213
6267
6272
4757
6696
5012
6819
6977
13276
4298
5863
11445
8391
2821
5784
5313
8239
4525
8718
5002
4971
8520
4666
4283
6311
6962
5999
8103
7572
5144
5242
6039
5645
6528
6413
4520
5899
4526
4314
6165
6018
5109
7987
4726
11346
6788
4839
4525
7790
6888
6076
9046
5243
7329
7135
7660
5907
8709
8645
5363
4644
3491
7830
5814
6195
6969
4996
6682
6652
2778
4675
3953
4578
3948
5341
5836
7892
3821
5161
2878
3888
7972
7320
6588
6921
7682
5211
6317
7123
5785
5470
5960
7313
7770
6644
4986
6345
6394
6685
7792
3751
5262
6151
4590
4950
11045
7844
9219
4287
2510
6922
6101
4267
5586
5647
8333
6532
4241
5531
9239
3822
4657
6492
5754
4232
6000
5514
4485
7897
6940
7039
6965
8240
3740
5877
5359
6057
6413
7837
5733
7945
5544
8889
6866
5879
5571
7295
9103
4818
5281
7848
7275
4819
5903
7501
4843
6797
5085
3585
5357
5547
5202
7372
4981
5293
5682
3865
5344
4363
5390
6329
12520
7744
6474
6910
4670
7722
4864
9279
8844
5758
4815
9040
6387
5128
6211
5075
5186
6932
5195
4406
7361
5230
6566
4677
5564
7551
5232
5139
7201
5231
5678
6330
8455
4951
7192
6626
5893
8098
4438
4401
8913
6274
5352
6326
5549
5158
6490
5398
6154
3834
5959
9270
4753
5096
6429
5912
6177
9642
6997
9941
5854
5514
5040
9545
4602
4478
3745
5219
4597
5332
5222
12460
3855
5792
6457
4535
5945
8089
5141
5918
6150
5755
3837
9428
5345
4287
7775
7058
5442
6290
5050
4906
4258
5723
6535
8349
5796
6347
5682
11276
4162
4483
12180
5170
5102
6500
6143
4680
4813
7579
5153
4956
5078
7230
4340
5672
6379
6630
5394
4395
4385
5294
7388
8218
4767
5111
6786
6370
5517
8522
5347
3865
5869
4018
6592
7087
6950
6326
4946
4824
7004
5420
6708
5308
8753
4691
4981
5583
6386
7284
9476
5258
6092
4926
4390
5620
7836
3976
8301
10403
5420
8721
4795
6940
4750
7598
5368
4357
11779
5136
4966
5795
5543
5628
6157
5397
5970
11864
4761
6934
4720
5372
4682
5198
4596
4378
17834
8838
6451
6307
4924
3987
4570
10620
4427
5064
7620
6769
4445
7725
3935
4471
5894
4496
5563
6190
8935
6685
3093
5765
6718
5137
4656
6192
6205
9235
7835
5649
5728
6001
7570
5094
6773
4674
8009
3707
7059
5035
6388
5619
5768
4238
4869
18776
4490
4824
14119
6522
4933
5236
7825
5320
5937
4949
3595
5715
6331
6167
6066
6473
5815
5292
5112
6974
5119
5931
7042
4541
3600
5668
3686
4510
3981
5268
4782
6202
4610
7096
6552
5512
5341
4905
5683
8189
5486
4597
6719
4555
4685
6774
5123
5035
5005
5559
5411
5816
8613
6043
4827
9178
6406
5995
9595
2963
6854
12919
4698
8825
5351
4535
6254
5378
4731
4932
5333
4790
5732
6824
5522
5288
5645
5450
6174
11549
5612
7879
5793
4274
5303
7278
8239
5932
4608
3759
9296
6597
6326
7532
6192
58842
5826
7689
5383
5091
5360
4602
10373
6315
5948
7181
3763
6093
8137
19896
24764
6739
6009
7017
5367
4924
4117
5212
4645
7554
5246
5124
8137
4428
6795
4318
7399
6658
7346
20505
5204
4645
7889
8022
5620
5786
4824
5309
4425
8181
6370
4007
9497
6213
5073
5793
4425
6613
5522
5689
5398
5330
5441
7585
7570
4679
16476
5246
4834
7925
4983
5325
7115
5694
8260
5143
5436
5794
3336
8032
5410
6311
4944
9367
6870
4291
6798
5144
6330
6245
4233
7208
8252
5111
6561
5665
7710
5398
6343
7462
5251
5966
5761
5381
5303
6695
7339
4617
7379
5972
6793
5154
5592
4899
5296
6631
6004
6190
5536
11419
7305
7718
13048
6695
14892
5337
9407
5367
4516
6218
4677
4412
6294
5813
5377
4044
7833
5315
4378
4143
11307
4731
7401
6605
4311
6655
6807
4974
4148
7296
4512
7379
4309
7981
5450
4941
5511
5471
4936
5106
4410
7261
6472
9906
6544
6178
6027
4408
4917
5128
4904
7538
8724
8326
5217
4996
6040
5027
5392
5265
11752
8804
7345
3578
4922
5741
7959
5058
7584
8203
5704
3637
3886
4712
4285
4156
5640
5277
5721
4501
4996
4043
5745
6295
4060
4885
8387
5619
5052
5317
5969
5870
7009
5217
5665
16345
4737
4542
3714
5533
5194
10921
5694
7845
5738
6733
4833
3895
4303
7011
6130
5228
4931
4980
6090
5753
12517
6163
2626
5889
3954
3538
6187
11198
4322
4185
5561
8994
4996
8023
6285
7802
7846
5007
2951
5732
6334
4862
5643
5418
8769
6007
3791
7671
4248
9130
5339
4075
7772
5658
5395
6040
7537
4435
5719
5926
5589
7311
7415
6558
6056
4917
4920
5116
3517
8958
7698
4764
6962
21856
6209
6931
8221
7693
7397
4275
4778
5610
7442
4767
5650
3598
7316
5017
3854
7472
7723
3977
3847
10725
5078
4445
3086
8558
4866
7843
5725
3396
23242
4855
5946
5556
5809
6209
3457
8528
5989
31611
7427
5663
5920
4538
6111
7105
5439
6509
5672
5100
4314
5439
5424
7450
6954
6955
5134
21006
7439
4833
4841
6399
8275
5351
15979
4686
9066
4558
4728
6660
5675
5935
7805
6673
5066
6185
5994
3457
8475
5732
5977
6038
8629
6145
6330
5752
4666
5032
6650
5744
5276
7034
5821
6679
9625
6050
4710
9002
4467
6477
6281
5406
8426
4139
5177
4386
5079
6615
4821
5589
5367
6586
6698
5913
8489
3514
6878
4488
5644
3403
6724
4661
4934
7771
4615
6340
7396
4820
6717
3791
6828
6464
6937
10267
9287
5272
7443
5704
6389
5846
8286
5383
4200
5668
5323
7094
4869
7672
4454
6616
4901
5313
4145
4677
5440
4493
4040
15902
3955
5187
6921
5116
5330
4628
4088
7878
4866
9394
4912
7743
4012
5062
6925
7526
6048
6298
4696
4587
4535
5890
9584
6572
6127
4985
5460
8069
4642
5529
8503
5793
5489
4944
6286
6614
7781
4959
5651
6404
4827
7316
7447
4328
5568
4563
4764
4824
4251
4443
3672
6007
8871
6866
5012
6169
8137
5165
6814
5233
5378
6169
7179
4344
4631
5635
5070
3609
5234
6742
5260
5790
5518
4197
4623
5228
4038
3044
7811
4665
4952
7287
7766
6535
5933
5013
6223
7373
4292
4936
8655
5294
9449
5384
4129
8165
5886
3234
5230
5427
6105
4888
4210
6172
6513
5540
6105
4469
5286
6242
5386
5591
5477
4543
5677
5343
5593
6335
4114
4948
5439
5410
6092
3985
6129
3968
4674
7505
13971
6764
4616
5906
6955
5331
3642
6718
4781
5418
4446
4875
4084
5461
11709
6744
5131
4274
4540
7329
5457
4517
5670
31983
7417
7114
4274
7389
6343
5418
5752
4786
4499
5335
7359
3372
5021
10405
4994
5201
6788
7880
4759
8759
4751
8003
9006
5764
7506
8131
5294
8272
4850
5662
5334
4047
6784
9163
6130
4706
6462
5012
4021
7232
4860
5805
6068
7562
4073
4852
6224
2710
6031
4632
4612
6378
8257
6381
7896
7361
6048
295971
9123
5688
6221
4324
5038
8078
4385
6809
5584
7007
4273
10887
4822
7534
8261
3438
4547
10806
35927
5688
5030
5032
6922
4866
8482
4127
5805
4643
4866
36773
6305
6481
4936
5699
5150
9890
5581
6721
5997
4954
6228
5492
7893
5939
5984
5680
3931
5305
7871
6054
5088
9011
3874
7406
5670
4303
3866
4154
5585
5218
4576
5797
7235
6116
4750
5246
22941
6506
4494
6620
5476
8138
6813
5298
6202
5166
7393
4322
5846
5459
3015
5623
5891
2792
5136
7720
6490
5488
6013
6196
5566
5053
3100
6139
6854
6499
4289
3408
5530
4489
9538
5064
7375
2901
6144
8225
4697
6713
6718
5707
5142
5176
9380
5654
9816
9649
8541
4249
5387
7341
5608
5049
7280
4907
23309
6099
7133
7650
11548
5389
6626
6460
9336
6880
8911
5552
7516
5231
5417
7933
5527
9328
6133
3753
6382
7112
4187
5565
6757
6256
6552
10810
4339
3467
4307
8370
5557
7707
7808
4925
5073
3567
4848
7657
5925
12004
4570
6967
7073
8116
5985
4063
5773
5325
4428
5570
5352
11353
4270
6466
4514
7536
5402
6130
6672
3131
4576
4940
6246
7987
5963
6103
6264
7784
5772
5178
4817
6065
7246
4824
5515
7215
6100
5675
6927
6069
3854
4972
4812
3107
4489
6339
4148
9967
5943
4585
7573
7388
5506
5709
7164
5641
7280
5600
5544
4930
4857
6639
8738
3530
7560
5464
4748
4738
6108
5288
5018
8098
4524
5764
6789
6864
6372
8365
6552
5012
6392
5315
6656
6288
4190
10179
3172
16881
4677
5813
4910
3786
5972
5451
5651
6628
4940
5643
6284
7847
6039
6244
8466
5253
4956
9237
4567
7207
10730
5845
4156
4570
9191
5415
6737
5643
5978
3961
5454
7550
5748
6585
6629
5765
4949
6881
5591
6244
5600
4904
6892
5281
5469
4475
4897
6547
7195
5322
5237
6826
6142
5599
6383
4330
4870
6680
5120
6944
5144
6673
4940
9825
3671
5184
4699
11872
4853
5554
7963
7163
7296
5652
8948
8243
6143
7036
5326
6256
5509
7371
6508
5595
6632
4738
5422
5833
4281
6657
4895
5815
3669
6168
6370
7060
5055
9806
6155
5994
6974
5709
4736
4974
4723
5266
9029
3791
7087
5540
6645
4681
3974
8335
8879
4827
4567
6556
4610
5208
8743
3744
4916
3096
6086
6009
4976
8532
7186
5196
4782
7329
4005
4552
10558
6803
5970
8855
5424
5809
9567
6310
6665
5788
7272
8470
8386
5930
4955
8922
5848
6386
4247
4953
9106
4794
3936
6196
6088
5218
6273
5097
4413
5717
4726
7027
6159
8031
6407
4945
3813
22927
5460
6345
7157
5474
6250
3923
5749
4568
8211
6396
5251
7330
4706
5211
3857
4667
4821
3590
4755
5277
4984
4747
4197
5160
6593
8436
6185
6072
6960
3978
5561
6781
5787
7388
7401
9951
5149
6367
5647
5032
5243
5935
5389
9602
7215
8188
4339
6204
5446
5725
7241
7534
6402
5242
9552
5503
6007
2883
2894
9788
7602
5402
6143
5289
7404
11307
5616
5939
5863
6156
4817
8251
8056
5839
6336
7826
4527
7889
4856
3015
8578
8516
8758
6192
5299
6252
4972
4349
5372
4612
6231
5472
5695
8856
5081
6617
4829
8500
7038
6977
3796
5207
7909
7215
8633
10604
6215
5304
5798
10250
4640
4256
8262
5222
6296
6111
7834
5330
6198
6532
4834
4788
7022
8224
5276
6144
5460
5201
5109
5448
4090
8106
6813
5682
5370
5860
4584
6242
6093
5342
6495
5116
3943
4805
4245
9692
5593
5309
6609
7109
4232
5256
3410
9076
7022
5728
5831
4979
8144
6745
5904
8759
5839
5967
6152
8655
3519
5006
9752
5389
3601
6231
6226
6345
5781
5694
4628
6603
4613
9046
6161
5097
7756
4127
4745
6832
6945
6412
6472
6042
5386
4328
3096
7908
4522
6567
6839
4179
10412
4560
3321
4954
6533
4592
8492
8276
4464
4613
6031
5426
4785
4566
4535
7450
3543
4365
6944
5593
8908
7216
4292
5611
9040
6710
5602
8802
6266
4878
7482
5479
5070
9236
5916
6243
3833
6148
4176
5482
5246
5970
5250
7815
5351
4173
5536
6857
5745
5155
4798
4566
3671
5993
8552
6843
3471
5009
7722
6706
6265
10681
4065
5303
6348
5668
6415
6626
11752
3574
5616
3901
7772
7828
3420
6163
10597
3912
3790
6102
5434
5437
6002
5583
7558
7658
5020
4655
6737
6053
5020
4216
3727
6899
6032
6135
6728
4353
4504
8625
6736
5207
11808
4412
8638
7268
4482
4209
7525
7547
7104
9034
5957
7524
3983
5200
7300
3425
6792
6784
3260
12229
6334
5283
7137
6638
6199
6237
5061
4613
6486
7683
5003
5332
4785
6614
4820
3718
5760
7117
5221
3395
9026
4984
6105
7482
7581
5324
8440
6200
5319
5572
9431
5101
8393
5753
5035
7130
4733
8631
6478
4532
5703
4664
4604
5712
4601
4562
5534
5366
4469
6380
6426
6776
10308
5325
6284
5369
5309
5722
6351
4439
8419
3295
4099
8980
4371
3818
7800
5697
6177
5999
5532
5829
6423
6132
6393
4854
3824
7200
6076
5478
6440
6558
4452
22108
6133
4910
6473
6645
4575
6497
5669
7004
5011
6423
7456
9107
12407
8758
7299
5570
4941
4242
8412
7127
5049
5245
13275
5216
7132
5734
5050
4735
7198
6186
5396
7631
4450
6424
6809
9357
5113
5259
3993
10311
6793
4803
8639
4226
4753
6956
5541
8088
5786
6384
6010
3841
7697
7804
7817
8434
8411
5343
6835
7396
6850
6416
4606
6064
5055
6532
4982
4584
6672
5527
7237
4970
5380
5236
7978
6674
6246
5292
5275
17692
6148
6439
6626
4404
5895
7471
8131
5691
4876
3329
5213
6255
5378
6531
3377
6776
4482
4895
5154
8407
4797
5216
5655
4237
4613
7510
6106
5106
5238
5121
5862
4586
6009
9110
5694
6539
11042
7913
7189
7509
6243
13254
8223
4132
3384
4964
4607
5949
8014
6189
7460
9372
4721
6324
6501
11444
7735
6436
3829
9607
6757
6657
6417
4675
4740
4694
6032
5327
4502
5853
4687
4607
5888
8281
5074
4793
6428
6588
5295
10256
5915
7048
7832
5020
4979
4883
5558
4302
2716
6082
4834
4948
6848
6610
6143
6282
9744
5095
5715
6342
4687
6259
13932
5430
3972
8243
6674
4346
4271
629332
5503
6889
6467
9544
3457
5662
6720
5445
5093
4919
5159
5729
6595
5066
5801
7102
6029
5888
7221
5910
5650
5388
4587
6191
3346
5387
6167
9439
4639
4763
4898
4401
7217
5905
4578
4266
7462
4933
7080
7210
4680
8005
5151
8095
4219
4058
5242
5643
5106
11732
4999
6943
10685
4836
4694
6521
5377
5735
4105
6502
4055
5025
6658
6212
5572
7636
7679
2791
6617
7551
6780
5207
4249
4557
3923
6606
4861
7356
5018
5163
5722
7923
4780
11055
4587
5703
6299
5326
5543
5678
8478
3762
3840
4331
5802
4693
5677
8871
5120
4518
6755
5046
5667
6479
8816
4676
13573
4313
5157
8262
5142
4445
4813
8671
5209
5893
4895
6845
6033
5959
5285
5549
4449
4694
4893
5054
9184
10103
7500
7325
5447
4938
4692
5073
4808
4746
5377
5977
3794
7250
7196
4059
6820
4834
3783
5796
7016
4148
4762
8175
5268
5012
6795
10017
69922
5886
5432
7154
5350
4845
7333
4200
5753
6673
4346
7279
7002
3526
4523
9667
4889
7747
7090
5702
4664
5263
7107
4070
5797
4050
6203
5759
4620
5581
5937
5180
9434
7780
6640
6285
4714
7152
7466
6114
7105
5901
6919
6179
7773
5157
5739
8858
5847
10168
5025
6701
4474
3800
5079
5820
4556
7682
4889
8736
5116
6135
6626
5097
4214
7117
5130
3726
7741
6486
3468
14915
6133
5696
4769
7408
6813
5867
4694
6601
4542
7254
6670
5024
5523
4929
3809
3065
6351
5153
3339
5889
10585
5542
4539
5124
11393
6910
8307
6648
5599
4378
6493
6353
3734
6175
5678
6339
5368
5889
7344
5823
5502
5835
4975
6352
6161
4982
7165
3516
4747
4253
4846
5027
4744
8295
5956
4189
4817
4901
5496
5109
5046
9137
5113
5379
5177
5724
7321
3896
4845
6610
5959
8398
6216
8800
5290
7855
4723
9367
6056
5127
14923
4735
6560
8631
4602
4441
7419
9639
5890
9327
7364
5186
5916
5323
7891
9202
4924
8822
5946
10792
6726
4418
5035
8853
4432
4596
2045
5675
6060
6322
8379
7166
5480
5309
5378
4722
9280
4538
5535
5133
9874
5130
3878
6154
5352
5769
5584
5708
3960
5626
6471
5345
8182
4650
6024
6034
7441
4419
4847
6281
7908
7272
5611
7255
4181
6970
3649
7538
5820
2557
7979
6511
6014
5667
5407
4017
5317
10307
3794
10163
12218
4451
6695
12177
6126
5045
3623
6025
6685
4968
6412
5683
6543
7936
4759
5373
7701
10054
5285
4090
6596
5024
6863
8972
3896
5584
7035
6093
4213
6009
7497
5125
4748
4579
6141
6308
5023
6243
9741
7341
6373
6784
6538
11058
4898
4747
5191
4935
4817
4642
5179
7806
4605
4377
7412
3821
5552
8864
5497
5488
7816
5856
5761
5818
5357
5299
5403
6438
3749
6322
4455
4589
5493
7490
4729
4842
4872
7090
4162
3606
5806
4171
6322
7600
6131
5488
6355
5122
6535
5944
5275
6584
6886
5798
4518
6287
6755
6780
6461
4786
5320
4207
5145
8689
20769
8569
6042
5544
5876
5029
5790
5124
4826
6384
6065
8468
5794
10144
9851
14165
6461
6708
4870
6564
7664
8242
6471
7091
7688
4951
4687
4815
5589
5291
4497
4751
4979
6468
4811
10769
4118
9064
5962
6254
5083
6181
5423
4660
4015
5348
5452
4504
3890
3432
3209
7454
5704
6293
3814
8144
5647
4728
5026
6670
5671
7418
5231
6135
10329
5755
4768
8862
6169
6209
5555
3745
5136
5756
5899
7239
5864
7382
6514
6436
7118
5967
6161
4810
6206
5021
5641
4132
6515
4952
4440
6336
7016
4840
6043
4560
2901
5330
6581
4652
7023
6181
5435
6642
4271
3716
4099
3346
6865
5221
6204
7413
4453
4936
4431
13268
5515
5877
7547
4443
5262
6473
4284
6771
8174
5942
7776
8493
6211
5466
3567
2952
4967
9604
7394
8746
4750
5676
8272
3534
6692
5746
3990
5875
6381
6279
5266
5851
6282
6084
5537
7570
9543
6820
5780
4844
5269
4985
14542
3373
7156
7962
5784
6738
5757
5591
4782
6157
5972
4721
101806
4771
5160
6835
5489
15744
5216
6390
6330
5272
6249
5774
5635
5178
4292
5859
7490
5894
7251
6472
3423
7067
12929
6142
6536
5908
6176
9304
7117
5770
5529
8105
6130
6401
5408
5905
3516
4933
5007
5673
3397
4822
7436
4591
4367
7133
4352
4687
7590
5140
5743
4238
7383
6783
11424
8941
6403
11252
6371
6982
9715
10614
7037
3634
5096
7687
4308
4587
6162
4476
7175
4327
4420
8786
4759
3894
4035
6531
7006
5067
5814
4401
3632
5023
8093
5320
9457
5360
4543
10866
6625
10249
5954
5345
8284
4636
5676
4984
4142
11014
3907
9115
10884
10870
3435
5455
5279
5253
5624
5998
4805
5387
4398
5126
6195
6788
6956
8797
3064
7239
5027
5192
4980
5021
4683
5467
6986
5191
6561
2616
7123
5800
6836
6496
5629
9878
6694
6683
5100
5948
6935
6381
4344
6023
5955
4711
7637
5507
3395
6512
7754
4760
4132
6913
8241
5979
5970
7288
5605
4298
6178
4955
5457
5122
4504
4551
6332
3578
4637
4633
7755
5593
4923
5440
5117
5213
5799
6454
6507
20362
5404
8927
5845
5156
6798
6239
7955
7445
5353
9083
5650
7168
2404
6089
10835
6336
5762
13177
6638
5268
6059
5982
4354
6520
4565
5605
10241
6702
5647
8688
4833
4494
4984
6312
5519
4555
3695
4428
4627
7104
7532
6049
3971
6626
5192
7489
6900
7479
5578
5081
4296
6149
4589
4809
6809
4921
9113
4992
3183
5648
7628
7032
4573
5518
4253
7649
11572
7147
5098
8646
4683
6069
5467
4631
4762
3130
3994
6212
6287
6846
9152
5676
6084
5351
3659
6540
3927
5479
5116
10587
4643
4353
4840
6397
4904
4507
5768
10731
8136
3618
5818
6935
4571
8976
4967
4237
25032
40163
5688
5754
5308
5095
5543
6655
6455
4614
5272
8150
7647
5675
10002
4346
6225
7090
6165
5146
6863
4923
4601
4393
5803
3819
5748
6148
4507
4035
4797
5309
6868
5736
6528
5811
5246
6350
6662
6959
5548
6448
4814
5390
5329
5068
5400
6153
5216
4052
4121
5064
4830
6370
5543
5410
4748
7625
8227
5455
6161
4777
4410
5764
4419
5110
7530
6118
5140
4416
4224
7212
5357
5285
4836
7164
5644
8747
7547
6458
4026
4463
4837
6614
3599
4973
6317
8457
4619
5025
7711
6531
4145
7460
4695
4339
4776
8974
6766
6646
7930
5952
10807
8185
3453
5279
3500
5278
5707
4542
4710
4567
7498
5701
6827
8016
4961
5536
4600
4359
5720
4849
5057
8024
5521
6131
6161
6263
4619
6858
6941
4541
8061
7804
9281
5741
7150
5206
5720
6129
3092
6105
7107
5539
9380
5044
4362
5374
5068
5173
4946
20631
8557
5731
7312
4681
6658
7429
4394
6047
10502
5543
4567
5568
6996
5463
7062
3572
5484
5838
5277
5604
4037
6523
5216
4188
9773
3856
7054
8033
6523
4788
4848
6794
5132
8370
5301
5752
4336
6177
5693
8063
82180
39492
4967
7417
4033
5069
4861
5125
4417
5612
5298
6818
5404
4978
5661
6721
5168
3412
6078
6248
4669
5832
5002
7262
5458
6532
4261
6388
5350
3534
9581
3591
8119
6021
4768
7460
9602
2641
6038
5089
4676
6375
4529
6391
5105
5075
5065
5511
6047
5812
5235
7107
5044
6149
6630
5102
7210
6149
3281
5425
3518
5066
9560
7219
5591
7015
6198
7637
7476
5093
4441
8792
7194
4892
7213
4951
6177
5237
2731
5340
4023
6337
3689
4328
5285
10456
5188
5048
11032
5205
4904
9132
4850
4671
4698
5964
6226
5870
6300
5263
4761
4777
6963
6611
8825
6979
4577
7097
6296
5477
4664
4770
5579
5773
5541
9926
6435
9602
5649
5007
4608
5610
9116
5990
15939
12239
8066
6580
5633
4647
5185
6981
5163
6978
3366
5917
5551
5512
4546
4690
4954
6592
5519
3481
5403
10424
7903
6270
5149
5520
5331
4352
6370
4815
5249
6157
4665
4756
5570
7763
6007
6349
3739
7006
5669
5442
4388
5487
5035
5823
5928
5904
7434
6088
7486
5367
7227
6433
7317
8025
7270
9133
21939
8644
5167
5311
9485
6928
11487
5404
4343
8175
5621
6518
5759
3748
4644
4404
6131
8792
3789
4598
6383
4546
5782
5730
4256
5836
10580
5712
5094
6243
3602
3920
5487
6633
5210
5977
3735
5511
7339
7991
5035
4997
6907
5232
4581
6348
3755
5590
6347
4989
5271
6536
5968
5239
8160
5799
6724
4453
5211
10638
6292
6295
7754
5592
4872
7071
6109
5015
6220
7836
4551
2965
1407
5042
4370
6802
8305
5566
5560
5947
5735
5262
6027
7304
5316
4117
4851
9021
10513
6886
6521
5794
4899
5218
24193
9404
4539
5206
8140
2757
4692
5879
5722
5213
4188
6062
5237
6185
6612
4697
8974
7793
5095
6616
7771
3896
6738
12905
6595
4825
5158
14216
6807
4969
8732
4247
6736
6444
5615
5365
5332
4909
6515
3902
5827
6169
5965
6879
5052
3785
5112
6691
3809
5198
4474
4702
10836
4623
5605
6269
5443
5737
6859
7428
7433
6113
5295
6504
7022
4037
5803
7322
5084
6583
3959
6749
5046
8814
3932
5801
4832
6312
4967
10812
4270
6989
3724
5031
6894
8461
5607
7014
8180
10500
8839
5294
5800
5516
6226
5210
5280
3916
1544
7012
4942
4765
5060
6462
6497
3182
4983
8742
6417
7921
5749
6410
6083
6325
7115
4436
7278
6965
2241
5322
25568
4885
5329
10789
6292
5329
8486
4152
8967
6581
6856
7548
9302
5016
4650
6092
6457
6109
6437
7652
3578
5545
5308
3960
6715
3889
4661
4990
3838
6936
5568
4580
8846
5455
3859
5788
6896
3163
7401
6779
4961
3801
9572
6616
6331
22319
6063
4826
10945
5509
21345
7196
5434
5128
3647
5976
7636
4772
7570
7212
22054
5111
7099
5626
4969
6386
4834
5953
7227
5909
4999
4554
4953
15868
3317
5730
5378
5012
6646
7703
3722
7370
7908
5046
6648
8533
6184
6611
8095
5953
3998
5274
8487
5246
4062
6617
8349
5127
5564
10273
3357
7258
6060
4336
5540
7240
5204
5966
3788
5321
5200
5255
8235
6672
4371
5579
4668
2783
3782
5532
4959
5363
8168
3494
6246
8678
4128
5076
6234
5227
5770
6569
5197
5869
5907
5200
6348
4008
4040
5375
5165
5627
11540
4604
5035
7687
5732
6014
7991
5740
5589
4011
5811
6808
4746
5957
7104
4431
8305
6156
8364
4659
11760
5358
4825
9007
4350
4480
5216
6223
4590
15075
7390
4641
5595
4842
7474
5785
3830
6016
3442
4604
5936
4218
5796
8296
4997
6761
5537
5019
8616
6062
4062
5361
4377
5918
3696
5498
5079
9473
5648
4897
6907
4923
4850
5389
6133
5264
7513
12616
5171
6288
5161
5880
4042
4329
7564
4870
5095
8933
5197
4201
9977
5041
3973
4081
5546
4253
9893
5164
5479
3360
5507
6814
5218
4928
6269
4547
6056
5490
6782
4672
6221
5060
6701
5535
4750
7950
4720
5154
4816
5964
3957
5482
5074
6895
5133
6325
5428
7871
5711
4875
4620
4520
5215
4639
6111
6178
5421
6181
6375
5730
3919
5343
21126
9188
4426
5944
5037
14842
6812
5229
6549
5949
5547
4263
4448
5198
4794
5591
3321
5682
5194
4944
6115
4248
6804
6474
7877
5580
8399
5719
6190
51526
4156
6969
8071
4978
4479
7104
3629
6617
6297
4577
10928
7226
4953
5675
5677
6673
6181
5901
5086
8181
5360
6587
5100
4215
5963
4195
4571
7134
5003
5265
9338
7378
4750
6337
5851
5740
11297
4792
4467
9358
4773
3956
4050
6734
4227
10040
5958
4708
7109
5572
5767
4098
5218
11173
4074
6127
5185
5079
4712
5764
5516
5127
5294
4994
4293
3589
5745
7395
5166
4413
5706
4085
4842
7398
4598
4503
7180
6756
5092
8227
4342
5140
7275
6080
6795
5321
6102
5036
9740
5917
9498
4315
5112
7080
6185
4963
10063
5131
4154
6084
6884
4822
4983
4546
8402
7562
4978
4899
5034
4993
9093
5402
4166
4106
4030
5561
9276
18130
7231
7864
4957
6400
4659
5571
6456
3624
4280
6150
6187
5869
5709
6397
5676
10876
3964
3915
6333
6112
5018
5146
6122
4718
5335
4220
5348
5653
5523
5123
4877
7014
3848
4671
7786
5505
4989
10730
7715
5230
5305
6757
7032
5069
4619
15360
3112
5070
4501
5991
4262
5095
3158
6456
5225
6944
5919
4951
4289
5668
5282
4306
5105
5753
5089
4685
5045
9108
7212
6195
5027
8717
6767
4968
9332
5288
4248
7591
4876
5512
9969
4739
5442
5277
6818
5325
5695
7215
4792
6240
5444
9143
6894
5367
11690
5545
4332
5405
3159
7558
5524
6280
18927
4589
5595
6068
4895
6713
6543
3887
6557
5043
5408
4751
4760
2780
5304
9896
15542
7838
4187
6440
5521
5776
5040
8898
6507
4365
6009
4664
7330
5312
5582
5619
6090
5039
7629
4788
6374
6801
4148
6435
5514
4665
6561
3463
6802
6264
6931
4822
8471
4532
4709
9784
4867
4572
4745
5180
5570
8260
5933
3847
6354
4900
6389
8880
5273
5504
4946
8063
6601
3769
4956
8443
5060
4835
6209
5083
4573
4843
3828
5977
6287
6996
45317
8108
5564
7116
3784
3619
3015
3796
4984
9985
5444
6367
7025
5462
5068
5314
5080
4334
9675
6197
4328
7631
5010
4366
4764
2811
7165
4154
3623
7054
7332
4921
7745
8422
4795
7654
5893
23135
7300
4946
5173
6585
4559
4115
5962
5072
8315
5706
4531
4566
6025
6346
2878
4378
5265
7405
6930
5824
5501
8529
6250
3858
5845
4985
4031
5670
7488
6856
5104
9236
4008
4891
5012
4939
4259
5335
4835
5761
3653
8804
4824
7687
5157
5579
6458
7694
5762
5496
7873
10356
7223
7839
7700
5194
7236
4623
5547
4836
7414
5678
4799
5205
9188
4720
5202
5644
5971
7536
5052
4788
4129
4975
7109
6459
5636
5993
4266
5161
7302
5524
6695
5165
5351
7093
6593
6694
3282
4073
4709
4636
4333
6074
6046
9247
8516
4808
5425
5344
5101
4382
4902
4281
6295
4574
10102
5354
3989
12031
4882
6963
4755
6340
7060
6952
3834
7830
5028
6119
5440
6928
7210
4667
3882
5286
7685
7303
4537
6091
4830
3877
6672
7631
4846
7399
5017
4669
5328
7329
5581
5052
7361
21744
5502
4810
5726
5464
4416
6572
7823
6500
8002
5454
4383
7766
5589
5720
5605
11413
7304
12677
9238
5781
4837
5766
6063
5027
10789
4785
5339
4593
7984
4765
5026
8178
7232
5455
4222
5383
4668
4474
5501
5359
2944
8018
6154
6262
6473
5660
5971
5717
6049
5138
4557
290891
4473
5404
6781
5750
4772
4409
5140
4719
6153
4816
4755
7509
4353
17219
4691
3388
8170
5764
6262
4290
4728
5307
5431
5565
6062
5210
6758
8695
5217
7019
5317
4711
6933
3703
4597
6191
5371
6835
5693
10108
4686
6834
4873
5510
5410
6963
5362
3998
5924
5941
5610
5158
5364
5296
8072
4443
7235
7164
5745
5406
5644
5119
7165
4896
4823
6112
5334
4846
5409
8578
5410
5399
4671
8205
6125
5104
5081
6385
4586
4687
5114
5303
4973
4578
5178
5541
4866
5915
4537
5009
4430
5170
5064
11634
4791
4825
6598
7975
5000
14129
5373
4835
6653
5425
4066
5757
5633
6721
4612
5467
6155
5429
3726
4898
6099
3971
7062
4695
9054
3957
3745
4779
6396
4907
4610
3899
6576
4477
5216
4613
4799
4968
5523
5390
8814
5758
5619
5645
5010
6329
5490
7249
5766
5744
6443
6702
4693
4011
5058
4717
5104
5254
6979
7740
5625
5532
6123
5421
4185
7350
3711
5504
5360
7268
5584
4705
4502
6402
4920
6807
6266
4930
9680
5784
4725
4073
5173
5724
3377
5511
4723
5837
5619
19910
4519
6675
6447
3883
4474
4389
5671
5781
5913
6392
14099
7186
5099
4182
7794
7677
4186
8686
4749
5100
5712
4439
4935
5139
6271
4709
5848
6801
5949
4203
9250
5722
4621
3777
5360
7490
5801
3626
5934
4532
5817
5848
6062
5571
8359
4759
4283
11854
5361
5459
6881
4862
6908
9493
4502
4964
4447
5300
4533
3706
4884
5139
8575
6553
4348
6762
6054
7234
7861
5956
4608
4343
6004
11490
5294
4236
3494
6772
5739
6243
7134
5536
5941
4938
4967
4939
5926
4628
5229
5454
9529
6369
5581
5774
5945
5122
6273
5172
4257
6534
4128
5301
4278
5351
5322
4510
4509
9108
5847
4991
4825
3345
4828
7946
5450
9415
5780
5416
6079
6959
7195
6715
4794
8025
5025
6422
4817
4856
6648
4082
5691
6710
5331
7652
6684
5947
5347
5623
14893
4525
6260
5515
4856
4161
6230
6513
4652
8999
21319
5190
7798
11841
6506
4911
7152
5056
3923
7944
5086
6954
4696
8184
3012
6195
5416
6165
4457
8526
4844
4566
6991
6172
4959
7538
5382
3633
6623
6890
5045
6387
6994
5628
4602
5610
4325
5284
8697
3422
6728
4626
36348
4266
5845
6997
4467
5910
4871
5693
6881
6249
4557
4018
6093
6081
5687
5154
5671
6784
3262
7194
6091
4833
4395
5039
6433
6701
9787
8235
4766
5605
4887
4442
3971
7908
7534
7796
4770
10163
7331
5150
4244
16311
5621
4534
5084
6856
6144
8822
5830
8660
4528
6759
6741
5140
5227
7012
7283
5664
4766
5960
7875
5780
3184
7446
5237
7344
26012
6191
4155
5615
6919
7270
5052
5064
4935
3782
4622
7628
6050
3977
5148
5690
4785
7738
4833
7152
7558
5612
4917
4022
7329
6516
6643
4735
5087
6188
5450
4736
5778
4769
8967
6690
6343
5058
6621
4823
7054
3993
4617
6781
5026
4740
3196
8868
4389
5317
4709
4971
4071
5663
7074
5292
5711
7474
4847
7018
4537
7380
7067
3471
5110
11692
6814
5084
5247
6740
5050
5547
5170
4288
6674
8630
5193
6359
5466
8364
4929
11107
3397
5340
7285
5898
5190
5049
7991
5252
5654
7306
8443
7988
8748
5309
5380
222139
5012
7168
8225
5647
4668
7103
8270
5662
16590
5158
5209
4475
5861
4301
5288
8001
4298
8692
4858
7046
7047
3811
5243
5736
4116
5457
5757
5499
7803
8267
4954
8353
6596
5232
5228
5376
5757
5403
4309
5536
3807
5225
7319
7773
8656
6133
4908
5366
3688
6241
4475
5956
6119
5356
5574
9301
4262
5262
8426
4632
5038
5594
4278
5535
5834
5084
7110
4995
5254
5599
4331
7880
5527
4945
6847
4420
5038
4195
3625
5966
5293
5104
7249
4346
6844
7546
5058
4638
5431
3093
4175
4572
6904
4386
5725
5836
5121
6297
5184
5351
5584
5506
3906
5169
5252
9419
4852
6760
5406
4123
6002
5148
6432
9404
5153
5176
5459
9459
7072
6501
5465
6084
6234
5873
4321
4629
5157
5815
4499
6508
4044
6478
5253
5760
7255
6462
3928
4419
6943
3696
4708
5203
4238
5574
5923
5001
4872
4607
5380
7049
5144
4050
6576
7818
5073
6335
12624
4838
3817
6358
8866
4275
4988
6316
5574
5482
6170
5863
6125
8214
6031
3527
4680
4477
5813
3882
4457
2987
5643
4745
4029
4508
13830
5272
4649
13069
3590
5721
4342
5823
5639
11366
6453
3255
4967
9325
5104
3336
6219
5052
3705
6063
5933
4808
4837
4879
5101
5697
5191
5274
4270
6169
5919
4541
6147
5925
5590
18427
7591
3800
4889
7383
6298
6135
6277
6397
6227
5005
4907
83690
7964
5068
6325
7329
6660
17624
4138
7010
6150
7649
4813
3398
5901
6821
8559
6128
5405
6064
5110
8722
7955
7197
4677
7862
4640
6854
5759
5802
5011
4400
6372
9859
3688
4949
8183
6765
7004
23924
7640
4704
6198
5690
19879
6138
6935
4521
6452
5230
6804
4936
5271
5470
6868
3818
4536
7114
10126
4989
6034
5416
6328
9313
8903
5873
5310
7823
4508
5209
5861
5353
6822
11398
8121
4173
11038
5511
7022
10480
4185
4386
4777
4359
5282
10826
5032
6162
5785
5998
4776
7132
5449
6208
5532
9806
6904
6336
4948
4034
5031
10003
6574
5831
4843
5552
4353
6529
5680
4498
7841
7007
5543
5440
5895
5227
3671
5855
5750
6876
4696
4956
5662
13189
4825
6109
5219
9504
9163
6369
5628
5851
5906
4002
4648
5277
4774
3390
4773
6378
5149
5125
6332
7637
5287
5935
3790
5106
5181
5957
6383
6373
4372
5401
6869
3530
7875
5070
4936
7362
8859
4266
4750
4662
5011
6940
4322
3862
7569
5808
4882
5571
5111
7732
4505
6603
5032
4928
4513
4328
6655
5083
2958
3569
4307
6059
4631
4632
4072
6591
5340
4631
6353
5722
5451
4263
6354
5400
3718
5748
5361
2618
4497
4562
4339
5831
7419
6465
4161
5608
5996
7373
5160
5202
4641
4796
5451
8241
2773
5614
7361
5512
4443
4934
4546
3938
3803
6795
9520
6530
5228
3746
5251
5499
7981
3999
5943
5500
5172
8524
4847
4750
3785
4922
3748
13124
5133
4675
4222
6792
5056
4323
4322
5023
6491
4664
4813
5017
6491
4860
4685
5516
4612
5504
4939
4801
5190
4234
4916
15422
5970
4292
4438
8367
6537
5345
4856
5821
4775
5657
5564
9061
7242
9369
4205
5124
5528
4341
4423
6242
5322
5349
5846
5469
6665
3312
4720
3869
7359
5903
5658
5919
5011
15261
4994
4153
11031
5445
3248
7628
3576
5322
4012
5618
3717
4566
4615
6392
6425
10326
4774
4439
7395
5070
7504
5311
2915
4968
5143
6764
5066
5080
6579
5635
5554
6694
4928
4436
4281
6284
5145
4805
5672
5980
4096
5222
3839
4384
6638
10842
6269
4250
5291
8111
6225
5328
6963
7517
4489
5157
4640
4154
5958
6164
4013
5046
4628
6739
6761
5330
6086
7801
7072
4986
5290
4396
4973
2977
4521
17494
4089
12746
5051
6938
5033
5617
4171
5887
8442
6801
5235
12518
4592
6314
4660
5311
4113
3390
8044
5435
5212
5053
5215
6683
14262
5565
4567
8056
4976
4696
3310
8569
5125
10086
4614
6806
6244
4104
5923
4411
4958
6941
4965
4515
5921
47441
4258
6998
6019
4218
3960
5200
5202
3210
5529
5810
5010
5024
5219
4912
4393
6466
3686
6454
4813
9100
5848
7271
5486
6321
6944
5828
5983
3765
4821
6508
4394
3152
7898
5229
4945
5177
6105
4367
6626
5088
5157
3963
6272
5836
4595
5036
6457
4159
6262
5102
19557
5187
6043
4555
4731
5640
6684
4099
6570
7043
5557
15435
4341
5100
5242
5357
7091
4989
4792
6791
3746
5106
5447
5604
8224
29174
4709
4849
8131
7143
4326
5096
5134
7399
3582
4190
5326
3982
5668
5063
4026
5749
4069
3752
4906
7300
5208
6281
7875
6268
4254
5590
4890
4587
6566
7368
5955
4414
6149
6231
4105
5799
8167
5732
6733
5234
4893
10889
5177
6949
4162
6217
5991
6655
5332
3604
4155
4215
5320
4496
5494
5930
5759
4990
5805
4840
4210
6009
5782
6918
6591
4841
6061
4104
4731
5548
8677
5981
4552
4111
5115
6668
3737
5844
4938
5525
4649
7950
6957
4774
8017
6811
5438
6822
4662
7367
6003
4783
4741
4147
4860
4778
4416
5816
9649
7564
5008
5100
5883
8282
6165
6514
5309
5820
4925
6063
3170
6149
4996
6519
4730
5235
4061
4564
6861
5755
5278
7809
4869
6310
4143
5767
6176
5604
13468
4709
7655
5875
4980
5610
5820
21549
6032
5038
5591
5197
5740
8454
4738
5690
4249
4687
5033
3338
5730
5158
5278
4918
3550
5454
5855
5349
4699
6238
6022
4924
5648
5283
6326
4918
6118
5871
3892
4054
4638
18871
5346
4285
4598
6882
4924
4857
5501
5158
6721
4989
3972
5422
4001
4545
4360
6999
4607
3795
5641
5111
3454
5910
4373
4757
4656
5660
5169
21808
7572
7711
5144
6889
7124
5354
3464
6101
6883
4352
4162
4747
4998
4601
6850
13341
3691
3637
4524
5257
4942
4747
5587
7085
4317
5029
3863
7535
5969
5989
6727
5863
6100
7055
5399
3934
4797
5268
3600
6861
8480
5762
4169
6902
9208
5452
7596
5683
7187
4834
5918
6412
2607
4647
5403
4764
4961
3468
5720
6817
4730
5395
4244
