145293
120911
235289
187817
153607
206787
118517
254229
132080
149826
161816
139193
181502
133739
215691
135276
225394
125963
128161
136611
140124
155317
125095
200825
172045
178259
139402
172494
118364
136526
133039
166503
175016
129450
183200
102746
181633
243828
230455
216800
206288
217453
119599
211270
170152
208108
218110
144796
149144
123708
116794
141794
116039
166241
113491
118696
218815
138976
115274
187705
179917
203547
208181
278393
199200
162346
166825
219149
410060
146982
156793
121803
227413
125708
203008
211286
186851
260892
154338
144853
146147
160515
257367
216618
234967
215458
164645
138837
476669
183257
190247
194138
226948
129723
117042
185327
155597
197866
166227
152009
151449
154011
150877
167776
181765
101959
164883
97583
182598
205702
188034
162031
148125
206822
109938
126893
149244
124675
154616
165121
186478
127139
167232
119472
153783
178593
133549
127672
126149
151970
136745
135557
121104
113308
165936
90965
231102
141451
184656
169319
167098
178816
163401
164900
135211
141926
159965
150735
149500
132727
137290
147944
126967
236860
258127
138584
116520
143169
187015
150309
168878
200173
209655
100948
190311
113106
156916
140134
120733
301008
231196
254266
184803
149875
163326
223965
213670
108706
120725
136990
98079
157917
182710
125071
236262
131866
730684
149870
120792
133587
168631
161090
125312
132850
170571
220259
174249
158241
187945
125497
200103
205445
162280
114641
189500
182737
199741
162589
154109
212693
180086
158199
127959
151801
144834
172434
106859
148666
162333
103897
144737
133805
100459
117133
146479
162159
151076
217230
146572
160312
223412
121372
127346
231283
111965
168691
169066
155449
106759
140962
99605
209328
172818
159775
209338
144480
166829
157106
155865
199774
106318
161103
149009
126240
165444
182926
132552
143158
131409
123586
177995
208189
123550
130124
149683
148588
7021060
167772
294278
170792
139784
174010
141613
186832
161403
123959
164382
188746
135068
130628
138007
162463
143863
134195
125222
165336
184129
160712
124075
169213
132099
128632
156945
256131
153631
157279
207608
175686
154969
311707
107778
147901
108823
114051
156104
151192
171650
132826
122812
160666
146717
206985
171197
160017
184917
195450
197964
185624
174266
171534
139692
201826
204772
152767
130753
172534
157766
133143
131784
179081
249120
220068
138357
124862
178547
134956
176093
147635
1446380
130872
153968
176446
166710
103669
121600
128956
172074
150060
112846
137997
181995
148353
139167
204145
137221
133998
160111
218959
138561
115011
205277
127733
113846
139469
170631
172984
127186
344235
117756
126595
168250
163123
159682
206898
118087
195063
119255
175271
122002
207881
151058
141545
144466
116914
162863
119855
121598
162713
150518
141234
166823
265081
222731
173571
157870
133680
219426
181721
210616
176299
111254
96764
185599
225112
175468
139342
198035
187224
107146
244896
1877899
197589
130933
216460
202137
172106
140870
157581
123346
192924
141283
147026
124135
184015
269377
161186
136756
174048
142657
123483
128587
152786
212381
139090
143380
188135
133175
130006
186746
133566
220737
105192
126119
144475
243130
206190
195609
118134
169085
191150
98106
104148
285550
160208
122037
292895
132588
164031
159631
211135
115829
159944
138475
182765
170567
138879
107454
120490
149516
241984
178938
171088
200330
209086
151741
140499
200219
179739
159208
171851
175944
217852
152032
178555
181168
172934
132941
130177
150047
227749
168607
198310
151561
205034
214450
159704
185583
179317
127623
170502
268612
208896
1560524
164718
225074
167300
138915
167599
117922
153465
123065
227918
153446
187478
122320
163498
157064
156659
157545
147494
169938
184265
128885
128915
169235
265998
137638
127804
147638
103334
184193
145394
139232
220341
127013
217376
183938
151702
294845
263060
225610
237343
278238
187367
158484
157282
268056
209348
201346
167284
185889
223911
153090
248815
193530
190721
177975
153320
180448
150893
127905
191581
118668
146620
134970
147637
178084
236550
243212
170926
171649
113011
171339
202901
202809
127194
228716
221315
108618
264399
170355
212373
170146
122043
136814
85165
118687
140400
162865
150294
194883
218438
168267
250042
216604
199431
92322
178879
173701
287042
220581
128725
196275
182874
103743
201825
156364
202598
209021
169716
192139
185272
204606
109849
158758
132174
207323
237379
135187
194175
175850
221889
157240
198185
118662
122864
147678
122341
174579
142952
231809
171825
103444
129045
120907
184770
209902
161507
142517
239988
286180
132129
153608
109398
207722
262436
161188
252291
166480
102194
136071
158043
155921
160373
190867
117773
104558
146317
195473
197323
149863
117215
154513
203985
166348
108041
155909
209641
138819
291388
173193
123626
261205
131262
132048
100641
140765
86316
155229
144965
172741
84778
133430
184159
303012
178287
233882
143326
133297
111348
152770
210338
225178
125222
244352
198363
228453
132391
142265
191402
171577
232416
134678
158183
157408
110621
176110
191426
170680
110106
168767
151763
228360
208037
186352
93512
233566
154819
205562
249491
130205
170237
115852
116025
126921
111383
127177
199872
114054
101608
113224
174433
190745
113518
129521
134617
240482
133939
134590
141278
244631
127126
186072
176524
133267
118534
180861
153543
103448
90527
138895
173590
190692
198073
158191
152016
157746
319954
139970
203674
171520
167166
117275
216738
145531
246757
182862
234846
96659
120127
148401
163115
97158
123828
147784
204547
133333
163206
157009
227997
120355
144144
135825
216951
187145
122072
184474
161643
98746
174952
94999
146310
183510
141959
148694
149122
125015
171866
157175
276127
167937
189350
130163
140558
110913
167952
168071
174244
221453
242592
136971
193942
142453
147265
129671
189017
163590
186069
243136
165435
184278
193794
180277
201556
103777
198584
147074
129654
231919
146988
108976
163010
218230
168233
321905
161449
214470
177588
242534
110733
284377
123285
724082
243354
188605
137673
254686
247071
115677
277388
196019
209449
216388
208013
112683
159433
117124
150692
211642
188891
138529
178310
170394
187605
138932
155476
132640
167841
186864
190572
154802
157221
165447
238099
198574
144671
162262
202426
166281
185207
409784
188234
99709
192923
185941
221696
137217
176073
138929
186818
183162
172790
209848
141474
181142
112729
187330
142049
121004
143595
158365
92326
158351
128069
235648
160241
208324
123761
144414
173307
124791
184798
234313
211018
166780
127488
311774
146966
282207
221398
153034
137438
140523
125634
149862
142037
258129
197942
136055
152033
135319
211770
134913
165112
92543
317726
227551
154230
134754
142419
100534
191386
153204
152477
120177
133205
116183
132442
101157
193363
150854
211949
84746
179249
187178
142250
219948
137917
122949
112563
245948
106970
133084
214503
156064
101314
165312
146349
137635
131807
137287
127978
125902
182506
260303
164471
130815
151278
260147
106113
156024
105273
196816
333121
182383
219441
203799
183589
148113
189133
179467
118406
162339
226698
112625
203659
191984
132346
127398
167589
190878
296370
144952
171392
148019
125166
171570
118768
157447
162923
180191
139856
225321
112341
98039
92734
126852
137488
216233
244760
97672
209475
227819
182575
154548
106980
165830
155815
122192
221773
161637
92774
206119
111625
226187
163357
199179
214452
157126
126044
195031
209847
122684
187800
100502
202343
202344
187334
110119
197970
173877
139358
114296
214220
125431
199107
203470
1104612
161301
179632
136179
107352
140619
101800
210272
179589
161872
125094
139941
106039
147965
113743
142636
90919
130706
97272
157172
130141
181055
94317
139804
169086
209775
193910
147095
216716
230710
131979
246555
176846
137679
155700
216417
118198
189518
233300
257558
162329
187875
118818
77931
97974
211531
160112
300732
157751
127728
104248
136131
91055
141933
79712
115645
229408
175172
127411
161267
182812
199689
117627
95342
119072
199667
144386
296172
158904
101452
123914
125171
184721
131811
144381
125455
161139
130159
143048
130595
125358
176592
97799
182981
170595
148179
139374
184478
175771
150291
137969
127302
165702
122495
201280
106193
345720
258232
149663
171984
137387
157875
163589
141794
191043
227241
125285
7356446
301627
242132
227948
146766
245023
165887
97784
159651
134642
182678
108589
88870
93283
205358
129291
146143
145024
145899
209220
226859
256302
161378
122353
229025
199628
163763
80634
161212
246431
124546
203641
145963
115558
206446
108724
231398
84025
148205
114423
182735
158036
151673
154181
155051
86063
92435
184165
185463
104679
117389
102562
111142
172691
186802
152444
94705
179546
128755
165455
272587
155981
164976
155988
138372
204108
228770
103681
194398
124793
137477
143187
157354
111870
118007
124264
223324
102788
247024
123630
141818
201633
189551
174791
160795
191726
199688
249593
132076
171470
115079
148491
107825
136329
147658
269127
99514
111425
148368
150880
165682
136562
193121
167232
215943
251596
131237
150183
150292
94218
166907
253527
304489
280629
158861
127028
185105
89528
181144
166051
93955
134689
136644
341235
154993
140415
155933
115057
121819
112610
131718
84634
115035
118340
138317
136099
175503
121869
205122
125591
160680
175216
176076
138985
204597
148637
134787
106456
116909
280380
168621
131283
141188
183816
157946
137084
184893
97584
131495
170763
228243
162080
112427
167368
185841
188085
110255
134654
148263
200146
143976
220432
111650
128407
186731
107854
128680
165094
92415
120916
121996
109157
108667
146029
127409
111159
117666
127228
140186
112967
146224
99313
97058
190199
125540
118351
106262
123465
135606
112408
125478
191729
102934
94803
101240
102439
140933
161967
127365
193299
174039
126624
188448
156062
153330
163930
129992
188693
137591
148922
118792
172074
202823
221179
159610
148818
119357
110995
130471
153562
167114
170055
110089
171383
154529
175126
104584
89356
164523
192308
141115
126768
116678
222149
149995
232304
165138
132932
98481
140467
212541
153862
92532
176798
126878
181209
108852
197544
189915
173788
127426
194431
117903
189664
145755
234482
110621
118723
128311
92152
162408
131829
148565
125665
218723
105741
107280
199226
145722
109541
132869
98491
147520
168151
113025
116552
134261
132309
159744
153627
129478
147483
203530
165558
161383
100290
214891
143923
157457
210721
208483
136659
237347
149141
157629
110660
155894
207249
121523
161350
170346
149316
169637
143440
187541
251570
192792
85569
130219
222813
160042
163732
136344
168542
150694
159185
212552
268495
154064
117699
157443
144973
134288
117546
150436
122935
133340
265317
136181
94113
99057
100162
182542
152127
133556
177301
209907
157543
113193
215884
123807
119785
163742
170522
150642
164815
137351
139090
194535
259266
138241
168156
229795
96134
191233
167443
149349
172248
119277
218235
103734
113429
111779
152011
218585
147213
147634
151332
125588
221218
176116
89880
136928
160073
202623
166991
222411
123070
120795
177466
166634
169868
235403
170807
133091
168103
126647
171198
134471
173073
306148
140883
249535
356686
182221
104014
204642
103120
110195
205111
135027
133043
136685
147801
4887979
139194
146301
166109
152347
204310
128738
213659
197567
105508
141348
161468
183586
140271
159779
200382
154784
181703
138667
181376
117546
290690
123898
203792
290089
133477
128879
113614
126192
172318
136190
188795
105429
93785
216304
134678
221930
160517
150265
128391
163299
131594
148726
157754
164260
128917
122972
136578
181598
128795
127936
173208
141374
179470
155446
149476
243550
114157
159007
129851
180958
104285
110622
105208
249121
147215
166127
109623
149581
118168
135695
209774
127921
115201
169521
122736
129334
119481
157024
172779
116904
161367
135809
133504
183580
137490
128746
124345
137725
233545
125813
120948
147860
146969
223868
153024
151301
107174
129597
139287
116981
148557
126161
114197
158533
131108
139474
92143
130354
221997
150153
109393
122583
153593
109109
116171
231037
147712
109925
114958
169211
146128
166774
181880
149899
180719
151014
270153
119727
111515
171090
136897
155860
99302
157960
167462
146795
126794
202596
196333
167890
131529
112712
177171
130266
90241
152693
140704
115169
101904
112577
154481
137473
123117
174028
182150
103381
103303
172602
167205
188944
145409
120426
143401
190856
130754
211243
173791
119028
135398
161825
94945
116236
151113
103502
126306
167403
134662
102127
123928
114483
175443
171344
188989
142185
155373
153132
127595
195167
129965
298729
90442
166684
140151
145477
107936
143471
133305
110612
116473
169791
135444
136108
96604
117547
242717
165741
176170
163627
121471
181776
151110
190456
188079
155793
117913
193499
143657
131765
143871
176868
169724
129908
133877
200381
133877
197283
145222
132637
218059
140127
93473
205955
118414
130426
151110
191224
138794
145555
151530
219410
88072
98319
100580
89147
192236
136181
129856
91456
114786
137636
175241
127761
105954
224134
170932
181748
167757
161865
133134
222311
173865
130990
176093
105114
118839
147749
198131
87385
89598
126565
112762
124426
191958
105345
110984
137952
185701
138674
90058
154845
137344
124451
145680
130544
106797
126742
93078
147618
158984
124678
156484
138385
148625
150837
127671
93051
137948
122889
144409
178483
144895
137483
192155
120468
100474
145324
127005
236703
104778
181246
158823
160473
119657
1235591
125461
134962
97354
143975
139500
140287
188499
144196
113585
151338
141541
147556
284554
140224
98730
105610
136238
235426
151273
160191
185348
112504
177939
130788
170111
120232
152435
139475
137872
112754
162908
138272
184560
159724
122336
172242
139413
120393
115960
140928
123934
152173
134877
321009
124919
127019
158200
119887
152829
105631
135824
156585
138800
149215
319595
126867
131932
123099
109566
97447
114462
134028
109418
132196
149167
126801
140377
112335
168474
167331
155071
125663
100288
115338
106178
160633
132349
119207
127497
134588
142101
181951
122928
155163
96654
141422
201468
177922
147860
137955
108416
173461
170178
174653
171770
158847
121385
142340
128682
134503
146863
157906
134895
188165
110754
117552
123476
122498
124993
244659
156673
141466
119035
135972
127010
99318
116565
121849
115702
132677
146756
114293
136426
186608
130982
119054
130035
107020
94263
195832
187963
226689
132797
136351
110415
181639
96195
189102
151949
149248
150460
168747
100756
119133
129049
100296
138949
129583
116944
115458
124020
104153
89399
114231
155505
237150
200366
120103
153520
115287
127150
131545
111132
136966
168564
132704
213775
119098
103034
176493
146661
207225
138556
192929
180443
153355
122137
101862
105398
189339
169392
106906
212128
120071
123614
159413
168063
159933
122531
157964
125126
108186
114257
102638
169446
123371
125488
166029
181247
115065
166275
132893
157299
116089
181460
150652
97433
141885
150899
182513
102994
159304
148098
221189
145614
168868
179977
102368
139559
127254
137056
202066
162838
86850
185374
156393
171885
149566
90694
162944
174890
144309
128745
124514
159135
138963
147776
196169
135777
137152
132982
148865
143577
172874
143818
174111
172736
118641
140647
107426
206352
161918
85547
140956
124171
121577
91655
226664
94523
154095
134007
110098
123579
2702694
181057
241654
156778
137371
116738
208761
141698
109085
142540
202986
143239
152115
150040
180545
146889
164282
115984
177818
153698
164230
219888
120017
146861
106582
172532
140816
130077
108383
137878
184592
121047
149510
113350
243534
176231
134623
155924
168147
121985
177455
174142
274126
115154
146013
126784
202418
206336
163682
119702
180238
140483
186080
165785
224462
136102
206976
181199
150566
278864
146975
147013
244218
131770
142429
178225
138319
163711
110085
161236
154379
158816
140694
201071
172158
137511
133018
223644
215032
169670
122559
171975
165843
197340
152320
195728
117155
143337
186630
129790
138249
173609
101463
149482
113680
211346
168036
129792
135486
155514
126612
239733
133608
133701
118151
228671
160302
108468
159320
199398
138736
115592
115065
124679
187442
151952
148579
137874
103501
147635
148546
112964
166449
132485
124103
88722
167424
203633
2626096
177716
156662
106381
160889
147525
133490
146576
110170
131496
151074
126109
144121
136554
142325
114543
128805
102932
224180
105267
150128
101322
145396
170014
200013
140978
115518
166827
162442
123074
153895
96771
117201
134954
104098
172795
128207
99862
185153
117946
131615
218724
121240
96313
101192
87548
155906
103946
160029
120160
144945
134574
136717
108741
119783
137377
157002
114547
168838
206469
119899
186824
134302
114842
150838
109791
256340
142598
159563
124419
156905
174059
146593
117704
170036
108951
139686
140772
126771
186856
105235
175698
131374
117098
162204
172954
157871
135203
127720
228038
148155
164714
186609
147174
117258
114467
141662
158177
122752
144929
152337
220509
202746
149849
3241348
167386
136621
100911
199138
139550
137849
130971
179379
203981
143727
149206
217327
126306
124248
243702
234479
134707
129302
199293
176969
144756
121107
114641
155784
192605
184023
169596
131292
178395
182719
197401
126110
106883
153316
195189
165650
196621
187426
300716
153426
148557
131974
131047
196193
163677
218683
154487
189546
172607
156096
153963
162347
197251
93620
186506
133775
179449
169334
179674
151564
135763
110553
147359
105110
184361
138982
123943
372733
183636
228830
195107
123818
153930
167782
198461
165811
83150
167242
219899
144501
121088
188817
178127
220516
207951
194642
184597
124908
185065
167753
165063
128546
199091
163245
120022
197135
278803
186624
121841
173229
152378
139701
235679
223817
152674
191496
216856
168893
223431
142026
138220
153531
126148
169474
142685
129403
173752
190239
120933
147518
250667
201101
136261
144776
121231
131128
133250
118313
192312
152676
126979
148080
97143
166927
193076
143066
117687
168941
201806
144787
161701
159034
107386
6479176
313678
155152
158837
139655
162817
149591
199545
134493
129339
149042
151245
145245
173303
117486
199658
143660
142738
170131
228261
206366
187504
123410
96836
120129
182457
194376
220673
449679
116227
128559
141323
127021
93401
164714
209456
114679
149933
253823
226881
192154
230008
180490
120344
173401
168688
188507
124846
164417
197277
117460
185209
261102
127329
137004
189447
174377
171431
128842
175051
165827
288882
143125
127631
209744
104255
228866
125945
153795
140613
108560
149190
193950
122379
136800
218237
138471
103928
139324
173165
143982
229669
169547
138948
234211
102764
174562
175012
170633
190707
128305
208202
137581
211577
162410
133016
164981
201870
219343
144243
137398
219770
223421
165989
102525
325314
153212
146809
226353
134206
140935
210138
133289
141621
186374
212491
136748
142307
166438
127834
184697
185146
794857
189457
171533
147721
203502
259775
238063
114763
176891
178557
223649
141595
230222
223771
124281
141328
146358
137639
214836
242246
4938820
117002
202799
139103
137850
258148
169178
186530
139477
200266
122874
173969
149376
242509
156713
118719
202391
327854
269818
331901
216331
174199
272340
127083
121731
162590
212676
170721
112412
182270
160636
161274
250232
170975
157925
180957
87823
317152
131189
112560
277227
188366
2026743
158575
109656
216186
211591
177828
189497
139141
192562
148197
211188
194636
140125
124100
144080
165166
252461
206801
116299
208104
131281
204131
206489
181969
130377
154936
224317
164911
144543
215018
132770
346242
211005
183201
265730
159895
103062
89528
193618
259518
185244
168468
209224
188932
183641
156489
164810
208664
167812
211346
264396
224019
211275
221932
219166
198014
210135
189424
192564
163111
238977
122752
146557
114840
225484
128651
240439
226913
169387
231802
183076
275899
109266
228812
262436
152959
182004
235438
158336
182259
194015
99074
153144
130704
158953
270990
202010
152117
100405
179889
93848
143423
193292
181811
171184
129232
190719
137803
160872
212054
149409
238717
148472
113197
130836
191513
215701
194235
229338
180316
123548
116992
250001
168235
153619
94646
180810
117014
159154
93820
134764
168612
223820
88803
190848
135964
249682
91846
157519
200090
210605
144619
132461
231247
139699
121655
157934
138116
151103
180545
253906
235466
183209
184216
115145
203809
208723
150876
126459
189444
124549
141018
147627
241915
114184
346725
119187
188314
173259
163884
212372
119250
276693
190219
211550
100449
133772
92199
149506
230436
171666
97102
183998
216567
115437
126790
174221
230468
207428
176465
166567
243527
132943
161956
274967
173042
118717
249460
122644
239824
190299
136059
194018
87864
190621
166928
154529
123284
196639
129631
180265
187185
208849
237901
224150
166272
257250
192842
159675
203160
145927
182105
135947
174895
253306
131706
154417
209702
149191
160583
104467
299571
135378
162538
118323
269150
152661
142308
180165
242800
139291
208447
177965
233508
123528
260034
188937
177336
177325
208053
218887
178321
151316
156645
103913
133176
199414
97179
199711
124600
198722
166244
128170
144695
183821
187858
124249
174756
181464
110444
255031
251398
138228
195326
170931
93133
171801
178592
127840
223782
181491
132885
139466
263110
164364
178908
253124
114636
152506
259618
257439
122157
116964
194022
246755
177139
153367
133420
114928
192960
129312
175664
122021
108903
141137
168415
114974
199159
177578
241150
842189
135404
230978
132084
136350
311689
237504
231094
127972
133869
115300
153455
177152
184483
144371
116385
94640
132820
152898
154721
147984
123888
153437
131979
155397
110917
175013
133853
138596
138205
160113
132928
161782
132147
130069
112782
135508
177004
139608
228292
97479
144182
98178
99434
176581
219505
206094
129712
203008
223118
206133
171008
152560
189661
223376
221285
189511
142726
183013
258211
158631
90155
131117
161555
99586
190518
101460
273679
107444
148588
144820
118135
94810
158146
159392
154752
191055
141868
129832
173855
230002
124929
156051
244151
139879
244306
89036
141880
183469
188040
134040
130743
180429
216076
208006
313986
115767
187811
162253
158948
132691
174539
160045
104235
164318
197384
169536
376869
150371
209362
191716
133861
91416
201701
159923
155719
203556
287365
156070
236385
188090
196230
139878
199702
155022
121666
150110
108074
168050
146133
167696
146426
129494
143603
124936
141303
254447
132650
109612
246104
124942
262452
109976
209358
210638
230700
155198
176118
106626
102602
108297
208101
205263
196648
163433
170477
178117
236000
188326
189948
188420
141609
161042
173368
192991
106278
164831
173399
134167
131632
187239
170820
99445
185999
178542
130629
179666
254951
179690
785172
98721
174340
154458
162565
130667
157707
354332
155770
224542
193314
177255
89434
164055
176413
187164
120008
119543
226372
250882
174961
164421
173022
120328
184224
205888
126097
142005
225116
117840
115928
230147
151146
169581
142785
114445
132238
158468
146596
156417
186724
220470
138075
150710
105075
145764
87346
167856
187907
177216
156153
121537
142513
145876
233586
142095
226501
121222
111781
115982
140981
110280
109791
134384
152459
165783
119479
165674
162533
157803
159200
282158
169595
116534
168023
121388
145287
160484
208224
167049
345745
222056
170779
168658
110244
172983
172421
253693
123374
132522
212955
167900
163765
169327
168017
128648
117612
155694
105145
129174
96127
130864
174187
136748
193863
144476
185847
124050
111390
155654
151662
109492
118992
112562
172955
118710
133610
209339
154501
153781
220785
164739
186186
218977
245075
168288
106017
173178
152903
256257
157914
161615
164448
257616
226078
144259
158740
162009
182062
108261
192976
195750
162128
153688
149548
151378
213461
120466
124878
186338
158363
133532
115058
148188
127204
188973
187787
132926
152506
145463
183073
397285
152112
121049
168412
100020
158483
289170
118123
114115
144636
136605
121307
138359
196292
94972
126624
161524
185915
140236
152606
93115
241146
131412
186611
152036
127392
142968
124682
164195
168737
178037
179106
110590
218943
175623
204052
140088
199022
148430
166841
140523
162957
166112
153564
112943
122258
150959
203924
123035
146371
155985
103372
201715
173053
137695
132709
165030
135281
151497
142080
252304
126590
152625
135632
236293
158467
143934
215237
170818
178459
129161
175499
153601
107575
143038
147789
121554
120335
171540
114014
212043
105605
103773
129992
132767
146979
149866
192684
248000
288623
172459
147488
222309
145277
160005
129356
199548
183720
184514
157574
122172
200541
156069
156416
130386
132200
236905
177741
151767
185455
127417
103183
139304
146057
193427
201605
129061
195409
143636
267040
183982
228994
178795
108453
165164
129583
129631
139263
147599
195520
163233
113169
219994
164002
170332
261063
130650
186009
113029
162483
123767
158525
99874
191755
167850
121037
183072
147263
168695
110864
139980
125223
114006
144659
201445
160519
134053
256421
110696
180923
180525
101437
307959
167149
98960
167198
347678
156178
131287
124049
164288
173481
138545
219759
107148
184494
184962
149083
136739
183149
129482
214455
116653
178037
181689
141438
132939
219226
111976
196594
159327
132841
151887
141258
151274
105424
3105460
162784
168671
106814
298651
150056
187915
174760
183063
143236
200156
108843
169017
192055
110984
239029
134746
137924
179626
162463
143374
155642
152239
143044
131410
193891
289822
217941
173819
196114
158064
197188
181686
187367
108787
150106
177445
116832
307946
130593
184521
180281
158948
217737
153630
158797
130223
133297
202107
145946
99573
130064
151483
156767
140085
129060
128114
107204
213640
148295
176160
130187
117472
218657
97008
99432
158219
170977
116472
222334
167182
176206
179034
127517
122879
175095
115310
188505
160223
190485
161334
216521
142217
184992
170686
249053
170094
165814
218427
169355
150011
211085
131976
189633
122060
174784
121624
139412
122196
195580
157814
157634
152264
164681
282144
183593
213832
142757
150776
155181
182015
207644
191965
123193
130675
172935
120549
243711
139924
212599
99036
130920
130983
154816
160381
206923
178053
123490
143363
194612
141758
109383
142855
283757
167487
150828
233956
151362
203665
214229
236740
148734
196708
183345
236965
146501
196132
232431
110638
142050
175230
177889
162855
207179
201248
142055
145831
130597
114723
146756
164349
109575
223038
170414
233905
104605
115714
249074
132778
139962
213899
158784
125823
173010
162708
177043
118850
187958
136925
145476
128602
127909
126756
124235
105252
153307
134234
198231
237732
155691
147022
138182
128350
109582
245101
175740
131712
149743
198564
178785
148380
133805
165946
150666
127564
178123
145968
179390
168791
210790
120170
191472
159261
181459
157515
159955
353693
185242
149629
189045
120820
127099
168367
186533
127521
195685
114685
168297
181413
215763
162383
162046
188948
129726
109710
208333
144559
208293
178835
129712
136254
121196
163205
135054
149669
163211
147954
163808
186894
98752
203836
143460
132964
150207
152221
136564
138488
802186
159109
138881
154635
191951
122119
125698
119849
137956
192059
124804
154561
158063
132864
120975
162456
120725
189030
116276
172141
161702
172313
167772
281718
161978
187133
161492
227538
157700
85381
148205
140941
176594
307683
219920
114770
225591
125284
176929
152461
172036
134165
178310
174795
180457
162110
186725
250053
182111
269548
153552
193946
227765
160317
112527
141150
216408
284520
188709
122902
188598
188397
151137
158244
134493
224372
172740
128116
180063
156278
117089
146307
211048
126239
84474
141771
276023
159588
123701
132295
173248
93711
180869
137648
227234
146509
138175
175740
176678
172089
172546
212679
125224
146589
155874
174746
134827
130671
173508
157871
192029
213891
124301
193223
170745
136463
109406
161639
156801
128377
157569
130670
126438
154180
153031
216228
159672
123393
181864
148219
195974
160619
126217
229594
135022
181664
171259
161886
121512
149061
146464
98762
117216
126769
245864
193960
126326
125171
131085
120285
131489
206618
120519
117259
118952
190368
111565
158291
120743
154424
215529
137604
142271
157394
132108
135160
226068
239472
167660
130752
144172
155125
104351
198073
150632
122641
178255
137105
248065
139231
149651
173277
160153
147303
140792
143270
177222
123912
171855
172217
123587
152084
155456
200498
147123
120751
147087
130255
88965
89956
168426
110782
146663
135474
144273
113547
137157
151712
134052
140519
152312
143723
118043
215981
132696
110566
237168
113026
144420
161149
157236
123631
158250
193070
110282
154465
3219878
162858
88731
111571
139555
152652
124722
130302
127782
121555
146660
143638
128403
112179
138293
178857
157261
134465
182722
130090
238791
133076
182943
146045
149256
201773
148875
129667
126173
112274
237129
128546
161205
111919
215770
174605
97341
203071
132611
188319
152692
130016
136889
108954
175816
460620
172411
125006
102038
172000
203385
112625
176955
121000
260433
182496
115886
145516
113908
289552
153225
120021
109565
161060
205210
226649
143747
138557
177370
196427
121115
128294
207229
109925
113859
172514
189143
136653
174482
130385
216855
166829
154178
234283
207174
138739
149090
137173
129417
126399
157836
176240
167977
142156
196182
160650
161946
271501
109161
133168
137365
132702
134313
163510
142693
127152
148563
111590
151951
127346
142421
177544
185987
202400
127135
139123
127216
129542
139842
120725
134632
108020
234459
139668
157912
156893
135118
170873
206282
147165
116360
98015
242352
173422
169671
136608
251658
151899
150879
153943
231696
118648
145389
173738
272457
145214
194165
130804
163412
8049556
92169
136131
203088
104992
139763
124616
229006
97977
150867
158335
211223
176213
123945
287385
197551
153598
132990
145390
563842
109031
128611
187943
114954
129491
187848
128913
114114
209169
148366
162906
183168
112798
234731
117629
115515
379909
179216
139957
117521
150511
187907
115990
104505
182667
124800
190042
144683
175598
193245
227772
377207
86491
191412
192676
178788
200862
203231
115371
135030
166277
129899
138895
136319
124734
103580
153500
153024
102257
151910
124848
196984
120861
125084
196132
126419
174885
147731
259731
181384
119011
139670
118404
116483
89850
236558
164464
184153
136410
143010
190623
232122
159038
189670
140997
112899
134958
124442
159177
119706
111144
193096
170092
146599
196533
137179
142193
186299
194904
121542
144250
151438
158861
130638
154983
131381
165711
106052
118980
159136
242144
106712
156061
143498
121672
113667
138057
115416
151792
188353
140333
136989
141916
143214
163148
138194
122764
140051
170540
134557
186308
197081
146178
124475
192194
200596
167949
186714
187285
139575
166844
205619
141510
157191
164382
128417
217311
135558
120963
157983
141079
121816
151701
143720
111702
110200
108813
120080
130063
107006
152612
129102
136437
132563
143835
169768
144211
164416
97786
268168
176446
145748
126388
175874
125592
137862
131539
123396
197637
183469
112752
159977
141384
143431
110444
178951
208652
171916
167063
139581
169855
128254
116646
108297
110926
112287
126942
184947
148168
150912
200628
119444
164829
224432
147640
182053
200230
179483
149038
231059
140863
192423
124100
179531
158962
161806
136777
133590
118232
111770
152912
220020
117578
172953
187762
246075
126573
175472
184994
150556
142421
190446
175334
202992
122881
148337
196561
184392
216259
134219
137141
95484
171966
134429
135987
109040
178981
152650
189997
164710
206741
211543
127930
185654
122459
129152
131983
193767
212677
174964
110951
155405
178041
190027
126562
164390
145936
284870
163442
231846
185910
227850
124898
176590
152733
103096
245693
204216
166410
192418
118987
148443
164587
158685
173582
169255
167497
167870
148521
188672
158818
160293
181559
131007
195038
141198
138922
166824
133561
166287
136148
187553
117169
117231
165661
191085
152061
122864
193068
175796
163913
261975
187686
133977
134313
134006
166899
149984
126837
183813
269180
92005
175152
123430
124675
121966
164338
122057
149913
150264
227832
154579
160634
193717
201356
216522
190580
181388
209686
175961
134002
197857
241494
159511
124214
192569
157603
140611
120892
101425
154526
118858
160997
185474
120136
157801
186962
238964
161830
127917
117718
127356
132391
95000
130058
180991
241753
117591
150036
140068
229968
157260
190794
158552
124613
130411
242771
153195
154193
137891
198371
91743
202332
151686
225382
132750
143688
174558
130390
163990
155692
113951
214329
129480
127174
148072
168502
207974
152311
113308
158443
177138
125910
151416
135535
192611
138474
236411
147485
159248
210256
236275
165541
189253
203221
187842
190208
139732
193693
185764
133046
124625
203488
192979
161393
210159
135565
165117
137646
196363
151513
157502
189278
180682
204302
126245
133162
130879
130990
143956
248116
144664
168605
111044
109992
227577
162523
162354
188456
217925
152525
194614
104323
129879
176173
133833
206794
172149
134980
204576
149299
188984
142489
120374
138258
125048
113093
164648
198067
154855
188845
140046
115525
91943
152385
146741
139855
151196
174663
169267
241985
205384
143954
143746
178467
148282
152726
177534
113886
142045
190801
183834
184665
263978
124207
147404
128884
218764
158343
151593
134604
113400
167013
154542
157800
132807
172360
153760
108739
250736
124525
133718
134476
188606
171842
155351
278235
215900
140609
251014
163202
163281
202755
152975
235241
199721
138690
91689
272020
137648
264054
266656
180756
157691
224935
172779
188162
161025
148092
196586
163962
214856
93308
174861
146828
101316
140220
148179
126374
146595
123907
112859
114555
159178
231797
162978
123410
243471
234622
159548
587487
158454
407342
216993
135210
176135
185281
162646
103610
202257
148156
148603
151852
170150
127724
95746
283884
233018
115070
144532
134039
193395
134342
182781
168619
132232
719041
206491
203393
946540
94948
185278
110487
161609
121573
207740
143024
196806
118576
140864
2318063
248107
132315
135700
220334
109713
214810
158616
106848
176308
204767
132896
169936
132927
153828
112303
147512
127029
147989
147671
160679
156438
202528
188358
130896
177470
157382
169326
181386
175258
132506
237366
168397
138338
161517
248903
118728
146752
222547
265842
151258
314924
127038
116465
145932
185577
162242
129400
132665
146236
167052
117613
129923
158081
132725
311317
157814
178556
153618
196396
158954
166379
154786
266860
231679
224626
160873
165993
190957
140196
209099
235270
185477
143774
125826
236025
162011
311176
182912
216006
296821
114855
185020
187553
179573
180379
126382
202638
110128
127417
163463
207655
217650
200991
191130
110087
108522
210421
182177
87771
164695
148077
213532
148418
175299
199715
116557
116907
151033
138513
152145
177427
124313
125699
193517
212110
221478
158126
137534
162816
254548
105447
179170
259024
154628
145188
88801
2062734
174600
120045
119330
172259
137353
167155
141989
234557
138731
163501
229246
256525
129448
123543
206217
198025
192533
235655
123198
143563
185007
174712
168595
192051
153807
211980
182170
135501
198668
144420
148475
147959
201457
194051
184442
146094
210047
297993
141358
234712
161801
201983
159232
126114
166699
120543
137933
203570
174397
185674
251647
199875
171606
104979
196778
152306
130610
177306
231841
219380
152986
239274
232506
149565
219300
166205
179279
215593
141174
193104
91903
159599
182222
163851
120721
215194
134566
164719
193739
182326
255646
184983
152501
92820
199493
136648
202715
152004
250341
138152
216538
217516
195607
122218
166241
158412
151606
161570
162233
123815
166463
157299
163553
130279
162265
211804
245446
176717
220472
179128
210409
107900
196826
174879
129410
220314
133433
149573
168591
201266
231050
243948
289881
179026
665859
121877
196873
235152
127988
188358
248674
169968
258155
210063
107838
110007
112995
143891
115875
183688
197192
166514
163546
136528
196979
111656
210246
220705
197939
211096
162736
168445
168290
184927
113973
168629
181463
139225
117002
96668
291934
212728
217382
239269
108278
214272
219501
120837
170178
160825
123425
130264
126987
191991
198219
131128
157679
338992
138255
191484
171606
208817
130147
124329
136693
187760
137677
221048
193561
121948
139221
147669
153440
118285
112042
207711
168386
135870
128994
138984
138078
243389
157501
112392
157775
136578
113220
259965
117186
97377
138799
90203
162373
101657
164479
191710
133758
247998
167863
152556
146900
154751
213536
113663
132475
138957
182882
117728
109076
183898
282491
178357
246592
161917
232583
237959
124264
300363
160994
175336
178336
196828
197983
148485
199639
181709
85372
132756
172347
228897
155813
130953
169962
271341
178614
182971
155510
190576
225615
139722
258327
249186
218297
171550
149833
206063
165401
192749
276065
197397
144545
133063
150029
162334
110093
165006
160721
163983
257167
148445
147436
144263
98562
186541
193906
159499
105642
162405
175221
112274
125805
180838
257800
227991
107358
153739
185294
189603
221284
150722
216978
173514
138867
160382
142811
142713
184773
179761
200808
146610
96377
164387
141293
116323
221439
163591
246417
240707
149553
169006
138832
195373
162020
157111
106482
173824
153727
190642
193368
226259
136546
119604
124350
100936
225740
122451
165838
142293
167806
175463
130424
129923
171802
180413
150895
185450
167833
240498
210707
117685
94711
189127
103031
178768
257952
304284
151587
221356
106784
226384
185357
129236
200123
206014
151020
151643
159207
164789
128221
134500
173510
183436
149234
225744
217444
243606
199037
104706
149244
171707
215858
110408
309594
152415
124004
180633
183132
225648
147192
174900
200472
169814
185438
145489
175191
188492
156003
147761
172559
163689
136909
166554
154306
121791
227307
130615
114475
151186
225517
226304
237609
117948
201189
219867
246975
128973
168377
200680
216142
144135
216062
158248
155816
187478
135984
140643
197209
189864
152526
176599
169232
149998
177504
172507
150491
213331
272429
213937
123971
102853
137199
147491
127356
231988
164425
145065
135352
111664
141333
150057
126318
127955
161302
106830
291714
171349
152431
169198
158758
126408
215021
168070
175092
148783
185601
200345
124806
217745
142038
193647
151129
193240
152004
122851
150040
124232
252019
166022
153163
140372
116983
152562
132329
184216
185867
118521
2795836
147972
154461
169804
109160
116658
210018
148388
188156
163668
198231
258361
119122
128335
174062
132170
139219
200421
179561
183494
165417
202892
150552
140753
117056
229743
126448
176315
223299
317374
184840
141431
184070
175731
136611
125614
227294
145801
138098
144294
230631
279608
1752820
246002
163072
155306
108756
172294
137351
201346
141135
195388
110083
149511
160793
200520
160476
246906
184812
155156
111966
197011
101650
125032
160769
127044
165762
135921
112007
168053
154147
351920
125870
127537
152525
160524
178751
136405
139501
158145
1012656
101229
107921
269237
98596
162056
121120
149444
109897
131842
134685
115610
157099
129672
118919
111664
171339
181653
141215
151926
137963
250320
131226
185941
179250
160454
125590
229967
141432
199418
257868
161703
147220
126815
138155
205772
179450
148668
98905
147079
160406
166913
170764
148255
185521
204405
195517
105881
136668
109621
135625
226753
154402
150069
183061
193719
195896
249736
136904
125427
203703
104555
120290
155667
157758
186231
130194
174266
115104
169734
242908
162561
107912
127370
185077
221644
172327
93099
189778
125660
187137
133770
115086
201897
185503
190186
198673
199995
124435
136526
219616
217844
212121
169824
120653
133020
157760
142631
131325
136375
126635
162237
154595
135405
154385
144938
157842
150573
190589
133247
182884
119072
136823
115023
130890
133581
137255
178740
123324
117100
123934
1360331
88225
163248
160223
217236
122199
150255
172587
120759
159528
160149
132253
163569
131311
5279797
173422
211642
269005
225287
132474
160620
118336
145855
123241
148024
182075
125146
134026
303230
130433
206933
113560
158036
127642
166436
149702
215146
464054
134691
146925
189141
174375
171580
135635
142417
190572
229027
220095
116484
175907
160410
151746
233429
169040
198305
137410
152643
184882
221032
151339
169199
96537
149383
120334
276725
175625
162055
160572
179915
163249
88567
203336
166331
141109
183433
190648
143335
210654
160917
195458
170909
1049528
123786
128944
169780
211875
177267
322231
158524
125082
536294
235647
146208
268488
162816
185117
143626
166551
230369
104530
194880
238196
180043
187572
171030
170054
196370
142049
135657
129676
138130
136242
226351
118697
132787
108686
332973
137720
183377
239923
153381
156687
171857
115738
136603
232091
145668
149147
193020
151823
153232
130322
114509
141704
118359
184693
150386
194182
170764
150151
127595
116944
117104
116689
234712
126082
1011072
180908
180910
225336
206476
112906
181452
88216
184695
212809
172863
223392
152870
163638
210513
174668
164986
127173
153967
103938
129169
112666
259696
113676
109450
205811
127475
86474
284129
224725
165545
148655
158532
228050
215438
126063
149999
142324
267423
151172
153764
146025
223568
152938
237363
120130
160627
101528
132467
174615
149833
129413
116546
225367
131752
131263
141920
224067
138121
151750
125497
205535
114112
179844
97166
124823
120120
147805
129589
147904
104509
194999
127238
152624
95482
93075
192678
132032
124593
143855
179324
155618
147487
189353
132165
180767
125957
129314
170300
198082
198946
174429
443989
185581
167522
113496
97795
111182
136384
146886
121426
111959
5211020
93343
145271
95180
152451
141756
179758
163372
131726
148070
138341
185657
114710
115765
161121
285563
104546
215264
153232
202022
244144
234425
173384
193188
89302
137546
108715
225425
108808
143377
125419
163237
116076
89582
134473
157761
125643
120173
136969
423592
104939
111238
132834
132042
110653
132312
219966
91335
153668
145144
160695
89542
117339
224186
135331
105081
178718
210677
164276
231571
109936
176504
107867
197411
152730
203923
99396
167258
275237
170883
152745
188856
147137
130422
106842
84516
320110
168965
99258
113543
245979
126650
109854
98366
137114
98811
120714
136414
100980
150153
192504
170130
169624
107038
112111
108808
145670
106517
138342
121583
123468
120940
112005
105035
140647
95662
128871
136174
139791
131385
88857
144620
210022
101263
135870
133229
180473
129365
126513
179265
126635
99232
130789
154765
107461
164729
120237
132590
139469
117098
196967
127101
135948
97593
157464
118822
166559
169723
143518
132669
189304
124522
124956
152935
206101
110749
167737
138758
92098
166230
262587
130738
129786
169262
131230
118942
141595
159946
114255
98561
126926
127133
128732
95209
169872
136250
93854
132986
190358
167573
126378
125810
118964
124121
153170
167315
195769
147477
168219
201285
138684
107006
293407
175123
106870
120757
135110
115723
122858
120111
132428
139673
142847
115863
224626
110414
146999
152491
145131
145757
101970
204537
118832
94175
120571
125330
136294
125125
114204
115409
132883
119609
118346
202342
118192
119500
113278
122257
130004
123653
184530
160516
157417
142121
111002
138293
98896
125321
159636
131740
132783
114090
133248
87507
122876
96406
115065
139288
142887
119206
172293
141167
134853
126926
139766
148150
134661
97697
132037
135904
119665
147344
137064
162290
174094
147301
144202
144101
200131
215272
119067
143131
117721
98976
153251
99974
117711
135480
169669
121869
281768
105857
140388
92740
137155
160734
124815
114166
91127
124037
131495
134250
139753
110459
145125
98007
100523
112912
111092
122247
104330
125075
197933
121631
147524
88215
172049
108435
153207
128881
114954
131396
123553
89395
136469
113688
105403
145997
143127
115867
112663
157077
144550
121793
138135
144648
150763
194735
136158
162323
93236
139210
127426
146052
102528
101048
138096
164040
98018
232970
105402
122013
102893
129850
139415
124108
94577
132986
121074
108982
112011
167149
148809
99326
113612
93537
175469
117975
142255
136277
151799
152643
168647
154320
105059
151318
93029
136444
131808
110443
144090
150141
112267
100726
148297
132315
117632
183060
173694
147641
134640
112443
113937
129534
138421
92463
286680
122473
128452
156222
114404
113305
158483
129620
124141
108553
121324
207714
209225
157117
154028
215864
136971
155038
181250
153689
193947
87690
269293
127201
126766
142295
175673
137553
180689
109246
155855
116907
139714
98630
129982
125830
172642
98557
140810
131978
160871
141131
116054
134505
171628
122156
165453
119469
263606
100785
180918
238090
111381
156787
149662
98706
126908
110025
99921
168423
117546
149909
162639
151955
118961
122107
171083
137796
152074
166581
138293
121341
182772
119368
144069
174361
202978
129814
153334
121678
162154
150549
139599
139785
197306
247461
145438
142268
190169
110289
185089
187328
123296
118822
176530
130168
185983
101211
124796
124241
166560
117810
144253
103990
98694
174740
120395
142951
152803
136089
103119
133789
184977
146632
166356
193402
111758
126239
97665
106928
219888
163799
151694
150700
115964
117512
139323
93759
184215
122972
153575
114959
105860
115888
123766
136651
135839
189490
119886
104524
190173
135931
107515
121706
120445
126021
151932
161423
129636
158164
101629
91232
184078
85522
109935
137749
134087
147439
113174
153377
122545
133800
123878
101344
129001
206866
94909
92761
110956
124125
197960
126723
146302
159050
147388
94891
187649
130231
122968
113209
154941
119869
103235
104334
196329
106040
132383
93783
96045
109660
223438
152721
99478
98249
139244
256176
167194
122584
105867
76968
160781
88220
121949
143712
122793
138594
126319
120300
143074
110885
114782
154461
106498
124445
125603
166665
102426
134861
108870
135565
157863
136261
155861
137001
108239
142539
122468
86289
84890
117507
161462
106665
96146
208391
114996
197419
138309
111371
105671
93015
93426
149981
81329
91006
116182
105566
102219
83217
102208
89940
127831
109426
98599
83569
147647
137420
103523
86343
85739
208876
147350
190170
84446
111961
93783
111656
100202
99965
110045
89146
102941
156237
96105
114891
149930
208529
106704
89926
91396
85306
121066
113224
140433
114920
107283
194345
94912
90761
92052
85165
90132
82679
126211
164061
112899
110540
104877
82479
100257
90514
136610
238853
113136
138211
166259
161980
110546
94660
112570
123809
125795
188822
148616
99016
108026
112877
93775
92280
85832
108031
90796
89338
82770
97515
103130
118538
104093
98425
82051
97524
102079
135667
116216
102631
136839
108000
88310
121268
104692
86423
127681
140035
107597
114698
105306
117348
