203483
188890
209145
216284
197950
219622
159676
184426
172294
197914
203600
197135
193101
214591
198630
145368
216275
175975
191185
139519
204666
230956
188745
293511
189297
198350
173518
184560
198617
177476
183376
172994
208709
175930
178183
116818
228174
161392
214510
225099
203994
222702
167050
191095
129458
237117
182187
190201
179610
205854
131706
117820
189343
202776
190109
150651
222447
115346
163240
186770
173673
263634
219509
177977
127983
214130
191117
246814
821422
176543
192741
206472
197340
227835
331993
270376
210941
196402
216211
183368
195958
185180
214149
203641
205336
194047
180478
174513
202519
205976
199553
253106
216074
187793
165683
216777
247014
181768
140401
185348
195983
198255
187788
194517
167412
253493
202483
160381
203904
201418
179795
141846
178564
186053
175228
162972
194970
170214
125711
205251
168644
193569
162188
185288
200892
195006
145920
230625
170496
187196
183053
182270
164297
185320
131183
133501
221930
190429
210232
130426
189363
194171
201382
261085
156663
177529
186640
158096
206144
179340
192818
190098
124558
205918
197723
181260
138609
129248
219138
188692
211696
192336
179963
188633
256719
119534
187135
146521
126795
216573
212789
199103
183920
187653
204323
139637
188600
176971
177297
200173
169177
125649
179492
126072
187418
149124
394438
204815
197321
185219
192288
196134
125144
167686
189887
206235
176467
157171
219545
203109
384302
200939
196739
172901
217277
185677
212829
188823
189447
192911
129315
131184
179247
193944
170055
210983
157009
221265
187669
143856
191236
203226
152211
234231
183875
191319
192538
189203
225580
186308
185663
120613
208391
225245
185132
190346
218927
182755
179155
179353
148923
238400
174989
154369
156640
221203
153154
193554
188760
205158
151845
190557
162795
171693
218029
154032
195696
197849
176156
160772
202234
133692
169316
175294
175850
144745
167454
205786
236128
190421
196245
183770
180088
218037
163722
177372
218103
230846
182301
114343
199171
208437
154719
196604
209415
182205
161346
193183
182656
107014
125297
188569
183847
189568
194917
221385
185657
203452
168329
244257
161142
196091
129995
214649
153938
201851
188040
158641
158156
146201
188272
230841
197433
269161
5533106
179211
225184
197157
130611
213122
175913
194879
202250
200679
207738
186212
187603
141434
188664
197396
211514
197104
203425
736241
204628
135396
154313
190356
682593
182022
211410
192810
200926
135234
184653
173078
220868
168113
178000
180822
208554
184591
169139
193501
214686
205768
191127
212766
134573
214415
133227
153555
283808
193168
175409
206717
206657
263478
185956
171392
326900
192153
191958
223854
195681
241612
134386
233304
192015
177763
174060
122031
174944
177800
133444
128516
177640
280381
231346
299161
215957
192635
180074
190943
202894
192126
186219
201083
196862
161772
171293
138946
201215
240823
192870
187996
206964
152217
185124
223213
233861
201817
199461
159743
198612
189383
185780
131052
177468
192020
207399
187732
177378
190190
208357
190930
163139
188462
373069
202382
169639
225757
227969
204800
153163
186383
214968
158329
192398
166714
177184
135066
200937
224956
198202
164261
229489
194732
214720
215947
145780
134145
287634
120209
140342
216181
167523
201502
199579
190961
115138
134960
143142
116097
172457
132597
201253
217340
111337
188879
228960
200382
186636
216189
207818
162063
191541
206952
188068
195461
142831
223689
176429
207112
222224
147802
184709
186688
202405
180446
675650
193797
186919
197863
239296
214909
229564
194748
170892
154321
228639
191389
234713
194700
194024
163730
209609
199734
193685
184243
214077
207802
185637
230250
182842
178403
251871
157775
203961
170679
188843
147650
172036
151337
137536
200151
117146
132974
198737
145260
194980
174103
173696
197193
188411
217156
134078
190153
246971
274107
174045
199342
218498
213025
205726
174529
243347
168773
193927
177468
185141
187538
203193
219638
211652
210386
193449
649889
192538
218988
184852
211905
185136
180247
158308
776927
156868
219138
204706
131613
179676
194047
176185
243647
195914
199245
203056
212230
173037
199424
221095
176398
198246
196793
192107
120897
211277
168931
160102
182327
187860
149868
175070
196315
202884
180758
121841
185088
231964
215359
210450
177633
183975
210086
163740
189502
109398
295822
196030
204751
179155
171149
199733
109811
121737
186160
174837
211106
169787
183703
185990
196158
209698
166359
174776
210490
206709
125585
182541
115610
226877
136821
122950
144491
183344
172278
166497
138428
173316
204585
244804
174606
145318
141529
297499
235542
124671
222174
143574
178430
111854
164845
115785
124533
119788
119010
106589
169016
187291
175960
195873
213455
164923
183861
197398
115717
205438
184321
175161
198388
202030
192883
207529
124770
122746
120553
178609
106743
142397
178326
106168
101114
130538
188077
161049
188087
228511
169174
179518
161445
174429
188860
186385
118216
202735
193420
229285
109112
161281
132780
136144
181102
161634
188257
184222
216021
166820
240705
215058
258403
134773
175478
201844
218299
134994
155667
186288
171750
215126
183821
184764
175931
170578
196692
187186
124488
168844
227753
205775
105693
110336
190849
168390
177261
132499
158641
200797
162003
142396
128192
201757
124482
187638
185376
144451
151515
185297
156110
168916
168699
167689
202823
192307
204745
206875
148246
163477
217214
184554
166176
180673
128235
121748
186449
207481
220815
123518
223049
189152
170066
184106
180187
138631
116955
175734
137816
186938
185370
174730
196500
199767
121052
228400
198421
163635
114801
183537
198552
117891
128449
117179
189708
200781
131525
167245
188791
183576
173570
169581
268634
133943
143071
172247
169241
134770
160900
165100
174365
196459
202433
165782
196023
172565
193828
190492
233308
146295
386672
231220
167865
174376
189567
227882
198251
146787
176153
222998
174582
204292
213337
126896
187222
192008
211144
543121
137529
202380
191162
186272
140279
258497
192037
196263
199465
202586
147813
179933
227534
173027
244064
201755
145680
233977
219350
128920
117528
166826
126267
167305
189972
139847
184450
147776
145455
178680
146132
187640
199787
197469
191205
136436
126955
178863
219766
130649
186554
221990
191027
193927
187488
255178
146920
110925
236798
203078
192044
175417
214273
144029
204901
171369
181571
184051
139337
212810
139027
193199
140025
226264
188635
209956
126345
187666
168048
200271
186629
199843
178872
178038
184198
198979
197615
188943
181517
199073
121276
206718
179367
217563
219231
192439
175544
185356
182021
114938
137823
135022
168591
183406
199686
168254
185183
188872
218319
107895
221744
198519
203470
168840
154324
106095
229525
202844
163278
177613
243712
162022
108290
148849
141824
200633
246147
127759
187642
193060
214612
194118
173326
182968
196284
121539
177397
113035
208999
117395
105608
236831
195201
158395
169135
198460
164920
135929
174749
230609
185127
137815
160021
190359
231314
199970
154393
205936
272497
193579
192039
209805
174819
175726
176137
184862
123777
108647
212488
156448
216181
185316
140019
170894
168357
187467
250380
175914
210715
198204
224973
142274
109373
206690
214421
191573
155535
235314
152572
158097
114260
168571
177475
197091
195077
187072
200426
218744
209091
214810
119040
215266
123378
176239
161048
127367
123140
201858
180707
208670
194644
193626
239330
193548
146329
135887
137246
180043
177005
113842
185105
224500
195135
199414
195541
140492
173790
112178
137935
138135
208450
118903
182061
165395
134644
200533
193487
124745
143393
221454
211802
124819
176131
145857
148075
136707
174083
244012
143168
208975
159099
219717
196932
202289
105506
182047
223395
201037
187066
156927
190956
185328
184906
221497
173502
176114
182558
162078
173959
220105
138772
179909
155777
208569
157660
116961
144383
224881
195593
227562
148514
168262
182963
192073
114831
157243
100707
140921
207471
171807
137272
180195
131684
130989
199916
138873
294346
184986
211399
276029
193875
113000
180783
179738
202084
130519
188011
121173
194504
126145
164710
176286
201838
126021
109228
183827
144048
174924
172238
191305
185141
167175
169856
144935
176141
171220
162172
158037
222490
213878
138940
210453
228803
141076
156566
157013
149439
216938
176733
210417
165265
137254
202015
172101
186650
188202
111467
118130
137587
218266
189769
135319
109481
198607
157749
140306
194702
181575
234788
211748
343456
181349
166495
142145
200353
142028
173364
203807
240099
166884
225412
172517
117079
212047
117098
229663
166831
170413
223382
197288
141448
131473
207720
192111
109133
116016
205438
200200
169671
128967
156868
183820
202061
149407
184392
144906
129175
186176
166451
282530
157399
155548
171039
173328
176625
244504
139390
189947
248059
200487
177135
176719
159730
135740
188714
235186
107030
234796
170208
196400
208808
202898
151706
171985
183256
188308
230980
124957
175873
178065
143157
184716
246327
129935
135401
118595
152168
205095
173071
203570
138330
204307
185877
205119
234764
145796
113111
203022
110669
127270
238231
205827
224008
141577
175401
190858
159944
192676
188977
114317
184960
233235
238417
186517
126068
139512
123803
206505
176556
105177
127318
248597
177677
146994
127593
224600
172904
229450
192060
178502
187052
183702
172477
217517
158647
183230
155039
198072
191614
194294
178138
148207
220041
175187
230263
225693
124906
179025
206507
198513
134912
148321
186932
208155
197691
124243
203983
122537
197412
161307
222234
107612
217921
155804
124412
180921
200988
141636
141322
196615
160538
108980
191574
199830
113779
161360
110447
191207
187958
176795
138391
113239
186370
180056
124402
175661
275301
185769
139113
171514
142684
184899
155608
113693
109338
196308
204747
202249
128411
203647
121674
171241
202790
207452
187627
199587
190866
188658
199364
172228
174251
205018
251727
204947
154405
180755
187826
145495
206632
254426
205719
114762
188063
182643
141305
166043
108332
177562
208684
188727
195542
175993
176362
142228
240122
179925
192631
123770
156704
187167
191743
121148
189522
171853
201679
120325
236479
135787
191702
192081
186550
189243
179009
194813
213026
102811
157927
183209
107554
189604
216146
189112
123964
195117
186146
172443
189561
196318
176129
169953
102906
216115
204758
164681
206966
201018
193624
177968
159417
200230
129886
199764
187652
187087
197603
155321
173551
187367
235780
268933
174640
212847
203185
191850
178557
188549
142858
136813
171189
165089
123346
201382
160120
173789
193187
199185
116258
169347
209836
192310
187329
183241
179336
209644
210760
207573
200647
171500
129171
182356
173362
122806
178283
180309
140628
111033
203748
111984
142557
134970
144834
152203
182643
169870
199161
223613
196844
105283
166881
189417
194128
137323
183614
182372
170310
169125
180485
203665
174414
179330
160313
172473
131334
202862
190568
210856
189618
168142
269975
110296
201769
205762
160884
221013
136846
195414
178971
190033
200697
178160
110818
132035
180630
219765
180494
218835
122923
187239
203233
170161
231147
217569
194975
185910
189136
168215
214668
166438
151562
202004
121020
194154
207622
174420
208317
229856
137934
181125
187462
205663
201690
193690
187847
192702
213672
179678
176285
213788
191151
177748
180604
209424
142090
185199
174698
130367
130325
185569
199147
190780
190986
154691
186847
175242
187203
182045
153967
209780
187569
213446
187861
170620
184234
187179
182578
114844
165177
204431
182840
185025
206589
183589
188484
142401
151243
200228
238455
175465
172701
173328
190817
193308
173812
178915
168605
168962
191415
122795
168973
238066
106232
115621
140818
215641
159482
195639
127641
287306
183478
220548
180145
179658
131973
181473
154869
176347
120648
163323
141561
234952
183545
171980
220678
181983
269405
185336
115684
145220
116804
187470
151525
190957
223040
258252
173979
164333
199631
203563
171349
196093
141427
179414
183772
149872
185114
205057
110180
174996
150872
178955
172545
168224
216496
171502
167522
148007
184735
122819
180208
202888
117244
194212
193150
170660
168780
158240
170558
157770
165553
157708
245046
156323
188028
199505
166746
185653
163586
206812
190578
115418
189564
148028
188108
211651
115748
171245
180461
183958
111937
175520
173581
221324
202558
154353
146831
143002
184485
167382
252240
109651
179529
156509
148772
185598
194936
181271
114447
174109
187102
192269
176583
182445
168687
172325
133121
202647
170743
142370
188555
207693
148488
141601
165594
114541
183566
221304
195682
188935
178317
200881
189734
218937
149563
209398
124225
189014
107578
187753
183078
176253
140062
143514
189540
194135
201562
203459
136205
189869
222029
187731
185508
191969
169032
187030
178018
147236
174089
184539
161851
189591
181653
212642
166843
253841
208826
192059
180690
264382
172915
211030
190522
126500
237053
169921
131963
205124
201374
184520
129396
196900
213761
212196
175622
194413
160494
140017
155892
113607
1926110
186212
196366
125189
192377
188872
141606
196206
143171
186710
192899
196682
171473
188039
200481
188963
134649
140675
135037
188477
217224
196272
214991
148428
141391
181828
167064
147979
174452
192604
174257
126004
185447
192528
104390
144292
184115
200316
189444
185394
206263
186365
136280
187455
185813
167562
182533
183349
193920
208595
174193
143357
229303
169393
195463
183549
212952
226224
189609
190965
166613
169723
103337
174344
195189
197492
178441
159857
149835
168235
208590
161098
113150
186077
199636
221472
242022
212257
225682
172770
171042
229941
214998
182142
135455
115346
159828
184049
160009
203209
179184
180866
209747
125751
179469
186242
174378
182758
217175
192913
187485
221262
132588
203667
142044
193292
204438
177760
148964
168102
188743
193940
168224
375658
207131
167733
191140
196504
176854
104648
120672
222124
112690
192634
202565
182409
196759
190005
166271
167135
225326
146560
114475
166929
171958
178505
194789
204027
155135
184830
183481
200652
184878
139697
197436
149871
170957
180711
173848
153998
151459
193441
205339
162844
100533
144801
167259
228882
150644
164763
156204
233414
168848
434417
158213
150446
193816
183936
143875
161503
233906
191946
187775
416471
115965
148182
128711
251073
112243
225127
120784
178599
175988
196816
188525
171307
150967
147677
168015
170563
186236
178596
195495
181383
195460
215994
140190
168281
124571
208563
169869
192130
246266
127334
198436
190373
134247
179747
132747
163725
178276
206436
169970
199441
197589
168758
223949
201168
109976
197525
166954
189618
126524
181944
188971
195342
182875
118162
221231
125241
166098
181782
191039
124070
186393
189653
184617
132027
213542
152659
161143
178233
177730
176507
209225
222277
134457
163439
181954
178782
207369
113081
161248
102202
128050
196982
204719
213875
120783
196527
122624
190632
173067
191047
124294
172150
175009
142638
196193
142568
188413
144177
116697
220675
133675
144131
147369
183573
189309
176187
190646
177146
110499
204623
205239
145184
160084
114634
310606
179404
182500
224058
232294
110707
184207
182354
183265
120668
110865
200516
194960
198653
169943
183249
203528
182521
197645
190504
113150
175448
152041
184523
181108
188363
180688
165507
180662
113788
209673
175965
201298
196311
124591
180074
174512
181826
148187
175201
176082
186793
194317
161779
157777
712446
137302
298687
176908
178301
114108
204620
151435
114052
133211
195044
138424
200045
158553
231361
176699
191378
121277
183340
188298
188179
233297
189937
189905
132362
203962
192754
161632
111443
123167
229426
170859
159954
115113
243842
172113
161895
168418
197636
155263
183912
204278
208922
161896
178013
183035
203730
216583
175610
119871
124369
111268
209343
202427
218404
117978
145085
197921
178549
180494
208283
174256
199583
188333
197360
163202
207322
186411
108885
152951
151646
207701
171640
191863
169513
187659
201439
243815
129260
191664
155305
185009
190233
189018
159595
214628
173949
168887
150055
238910
199215
197753
163698
235000
140525
179314
206728
207017
212192
139360
163555
116123
183458
164967
124531
125212
198733
108128
190377
228554
198395
176321
115720
136822
190653
180322
156855
134137
184052
205973
193565
206894
197671
193227
165601
151965
205781
180934
174438
197541
218691
141656
186708
170590
180872
158650
175705
200457
176404
174312
191166
194677
192962
180029
128162
150750
176732
166386
127391
120331
190242
169700
194062
168716
185270
213053
189278
202485
178587
179105
180330
188248
174151
181288
189682
102873
212424
125829
180458
146491
188237
101214
174819
110562
113397
127417
159098
209339
215572
151723
199213
208862
191639
193141
184111
212187
182435
150612
179389
193853
172258
194936
119517
200006
249684
194357
200251
192052
186379
105287
160694
111491
172667
110700
130364
175422
118493
171411
199248
166708
117125
138497
204598
186364
227557
159398
162505
193220
226780
190671
200309
246859
170852
149318
175086
200616
187968
186568
195379
186512
233440
153672
184378
174215
186677
125259
190060
169379
181078
160551
187854
174021
197521
139911
191820
220093
207595
201770
220029
241916
161703
206725
182129
162722
147580
117106
194805
182525
211575
199791
179079
175716
216710
195089
219236
142683
169755
205885
186949
173906
335087
196265
195499
185209
204446
183261
153766
307718
227799
186606
200504
157589
170666
180595
144502
123056
150161
201361
184046
190286
179620
188932
183707
194508
177590
180642
113048
181439
171696
167991
204496
195997
179915
140957
196484
195271
201264
213748
200787
103640
185008
140959
171966
193171
150733
120544
210232
242416
180156
171861
196200
221516
179664
142666
210285
241693
214690
184990
183013
245941
181153
129754
191913
193993
165354
195753
191656
193487
194049
147401
212972
204598
183297
135751
197368
134319
210310
170119
197667
101091
191227
142508
132365
210102
182449
183604
140983
119007
249534
122303
181941
138421
151325
204359
227671
151505
234463
191757
161484
126344
135186
182251
178789
175310
190997
147127
141414
217072
193524
195155
126253
166803
207845
235512
123596
145283
260546
146323
211579
183352
200996
211034
115456
118138
155844
148936
206444
182086
187433
115990
120375
268860
209527
196472
195431
193219
111895
120628
115205
126579
282108
150175
182057
197377
192754
213126
178414
181249
203307
178017
156262
480954
127138
170427
189032
145667
186873
208621
260862
117229
172039
185780
211309
194387
102570
200360
139681
248215
158654
128985
221584
120144
208613
178980
173192
143073
185399
211841
222807
125580
153741
222882
213841
172159
184716
141897
131514
216426
161785
203626
180323
126415
140079
168168
180176
140909
151523
206952
124321
187490
174114
194937
184832
136204
218158
190329
164649
178479
194492
171231
129866
274076
193028
261509
226990
119839
152175
209415
173969
163042
215190
205174
187910
152016
142889
199103
187791
192357
177056
202694
178457
109607
221867
256255
141068
109555
185705
194824
189725
114498
197503
207257
193347
161144
169223
168888
213179
164035
217371
116559
188138
117865
203392
209314
111808
182686
232714
165234
208863
172010
238144
242619
119654
198048
151258
181600
179143
233079
306751
189883
138765
109749
127660
115652
193583
205028
207555
144368
185309
150896
212492
185479
153396
226134
103922
177387
161291
108807
210007
246312
222404
137678
608285
229543
190565
137308
130112
121084
211505
152225
134947
238974
199718
171311
179127
181523
222399
219621
114356
129535
188446
185136
221249
197389
203143
183516
202745
195672
136520
180720
163615
215933
190404
134614
201952
187631
118350
167344
186672
216414
171401
210307
211779
249153
170412
172677
151993
199852
175024
179531
260960
185671
220337
213107
250186
120501
179946
174313
510793
253803
146300
180040
183155
178705
222620
114173
194880
150758
143668
239421
128592
184675
165917
197809
159598
164225
155502
210372
177582
159401
203040
173035
213733
189148
121896
159548
215076
175711
140857
191731
102300
190620
197147
186531
187077
167294
188638
197321
186565
184039
195548
204864
210963
147134
160217
216737
198431
189078
225868
136965
144643
175774
206744
213934
179332
122915
209863
159387
200586
153924
198692
193582
227925
112860
227119
162618
209923
155218
208398
201097
195639
130393
173693
6415446
154732
187281
188088
150863
120074
187692
221713
208531
192259
208149
162020
132776
224426
162717
163298
193757
184649
197487
641177
171937
202183
217203
289327
178385
208862
210476
204641
193770
6828874
191964
159967
126275
205471
148137
187321
244534
133620
113225
187283
183181
245139
204238
221538
216709
226314
140146
172522
219144
168148
229748
283953
231773
136489
187592
126257
135273
197683
179630
168578
99838
118912
129383
199116
132722
185371
178937
132414
252081
137673
200992
205618
203701
226355
221362
192413
191143
213853
185281
192946
198533
195025
129403
195984
162162
143739
124784
168097
194908
236261
165697
126500
151466
178064
173148
202485
201280
119542
179972
177410
132882
171982
163963
133035
200420
198808
176532
239187
177146
121145
169550
104580
180704
224066
106945
162608
143891
218809
201364
174200
184798
214486
162104
185786
190778
129401
124826
151477
200425
110633
185520
196785
173522
207005
201615
184282
205885
185201
201134
179201
189626
146917
142177
135511
3088350
134152
204234
195718
129497
186091
260802
194941
208116
183134
176086
105772
188042
133478
146806
111246
116436
194077
177811
116536
186659
191812
198617
525645
110890
205604
165423
126783
192024
194573
233881
168960
118323
178850
164778
152537
179244
185485
163376
112745
179571
122563
133097
155685
113537
178628
165527
198405
174429
134251
136840
188535
190963
131535
173091
191972
126886
224008
179751
238563
181150
196604
215735
106210
125067
112782
165445
177494
171194
288315
160193
214246
263303
285780
125084
189905
187001
226925
183399
241154
127606
222277
134419
118960
121340
181626
182165
110581
149553
172896
228390
106635
158091
214037
174346
124292
196880
225752
128440
136497
182819
235861
177508
201069
179646
231105
210665
209198
181382
190886
189675
221125
207794
183001
134349
191537
227999
216601
234089
135502
186803
167005
189286
177010
212470
188295
209031
202833
187549
170811
199853
182660
128214
200107
138894
165021
154398
161397
158639
188499
229279
165418
218031
200162
184453
166892
142313
171023
165974
195225
140112
209215
194493
179532
205265
196877
179864
174599
169233
193566
189637
186673
201788
185710
238521
165850
235904
220881
128243
176842
226647
110236
128377
188426
203213
166074
194577
270401
123593
199173
190878
215003
251709
189814
407011
195452
210545
232683
116765
172149
199991
199782
205206
216220
177032
165196
175952
196125
113428
200001
247054
222090
267824
203835
155163
108013
211058
196060
185233
196190
225118
204348
178327
192280
142955
126617
188957
194495
112248
171287
225856
189693
181213
214036
210622
180016
185238
185903
161746
207506
221257
169770
172938
209784
154132
218576
181415
163650
180592
175942
184097
190443
182230
198504
170725
173221
124811
203817
108608
243318
187025
184706
227490
170196
193538
172153
216306
180351
216038
134749
167389
173607
173338
128582
156404
165801
176622
181427
176401
170193
184886
191576
203321
218070
137146
235280
186218
193811
163171
204263
180100
200964
191066
209339
131740
155740
160577
188439
216355
206123
211166
122950
190939
201421
179619
212913
136130
195272
173281
204737
127238
197351
114714
121199
199581
190016
186150
188366
176604
150828
174197
114750
194771
182052
190745
182956
181168
188158
183142
191599
153719
186160
188273
213040
204155
185859
184118
216339
184400
231866
210207
217308
210332
178281
192120
185035
149789
271762
206229
175607
202156
178943
197200
183933
194798
184094
187719
116147
198607
184962
175090
144898
156196
183040
106705
189316
114881
179768
162790
209982
181835
201733
174254
521714
177613
145088
204911
141497
180251
198462
184168
112143
163971
161837
184719
177509
198960
135309
142950
208656
216339
193922
123300
110311
206978
201284
214332
113267
110347
180401
167690
217571
192145
213553
164278
112228
138095
201646
185228
180368
182754
198403
168147
156896
211151
188876
140255
118012
126651
112265
173728
186980
286374
181738
177349
208636
184482
168344
195899
168526
143776
206839
182876
206460
118266
203978
204368
195548
137399
198696
159360
206695
169106
185305
144350
188221
182412
160592
193245
124986
135953
214300
152631
184296
166084
161344
200336
157435
177251
189683
146113
213016
195969
204446
135737
196908
213565
208741
143612
232507
212532
169149
183865
195833
194730
184334
234647
208458
116679
218945
198996
187606
190074
159849
147607
179699
168955
186526
246969
204634
219891
169172
220984
205816
193699
206840
115467
245870
145199
173228
204981
174925
182703
209169
156947
223881
210451
190412
182522
155585
261696
179682
156828
138550
173699
124362
187951
163132
182452
180978
183112
182975
193253
174099
122231
150924
119903
197977
196037
162882
193207
113254
185525
214971
147933
185804
189914
115724
169884
201378
187906
182901
153038
144217
184255
183389
228603
182156
228795
203673
132525
167426
194476
124686
188746
137589
138095
198314
116934
169267
181351
170113
190820
190701
189160
211278
182390
211319
174372
170210
174155
184705
166106
222686
168826
187057
202851
114689
173567
188194
112183
199146
153331
181981
225262
200900
191024
2856094
202194
186056
180957
157482
183894
195941
210564
276302
130071
191948
217224
160867
191501
220895
197720
534701
185778
211477
173826
162240
183959
197909
184203
172804
198386
183668
205316
176337
172711
194839
193000
162467
202675
175934
178447
197859
179662
179279
123856
155988
166823
219528
184055
136340
120200
143436
124487
222963
152866
168475
189066
187990
201008
181028
187854
180708
195659
176570
228978
189568
221161
188793
216140
207577
191067
213262
218278
221820
166535
213949
175345
193926
195549
178888
218429
131874
200096
187201
188124
170807
199984
158213
126637
121462
218559
216172
220673
192233
195101
189222
136709
193936
170237
209933
234262
172443
175054
165503
216722
192399
188155
182665
185775
206356
167574
185652
169371
177629
432636
175718
204503
152784
119423
138840
130529
194114
150942
179859
198527
193904
195407
225623
206493
190109
202013
191528
197323
210825
176866
118754
181858
137222
190032
264935
360508
138107
194194
244477
189499
136825
173295
227498
233966
208392
188638
215950
150680
116933
198361
177263
183856
207383
158928
172580
185500
159086
139710
173803
236082
183107
192672
161371
135382
187314
113538
183292
156304
193442
220293
184778
191770
160482
174413
164731
186041
260042
146318
192152
175761
195601
203860
182993
200965
234538
250577
178262
178441
200890
228741
193862
208200
155892
182506
129574
201523
165000
207662
201745
202703
172645
205834
176958
142810
178942
248574
170440
189699
194165
208702
207833
209781
190896
198959
186898
202427
187019
190805
175542
159819
218233
141503
171028
194688
195546
197040
212885
195206
177353
129900
184719
108819
189579
178833
185516
171800
183468
200019
118681
187250
173253
183519
192182
196632
190159
201903
123650
181666
185606
175025
193762
177085
169481
125483
179909
175601
180047
113046
183602
195491
183524
184457
211680
170970
188182
194792
186094
159565
113513
182562
194449
199704
189684
185687
179022
207931
176924
227887
211330
201331
177968
166185
166664
206486
3478853
183217
172742
223179
255187
144682
211553
124210
201490
128092
176861
206945
217712
180635
160334
183590
204213
217289
166038
184669
186483
213435
122429
179573
194600
173717
379518
177772
191659
108935
197725
202570
187908
187487
173625
182631
105936
190045
131719
178827
173187
191586
198758
202089
233672
223511
2972692
124259
617745
220805
202305
173371
168323
127825
132298
250252
197970
215616
188280
222349
180094
143295
217456
209775
157440
179318
190314
196754
183739
181104
185914
171790
174973
185043
194247
185559
205510
183538
188632
123120
180524
215014
250105
197812
159106
193446
110041
186054
203854
189429
252997
176485
196748
165444
174232
187633
183897
180389
190644
173297
198819
177568
265577
225192
179746
209912
166156
159735
198160
199267
177728
211327
235158
201270
182700
148906
173826
108955
213558
127517
227796
147495
195914
189509
181012
159120
181901
174935
182709
174562
175284
173905
195329
201820
201305
164051
208995
179408
184348
162995
189510
140284
183094
112553
124093
207696
173628
181230
183394
184296
117147
191556
184609
171367
228518
208878
189329
204736
202940
210757
111008
254239
129126
161144
146462
149108
198052
159858
605051
172934
190892
173747
245391
106736
186733
200998
187435
201655
157099
171480
185415
181565
210220
159413
188036
140542
204066
170400
184609
200137
173776
210692
174210
185471
216410
208682
174893
162163
193347
206135
106422
182918
121692
202576
168618
215338
196929
158874
231001
170357
231932
182243
206455
117811
179117
204264
436823
200749
201980
117427
190306
170469
192718
211714
180268
245763
203368
115491
190553
171353
204947
195977
187396
241922
198047
189917
198423
186885
162847
236699
195410
191328
177869
173236
205174
213819
150359
196469
176255
188835
175477
768701
179905
202703
210477
202162
189922
177052
111022
195392
187265
170526
205030
189584
184005
202221
235426
161764
188804
113299
188803
172950
160203
158083
185407
242384
127358
180162
186496
161171
191457
216357
171770
187783
183836
167769
157447
183086
153316
193814
190519
175209
168036
233981
121296
222986
189295
182319
227407
216407
173188
182810
122258
205945
197757
139126
182384
187275
193127
172904
134798
205029
194249
188478
154255
211591
152609
177500
178393
116455
192009
122611
188281
194027
182114
194579
199647
189715
108158
202169
166575
235399
208108
174586
259852
199519
182152
141241
187982
212840
113673
133447
191116
217089
192046
176404
175369
121842
188036
187961
181795
231282
185817
249406
179630
176715
987105
204815
165284
188095
199338
202960
149198
156698
186528
230491
210038
167566
404054
206936
216210
176258
111067
183778
194608
175561
192679
193557
153215
197037
190362
146717
185274
163555
190391
121868
194022
124598
125707
163464
170408
182309
146171
167578
201486
144049
220801
171296
199152
141880
226067
188603
201690
176353
108164
220107
195430
178599
128753
154861
241810
299028
186691
193236
236949
185278
192974
204807
164794
190734
165355
208251
202399
188607
191350
170735
196295
234414
211095
151496
165984
170664
199517
210173
232844
183280
155376
117402
153632
145808
196940
152669
198084
178343
177034
180231
213096
175002
167180
230261
206320
198554
164618
183224
200302
174443
175674
214468
186308
173810
177704
151821
137475
159158
187798
224784
184038
186467
166916
170683
174699
222112
189127
184730
205426
174363
198802
181026
178044
178469
184010
172244
187371
191203
180549
181328
176183
158243
188049
218137
182060
166605
196585
165051
208120
296214
192724
157659
178645
302758
185740
187914
172902
179595
204664
158800
133817
179256
191469
412996
181801
144724
184146
203005
140473
168365
188047
140311
193276
165853
183321
197376
194285
120119
133846
190213
158033
183860
196919
219807
227120
184018
183350
226965
179450
176083
194497
191688
203707
185923
157000
206231
117922
260444
182712
197377
193540
229264
172289
164247
151926
202142
196209
191851
197377
211787
169619
197492
237176
167761
126237
179475
171798
204256
184769
193751
147431
221359
168392
187691
116943
173718
183850
134482
202465
164081
197270
175975
158732
222041
210827
191080
203023
195396
116235
112253
130758
168849
158089
252371
127629
302989
218429
124467
184188
151865
193277
215360
191878
203617
195837
221473
174825
235502
197427
133719
200097
200409
188707
220568
176192
163849
175772
207099
187660
130806
209397
133451
203048
151207
204582
140931
190353
194517
181150
209209
189917
168052
173476
191543
154368
197888
178121
119050
176930
185976
193892
163923
109533
184793
219104
202535
201680
149831
183622
201690
185133
195898
163105
179666
245182
109321
203590
154909
115551
117879
186559
215022
187668
192373
199080
166986
202488
212993
191875
194756
214486
203039
246290
216536
145386
234043
245429
207615
223163
199584
174256
193439
114676
157176
173493
155729
190087
190465
199253
167951
102611
226863
140233
169794
181039
192428
190270
180551
223208
167534
217305
107529
193777
193392
181396
166937
166981
181933
186167
143493
194429
146469
185073
187245
169483
157013
190123
220653
200633
216838
171762
177399
210952
183773
206084
166846
193509
129959
178493
164601
171958
188110
126391
191933
206920
179034
178631
262419
186786
215218
128734
231197
237958
159961
199545
251624
209474
130577
223107
184369
210498
191161
233839
185258
135913
174527
249545
209193
189334
204864
155188
187342
178184
124300
166097
232155
209228
199068
190412
195571
180759
164306
188827
174483
186998
191084
161112
182583
201050
207231
194835
236100
179281
210250
184375
193545
105542
177799
191824
129321
179165
189975
115784
181040
134760
222064
159714
172685
149157
223633
159937
160173
135312
199498
178448
165364
180772
144634
178255
192413
166423
171059
156442
213042
234097
188161
191471
176758
203920
195481
146721
217542
163257
173144
181356
203947
199288
215187
196004
233185
203551
247670
185487
122981
159760
176792
191503
168359
204280
180291
154201
197785
104963
397325
114437
177138
171132
297657
177102
199066
214490
205717
188688
228866
212141
168230
198549
189774
225942
186587
180328
102065
214655
192202
181114
198426
187229
177983
211164
215005
167559
147778
142555
198343
160136
221939
175602
194758
183918
195736
187021
197854
192847
161236
192479
151068
200735
198630
5440258
199866
192429
217809
231409
227737
221285
187308
416773
213124
168976
218182
193915
175122
128180
195877
182915
172080
200078
138667
136452
104313
253205
188358
155780
180924
187397
200334
194143
181672
241934
173372
231859
142854
217400
193654
133483
195129
139733
221582
167072
199793
158462
134071
194799
196058
137440
191664
184017
176062
200479
174684
207422
187679
181782
178264
193040
122130
187109
164154
183363
107858
158220
163075
192781
171038
184302
201739
217191
189679
172758
118174
188578
133734
195647
209395
183531
148305
199235
197537
180404
213792
135354
197635
206945
231206
182918
220788
172494
166246
199420
149620
166878
181027
173364
189195
172444
113653
184879
186556
183395
224481
190306
201450
203026
199655
215200
183497
134060
237162
206487
207821
226276
124242
194787
227737
204534
181778
199506
126391
175286
235485
194153
213413
132205
188561
187776
137874
202434
193537
151240
176498
137560
180983
152253
172221
170555
258594
235552
184781
203669
125358
190034
171851
209880
109308
201169
167599
208836
213634
201251
201165
211465
143054
136705
172775
168863
199646
168962
187495
185295
188155
192021
186670
202471
242426
218017
177855
177988
203742
158735
133621
109930
202147
147203
177944
165118
156293
186234
187276
191077
189807
199419
221131
171307
199919
169289
168875
195344
187670
133690
208698
214085
184409
309434
150230
235141
203117
188322
168511
183659
171852
150255
183684
173915
195168
167412
185285
202045
137342
209506
220629
188112
229293
193823
389730
161157
151885
133248
191396
114289
199279
204169
184243
178393
192038
199945
181350
190203
204297
181252
206134
206193
205131
124748
191891
255733
131859
227377
179737
173915
168885
201246
212337
108611
184173
170227
175109
119909
134281
205122
239848
179383
187072
219271
189482
198893
156068
182510
205836
210572
211706
207247
214993
215003
234403
192417
179889
184919
192362
202019
136209
194181
164583
174752
193819
189103
189582
183228
217089
174311
197102
236820
181140
199700
137525
210258
163763
170402
210107
179277
213015
153142
185777
209233
173266
241833
192680
163612
116426
208067
206505
107200
187834
213794
196189
255853
190395
1114349
130277
139583
3218269
182673
171945
179446
131342
195673
149675
152472
125386
202962
209721
221252
192481
206363
223490
187152
194672
189994
208186
193325
107603
193633
110625
234810
243173
632935
210414
172098
219057
235589
167906
180559
136052
194795
112176
175904
210641
218289
172128
157125
178795
201118
242882
189865
256364
172052
128445
194788
190191
178244
205934
131303
212383
197772
184257
199963
177311
136791
205767
179267
152494
160357
207786
185121
229546
204208
161074
204087
176839
117010
226711
172729
104409
142822
102885
195554
122456
220489
212504
178469
142216
188183
183983
180319
207833
173825
109402
207890
175508
200388
194906
207247
223227
215497
158547
220109
211733
217152
203034
177965
235524
194230
232431
226333
196723
190656
202584
161074
209317
156546
197945
186107
216506
177372
204958
179438
401556
131758
190873
174021
206531
217082
134391
194924
184644
164221
174649
195591
194751
212693
182844
239489
294502
216051
168322
175000
177950
206206
203177
194813
152012
205283
183347
165653
220663
123202
199342
174677
178308
194866
182330
175426
136681
128376
188098
204140
203385
107835
172013
232010
223702
203827
140117
185034
171083
206523
193547
166872
187116
126380
228129
175626
153596
109770
160783
157843
171671
180895
132201
197570
217496
116568
169444
175467
187703
215652
164149
103664
206903
205245
166583
120427
192509
180800
150256
193622
127094
268619
189926
245980
125147
212281
207983
115337
150679
236164
180396
196069
115382
190917
212839
208722
202979
139266
215525
132476
160955
224123
212280
160372
128557
195141
182442
177727
166103
192932
190570
192283
190860
176448
224563
183406
183752
131468
191455
162849
206241
182092
187627
199767
192279
179666
149141
222415
204069
180401
119313
213324
187734
211375
142613
214501
201401
165991
151349
195717
159404
206268
252587
176489
194581
129466
123686
193855
211865
216493
184714
178128
172256
200730
206394
209792
191493
202909
121740
169586
176730
189636
164440
208756
126847
215526
193168
201540
126902
196892
153797
121635
175266
193296
210360
205979
207851
172770
196003
140597
194719
170356
141868
238905
220917
177408
124568
117007
194306
190838
257106
176544
180987
174022
125268
170859
170673
142815
210832
194701
109628
211691
190833
171158
167196
186110
157392
175296
170111
200920
185500
128165
217271
176973
228675
133090
173117
173604
192686
212691
217179
203146
166314
200792
161730
179488
126406
118099
187516
174485
113892
199211
171128
1505164
179240
216870
216652
113362
176256
185837
181579
186656
191809
210474
181385
123547
148271
201271
156045
170317
189576
1137292
203661
230490
241483
201133
110179
147824
128250
137143
156678
191346
210468
199979
226098
171738
144950
160599
160644
207191
224296
192510
174363
217272
252636
232569
209149
206819
181382
126682
188615
215545
201504
178320
202425
178344
181059
153155
196493
144187
198991
119200
193394
207208
197413
173341
184669
215252
190421
213391
203584
182503
205167
187688
205661
195120
169333
128090
189296
198710
115155
173328
156674
143330
194021
186749
189531
121524
174221
136200
181480
148978
195642
191705
171953
195294
214329
119112
102666
226344
219830
215028
123067
158512
216602
112329
184860
159963
245174
175594
198534
199579
195295
205572
217445
208215
172419
152683
188786
212458
205900
106295
187979
189718
197686
176406
174782
186758
188493
191400
132199
193143
121320
172770
223575
784322
161080
204871
1688450
191298
186498
207563
187690
187788
138421
112391
184508
190529
177715
178763
162027
198445
150886
209925
158553
108005
116404
169049
228033
167797
125072
190567
175221
182760
187359
215754
182337
187256
205786
207091
211782
137881
199558
202175
179801
199888
163534
179358
185753
191062
186623
173898
176162
172934
179457
205242
226705
155838
195506
192933
182409
202161
142221
191668
195444
256446
189428
270920
149215
199486
204587
191436
178448
178279
206665
105521
2749676
209489
210924
122813
184334
197802
177983
188872
193715
202815
210091
180782
583444
209424
197092
196972
199980
176348
197257
169274
164547
173057
184773
207338
183075
317843
208922
172281
201638
183677
141031
216321
116353
161575
175893
174050
182933
174670
165723
245155
195045
167854
157670
176786
223276
171826
180762
197273
195908
132187
198922
209345
192412
179435
201537
149057
178202
198479
154941
120800
186759
200245
216209
129554
166027
185551
179203
261732
123255
140585
189121
188295
205631
172252
203992
192262
169905
197312
200987
350553
164478
169872
196714
150659
210545
181305
193450
196163
460643
137745
191939
253556
204607
206351
185346
204446
215399
108318
194034
211390
175842
178346
263498
194805
216025
197894
205899
141995
169638
179033
197559
184182
143963
186279
316519
175065
162917
217994
172047
190064
199792
168007
201226
242118
201955
218120
192070
173696
205335
181147
112829
188436
181865
134114
184822
201469
194961
172643
165652
132786
111845
115178
177466
199438
181077
196539
187831
210657
209689
149242
274276
103443
188719
139779
208640
206967
183173
190609
182730
200318
171661
122564
186833
116868
193226
225858
188262
111827
148725
201529
156818
107161
211207
208219
128952
196946
205495
194417
207308
111034
194120
167017
220085
133829
202181
158184
188881
200566
235342
151480
194490
198013
173517
145390
187011
184619
144219
200367
171539
114667
194787
216497
171362
171232
190856
179843
131345
211028
164214
137575
189415
197503
145867
184455
118064
212413
166698
205621
150305
117693
128645
117970
178761
119095
176832
203805
195028
217075
192892
205544
170364
135311
213511
219897
208318
182074
190026
193632
139465
107623
121455
107023
137487
201974
122528
113849
185125
114366
183027
100509
159483
219040
137344
188894
115584
190149
198228
191585
121266
120912
166305
208524
109878
193049
163885
133803
248001
212310
186143
210385
116374
216581
159167
201985
179308
160343
185645
190591
121772
149961
182233
211306
187374
115167
186519
249139
155423
117181
146774
173744
134890
173807
199521
112767
126130
135576
206100
110172
184944
146799
153326
163692
177518
215981
206046
209089
169036
191011
119922
201958
175769
189005
109273
207931
237741
190759
199574
213534
180255
107175
154441
102007
312835
172200
106517
175488
191681
173700
178390
104857
197142
105988
195740
182704
112473
175586
170847
186608
195750
178341
184828
107353
155697
151290
188404
111323
124500
126686
121801
103538
189402
154725
165595
144445
181600
169985
113971
192647
220095
131874
123269
194034
185395
192252
145194
167037
200541
181526
169712
169807
182637
176965
141671
175268
198035
120188
181250
107663
174169
111617
259981
199916
187492
191007
202164
192537
199924
181130
200405
216993
213907
175429
191741
189980
166414
183244
234354
119444
119414
126174
164007
189104
123230
133271
169706
186384
166153
185679
146020
129120
205383
138526
117918
171417
188165
196451
208745
147679
183181
104195
180390
179016
174853
126895
176564
165743
217967
186848
203980
185924
187675
221704
179683
116921
177415
132089
151668
138102
190459
180421
188272
166060
237261
186063
192161
116643
132733
199146
136067
122459
156979
158911
193338
173082
179361
197332
197346
167717
154110
192300
161863
158479
196965
114839
195272
209005
197813
199641
190636
192485
117716
201989
160955
111596
183741
183402
174784
193119
167186
172914
205712
143309
160887
127638
203384
162744
169667
123793
192833
188929
171591
158902
181707
113271
190308
173801
148231
143113
123650
150345
124909
194315
192536
131977
226811
194284
178529
190603
182411
119622
221115
107174
185197
189142
197562
195442
237125
146408
178977
129701
197367
188735
189890
114474
144968
188102
187458
169551
120493
138396
143078
109767
122041
188626
195252
158512
154968
158998
193109
212557
184459
130885
143713
177866
204239
123363
174015
188671
191445
123997
193034
188502
169542
111478
165962
181755
155400
190826
110035
145590
198541
167158
186632
210160
183229
141232
153610
183118
190930
159393
142749
115425
169898
207455
191563
127534
103082
186531
125111
177425
111192
202436
111639
120893
202135
171619
121594
189703
168188
158044
181768
102226
205405
185911
175221
120546
197355
149111
196304
154179
129630
173361
108530
194620
121996
109559
168908
193411
211305
112362
2541049
169171
184854
158366
195708
204294
167599
135185
129572
176559
184969
106671
237660
144454
181971
212336
191862
161792
203231
106043
182103
150543
155616
215927
203605
179155
174105
235492
186289
252208
189053
169926
175536
122718
174572
182221
186803
154764
138733
184478
179372
1878451
131462
142875
157141
138997
178000
175418
152901
118623
197446
152196
187151
152912
114412
178420
133048
186843
135621
122620
197279
149562
219427
202072
140220
194181
185291
106304
172921
124226
133077
123966
239456
132085
154452
682249
184763
119600
195400
119544
194622
178865
224916
168651
199474
197831
192738
183496
182124
126534
183711
197790
180948
192329
198362
209507
179329
228558
197955
212889
169694
133499
194993
149600
194499
191038
193383
209304
163123
116953
186979
186993
214926
105196
126164
147140
124110
129295
123695
115315
509781
140750
220263
177701
212316
184438
151491
194041
109576
124900
213995
141901
192132
157713
180496
174172
155428
196470
141014
106211
178152
186745
128167
129821
141314
208292
168463
126944
139664
127031
154415
181385
180371
109950
173803
166639
173997
145149
181057
134326
167853
221175
113177
107198
126289
115445
139517
195921
199176
177753
118008
179481
115225
111437
120696
128369
175544
181349
110148
110319
112806
227317
213237
138937
180511
143634
186827
171571
193697
179352
140205
122599
178609
130397
112118
209731
173282
128536
168193
99382
110673
182339
151008
204472
107136
112995
122799
193257
125548
178141
181933
100370
229439
109358
133578
213307
107569
168105
184369
176399
153600
114006
112851
204662
200502
187504
189229
188981
182256
133251
109131
176078
208275
187005
167442
159115
115324
155461
194502
118163
111589
180739
216174
183849
117561
190621
132023
170097
188748
149869
197015
142667
154901
180001
110118
107558
114844
147319
195472
169133
181734
114651
196894
188981
135708
102318
169675
192591
233618
113381
128354
177786
169018
231118
99797
175937
138754
190528
188696
170997
185551
119799
114152
119014
177664
122340
170194
209725
173293
108017
119875
104124
136757
135314
203298
124853
124492
150368
107689
122077
108464
106440
105334
105202
134362
167026
145882
118610
168672
103391
195614
116240
99332
225142
120439
174697
164073
175799
110216
110265
189460
189759
191348
123263
209057
195069
130489
115223
106993
110329
104451
106922
133122
127402
147955
110202
110985
123348
187294
164979
108571
103130
128964
181795
218039
179982
175417
189985
110084
106306
170188
109533
193880
204902
109864
195815
159767
176815
