3627
3231
1553
5473
4474
5877
4720
2706
3638
2672
7730
5733
6367
9536
6857
5255
4761
5439
4076
149127
6639
3796
4026
4536
4660
4909
4895
4403
4226
4329
6200
11605
5762
6018
3906
5092
5918
3594
3132
6056
3592
6628
1175
5635
4845
3628
4784
6100
4104
3025
11383
3656
5185
4946
3842
2734
4419
4072
3790
7111
5464
3966
5548
6328
4846
3881
8370
6922
4550
4090
10565
6451
4542
4756
5085
6846
4287
5588
6398
3825
4222
4605
7908
6869
5625
3921
4391
2868
6521
5311
4312
5610
4936
10103
3705
5557
4235
4885
5036
4925
4721
3870
4767
3945
3182
1166
4540
6214
5727
4663
6319
5388
5817
3061
1158
7292
7224
4923
3901
5603
3710
7603
8765
3201
1920
4896
7147
3934
2933
4397
5227
4186
5824
4138
6466
4455
7890
3676
3886
4603
36792
4252
4653
4685
7879
3797
4685
6235
6009
4125
3097
5867
4637
3258
6237
5280
3941
5181
4446
6001
5163
6330
4044
5838
4910
5798
6483
5867
3477
4356
5015
4682
3280
4563
4882
3472
4437
8358
3447
3751
6593
4940
4151
5098
4047
5829
3445
4898
4137
6799
4252
4809
3581
4568
3933
5053
7116
3139
5827
5247
10055
4277
4556
3994
20807
8467
4240
7182
4741
4153
5144
4923
7027
5195
4549
5408
6098
4418
5673
4403
7693
4578
6015
3406
5815
4333
6269
4284
4233
4659
4435
4902
4779
3731
4052
9376
2971
3300
6153
4189
4417
6105
6041
4361
5410
4226
7619
4852
4832
4692
7032
3318
6280
4640
4568
10714
5402
5937
5177
3646
11336
3872
4805
4150
4788
3494
4741
8240
5229
6521
4188
3553
5564
3282
5152
5091
5307
1286
5278
3772
129683
5239
5458
2444
6245
4794
4846
4655
5569
3853
4661
7307
6508
4599
4531
8024
5933
2848
5855
6111
2453
3767
4142
5853
3555
5609
4420
3578
5243
5816
3236
5151
5290
2997
3889
6452
4787
3630
4662
6768
4774
3702
4671
5221
6450
3963
4389
5191
4411
4854
3629
3435
4315
3207
5323
4184
3725
4624
4474
5679
4505
4372
4949
6556
4024
6924
4377
5157
4134
3213
3142
5180
5793
3974
5702
4146
4787
8677
10131
5545
10216
4567
5324
3330
5056
3968
4291
5337
4624
6739
5588
4299
7577
4552
5838
4893
3168
5295
4820
4004
2944
4015
5376
4753
5710
5598
4163
4948
6998
4930
5765
4524
3461
4484
4089
5497
3708
6120
8186
4290
4217
4489
7895
4695
5729
6593
5436
4024
8832
4950
4484
5303
5842
3914
3481
5538
3936
4130
5661
4717
4660
3823
5736
2948
4623
6564
4821
3734
7022
6549
4828
4722
7012
4414
8292
109770
5947
5655
5997
4036
5959
4889
4780
5226
6188
4756
4391
4978
4497
4375
3289
4853
6508
5183
7343
5298
3041
4870
4442
7293
5228
4107
4571
5073
3579
7408
4169
5420
3662
6159
6738
4724
3641
5154
5043
5318
6197
5177
5547
4450
5160
5130
4274
5775
6329
5161
4723
4344
11052
3839
3148
7864
5776
4964
6657
3610
5333
5439
5034
4769
3476
5014
3927
6050
4680
5504
6181
5999
5026
6198
3915
2532
6642
4098
4006
9534
4037
6594
4873
5575
3962
4933
3804
5479
5612
5601
6090
4678
5348
3881
5054
5582
3226
4818
4742
3696
4249
7288
9041
6272
5273
5880
4015
3838
6433
3821
4945
4203
4750
4695
7887
4138
3277
4571
4598
4175
4443
4957
4602
4423
4654
2932
1798
3877
5787
2341
4298
5376
3846
4910
2645
4896
4561
4863
5169
5201
4744
4954
5719
3059
5703
4005
6088
3847
4620
6246
3465
7557
5658
4439
5611
6334
4325
4711
3868
5107
5391
3302
2457
4540
5517
5397
4695
3470
5892
5664
8060
7566
5236
3847
4033
6888
4696
3350
4942
4532
4683
6851
4545
6448
5676
3602
4749
4395
6267
4384
4412
4612
4531
5089
4747
3910
5493
2850
3866
4244
4705
4931
4611
5917
7604
4282
4482
4256
6494
4957
5843
3500
5267
3506
5202
4546
4108
3741
5352
5768
3717
4443
4996
4000
3787
5497
2948
5634
4195
3991
5444
6515
5510
5775
3780
4576
3242
3854
2708
4087
3025
6712
4563
4644
5726
4994
5955
7223
5494
4939
3849
5399
7312
4758
3947
7573
3769
4551
4349
5277
6260
3960
3070
4135
8199
5631
2958
7175
7467
4754
9091
3620
5828
6058
3557
5623
4990
6853
3805
5868
5942
2457
8589
4817
2842
5160
4088
4675
5547
5422
5854
6242
5275
5444
3188
3831
5416
4941
2420
5134
5021
8177
5250
5227
5701
5853
4541
4176
4614
3970
4287
5479
7552
8741
4436
4905
4932
3684
4721
6644
5666
2631
3905
1985
5744
5434
6957
3796
4736
5166
4671
4536
8932
5346
5700
6962
5221
4297
7699
5829
5052
6461
4338
8100
4154
9249
5785
5284
4081
4088
4911
2876
5518
3612
3157
5473
3048
5593
5003
4756
4062
5799
4003
4296
6179
3849
8223
4250
1502
5316
6108
3287
3676
5114
4834
5178
7255
5186
4948
4988
4924
2746
5173
3417
4587
5486
2861
6119
3754
3674
5222
5228
7357
4507
3944
6225
3481
5086
3374
6550
3742
7434
4744
5250
2957
3416
4868
4533
5842
4474
4840
4212
3947
8879
7375
5116
5123
4343
4325
5588
6811
5761
7111
4843
5483
6804
4063
4444
5935
4481
5249
7597
4387
4032
4454
8246
5825
5530
6543
6118
3079
3979
5332
5913
5242
4505
5810
11054
3596
4653
4010
6831
3818
4157
5261
3081
4204
5208
5066
6123
4332
4521
5187
5614
5459
3967
3782
4205
4402
5340
4547
7789
4060
4229
2985
2746
3751
8718
5621
5670
4187
4655
4792
5739
4873
8375
5718
3624
3850
3029
6336
4264
4532
4914
4230
5572
3533
5341
5012
4102
5798
6320
5127
4212
5203
6142
4458
5233
6438
4824
4896
5119
4807
4615
4468
3594
4501
4607
5209
4792
6221
3841
5086
4512
4335
10057
7607
3214
4676
4708
4065
4877
3401
5482
3563
1430
3406
6328
4545
7848
4480
5017
3998
4981
5875
5304
4189
7431
4551
4539
3908
5787
4058
4434
4144
6053
4216
6517
5546
5233
3317
4543
4451
2831
4671
4464
3685
4624
4553
4875
5601
5831
3860
5719
3867
3618
6666
6689
6075
4815
5581
5446
5308
3007
4950
4256
5820
4870
4110
4534
3713
3987
5566
4611
3997
1904
3968
7630
3441
5451
4328
7393
5249
3570
4775
4064
4911
4495
7637
4959
4923
4784
10169
6161
4564
7010
3973
9068
2896
3700
6668
6315
4456
8581
5949
3834
5424
4107
6595
2602
4738
6009
5049
4501
4053
2771
6035
5335
8009
5131
5279
3620
3713061
52624
10324
7284
3772
4480
4724
6174
4500
3652
10978
6752
4710
4342
4850
5087
4101
6012
22236
4356
3790
5930
4519
4874
5699
6555
3871
4913
7173
4500
4890
3765
4860
5729
3893
4922
5220
6854
4572
4245
5282
5897
4659
5302
4877
4717
2237
3525
4140
4431
5126
4614
2917
3935
6737
5053
3724
4408
4449
2919
5511
6349
4756
4767
5600
6139
3305
4753
5479
7338
5051
5529
4262
5597
3799
5135
3873
5559
4492
4863
4385
4184
4328
3845
4285
7261
37623
3259
10655
3618
4495
4922
3626
4302
2827
4676
5924
4691
4297
5504
3806
4887
3439
4504
4405
7355
5231
4958
3849
5965
4299
5653
5410
6207
3892
6220
3884
3819
5215
3717
7799
5039
3288
4449
3376
4786
5072
5658
6127
4479
4075
5747
5339
4206
5224
4291
10206
5587
7485
4681
3638
3106
3439
4204
3810
5379
5570
4901
5851
4642
5189
4723
3684
6626
5777
6687
4807
8396
3600
4305
3575
3248
4734
6528
4056
5311
6264
3597
4635
5424
4858
4727
5091
4337
5164
4753
5185
5944
7148
3979
5209
9569
3516
4864
5530
2451
7459
4744
5257
6091
5114
5337
6141
2854
4210
5627
6314
4670
3001
4514
4425
4268
4696
4676
3324
5796
4557
3564
4288
4287
4274
5343
4679
5413
4121
11310
3597
17143
3877
3739
5464
4788
4010
5906
4454
5974
6150
4397
5106
8444
4153
6230
4474
5871
4455
5883
4879
5866
4101
4834
4240
4021
5096
5539
4410
3550
4754
6629
6172
4555
5683
6707
3563
4756
5943
3391
10775
5964
3407
8561
7172
4186
3998
4055
6596
9561
4785
6131
4428
4492
4449
6614
5934
3528
4047
5613
5617
6720
3216
6042
5869
3533
4758
3362
3079
4065
6773
3743
5823
6550
4247
6089
5926
4485
5204
5622
4184
5017
4840
3885
5203
4572
3366
5683
3885
6322
5327
5027
5562
6520
3145
2617
4404
5124
5008
4735
2830
5923
4914
7317
7669
6253
5127
8181
4511
3229
4794
4519
5416
6835
4498
4530
5348
4018
4096
3876
4106
10077
3691
4213
3648
4059
7217
3850
4892
3818
4310
3915
4312
5536
8015
3887
4212
5452
4765
4519
4769
4017
3356
4519
6496
4650
4862
4038
5189
5693
4519
3547
3499
5947
5205
7015
4531
4251
3350
4429
6206
5807
6587
4526
3854
6286
4736
5202
6526
3608
5213
8391
4500
8680
3301
3310
3625
2652
5899
3241
4359
6810
3819
5741
7641
5785
3350
5091
5721
4175
4816
6849
5091
7722
4881
3813
5963
6366
3812
4338
5252
3967
5180
5961
4451
5293
5149
5214
5001
4475
5935
5187
3015
8625
3741
5938
4810
4883
3286
4123
6246
5907
4713
5477
3539
6257
3347
4208
4370
3941
8308
4403
3774
4327
7152
4109
4716
10003
8929
6243
10561
5769
2945
13595
5442
3739
4836
3028
4816
6791
6008
5004
5653
4817
5908
5372
4963
4379
6109
7189
3143
4644
5375
5331
5006
6231
5299
2731
4857
3214
4611
3729
5735
4074
4203
4485
4483
5325
4963
6285
14726
4572
6820
9140
4341
4584
5268
5956
5842
3901
6179
4646
4090
4833
8008
6787
6459
5420
8621
3734
5443
5156
7619
3040
6418
4884
5957
5610
4936
4449
5278
3625
7041
4540
2559
4607
6676
4049
5625
5743
7168
4845
5467
4190
3680
4540
5493
6197
6201
4660
7176
5505
4644
7091
4914
4154
6741
5367
4016
4834
7874
7433
7314
4545
3542
4308
3899
5057
3096
7339
5172
5754
8943
5031
4439
7294
5324
6504
6757
5056
4832
4310
4647
5110
4221
8300
4349
4633
5490
4883
4347
3184
5602
3554
5027
4968
5068
4857
5459
5345
5167
3935
5844
6675
3404
5424
6136
4848
7821
4473
3832
6871
5543
4827
8074
4368
5284
5935
5065
5824
4580
4665
4489
4517
5152
7162
3351
6057
4203
4926
5464
3969
4223
3813
6347
4293
5054
5934
5207
6671
4919
4753
3776
4459
5055
5108
4979
4107
4975
3384
3692
8370
3580
5425
3808
5695
3812
4680
4945
3996
4860
6796
3600
5611
5611
3418
4706
5341
6049
3957
8969
1826
6044
5328
4070
9170
5124
4447
5250
10326
4976
5104
5122
5492
3775
4160
3847
4228
4136
4953
8565
4514
5948
24448
6012
6108
6548
6162
3924
8734
4928
4147
10764
2406
4957
6677
5188
3776
3734
5453
2966
4457
4294
5211
5682
7229
4596
4825
7487
2985
4020
5819
3139
7893
4238
4399
8338
5920
4463
7052
4633
8617
3651
2903
4307
5604
6512
4977
7361
5733
4975
8977
4428
3677
5105
6244
8213
4713
6043
5489
5797
7388
8276
4145
4204
4743
3792
6538
6178
4630
8052
5022
4318
6040
5827
6427
5141
4995
5316
4013
3621
9314
4192
4141
4414
4664
4937
4309
5401
5642
4568
6319
3737
5500
4009
3976
4671
4838
5939
4590
4149
7203
6146
4493
3210
4749
4652
3708
3875
15529
4936
3950
5628
4198
5648
5982
3484
5708
3811
5178
3695
5618
6502
4450
4174
4672
5241
5045
4626
4600
4901
3659
5052
3822
5488
6057
3932
5083
4678
6496
5564
4075
4317
5349
6256
2953
23320
8779
4141
6694
5693
4259
4128
4952
4112
3254
3234
4423
7868
6005
6646
6473
3244
21290
3980
5608
5858
6031
4994
4821
4419
3823
4081
4621
5313
4184
4436
3559
6745
4534
4077
5811
5141
4007
6562
4543
3804
4404
5125
4129
4726
4742
4492
5148
4786
5218
5349
5005
4343
9929
4612
6128
7184
5195
4375
5569
5957
4803
5276
5635
4982
4651
4394
3232
7737
4833
3188
6924
4462
8704
4964
4084
5147
4213
6659
7810
4379
5891
10087
6438
4494
5190
3119
4387
4713
6070
5652
7897
4210
4548
4916
4525
7038
9305
4610
4484
5173
4111
4244
46283
5316
7565
4947
3042
6739
4369
3967
3978
4942
4369
8132
4347
4012
4869
8381
3772
3993
5702
5296
4351
3872
4812
4634
7065
2449
5005
5237
3883
5035
4782
8010
6601
4486
6084
4137
3947
6001
4353
5070
6674
6477
4659
4576
5242
4306
3591
4630
4421
4861
4789
10166
4562
5896
3981
4017
4266
2967
8073
4645
4352
4450
5371
4719
4563
2508
4909
3784
4000
4279
5326
14077
6347
6134
4511
8531
3599
4698
8542
3491
4913
4908
6369
4631
6506
5061
5362
7629
4294
3782
9026
5508
2794
7995
4791
4124
4749
3537
3045
4334
3594
10010
6462
4901
5630
4208
4351
4052
4952
3060
5984
4965
4724
4355
5693
6052
6078
4588
5393
3099
5776
4675
4674
3644
7099
4671
3679
5172
5635
5288
2657
5010
5953
15257
5532
4972
2908
5722
3655
6664
4785
6305
3644
5547
6274
5300
3653
5618
5117
5085
4131
5222
4404
4385
3266
5032
3479
4832
5134
3290
3470
4629
5223
4836
3698
6354
4993
4889
3817
3924
7178
5205
5337
4236
5643
5988
5564
4061
6486
5028
4480
5225
4976
8195
6777
5162
2550
4377
3868
6533
8304
5916
2955
4444
4969
3992
4974
4978
6505
5777
3331
5912
3706
4186
5452
5017
6168
7820
5127
4503
5208
5863
5001
10216
4811
3499
6623
5174
4530
6335
8090
6099
5364
4090
4090
6529
7470
4311
3671
5522
4417
8197
5276
5106
5110
4814
5932
5842
4263
22185
5477
5933
4384
6219
5328
4552
3198
5246
4914
5530
4367
4023
5385
3543
3845
7762
3758
4536
6447
3862
4625
29431
4866
5279
5299
6468
6267
5333
4444
6826
5500
5715
2925
6779
3739
5775
5699
4392
3663
4373
4695
6566
4755
7265
6211
3771
3603
6591
3806
2520
8508
3060
3251
4792
3083
3165
4848
5033
4652
5013
36858
7320
4603
5041
4514
3256
3990
4567
6304
4077
4196
7208
2854
5478
5809
5542
5181
4648
3725
4926
8276
4586
4138
4271
5293
3780
6751
5384
6036
2474
4910
4872
3880
4626
4663
5448
3400
6029
4470
4148
6202
5337
4187
7092
5473
6288
4066
4228
50458
6070
6909
3780
6727
2740
4230
5030
6456
5376
4255
6220
4001
4702
4028
5219
5450
6368
9181
5745
5797
3425
7034
3859
6530
5582
3923
5097
6285
6498
5315
6256
6499
3882
6748
7141
5747
4372
5871
6185
4825
3130
4760
4330
8046
4807
4496
5395
3960
5155
5685
4622
5226
4855
4004
5695
26491
4428
5558
5083
5422
4870
4466
3316
8734
3425
5737
4839
8935
4085
5462
2847
4688
5399
5967
4623
8990
4638
4157
3427
5447
4564
5291
5602
4183
5243
4876
3581
9336
4574
7014
4766
8339
5868
5191
4282
3977
4278
5849
3866
5436
2878
5180
5114
42399
8620
4300
3734
8055
4337
3158
12250
5149
4868
4862
3763
4138
10835
2422
10783
10802
5380
3305
6880
6428
12440
5390
4454
4308
3560
3778
8278
5109
3903
6362
4818
5974
4859
7942
4675
6057
4057
4569
4322
5133
11993
5866
5743
4205
3949
5155
6433
4920
5958
5359
7964
7611
5501
4522
5474
4742
6743
4970
5551
4976
5601
5153
4791
4417
5594
7107
3405
5449
4315
4564
5772
4513
3985
4430
5555
5281
7083
7134
2301
7132
4740
3301
4131
5299
4776
6163
5075
5815
6142
4993
4343
4932
6812
3197
5902
5334
5800
6711
4492
4233
4310
4388
5043
6942
5644
8875
4498
4651
7327
7718
4900
4446
4176
2990
5093
6750
5736
5475
5361
5282
6553
4287
5720
4829
3896
3810
4471
4471
4804
4558
5954
4811
4861
6186
5249
3957
3608
5962
4634
4285
4626
4760
4761
5101
5694
3384
5274
4713
4100
16392
4028
6002
4045
5452
6883
4323
5414
4150
4765
3514
4154
5253
2186
7465
3230
4855
6061
6131
7598
4300
4020
6310
4760
4830
6034
5933
3952
6346
5384
4669
7303
5476
5090
6348
4250
5046
3738
4299
4789
4258
4547
5894
6107
4648
6710
3690
15759
7819
3368
5181
7216
6573
2472
4482
3691
4908
6017
5541
5930
5290
6398
5457
3729
5429
5310
5503
5538
3840
8237
3885
4546
6089
4483
5460
4099
16542
5947
4799
4323
5252
5140
8003
5086
4468
3277
7922
4423
5156
6608
4771
4082
4234
3434
5478
6867
2827
6839
4734
4811
4184
5282
5256
4911
107721
8442
4555
5237
8204
5206
3488
6332
4847
5668
5096
3557
5151
7459
3992
4911
4578
4943
8156
9788
4814
4947
5657
4448
5073
7569
4345
5032
7176
3617
7718
4180
4479
4846
4190
5600
4492
5624
6163
4395
5150
3828
6315
2777
5886
6170
5487
4677
4910
6205
4606
5255
5022
4403
4774
4762
5120
4292
4507
4643
3470
4285
3112
4052
5662
3534
4941
6421
3843
9629
4852
4507
3152
4535
3345
4188
5388
5808
6778
7343
4410
8652
6165
10310
4477
4661
4969
8495
3847
4666
3692
3790
6002
8514
5388
9814
5627
4149
5693
5430
6682
4078
5303
6326
7974
9011
5557
5913
4674
4935
6442
5195
5567
5708
6473
4390
3407
6163
4317
3922
4822
4176
4229
4560
7284
4106
4854
4329
6589
4253
4767
4965
4148
10591
5057
5259
3555
4329
3859
2243
4844
5375
4220
5133
3770
6002
3503
3214
7555
5123
7321
5622
6742
5412
6774
4256
4486
4107
5855
3806
4766
4663
4733
5685
6043
5361
4409
4703
5462
5936
3767
4006
4323
4506
4305
5566
4606
5000
5303
5054
4829
3793
6506
9213
4341
9177
6085
3996
6015
3417
4151
5390
4870
4867
5277
5813
4589
5139
4713
4148
3489
4943
5487
4679
5880
4031
5446
4946
4504
4629
4426
2778
5469
5419
6496
3264
4920
4450
6851
4112
4922
9061
3219
3465
6172
4285
9722
5890
7838
6007
5914
7554
4754
2978
4296
5516
5623
4720
6254
5808
8518
4405
4730
6888
5075
12741
3880
3469
3687
4393
3694
5321
7560
3796
5880
4815
4811
4136
6492
4141
5178
5316
5762
6771
3033
3759
4800
4606
7725
5295
4413
5518
5432
4295
5155
4661
4475
4236
3992
3225
4999
4544
4123
5576
5072
2850
3170
5299
5691
5049
4102
4093
21003
4512
5219
3915
4318
3375
13166
5361
3493
5163
2895
6978
4787
4361
4740
3686
4705
6042
3826
5360
5158
5423
5819
8425
5161
4708
6663
4239
8158
3796
5584
5867
5593
4700
3984
6775
4538
4989
9302
3802
2650
8770
6037
4368
5230
4845
5409
4391
5134
3705
4766
7162
4089
7410
6517
4448
34273
5372
4612
3448
3725
2997
3296
5575
4150
6646
11375
4485
4683
4435
3904
6273
5666
4833
4643
4011
6066
3855
6290
3487
6619
5548
6509
465695
3630
4552
4945
7072
3556
4109
5130
6344
2937
9777
4301
5546
7698
4236
4280
7699
4619
2823
3535
6959
5536
6772
4131
5177
3778
3653
5546
4441
5140
7024
5187
5958
3212
6127
6761
10007
5527
3788
6422
6442
4796
6729
3215
5128
5535
3735
4381
5215
5854
5845
4602
2998
7227
3201
4601
5118
52242
5783
61799
3419
5055
8088
5088
6160
5120
5228
4670
7625
4649
5514
8783
5463
4098
5095
3738
4869
5094
3356
4784
3850
5734
4311
4049
4529
6393
3412
6170
10315
4840
4965
6209
3838
5208
9324
5330
3918
5222
5390
3261
8356
5175
4171
4236
5462
12189
4358
4434
6285
4996
4998
3360
3761
4811
4821
5203
8431
4476
4868
5466
5015
5337
4599
4805
6570
7245
5358
9548
4411
3442
3279
4839
6488
6741
3243
7430
3060
6274
3790
4787
3808
4700
15615
7616
5454
3607
6166
4821
3252
5610
103393
4299
4434
3599
4797
4008
4824
4871
5325
6071
4616
6754
6246
7742
4013
5494
136394
6619
4778
4672
4784
3331
4203
3265
28087
4450
9678
7539
3118
4438
4208
4595
5081
3572
5248
4706
4692
5547
3945
3571
4335
4960
4457
5853
5913
8053
374213
5198
5172
7054
9209
4403
4216
3857
5949
5619
5060
5681
4063
2739
3846
4676
7048
5707
7028
3929
3833
4463
4946
4026
6148
3525
4241
3873
3566
6566
4793
4215
5743
3030
5428
3682
5035
4406
5103
4079
7992
4387
3380
5644
3871
3623
4502
4653
3798
8086
5317
3558
8158
3620
3461
5961
4802
4484
4466
5884
3765
5442
3335
4307
3595
5612
6451
3828
5220
5160
5016
5795
6390
5569
3610
2853
4193
6477
4621
5447
5319
4354
3926
3851
35802
5658
5285
4035
9108
7117
4404
10017
3911
5735
5341
3837
4529
5056
5159
4523
4931
3797
4403
5773
4571
5994
3344
4663
5811
6463
3523
4875
5655
4907
4678
7232
4210
5426
5050
5404
3668
5308
4163
4094
4248
4829
3928
6609
4487
5643
8006
3292
3869
5768
4084
7950
4415
5024
5045
4299
5500
5868
3889
4144
4010
5145
3986
6142
5001
5149
3734
4109
4520
6348
5812
4015
6508
6299
4509
5084
5680
4313
10777
3954
7155
5507
20269
6041
4385
3459
4476
4288
8274
4337
4409
7171
4740
3393
5831
5729
6245
9335
5572
4728
5756
3509
7245
5695
4045
5772
4702
4462
4200
6858
19618
5482
5497
3965
3856
4808
5962
6275
4663
6555
5487
4581
3907
2778
4562
18106
5748
5082
5458
7144
5208
3345
6830
5823
3756
10263
3796
21792
4821
6417
4761
4265
4997
4449
8234
4876
4546
5617
4071
9405
5446
5297
4591
5465
5658
6898
5105
2930
4641
3672
6178
7492
5106
6834
4841
4521
8392
8004
4825
4162
4395
3922
6950
4798
5354
5060
6174
7565
5142
3378
5806
3494
23157
3760
4275
4959
3883
3866
5612
40114
5251
4139
3610
8327
3859
4420
5659
2584
5733
4805
28277
4682
3463
5337
3112
4790
6829
17210
5184
6024
3865
5161
6122
5536
6429
5022
5764
5175
5094
6054
2702
4132
5012
4644
5168
7078
2523
14224
3889
3655
4305
4643
7555
4309
4484
7765
3843
5333
4776
4165
4770
3730
4858
4212
5333
8195
4442
5791
5177
5073
3777
6003
4600
5173
4278
4048
4400
3014
5876
4339
3958
3484
5911
20796
6230
3819
4631
4747
6851
4977
3164
5689
3738
5368
5392
4028
3728
3921
3822
3365
4727
3337
3859
3700
4991
4337
4156
134394
4021
6038
4493
5260
3001
6877
4405
4775
4584
5199
4201
5345
5021
4016
2959
3458
3983
4927
4741
5784
6294
6106
4618
4322
3307
7111
4494
4482
4102
3412
4115
3958
5004
2946
4647
5901
4929
4991
5068
5617
5435
6889
3685
5700
6079
4778
4480
4064
4999
4721
3539
6239
5442
5990
4464
6982
6674
4266
7341
4786
4432
5936
3373
6441
5245
4213
4975
3871
9227
5144
4101
2815
6341
5196
5110
5431
4323
3746
6310
6046
3198
15803
3898
6568
4055
5392
5533
3363
6679
4531
4879
5727
3896
2695
3979
3944
4297
5381
4535
5217
4341
4520
4468
4949
5680
5635
5344
4553
4307
4825
3610
5986
6384
4167
6008
4775
6962
5348
3720
9413
3911
7526
4280
6035
3958
3943
4940
4583
6185
4996
6658
5737
2662
5541
4601
7680
3735
6017
6717
3996
5312
5120
4637
8120
3269
8720
4175
5004
6293
4384
8609
4008
3801
5427
4617
5243
4082
7225
3894
5238
4585
3786
3495
4289
3494
3478
8109
15070
3909
3453
4205
5454
4482
6004
5607
5596
6302
3309
5541
4984
5943
6175
3616
5623
4801
3328
4929
4183
3721
6863
3164
5277
4772
5528
4747
5178
8230
5094
4434
6371
5732
5345
6035
7300
5127
4520
3902
3891
5441
4519
5579
3740
4328
4884
3390
6386
3050
5538
5227
6735
4840
3669
3495
4864
4919
3827
4542
7047
4596
5621
5664
5375
4891
10292
4152
4209
5194
4975
6690
5421
4458
5328
5234
5259
4615
5700
4041
7682
4813
4293
4470
4864
5301
5402
5655
5856
4310
3300
7409
5709
4033
3644
4198
4090
11328
3588
4134
6993
6118
4642
6084
6771
4991
5357
4774
4775
4992
5610
6931
4893
4204
9257
3743
4206
3652
4342
3697
11959
4938
4164
10529
4693
3462
5979
4879
5864
546078
4799
5302
3910
7026
5311
2655
10460
7458
4057
9559
6067
4820
6304
4550
4040
5197
5696
4026
5252
6859
4083
6658
4609
5136
4577
4584
3207
6546
2095
6063
6855
4352
4212
16383
6391
5275
5811
6748
5179
4018
10547
7721
3408
3929
6230
4692
4266
4268
3740
6041
4049
4682
2446
3676
6141
5090
3984
6460
3773
3381
5335
3800
4485
7596
3144
5404
4428
3338
5980
6058
3975
4319
4123
4948
4108
4092
4336
4136
5626
3819
3539
9286
4009
7065
6043
3225
4894
4460
4370
4822
3401
2970
4887
5843
2864
6634
4018
3797
4032
4591
5383
4063
4865
5117
4373
4382
5641
4971
5438
4838
5318
4736
2934
5061
3299
4119
4906
4839
4764
5078
5648
6842
4714
5880
4000
6682
4795
7596
5820
5368
4698
4784
6183
5738
3020
5527
4444
8119
5648
3014
6455
4282
4832
5773
5088
3137
4275
2842
6422
7532
5108
5550
5057
4151
35985
5566
3006
6743
5091
5099
4616
5992
5125
4514
4788
4685
4359
4327
4756
3022
5509
4122
5699
5906
4842
5193
5535
6302
4324
3731
8915
5619
6281
4032
5341
5360
5983
3314
5298
6339
4676
6703
4871
4343
4102
3973
3972
4773
5285
4923
2367
5144
5438
7901
5341
5100
6909
5284
5109
5666
4126
5425
4695
4494
3200
4882
5447
4099
4551
5128
6699
3447
7210
265381
4906
5361
4974
3937
5649
5576
3540
5290
4691
4714
5971
4152
4654
6165
6189
6983
5824
3999
5516
7027
3231
4723
6492
4784
4018
4623
5815
8302
2941
3233
4467
4391
7146
5224
4755
4567
9551
3920
3883
5485
5681
3516
5019
12751
4219
4499
4623
5233
7480
4322
3984
9340
5968
5426
5456
6064
3505
4394
5767
5253
5935
6461
4312
5853
5849
8157
5433
3879
8689
5991
3610
5071
2791
7230
7004
3852
5612
6708
3786
4972
5205
4828
2987
10718
5604
4430
5460
7090
3732
5023
4387
4845
4733
4676
11597
6472
3876
4433
8666
4409
4574
3907
6077
4487
3992
7194
4291
3879
4228
4399
8030
5299
3215
7401
4079
2830
5666
4112
3569
4938
9004
4638
3398
5029
4667
7189
5006
4155
8299
5346
4770
3180
3184
4746
5926
4540
4538
4936
3883
4674
5408
6085
6334
3318
8959
4016
19690
6972
4733
4987
4896
5274
4283
4633
4246
4368
2902
5653
5846
7828
6020
4707
3282
4911
5579
4569
4947
4324
4641
4122
3447
9158
5489
4786
5791
2484
4351
7791
4090
4641
4056
4182
4314
5029
3609
5115
3805
5874
5906
3647
4670
4238
6548
5195
3660
4228
4502
5706
4769
3830
4710
4251
6416
7917
4795
5422
3285
7282
5766
4997
4353
7887
7967
4030
2979
4420
6964
7488
6498
5193
4561
4775
3811
2002
6528
5197
6524
5008
5907
6459
5182
6083
4781
6157
5319
4409
4631
4653
5176
3501
5528
8399
6576
3534
4665
3709
3655
6004
5056
4665
3117
8322
5071
3536
4574
8632
3983
3444
3592
3706
3882
4763
4274
4402
3827
7316
5528
4111
3816
5467
5363
4804
5481
4440
6071
5289
3891
9731
6737
3553
5835
5402
5383
5939
3721
3677
5989
3732
6745
5478
4759
5596
5663
6242
5779
13297
4724
5537
6234
4975
3440
7372
5837
2774
5125
4663
6774
5605
3628
7473
4458
5866
2264
4845
3533
7919
5689
5260
5608
5239
3947
4273
4243
3963
4693
5625
4047
3640
5611
2512
3994
5830
4993
4290
3586
4668
5740
8134
5043
6799
4282
3633
6940
4592
3889
4169
12402
4424
4259
5965
3978
4324
5104
4218
6010
3921
7100
6103
4858
7566
3676
7114
5440
3708
4798
3343
4822
3695
4650
2444
8361
5717
4339
3396
7373
5820
6175
4933
5596
7093
6032
4692
7396
4648
5020
5196
4421
4091
3593
3052
4405
7285
6557
5171
5134
4177
4336
5434
5073
4530
4603
4317
6108
6702
6107
4675
7672
5233
5967
4404
6238
4081
6880
4855
5713
6194
3727
3371
5168
4718
4431
3295
5759
3319
3737
1673
4493
5035
2775
4602
7089
4001
5320
6351
2220
3368
5891
4218
4313
6261
5196
3433
4758
4959
5046
4083
4987
9042
3456
5287
6685
4820
4483
4052
4772
4935
3212
5831
5085
5570
4564
3576
6102
4008
7561
19215
4239
4863
4431
4894
4930
6127
6653
5902
3928
4297
6021
4030
2325
6846
4445
4687
4955
4383
3516
5113
6799
7817
5430
9345
6466
4150
5802
4979
4070
6127
4779
4382
7001
4859
5692
6445
4528
4070
5441
4348
4448
6534
4283
14463
7712
17489
5856
3969
3104
5765
5384
5263
4160
7442
3714
7719
4447
3684
7529
6886
4222
3748
4034
4112
5864
4905
3861
9827
5046
5045
5207
3611
4380
4426
4023
8720
2740
27649
4566
5970
4765
3758
5814
4391
4273
5731
5509
4731
7399
6367
4833
9601
4860
5534
4383
6315
7715
4998
4380
4201
9986
4084
4395
6053
5439
4126
7144
2028
3440
6212
3187
10085
5623
4041
7638
6157
4272
8938
5414
4166
6953
5407
3615
8798
4314
4065
4944
7000
5949
5070
4357
3922
8544
4540
6528
3118
5689
5248
4598
5333
6496
7744
3501
9878
2450
4830
7667
8065
4904
6926
5543
7109
5842
5110
9355
144632
4170
5845
4136
5181
4558
5920
3438
5468
6272
3379
7895
4276
3680
3720
4565
21584
3983
5176
5953
7601
3803
2945
3979
5441
8427
6281
4413
4119
5556
5722
5377
5763
3559
4873
5636
4068
8754
6118
5119
4590
4296
4009
5261
4718
4215
4870
6414
4575
4492
2731
9342
3158
4735
4866
6231
3801
3973
4865
3653
6102
3999
5083
4333
4976
5114
4529
3849
3022
3832
4439
3772
4323
4865
5531
4583
4597
5243
3452
4523
5078
4101
6956
4028
3713
4169
4884
4093
6989
2953
5369
8048
3632
5468
4085
4153
4295
4666
4991
3859
5610
5326
2947
5622
3998
6703
5064
6588
4496
5144
7630
6277
4397
42188
3834
5660
3115
5267
4858
3634
3696
5422
6856
2484
5596
4888
5533
5461
14632
4178
5629
4628
3892
4505
4457
3712
3679
5059
4453
4928
3934
3793
6053
5419
5736
3066
16604
5830
3801
4765
3576
4195
5027
23464
3573
6876
4102
3498
7502
4245
6300
4339
4131
4541
7032
4003
5149
6371
3926
4028
4844
5638
8622
6118
3400
5048
4500
2633
4042
4482
5117
5310
4112
5414
5259
42895
6182
3939
4664
4355
6967
6813
4171
3223
4258
3941
5169
8393
5273
3929
8491
6124
3341
6508
9034
3577
5296
4736
3800
4457
3943
5706
6645
4336
4353
4187
4513
4182
4772
4404
4193
5609
4401
8923
4060
5445
3678
4785
4411
5459
6775
5592
3610
4463
6883
6927
4434
5674
4859
2246
7543
5996
3402
5560
6146
4583
6694
15523
5358
5914
4725
5812
5355
5710
3328
6510
6167
4089
6361
3207
4862
5253
3169
5757
6082
3813
5882
5783
4163
3428
7896
4249
8515
4785
4515
3708
5124
5706
4497
3150
6388
3940
5160
4655
4650
3355
5403
5080
5481
2587
2407
4691
4756
4849
3589
7667
4612
4804
4867
5001
6697
4205
4951
4189
5848
6530
3864
5581
5857
6357
5584
4729
3985
5828
3033
2956
4924
3966
4140
4552
3735
2703
7340
4624
3850
5306
4186
4064
4709
5081
4175
4810
3870
4858
4702
5399
4996
5419
4288
5301
6068
6673
3792
5164
6487
6446
4766
3296
5690
5126
4017
4568
5086
4855
4698
3822
5117
5149
5272
4551
7883
4315
4182
4128
3196
5902
4023
5308
4622
4692
5511
6542
5728
5448
3717
5155
96988
5288
3804
5505
4082
4426
6215
4796
4942
21365
4381
4251
5387
4227
7844
7123
4759
4611
5015
7005
2024
6410
4168
5302
7465
3049
6613
4959
3985
5168
3743
4058
6786
5579
3881
7502
4806
3840
4893
4388
4268
4610
4465
4281
4976
3567
3438
19350
5132
6085
6200
5946
4642
3925
4632
3254
4684
4047
6400
6814
4352
5958
4382
4379
4288
3932
3339
5641
7087
3563
3789
6054
6000
4524
7198
4520
4311
2963
5026
3824
4222
4873
5191
4113
6100
4789
3772
4634
5604
2456
6400
5179
4223
4910
5031
5999
7499
4291
4634
5974
3494
2853
7526
3723
5218
5168
5498
7458
4607
8779
5125
4939
6518
5195
5223
5658
4347
3712
10128
5490
4377
8922
4410
5970
6072
3562
4687
4947
4607
4179
16953
4993
4120
3684
4900
5252
5255
15452
4070
4927
4926
3248
4860
4818
4721
4714
3197
4046
6501
3916
3467
4014
6644
7111
4829
5115
4181
4669
4910
3565
7044
4436
5886
6844
4691
4003
2487
2984
2504722
6334
3883
4017
4344
4421
4286
7725
5148
4136
2996
4444
4679
6456
5138
4213
6850
4831
7955
2854
4052
5869
5386
6066
3724
3817
4234
3402
4574
4510
3434
3198
4529
5942
6353
9479
4693
5450
3867
7653
18666
4032
4133
4024
5626
4652
3374
2642
7223
4037
3528
6141
3414
4631
5756
4702
4128
3918
11683
5038
3869
4571
4743
6787
5204
4664
5197
4326
6561
4197
4912
4270
4451
2916
4273
5668
3700
3408
3901
3970
3949
8019
4614
3701
4197
5331
3690
5512
4376
4839
3522
3822
5282
4941
5226
4920
3869
6445
3389
4855
4572
3547
3330
4230
3545
3939
7522
3600
4124
3541
5968
4134
5716
6293
4732
5953
5075
3404
4502
3957
5622
6719
4805
4354
5177
5149
4384
5865
3808
6106
4779
3329
4033
3792
3860
4661
5292
3700
6486
4202
3666
5429
3923
3899
7959
5579
5687
5107
5571
5984
4183
8666
5065
3954
6077
4504
2752
6394
5237
4174
6970
5114
4690
5354
3455
4580
5074
3802
20999
11168
4038
5728
4970
3993
4326
4468
4067
3841
4760
7856
4230
6114
5843
4062
5466
8193
4893
5561
6634
2829
4752
9595
3284
3879
3815
6790
5624
6204
5438
4841
5688
4173
5385
5325
4540
6644
6244
3629
4179
3970
4407
3064
3891
2857
4831
5817
3913
5179
5172
5138
4975
4073
4237
10356
4356
6332
4440
3366
4906
7362
3152
2961
8214
8086
5116
9757
5732
5212
4411
4792
3746
6433
4234
4844
4590
3348
3758
5597
4297
6602
5332
3429
7712
5364
2901
9085
4807
4277
4736
5826
3489
3251
6510
5291
3328
3706
4530
2921
5643
3866
6022
3870
6706
2810
31956
3788
4985
4617
5941
5242
5547
6593
3651
3651
5510
6436
4091
4929
3471
4241
4327
4515
5425
5186
5669
4065
7974
5342
5130
4853
5459
4451
5166
5254
3046
6689
4907
4210
4609
4292
4323
4533
3988
5043
5447
5267
3040
5549
4186
5592
5321
5132
3472
4732
3342
5713
4398
81505
4838
4165
2965
4415
13233
3849
4341
4123
3748
5039
6145
4394
4968
4217
4363
4163
4578
3286
5433
4030
5146
4713
3270
7140
3631
3400
5517
4690
4845
5099
4089
3738
5403
3225
3691
8076
3883
5100
4383
4093
5467
6726
4677
4503
7682
4193
5659
3520
5820
3900
3981
6973
4857
5053
9570
6095
5448
4571
4574
4511
6886
5054
5713
6558
5408
4989
5236
4795
4525
5470
4627
3761
8370
3685
4223
5030
5104
3703
4410
4351
4557
3122
4813
5536
3450
4783
7138
4259
4383
5023
5192
8569
3988
4980
6504
7442
4977
6262
3812
4825
15129
6010
3865
8715
3776
4817
7630
4242
5100
4637
3165
4725
4313
3639
4652
3939
3416
4649
4108
4008
10238
4735
3090
6387
4612
5178
3606
5884
4629
6428
4797
3802
5116
5296
4452
8886
5692
5218
5090
3217
4960
6536
5681
4650
5166
2609
4653
4290
6418
5778
5371
3598
4148
5174
3502
3849
5245
4997
5293
4831
3690
6961
4706
6081
5391
3777
4812
3875
5001
3856
5444
5106
6319
6042
4220
5389
3856
7965
4907
4563
5062
7132
4697
4433
4358
5577
3235
5976
4114
3347
4569
3855
3075
7055
5697
3725
6347
5795
4429
3307
4359
3467
5812
2665
6084
3296
3225
6606
5081
4162
6015
5823
2711
5521
6396
3249
3318
5058
7599
5300
4940
3380
6239
6658
4047
3647
4594
5335
5238
4739
5152
4132
5157
5708
2270
5594
5267
8154
4710
2950
4275
5274
3062
6001
3191
5607
4634
4115
3343
5818
4347
4909
12774
4163
3835
4553
4905
4157
5150
2610
4663
5395
5860
6155
5226
4498
3356
6614
4334
4408
7047
5663
3658
5638
5080
3964
3491
6571
5657
5924
5027
4626
5563
4772
4151
3923
4714
4452
4354
5595
5368
3032
5634
3273
4539
6692
7056
112201
6473
6848
5834
4793
5995
4856
3124
4608
5329
3015
5979
4417
3089
6487
6016
3797
4510
6916
2904
5767
4826
4154
4268
3820
9198
6322
1647
5121
5114
4383
7362
5390
5307
7131
4594
4472
5280
4434
7043
5237
5784
6564
3357
4747
9907
5836
5143
3935
3832
4509
4759
4511
8475
6857
4025
5936
4406
7731
5288
6790
5442
4781
10353
5348
9312
5554
5552
4933
3872
5418
4938
6079
4195
4847
3786
5195
6834
5310
4479
4774
6139
3778
5226
4018
3369
5525
4212
5061
3817
2757
3612
5259
4225
8649
2515
5660
3519
6120
4556
4640
6733
6467
6001
5025
4467
6260
5798
5656
3008
6022
3961
3127
4591
6036
3875
6194
4561
4284
4659
3673
2131
5492
3824
5692
4099
6392
3296
3693
8762
5425
4678
4246
5579
8741
3582
4076
4917
6631
3873
5236
6331
3335
3764
5316
5149
4027
5902
4750
4574
4909
4595
4644
4277
5806
5162
3871
5572
6224
4095
4588
24374
4586
5649
5831
4715
4340
5450
4745
5679
5179
5688
5467
3319
4944
5351
5163
4028
4552
3922
4961
4141
3417
4277
4571
2625
4061
6183
4343
3193
6410
4979
4750
5884
3912
5884
8194
3317
3230
3747
6131
4664
5595
6760
7582
4508
5301
4377
6063
4525
5160
4294
6716
4922
4782
4385
8522
5895
2394
4269
3384
4125
5240
4559
5152
17240
6154
5596
4317
4458
4760
10258
5162
5425
6686
5822
3339
10605
4275
5889
8788
6117
4528
4908
5121
5450
3445
5365
45705
4304
5785
4721
4788
3979
5892
5690
8172
3764
3232
5963
5849
234731
4281
3875
4022
7087
7441
5182
3116
4387
4793
6217
4567
5691
6333
4823
5003
6720
4088
7927
16317
4640
5880
6369
3980
3512
6096
3668
5602
5656
4481
6949
4935
3140
7341
4346
4456
4763
3866
5077
4576
2867
5445
4172
3583
11919
4515
4250
6814
5153
4576
5471
2791
4074
7928
5462
3588
7105
4208
3881
7762
21405
6770
7021
6140
4756
6616
6164
4952
5525
4942
4470
6921
5019
6344
5233
5430
6717
3976
5262
4122
4195
4666
4736
4135
7529
4745
4453
4730
4475
5380
5690
4120
3549
8206
4317
4220
4625
4473
4239
4780
3988
6038
3325
3841
5376
4579
5037
4816
5745
5503
8266
3838
5598
6010
3936
6460
3817
3759
5080
5939
4520
7320
4319
6620
4429
3515
4535
5139
4118
6207
3435
4253
3775
2255
3777
3630
5250
8324
3573
5201
4853
6606
6066
4750
5145
4709
4422
7527
6333
4990
5817
5308
2971
7385
6401
3289
6127
4958
4365
3319
12100
4111
3288
4582
4898
4653
4830
5256
5546
4366
6294
4596
6027
4512
5564
5673
6089
5960
6008
5141
5486
5629
4837
4878
6216
4358
6676
5448
5137
4731
2793
4163
7455
4476
4923
4581
5669
3483
4103
4643
5305
5544
6720
4442
4547
8043
5140
5260
31262
6198
3481
6300
6078
5432
3831
3678
3800
5823
4686
3830
6840
7158
4967
7266
5560
6014
4271
3074
3763
3930
3645
6829
4658
3645
5661
5777
6191
6809
5042
5497
7144
5171
4216
9353
8079
38994
3362
3024
3664
7323
4358
4921
36853
4137
4447
4181
3711
3391
5051
4899
3536
5570
4625
6455
4936
5227
8939
2935
4264
5329
6240
5147
5259
5919
6223
4243
5405
5743
4347
3571
3862
5347
3422
5738
5967
4004
5068
4997
3804
4287
3528
4131
4124
4402
4777
9758
4415
4499
5001
6332
4679
9857
5639
4818
4535
7037
5158
3178
4438
4533
4459
3728
3949
5450
7083
4945
10493
3689
3807
3368
3974
5042
5252
3881
4916
4259
3396
4314
4360
6014
4228
7033
2914
5056
4816
5102
5213
6657
5127
4645
5139
7024
3281
5695
4383
4384
4962
4800
4137
5316
5842
4684
4207
3723
4140
4764
5733
4669
5102
5115
5201
4660
3597
13702
3468
6549
3905
3841
3691
2620
4731
4644
6616
6911
4293
3852
4232
4840
5854
4577
4561
4188
4295
2946
5516
5294
3477
4462
3854
3419
6072
6889
3313
4963
4097
3816
6168
4486
4179
6428
5914
3958
5152
3746
5660
4510
5013
4706
4447
4416
5311
6625
5159
4707
3572
4517
5366
3141
3880
6562
5100
4923
5750
4076
7534
2839
3687
8334
2997
5226
6145
3005
7172
4679
5104
5008
5930
4629
215718
4967
4036
4604
4360
4173
6110
4706
3950
4428
6341
4110
6068
5103
3264
5774
5189
4112
5729
5349
4641
6272
4634
4999
3578
3455
5596
3394
3968
5024
4014
5660
9936
5005
4678
5340
5162
7027
5970
4131
4427
8942
5478
4508
9156
4026
4508
6393
7906
4788
8926
3934
4752
5872
3666
5694
6534
5292
3941
4410
5903
5053
3395
5736
7428
4833
3620
4820
4405
4033
13132
4073
5373
6148
7020
5595
6593
5305
4371
3957
4732
4682
4321
5192
5085
5947
5128
6302
6241
5768
6817
6335
9251
5704
6014
4747
4149
5829
4411
5354
5118
4850
7801
5805
5006
5475
2833
4195
6614
3727
5051
5194
5764
7781
5552
3976
5511
3702
5090
4381
5020
4340
10305
5176
4070
5773
5509
3946
4084
4418
3696
8309
5797
4093
2971
3597
4212
2947
3285
5551
4434
4231
5050
3148
5935
6194
4431
14852
46027
7024
3335
5094
4113
6139
6020
7225
4805
3207
4928
4909
4226
5036
5060
4076
9185
4196
6930
4651
4268
5855
4653
5297
5969
4398
6164
4711
4281
5141
6472
5513
3022
3841
4468
5807
4004
5403
4273
5277
5709
4719
3663
4973
4785
4021
5027
6472
3474
4758
6335
3849
4329
4788
4285
5155
4435
4661
4657
5035
5861
5970
4710
3655
6651
3816
6433
4880
5150
4404
4642
2827
5847
7338
3848
4929
4045
5833
5656
7261
3609
4655
5197
6210
4725
4968
6650
6621
4618
4557
5129
4317
3489
3301
3742
4139
5282
3412
8266
4602
4506
4143
5473
5530
4340
7076
4556
3953
135896
5795
3416
4782
4014
4773
9296
5401
5700
4653
5333
5570
4273
4480
6445
3814
5972
4026
11795
4779
6542
5776
5153
3486
4162
6280
4630
5431
6555
5085
8944
4050
3587
4672
4171
3201
4423
4980
3473
6838
4655
5097
4493
3453
4703
3697
3552
6920
4463
5302
8139
4424
5655
5720
4727
4117
6938
5005
5120
5643
7268
5786
7362
4422
3903
5678
6392
11493
4825
4555
5226
6752
5544
5310
6259
4034
6088
3879
8866
3561
4496
6959
5583
5436
8837
5943
5090
6939
3130
3906
4657
4663
3982
3862
3799
4931
2536
4231
4895
4245
3443
5011
12275
2582
6187
5791
4494
3769
4020
5105
5481
5437
3860
6579
3993
7668
3547
3790
4196
4939
3337
5435
3212
4646
5569
4571
5835
4933
5109
4855
4972
5775
8790
3665
5526
5779
3436
5328
5180
3666
5227
3481
6410
4196
4084
3713
4576
4891
6384
3517
5500
3982
4788
4836
4198
3368
7148
4889
3713
4693
4274
6338
5209
6676
4964
3967
5922
3995
5675
4869
6630
5117
4379
5590
5302
5505
4498
4863
5507
5834
5125
6618
3956
9673
3775
7558
3911
9422
4949
6936
3958
5346
3405
5874
3306
5343
10488
4579
5576
4822
4140
6169
4516
4238
5108
5212
3241
3816
2589
4030
4025
4045
4608
3156
4181
4855
5288
2541
5754
3534
3325
13597
3447
5328
3905
4511
4831
5241
4511
5367
2489
5532
6482
6752
5941
4935
4139
5376
6280
2002
2770
5835
4974
6284
4337
3418
3165
6172
4286
3809
8702
3516
3920
2790
4297
5283
5745
5831
7451
4180
6113
49451
4227
6273
6478
4161
4869
5560
3913
5694
5467
4950
5450
5680
5798
4839
5863
3256
59435
4884
4192
3235
4672
6279
4836
4199
6452
4477
6132
5984
4210
6495
3920
3435
8549
5124
3816
5607
5384
3602
3496
6413
3937
4120
10340
4231
4589
8142
5114
7920
4902
7671
4481
4322
7981
4095
4079
7499
4750
4161
11622
3398
5208
3459
5099
6077
5658
4828
2327
8042
5084
5186
11383
4277
7185
7675
4707
5355
3410
9157
6804
4727
5046
6059
5208
4430
4701
3973
5507
6375
5198
5889
7691
4604
8496
4098
5360
7897
4976
4540
5563
4086
4656
7710
3151
4326
4784
6363
7319
4520
4774
3935
5137
5286
4899
6102
3201
6092
4738
2996
2903
3437
3301
5675
3924
7415
4841
3970
9238
9376
4525
4294
4675
3724
4666
3971
5278
4593
5462
4464
4564
4402
3348
5281
4211
4074
2828
5515
5657
5375
4021
5159
4053
4424
4716
4175
5122
3910
4984
3606
3579
4721
4006
3784
4660
5050
5860
6112
4584
4963
4361
4611
7099
5077
3239
5568
5809
5002
4503
4463
3715
6038
8181
5210
3056
3852
3367
6069
4109
4715
4129
3535
5586
4392
4513
6956
3539
5120
5013
3955
34100
5450
3552
5867
5552
3115
5177
4703
4032
4751
4008
4383
5312
8962
4336
4545
5061
5784
5282
3570
4852
4839
3616
4195
5046
3956
7493
6536
5875
4546
3992
3724
5780
8344
4621
6049
4366
20876
6350
4059
4095
5239
5709
2986
4224
6856
4809
7576
6152
5424
4685
4596
4462
7457
7313
3693
6986
6133
4079
10742
5844
4720
6667
5402
5465
4705
4468
4888
8479
4245
6454
6021
4266
8899
3474
4836
18139
4654
5617
5697
4909
5214
10720
4810
6597
10194
5995
3907
12158
6283
3473
2907
4449
4297
3601
4864
20421
4403
10204
5003
5396
5300
4240
5860
4687
5125
5063
6735
3887
4496
4610
4270
4882
6274
6221
5505
5196
5153
2477
4885
4734
3134
5351
4065
5050
4413
4145
4047
5645
4588
5440
5959
5169
6179
5696
3276
5935
4460
4472
3692
4899
5541
3808
4746
4653
3081
1973
5162
4216
3313
4817
5625
4440
4176
3754
7688
5605
7866
4396
4293
22523
7783
9537
5174
5286
6129
3279
5841
3256
3807
4956
4460
5898
5339
6508
6159
5555
8194
2737
5747
3430
5408
2673
6323
3346
8134
4619
4719
4617
6182
6514
5050
2222
4796
5526
5690
7502
5736
15423
4460
5286
4084
3933
3885
3472
5126
5276
7876
2887
6374
4007
4144
3782
5602
5371
5625
4491
4180
4634
5466
7526
5307
7888
8976
5638
6866
6845
6582
6780
4965
4817
6397
5262
6123
5467
4989
5496
7835
4509
4120
4861
5084
3916
5363
5139
5259
6742
9703
4825
21386
4209
5424
5209
5336
16483
5602
8592
4180
4143
5805
4089
7249
4694
8131
3375
4756
3641
10921
4577
5867
5561
5001
3395
7778
7143
4032
4823
23431
4914
6857
6509
4085
8528
5351
4943
6934
6427
4987
5862
5308
6793
6619
4697
4572
4995
5524
4635
3632
5190
4920
4354
3863
5924
3751
3947
5495
4773
6184
4512
4508
5612
7884
4513
3033
6786
3878
8527
4398
4433
3046
5417
4779
4922
4010
8070
4832
6555
4916
3996
5885
5051
4576
5492
5881
3866
6338
4024
6123
7691
4003
6142
6140
4000
5121
5415
6436
4471
6135
3762
5631
5028
6675
3727
6622
7464
4798
5329
15371
5518
3962
3435
5523
4554
8840
5834
4449
6314
4439
5744
5066
5247
4674
13954
4147
6343
4240
5055
4613
3942
4341
4285
4468
3229
6215
3646
5357
5686
4657
2497
3293
4078
5376
20853
5156
5552
3627
3916
5190
4867
4116
4929
4969
11899
3866
5616
14985
3688
4517
6374
5416
4242
5677
4064
4571
4643
7121
4965
4259
3923
4375
6401
4097
4541
4593
3966
5115
4904
6017
5630
7505
20441
4066
5332
4175
4551
4478
5418
8528
5330
4204
4127
6092
9935
5096
4864
7224
4891
6139
3515
6152
6807
4621
6226
5628
4067
5687
4069
3865
6626
3713
5707
10271
4210
4208
5597
4438
5080
5769
3829
4388
9667
3618
4492
5428
4100
6857
6190
4039
5373
4417
7129
4367
10919
4313
6229
8128
3976
6289
7181
5311
3758
8022
4192
3121
4269
2487
5137
8614
2862
4977
7246
4138
5026
2951
4163
4589
4851
4232
7068
4899
3300
5712
5689
5528
6636
3560
3635
6995
7040
7669
5641
3167
5391
4458
4671
3212
4724
4691
4554
6552
4235
4050
6259
6359
3511
6012
7482
5089
4958
5330
4943
5052
4219
2882
5383
4042
4204
2786
5125
6625
4850
4294
5708
3617
4360
24908
4186
7592
4174
3677
4389
6534
6938
3932
5899
5185
6056
5070
5141
5933
2460
4541
4443
4356
5645
3892
4381
4694
3553
4613
7171
3742
4343
6490
4127
5656
8228
4212
6946
4989
5297
4129
5255
5304
6293
4960
3569
5633
5956
6879
5636
5960
5751
3718
3793
5842
5520
4627
5150
3167
6094
7596
4131
4504
5308
3465
8059
4170
3932
4563
4526
3519
2765
4394
6681
4409
7035
9234
3250
4645
6550
4945
6329
7549
6508
3921
7096
4717
4011
6410
3738
5318
5184
6354
5473
3936
3868
4908
5430
7519
3994
5723
5753
5046
4501
3471
5095
5716
4472
4554
3820
4965
4321
4704
3596
4634
4464
3416
4520
4011
5086
4522
5777
4631
8756
3437
4799
4717
4023
4066
193017
5251
6913
6507
4639
11214
4091
4793
4089
3423
4782
3756
4558
6543
4290
4393
9424
58629
4793
2768
4215
3523
6185
4399
5066
4614
6119
4886
4255
5330
5357
4943
44528
5942
3953
10989
4791
3969
6089
4504
4892
5634
5065
4087
4230
5006
4588
7351
8633
9581
4495
7849
4766
4112
3378
5896
4603
7764
6112
4676
5145
8566
5829
3956
4092
6817
4044
7634
4743
5033
2620
6130
4670
8274
5606
2636
4831
5708
4395
3347
5852
4465
7262
3018
6341
4675
3658
7197
4236
5825
6727
4790
5142
3962
4919
3396
3274
3302
4567
5756
5281
9193
3440
3169
4009
5780
4567
3076
6871
4481
4990
5972
4981
4862
5991
3529
4345
2955
4168
6415
5484
4847
4766
4380
4839
6131
5489
6147
4661
4852
4220
5430
6143
3634
2314
4706
4296
4605
4616
4295
5154
4198
4973
3120
3488
5630
4699
5701
7614
3474
5604
3964
7185
8530
4792
7623
3600
5164
8377
6300
4506
2865
9215
3132
4671
3710
4797
5190
5089
4987
7269
3331
5002
3976
3870
5188
5731
7854
5612
6597
6746
3534
5609
5323
4742
5012
5463
6099
3948
4343
4845
5897
4562
6384
4028
6967
4833
5241
4339
4998
4216
3682
5067
9979
5114
4133
3900
5263
4666
3608
5389
3155
16347
3832
8747
4239
5955
6836
7453
3843
5543
4858
4801
4590
4896
3911
5174
5248
6172
5450
3730
4516
5071
3946
4187
3606
3610
5999
6163
6725
5011
3421
3618
5863
2842
4052
3859
2738
3934
8641
4128
6102
3419
4670
3704
6198
5902
5027
7024
6248
5073
5761
4580
4757
5657
4211
5904
5288
4599
3910
5211
4732
5952
8037
5873
5549
4878
3070
5574
4593
2970
14299
4785
4935
5613
4785
4566
6870
5233
3796
7290
4840
3513
7272
4444
4104
5067
3998
4732
5083
4212
5377
9140
4831
4490
8802
3627
4764
5173
4054
4147
13121
6295
5834
5185
3795
4450
7843
4307
5169
4701
5126
3443
4643
5318
3038
5759
4902
4539
8442
4029
3829
5441
4626
6287
6574
6448
5850
7362
4039
8138
5652
4490
6593
4332
3793
4294
6045
3729
4291
4033
4953
4138
3839
4422
4238
4931
8522
4373
3788
4959
5428
3593
6680
5539
7521
4841
4607
3245
4001
3954
6569
4446
37646
4567
4258
4794
6207
3707
6126
5816
6449
3716
7640
2997
4709
5274
3885
5056
5542
6390
3669
6331
3471
5577
3818
4587
4885
3504
6152
5851
7205
5072
6089
4723
5928
3616
4273
3919
5396
4255
4562
3394
7597
6238
5397
6136
4593
3873
5655
4264
8381
18627
4955
5854
3385
4468
4233
5507
4749
4337
8132
4213
4493
5474
5659
4467
4426
4537
4135
7441
4742
4865
7872
4048
3132
6385
4737
8365
6546
13127
5059
4738
7573
3529
3599
5193
11895
4586
41825
3349
6760
5046
4232
5313
4809
5645
5318
5602
4579
5628
6077
6442
6219
5381
4528
6591
4214
4848
3581
4101
6462
5109
6411
4832
3836
4528
3910
3106
6803
9084
3830
4207
6134
4500
4268
7165
4217
6926
8555
4844
5720
4039
4341
4745
5724
5723
5174
5583
5420
5510
3690
4957
2739
4671
10301
5055
4818
5854
7559
4287
5364
4629
4464
6047
4503
6174
6715
7301
5487
4669
3756
5641
7313
5220
4787
7733
3407
4403
6634
6515
5075
6257
5914
5311
5073
6035
5284
4091
6614
3584
6009
6371
5537
5098
5636
4651
5011
3772
6819
3984
7077
4069
4284
5743
4410
4970
4447
3386
3302
3590
4637
3477
5330
4131
5982
2700
5186
5693
13246
4692
2680
5875
4121
4342
5201
5195
5521
4765
5067
5475
4433
4558
2588
5282
4285
3203
6922
8978
7464
6371
3894
6721
4202
4776
5320
4660
5122
4668
4824
5184
2424
3820
4282
2657
9358
4904
5862
4897
5221
4122
3456
5110
6928
4418
3403
4011
4363
5415
3802
4926
5924
4440
4913
3892
5271
5384
4502
4165
4328
6661
3919
6120
4542
4437
11409
4468
4576
4178
4658
4930
3459
5086
6529
2571
5946
4562
2684
4285
3667
4182
3923
5180
5878
2795
6497
5546
5662
3822
7186
2421
4674
5256
4770
6790
4740
4966
4798
4694
3526
4734
9683
3659
3551
3340
4328
3426
5522
4572
6698
5090
4425
5409
6825
5904
4244
4621
8755
3910
3749
6398
4500
3951
6075
3756
5665
5173
8984
6409
3508
3390
4518
4465
3298
5516
3146
4820
4978
4181
4390
4680
5079
5758
5807
5605
4466
5696
3610
3698
3951
4902
6958
6522
6240
5149
6453
3474
3988
7407
3388
4174
4270
4056
3543
6544
11690
4333
5333
5977
2669
7501
3823
3711
7627
6618
4243
11967
6783
5174
3646
5455
4960
5996
4253
8927
4838
6039
5493
4271
2866
7578
4128
4256
7602
4090
4691
2542
4604
4962
5541
4732
8392
3150
7421
7417
5068
4689
5568
5802
7468
3323
4341
6786
5361
5277
5522
6443
5423
7070
5317
5134
6121
5359
5380
6042
5326
4322
3090
5448
5841
5574
3846
4486
4026
6542
3932
4424
5878
5038
2689
5473
4616
4198
5175
5604
26845
3876
6217
8589
8905
4989
4998
7539
4861
6287
3209
4821
7327
4253
5697
5794
5300
8598
3019
8268
4711
3978
2953
35515
5323
3857
5605
4237
3176
3672
6022
3066
3879
5359
5035
3191
4169
5723
4773
1769
4474
4212
4433
3109
4268
4660
4408
4089
5587
8572
4007
2811
4974
5832
3305
6533
3065
6139
3892
4907
4274
5229
3362
8469
4112
10205
5481
3742
4184
4359
4684
5738
4355
7109
4058
3764
3906
5830
3012
4645
3654
3019
6304
3726
32475
4117
4737
2163
4094
4850
3941
3930
5155
5853
4230
3316
5266
4764
4401
3464
4446
5450
4390
4600
4929
4839
3504
5365
4126
4355
7459
3966
4668
4162
5474
4468
3448
3562
4320
4476
7780
4357
4027
4864
4226
3823
3280
5427
4554
4374
4215
4200
3705
5109
8436
6340
4051
3639
7162
3570
5249
9699
6106
3572
6176
4686
4866
5661
4475
5981
5401
4541
5006
3754
5079
8306
5202
4342
3800
4313
5260
4051
2909
4940
1367
4264
6549
4046
8704
7185
3135
5016
7410
5688
4915
3960
5451
3870
3842
6191
6305
3342
4062
5756
3716
4069
4153
3843
3491
4113
4013
8366
5064
4288
5279
5650
5912
4179
5077
7523
7323
4282
4179
3530
3031
7689
3443
5885
4414
5597
5368
4753
5166
4946
4951
3725
23268
7419
4211
4615
4366
2724
4387
4170
8270
3824
5203
6255
3674
5372
4907
4014
4888
6899
4861
4602
4588
5167
5691
4680
3860
4597
5555
4493
4836
3604
6478
4321
5549
4402
4796
4215
3130
4055
5312
4353
3444
2278
5193
5345
3594
4582
6168
4878
3765
3601
4582
8768
4089
4755
2934
6529
3409
6662
4108
7811
5425
4691
6440
5820
6642
7805
4869
5557
4259
4467
5205
2839
1281
5733
5560
5534
4868
4707
8076
3483
4445
4712
5229
4277
4220
2973
5873
5430
5147
5209
4658
5113
4683
5132
4231
4366
3728
4330
7567
4243
3822
4717
4545
5067
4118
4005
3776
6208
5374
4311
5567
5742
2751
5185
4272
3795
3111
3942
3855
4091
5747
3905
4854
4639
5310
3371
5134
5338
4934
5186
3152
3673
5995
3078
4101
5677
3538
4203
7795
4378
4919
5232
4133
4629
3454
5351
5386
5567
3908
3831
9607
4058
6976
5772
3402
5818
5499
4120
8678
6231
5006
3453
4495
4893
10131
3845
4420
4564
7857
4878
4348
4030
3735
4800
5291
2896
4559
5610
4435
6494
4471
7489
5521
4800
2176
3305
4134
4970
5168
13398
3088
5782
4960
3670
6879
4285
5649
4601
4894
4105
3224
6228
5305
4340
5224
6225
4336
7860
5807
4130
4327
4407
3447
4370
4109
7156
4859
5156
4700
4008
2531
4298
4462
4352
7742
4449
5562
6254
7904
5681
3099
4412
3558
4254
4434
6023
4671
3111
4119
5628
3868
5583
2883
4789
7700
6885
3902
3187
3120
5562
4075
3772
5255
3551
3305
5346
6742
4703
5028
5688
4219
3641
4664
4391
5168
3967
26906
4311
6020
5192
3685
5448
4170
5560
2558
7727
4460
4708
5444
5349
5983
6164
3012
3516
4591
3209
2971
7435
4892
3450
5405
2485
5196
6606
4584
4485
8478
4008
5416
4817
4273
3888
6162
4323
5014
6406
5308
5910
4436
4116
4661
3511
5658
5205
5826
6980
4211
3335
4703
6107
5726
3451
6265
4372
5998
12242
3666
2822
4045
3410
4472
2728
3158
4253
4533
19327
5411
4797
4454
3579
5658
4895
3578
5942
4342
4994
3449
4348
5050
4749
3949
6147
4080
6700
3592
4787
3863
4501
4489
4347
6604
5393
3270
5833
2864
5923
3246
4128
7179
3614
3985
4097
4453
5168
8295
9872
4828
3564
3834
5294
5292
4724
6679
5029
3663
6868
2263
7604
5351
3320
5523
4445
3854
8638
6082
5759
7215
3506
2733
3905
5414
3641
4935
4502
4324
3615
8518
3873
44203
5623
3254
4647
3868
4586
8806
4545
5790
5564
3140
11044
4970
6616
6198
4485
4562
5470
4630
4919
8904
8327
4790
4064
4638
3666
4471
2231
4688
4430
3291
7136
4278
5690
5458
4394
5324
4963
4788
6609
6007
5021
3940
4020
4913
3863
4799
5190
2631
3220
8018
3765
4657
2727
2893
4774
4783
4224
3107
3805
5739
7186
3525
5732
4580
4071
5209
7636
3592
4948
5269
5953
4051
5102
4429
5119
8662
5015
5148
5915
3556
5412
4154
7255
7193
6312
5413
5392
4331
3405
2629
3518
4835
4227
4742
3590
6578
5042
4441
7287
5442
4967
3471
4763
3964
3361
5061
5261
5323
4539
5036
5245
5575
3968
4452
4955
5580
4876
4325
5070
3020
8653
4485
5378
4261
4955
3482
6519
7822
5698
4553
5831
6315
4228
4954
3370
5195
3425
5124
3482
5101
3868
6184
4215
5049
6009
3328
4597
4736
4612
3245
3883
6579
3609
5900
4298
6134
3508
4782
7165
3345
3049
4415
6070
4322
3313
5833
4471
4969
3344
3727
6674
2997
5726
4307
6137
4971
3963
5956
4200
5089
4331
6351
9947
3737
6413
4137
5481
4506
4480
5854
5120
3993
4330
5180
4030
4208
6882
3499
4934
4075
13263
4354
3646
9243
8764
4240
5601
6027
8278
4729
2958
5565
4683
4520
5199
5849
4771
5145
4602
7881
5806
5267
4509
4393
6044
3928
5356
4450
5634
5917
5479
7358
5520
6632
6297
8145
7490
3524
5883
4963
3794
6022
8301
6511
5200
4555
20857
3800
5849
4584
2821
4993
3727
4555
6101
5472
4587
4309
6174
4636
3716
6725
5125
5146
8870
4237
15641
6714
5012
5807
3450
2893
5730
6120
3655
4615
4055
3476
5943
2922
9918
5480
5226
3486
5812
4357
5451
5249
3861
3445
4835
4384
4051
5318
5776
3710
3269
6277
4110
5382
3184
5871
4614
4011
4745
4813
4662
5196
3653
9431
4434
4822
4913
3930
5524
6619
5444
7155
5242
3627
3812
4422
5263
2761
5215
5719
5680
3384
2834
3900
5739
7360
5042
5827
4390
4821
3954
3797
5623
5312
6377
3792
3943
5280
3991
3931
5670
5290
6059
5322
5681
4250
5455
6166
4315
5474
6853
6118
3235
10857
4425
5238
5512
4586
2833
6005
4016
5646
3082
4888
4241
5879
4590
4340
5464
6228
4057
5285
4838
5710
3747
5586
5866
6309
3838
10796
5610
2723
4608
5178
4393
5214
9002
3197
3542
3541
5126
4680
5407
4441
5777
5189
4659
5645
4675
3689
4817
5620
6217
4647
3123
3074
5100
6524
4256
5363
5379
4722
4296
5021
4552
6461
3470
7272
8457
2225
3972
6304
5036
4949
5530
3916
3974
4058
5108
6438
4478
4709
4119
3621
4087
5853
4540
5161
4563
5145
4650
5757
1971
3795
7388
6338
3827
4454
6855
5069
4901
4703
5571
5423
4888
4475
5775
5123
2914
5354
5312
5014
5108
8077
5335
3535
4483
5437
4757
5052
5040
3984
5718
4395
5701
6420
6348
4236
5053
2922
6657
5755
6911
4915
3832
6341
4787
3104
3927
4933
6099
9132
4026
3233
7343
4284
4541
5832
4480
6404
3401
7362
4725
4707
3077
6644
6936
5957
5839
5047
5967
5211
6048
4462
4678
4766
4612
7250
5487
5445
2776
5849
5133
6058
6102
4785
6947
5289
3264
5887
5342
4336
5609
38821
4942
4765
8327
5381
6368
5876
3358
6270
3337
6371
6520
3972
11059
4005
4245
5778
3898
5055
5320
3019
7317
5122
4501
6129
10592
3114
7283
4370
6656
4886
5373
5173
5372
4140
4457
3050
4658
3125
6759
7083
4299
8320
53749
4357
4156
5979
5384
6735
5702
5570
6599
3943
3769
4111
5587
5888
5406
8032
5004
4433
4582
5165
5690
5491
8018
6356
4691
6945
5098
3277
3771
3942
5283
3512
5879
4806
3142
3906
3334
4245
6262
5269
8016
4315
3237
4619
5568
4850
3219
2997
5878
3349
5598
3675
5036
4101
5623
5033
3349
5029
6086
6021
5046
4849
4930
5604
3673
4801
6598
4122
3189
5347
4135
3787
4817
7993
6879
3804
3099
5050
6025
5978
7376
5250
4191
6646
3827
5004
5539
4275
7413
4355
3744
7004
73026
4481
4901
3687
7078
4874
5116
3930
4832
5239
6857
6092
6415
3223
5377
5189
3565
4700
5769
3839
5439
5260
4728
6632
7589
3944
3187
3739
3889
4840
4596
26851
4609
7132
6258
4760
3673
4964
104022
4837
3962
4629
4407
3813
4299
3720
4538
4790
5129
29231
4435
5376
4696
5185
3788
3678
5305
4307
4303
4729
3892
3579
3510
2542
3585
8558
9578
5839
4978
4983
6251
7196
5950
5665
3726
6547
4580
8297
4742
8031
7986
2094
4676
7046
3509
4970
6500
4211
5632
4325
5163
7337
5607
7002
4797
4042
4909
3465
5524
4060
5979
4976
5926
4906
4997
3207
6008
7843
5777
7472
5694
5523
4581
7586
4200
7624
5522
5430
4990
3513
5712
4419
5366
5893
4448
68376
10250
5468
4792
11049
3957
4217
5472
5793
2178
4557
5083
7242
4168
6667
7241
3778
4038
7162
6255
3611
3219
6802
5503
6411
4058
3809
5320
3219
5784
5500
6279
5489
3856
4163
1842
4046
4959
4258
7808
4608
4855
5216
4570
6935
5134
3028
4083
5050
5241
4552
5380
5678
3099
5260
7855
3112
2560
3965
7342
8630
5078
7938
4372
5938
3632
4947
4782
7030
6414
3986
4152
5483
4271
5700
5452
4626
6643
4492
6169
9136
3402
5407
5541
4313
4436
4375
4297
5777
12276
4114
7877
3936
6570
5999
6554
5455
4989
4347
6612
5383
4956
4376
5046
4868
3959
5502
4847
3737
8471
8940
4308
17838
4400
5978
4961
5639
5899
5310
2948
4821
7104
4552
5646
4417
4115
3955
5039
6676
6124
4539
3172
3501
5190
4723
5242
4835
7641
4195
4738
4796
4691
4689
4582
5684
3843
3724
5369
5821
4823
6366
4708
5179
2648
4902
3514
4693
4015
4758
7181
4056
5057
4483
7492
5600
4284
5298
3256
4563
3388
19543
4515
4951
4062
5675
6538
6208
5316
3648
6204
3809
4716
4658
3842
4848
4788
2879
4727
4519
6418
3509
8027
4486
4460
3272
4054
6893
4205
5938
6051
5112
4804
3812
4576
6083
7118
6171
4035
4950
3959
5879
4832
4569
6418
7611
6413
5879
5532
5446
5954
3900
4637
3559
5400
4154
3304
2590
5553
4894465
4729
4294
8586
4349
4588
5766
6793
4538
4177
4250
5161
7305
5782
5113
4840
4892
5854
4178
4988
4636
3824
4968
5764
6900
5678
13820
6887
5538
5984
5341
7225
4717
4744
4972
4076
5256
4196
6187
5151
4500
5519
4839
6567
5644
6264
4314
3154
11923
4636
5376
4102
7454
5756
4807
6290
4047
4902
4234
4736
6074
6473
3901
5938
7084
5069
5255
4764
6025
8971
3933
5316
5252
3658
3824
4598
2839
4059
2752
12232
4795
3232
5002
4734
3963
4394
10412
4942
2547
7372
5954
3990
5965
5426
4047
6319
8606
3384
4953
5729
5075
4283
4875
2945
3935
13821
2664
6095
5074
4187
3954
6216
4759
4302
6732
7639
5006
4750
4125
4656
4891
7216
5803
4169
4291
5588
4316
4986
3968
4529
4489
4848
2835
3866
5486
4548
3959
4303
3657
5612
4381
3589
4844
8062
3716
2701
4213
5032
35070
3513
4403
7879
5042
5857
2225
5776
3477
7271
4024
5244
7295
2350
3786
4111
5624
5274
6136
5655
12293
4133
4180
3735
4322
6466
5103
7233
4320
7023
4240
6157
7088
3934
6015
4909
3375
5317
5100
5261
5210
4649
3639
5790
4556
5674
3915
5118
5608
5952
5571
6184
7446
6288
4808
5899
5373
3216
4605
4954
3213
5397
3576
3916
4254
5198
3401
2968
5832
4141
4808
6329
4217
2205
5770
5499
4689
4159
4319
6225
3566
4501
4515
6594
2779
4261
6671
3632
3301
3762
4477
5255
3774
5122
4832
6693
3405
5160
4501
3526
6948
2770
4042
4790
9981
4496
5783
3832
6811
3088
4374
6260
3724
14487
4254
9724
5659
5176
4989
3840
4596
3049
7819
5012
6409
4070
5896
4117
3484
4818
6295
3673
4527
6438
4394
7490
3511
2583
5071
4958
4644
5961
4597
5056
6730
4975
4782
8265
5089
3588
4789
6582
2509
6582
7607
6152
5134
5318
7398
5437
4092
3399
6488
5031
5497
4834
4867
4566
4259
4490
5153
5352
4908
3704
4901
5451
5173
4109
4729
7309
3973
4917
3733
5461
5859
4568
5001
6379
4236
5005
4483
4325
5791
8744
3254
6397
7354
3862
6049
3912
5362
5087
5609
4964
5148
3271
6547
5728
4509
4917
4299
2226
6121
5299
3140
4096
5013
2724
5532
3287
4692
4791
4761
4778
4795
4756
3802
6725
13121
4955
5242
5210
4093
4844
4628
4890
4450
5199
5803
4494
9153
15857
6475
3023
7077
5575
4551
4270
4742
1978
4021
4893
4227
4069
4294
7325
5162
5865
5243
3562
4871
3584
4582
4780
5798
5772
4022
6132
4555
6769
4182
31912
2856
4656
5030
5336
4334
7180
3827
10013
6446
5508
7928
4467
5116
5065
4145
3289
4747
3790
4509
6172
3195
4809
4422
4695
5690
5338
5998
5545
4383
3380
4509
4979
5544
4356
5316
5601
4311
5465
4752
4999
7885
4169
8736
5241
3962
4040
4941
3675
3764
4141
5901
3666
3234
3763
5604
3831
5793
6222
4192
3321
3212
3895
6151
3856
4401
5294
6410
2762
4073
6772
7172
3197
7041
4827
3933
3328
2875
5877
5159
5896
19994
3343
5049
4397
4154
4901
3148
3822
3847
3664
5244
1329
5792
5622
4018
6674
3423
6243
3549
2097
3270
6388
5125
6809
5353
4505
5189
4032
6599
7351
5054
349837
3939
4030
4812
2570
580404
3926
5486
7458
4450
6102
6684
3312
3149
5093
4363
6876
4002
5732
3918
4412
5582
3778
4632
4553
4258
5871
4722
5600
6226
4513
3743
3406
5096
4581
3780
7121
5988
3220
3925
3951
6215
3702
7135
3229
4772
5682
4486
3159
6824
3774
8188
6308
5311
7644
5163
5441
5485
5498
3719
3932
5542
5226
3987
5723
4907
4159
4502
6129
5235
1409
3488
7459
2279
3145
5014
2163
5225
5497
4771
6193
6476
4491
8546
4176
3208
3752
3779
4119
5055
4400
4352
8618
4101
3791
8061
3846
3776
4100
5369
4227
5612
6205
5440
3139
4219
4761
4776
3966
4388
3162
3984
4799
5094
4530
4399
3535
3558
6933
4589
5395
4763
5227
3661
6839
5282
3321
4529
4277
3242
4297
4037
3590
6073
6418
4606
5736
6186
7577
4637
5481
6520
4606
2951
3121
7293
6172
8374
3323
6049
4523
4293
7390
6577
4032
3273
3488
3312
3853
6833
4847
8417
7077
20769
3378
4052
3988
6149
3818
17357
3808
4291
5123
5239
5074
3029
3713
4234
7304
3882
4833
9290
3535
4150
6014
15308
5128
3443
4926
5494
4845
22379
4104
6114
4693
4444
5702
5074
12863
4567
5597
5004
4166
5079
6123
6799
5044
3779
3995
5583
8977
4500
4203
6441
5138
5727
4076
9275
5417
2070
4939
5218
5812
6925
4904
5211
7384
5811
4653
6063
4401
5047
4652
6678
4716
4024
3501
4663
7290
2991
6085
4631
3750
6433
4116
5919
4047
4291
5026
5693
8071
6307
3368
6447
6668
4048
9044
4764
4897
5320
2436
6421
7036
4089
4793
4689
4609
5217
4991
4442
6331
4207
6441
4690
4771
6047
6272
5764
4021
38522
4880
4605
6918
6642
4342
6384
5060
4693
4853
4946
3977
4698
5156
3151
15343
6265
3618
4731
6152
3637
5177
1366
6018
4925
6155
4546
4880
5330
4935
5937
4598
4868
3975
5539
4230
5303
3706
6373
4836
3610
2590
4497
4150
1795
4536
6521
3991
5271
5094
5876
5075
4603
6647
6503
5621
4729
7201
6081
4813
5097
3587
6678
5849
4148
8204
3994
5420
5541
4384
3850
5589
6009
5103
3923
3445
4508
4585
5733
3836
8220
5416
3594
6060
5453
5115
5166
3725
4235
4741
5563
4124
6737
3208
3975
7134
6436
4493
3771
5708
4210
5535
3130
3431
5886
6046
3955
4210
3976
4901
4304
4466
6703
5405
4873
4696
6293
3721
4510
4563
4591
5297
2755
6795
5042
7813
1204360
3837
4487
5002
4701
4882
4440
4102
6691
5484
6383
3590
3425
6128
5231
5041
3448
2743
4478
4292
4454
5727
6442
5168
4070
4303
3737
4753
5825
6626
5970
4984
7451
4247
8213
3752
4140
3487
4288
5468
2809
3479
5833
3305
4504
4998
6973
5518
6704
4946
4077
4414
5708
3392
6677
3985
7800
9563
4442
6546
6907
4600
4364
3991
4518
4094
4609
4042
5878
4793
5050
3957
7173
4999
4124
5427
4640
3459
4407
5981
6722
1954
4791
2974
7528
3802
6062
5588
4746
4238
4167
8590
4425
4380
3948
3590
4813
4814
5646
4084
6478
2991
4344
3452
4619
11788
6240
4090
8852
5575
5338
4990
6749
7536
5175
4488
3330
4781
5637
8075
9407
5407
4550
4679
6486
3910
6327
4969
3973
5058
3894
5348
6431
5671
4516
4883
4470
5046
5262
3896
4935
3297
5420
5589
4700
7882
3656
4130
5678
5154
4755
6265
8821
5404
3391263
5068
5956
4899
3749
3957
3731
5956
5573
6398
6248
6018
4075
3417
5354
6285
5067
4086
3208
6015
4380
4364
4323
4164
7634
4398
3874
6169
4408
3638
5023
2852
4379
4055
4367
4452
8398
4606
5387
3096
3294
2949
7375
6499
4572
4957
5569
5335
4705
6888
4301
7189
3671
3524
5055
4309
4277
6212
5844
6000
5866
4816
3765
5722
4689
5780
3678
5294
4747
4056
4665
5126
3561
4008
5646
2199
3995
6361
4188
4208
3737
3804
8144
5818
4945
5299
10005
4232
4475
7391
4401
7336
3689
5432
7086
4507
5287
5033
4134
3609
4844
5322
5776
4324
4577
4477
3004
8649
3732
5195
3494
4727
5450
4639
4092
4168
4096
4105
3864
5372
5082
3959
3629
5701
4113
3757
4875
4190
5720
5544
4612
4888
4122
3772
2724
4674
5242
4530
4716
4276
6278
5657
4290
3717
7251
3596
3637
4212
5793
4717
7734
7740
5741
4161
5010
5258
5262
5251
3761
5836
5264
6418
9906
5626
3763
3051
4982
3681
5601
3024
3840
5298
4837
3752
4889
4600
5701
3997
3469
5200
3320
5591
6261
4073
4564
5154
23534
3273
3898
3592
5792
4375
6834
4297
26539
5902
4219
6421
5358
8354
4110
3989
4975
6028
4815
7588
5083
3272
5557
5106
4637
4184
4049
2811
4553
3833
4479
4877
2863
29846
4702
3866
7829
7338
4115
4712
5004
4599
3751
5395
4231
4536
3979
9408
4502
6514
4915
4650
4359
4884
2783
4117
4730
7022
3687
5686
7112
5517
5529
4538
2919
4988
4075
4529
4184
4973
5077
3990
4643
8834
5658
3339
2609
4159
6910
3831
4552
3961
5078
3655
3693
4663
6421
4905
4431
7339
4689
6473
3189
3794
6119
3841
4654
4036
4412
4646
4616
4929
5868
4745
4694
3539
4464
4497
2917
5930
4767
4933
3674
5259
4942
3507
4422
5346
4231
7205
4412
6519
4715
5315
4722
4627
3647
5773
4370
7386
96060
5568
3604
6266
5442
5612
4298
6582
4587
4811
4968
2819
6090
5233
5852
5545
4467
4507
5725
9368
3196
20243
7278
3456
3919
5924
5991
4875
5835
5925
5456
4909
4350
4491
4208
4542
5006
4581
3801
5188
3722
4948
4125
4805
3809
3015
4561
6393
7507
4561
5695
5107
4223
4472
4915
5649
5203
5279
6276
4434
5175
5028
5018
7394
6035
4701
7620
5594
3855
4115
4416
8495
3027
4059
4202
6807
4020
3892
4979
3339
3813
6213
4324
3529
4994
1306
5400
4882
5046
6365
4540
7975
4097
5039
5121
4556
3778
3401
9436
3294
5450
5152
5441
4897
3355
4503
4924
5093
5347
4882
4624
2734
3905
6198
4380
5513
4486
6502
8645
3280
5448
5402
4446
5929
6125
6280
5662
4996
3562
34060
6099
4903
4107
4116
8318
5490
6259
6730
5173
4740
5929
5034
5692
5596
4141
10485
4148
4550
5883
4370
3660
4154
4627
4649
3740
4744
4997
6886
5120
5236
5527
6964
4531
5158
3594
4860
5174
3573
6174
5342
6514
5840
4197
5480
5128
5067
5437
4426
4358
8325
4409
4116
6230
4799
4610
4202
5080
4721
6771
4712
4701
6129
4098
3679
6128
5662
5488
6366
4404
4573
5926
5418
9635
5223
6162
4922
3133
5098
5356
4723
3879
5384
4037
3574
6672
4058
4018
3459
4390
5059
8399
5410
5155
5617
5176
4081
5079
4385
2947
3688
3472
10145
6062
4431
5459
5058
3828
4285
4548
3956
2813
4617
3193
4515
4692
4686
5537
5101
4506
4731
5181
7457
3725
16925
4942
5026
4295
4919
6063
5054
6254
4707
4340
6467
4859
4997
5094
5013
5579
6075
4774
3098
4529
3498
5235
5110
4493
5354
4782
2699
4761
5719
5549
5086
4492
4897
5232
8570
3359
3837
4012
5081
4763
9573
5044
5057
3956
9599
7728
3037
3911
6527
5537
3370
7082
4355
6617
6510
5022
5696
7225
4790
10037
5875
4994
5660
4755
5038
4021
6404
3364
5328
3734
3420
8202
6703
6885
3725
5989
4000
5411
5032
4921
3371
4753
6532
5661
3944
3531
4539
3888
4915
16862
6388
4271
6112
5529
5745
4240
6538
5446
3849
4199
4918
5906
7660
6158
7782
10007
5378
5518
6644
5241
5330
15058
7725
3881
4546
6352
9528
3803
5155
5738
3718
4787
3406
7517
6284
6369
2612
7480
3889
4077
5281
3801
12244
4169
6898
4760
4899
3000
8078
4902
3402
3338
4529
6166
5122
7722
6654
2715
6547
6615
6267
5476
5727
3532
4134
6719
5674
40071
4665
5284
4481
6221
4931
3293
6805
6015
5616
4060
4436
3442
5180
4230
6138
5410
3620
7717
3743
7050
4262
4346
5033
3877
4619
5358
5947
3121
4826
4912
5426
5150
7700
4036
5720
4486
3890
5876
5393
5020
5085
4578
4773
6094
6652
4930
3880
5831
4760
4131
4371
5542
4476
7099
4527
4415
5607
5475
5300
4878
4804
4294
6602
5646
5555
7650
6312
5060
4216
4235
3119
6568
5412
4505
7953
6570
5291
4584
3347
10168
6330
6186
3915
3471
3577
7167
5346
3916
4864
4035
3281
5112
4888
4960
4413
6115
4389
5922
7630
3979
4262
4784
6278
6034
3960
6059
5180
7587
35320
6121
6357
5566
6141
4540
3827
18703
6084
5172
4818
4961
6368
6724
6797
4610
5236
7176
4702
4140
4822
5081
4171
6974
4562
4448
7489
5596
6141
8523
6936
6016
4036
6462
11658
3308
6813
4096
4313
7310
5407
5104
7599
5313
5570
8994
5927
5240
4809
5585
6080
6503
5438
6701
3069
5806
3419
9975
7781
5045
5019
8350
2855
6844
5430
6797
4772
4987
5290
5869
3900
10116
4305
4152
4442
5655
5330
8055
5430
4157
8923
4509
4634
4307
4417
4438
6571
3863
6089
3148
5444
6859
3978
4581
3330
4222
4669
3352
3209
9051
4258
8021
2843
5054
4350
3105
5991
6508
5671
3517
4402
3602
6859
4011
4518
4727
3010
6042
5066
3981
4426
3269
5439
5677
5169
4740
4067
4501
10209
6257
4586
4128
4283
6263
5522
6880
4139
5897
3710
4270
6676
4065
5790
3896
4060
7563
3245
6122
4839
3756
5890
3362
4980
8749
4691
4820
5671
4097
5164
4262
14111
4979
4211
3306
4885
4688
7686
7418
2693
4713
4379
3260
6456
4316
4116
3001
4334
4219
4930
5170
4280
2938
2983
5746
4306
6223
265896
4751
4610
5656
4418
6257
5603
5136
3132
3355
4002
4982
6264
4537
8729
5265
4748
5326
5399
5790
3848
5087
5225
4174
5691
3841
6658
4052
4030
4722
4759
8474
6145
6604
4215
5532
6097
4645
4106
5431
4064
3692
5014
4107
5561
4798
4277
4461
4472
3416
6396
4308
7201
3055
5354
3803
3150
5480
5199
5869
5558
3453
6031
4440
3379
8233
4445
5042
4814
5655
5678
4996
3393
5836
4907
7325
8869
5291
5153
4900
3106
5069
5128
21291
4246
4685
3540
3176
5597
4969
5851
5478
4704
2895
4066
3745
6430
4309
6511
4675
5502
10429
3333
3008
4796
4146
3987
9348
3896
3293
9133
6109
5633
5016
5158
4508
8507
3873
4669
7356
5343
3667
5274
6563
10626
5671
3148
21163
6057
5218
4736
4462
6070
4837
4579
6386
5909
3944
9594
6070
3091
7289
8366
3968
7635
5055
5358
3031
5936
3644
5411
3997
4038
5884
3496
9156
5611
12318
4636
4223
7489
7094
4248
3441
4740
5952
4163
4198
3187
3107
3457
5023
3752
3654
4229
2289
5370
3177
4241
4946
4127
4550
5135
1963
4306
3305
5440
4825
4829
6857
3301
2720
5517
3900
5020
2453
5191
6624
4385
5284
5988
5081
8630
3986
4344
5843
4905
5324
6624
5985
4730
20856
3150
4281
4838
7221
6247
5499
5596
3992
3724
4470
6614
5726
5639
4118
4479
3825
5168
3753
5306
7043
4707
5899
7467
4612
4477
3756
3834
5564
4345
3688
3986
5713
7055
6605
6170
3613
6631
2872
5821
5894
4083
4001
5371
4576
3632
4955
7655
5154
5219
7738
5062
4325
4589
7261
4765
5524
6575
4449
4871
4411
6254
3601
4967
3840
4818
5069
5784
3579
6036
3384
5323
5733
4473
5109
6015
3831
3833
4279
4252
4500
4253
7489
7116
3974
4658
4070
5739
18297
5061
5638
4784
4519
4997
7203
3859
10393
3844
4222
5799
3633
4004
5907
4489
10204
9199
5032
5643
5017
5673
9062
5041
4248
5536
3263
5177
4885
5923
5461
3497
3144
6691
4089
3529
6758
7999
4023
4737
4463
4700
8407
5008
5588
5854
4878
4583
5814
3060
5657
5427
3986
7787
3947
3728
6406
3987
6038
7626
4716
4127
5081
6021
2977
7158
4319
7021
6289
4063
7234
4810
6287
3702
5140
4187
3596
4906
5110
8590
4771
4268
6246
4377
6444
3131
5416
13059
3407
7145
5424
7927
4749
5029
6691
5204
3128
6286
4224
10808
4345
5193
2859
4973
7409
4546
7210
3558
5454
4919
2842
4005
5099
4303
3863
6135
3446
4790
6482
4688
5910
5958
4990
5760
4320
3734
4294
5272
3658
5163
7719
5676
4730
7550
6875
3629
7820
5639
5039
6113
5400
4304
5070
3712
3845
4438
5335
4696
5396
5634
4179
7454
5809
3385
7861
4212
5633
5322
5496
4894
5567
4608
4139
5003
4173
4459
3009
5391
4021
4062
4020
10628
6965
3957
4180
6483
5294
4738
4843
7584
5265
5723
4199
3532
3227
3355
4884
5926
6162
4596
4519
5242
4525
3890
6108
5767
5717
4243
5746
4569
6724
5458
3619
5548
6793
5738
4526
6025
5591
6040
6259
4259
3930
4567
5768
5068
4664
5623
3219
4844
4776
4523
6214
5847
5994
6057
3670
3442
5359
3887
4787
4007
6577
7514
4183
5981
6712
5287
5630
6694
4033
6435
3598
3767
5904
5703
3165
2687
5020
4668
3912
4232
4922
4067
5187
5160
5803
5993
3488
3790
4895
4066
4888
3843
4836
3912
4984
4047
5913
5869
4222
8270
2378
4199
5353
3890
4774
4264
4939
5084
2833
3992
3820
5106
3732
4197
7378
3701
5288
4556
5707
3502
4442
5172
4617
5197
4505
3694
3939
5558
5006
20070
3639
5559
5056
3458
5456
5718
5790
4206
3598
5798
3015
4068
9806
5183
4081
4452
2959
8158
212569
4937
3058
7613
7834
5322
1716
5088
5757
5140
7629
4607
3953
13905
5052
5846
4975
5452
4580
3701
4635
4224
4439
4689
3899
3024
3551
4141
5521
5219
3915
3742
4705
4463
3490
8279
4001
6211
5468
6309
4335
22505
17917
5464
6533
6518
5004
31417
7709
4744
4550
7609
4611
6124
4383
4386
5272
7072
5157
7324
6054
6021
7056
4113
7364
4771
7841
3910
4077
4338
6808
3880
4104
5485
5348
4568
5989
5618
7455
4802
5426
4187
5280
5073
4881
7418
3145
3742
5711
4794
24344
4984
5823
5440
4324
3541
4299
7904
4715
6483
5798
4320
3863
3454
4280
4676
5853
4847
4420
7837
4596
4897
6946
4408
4240
5104
4075
5079
5897
4750
3464
5394
3791
9536
4888
6165
4222
4923
3379
6576
2970
3681
4980
5250
7233
5461
4779
5474
6964
4955
4782
4577
4803
6388
5624
9207
5680
3747
5979
6535
4799
4029
6132
5463
5516
3654
8819
6090
11632
4679
6360
5200
3681
3032
4875
5130
5532
5025
4708
6922
4767
4655
5819
5781
6560
5114
4072
5473
5389
5262
6043
22226
4242
5238
4593
5313
7399
4996
5055
5154
6074
560042
7663
4389
5799
4092
5220
8025
4814
7187
7587
4388
6556
5181
3916
5021
4604
4685
8035
4593
3483
6537
3486
6195
5960
8782
4981
4774
5601
65720
5302
3715
4701
6926
4183
4564
4161
3978
4844
5247
4656
4957
4522
8736
2948
4985
4451
3243
2900
9886
5785
4428
8752
4822
3452
3909
6477
7372
6898
1767
4381
7459
3975
10547
7003
5640
5664
5236
4523
25345
5341
4636
3577
5592
3206
4457
4885
5494
9283
4305
4955
4157
4195
3066
4650
3898
4616
17514
4930
9620
5397
4488
5731
7557
6422
4542
4596
5324
3236
5133
3548
3253
4987
8015
5626
3141
5256
5042
15592
5725
2863
7744
3518
3823
4918
8635
25634
4977
4198
3624
5690
5539
4488
4206
6058
5222
5232
4392
4011
3047
7556
5052
7164
5353
3572
6487
5422
3748
4868
7917
6431
3505
4869
5146
2999
4808
5617
6380
3311
4436
5578
8348
6662
4428
11445
3559
6865
3889
6569
4869
5209
5360
4606
7002
5843
5285
6584
3432
5488
4296
4994
4012
3088
4611
4212
3820
4259
6949
4252
5179
7661
4270
3904
4940
5366
4602
5760
6042
5844
5036
4532
7090
4422
4085
4252
4165
4881
4088
10677
4372
5291
4108
5449
5851
5405
6292
4185
3913
4341
4852
4170
5337
5399
7521
4192
5232
22055
4434
5637
5199
6084
3460
3775
4264
5234
5329
4726
7037
3382
3891
4031
6475
3643
4372
7315
3087
5258
4505
4410
4666
6292
5559
5002
4595
3608
5840
5277
4352
4629
4279
6021
5411
5880
5105
7223
4067
3522
7230
4192
3592
5350
4165
4781
11071
5377
6354
3305
6759
4293
5059
4749
3450
7057
6648
4916
5409
5058
3698
3316
6979
4061
4689
7227
2870
4163
3002
6409
4336
5755
5948
7921
5385
4890
5877
6344
4882
8663
4182
3363
4671
5948
3424
5351
4452
3268
4411
3690
3439
4613
6156
6051
4993
5181
8667
4733
5438
6057
36742
8032
5358
6133
8767
5334
7271
4152
6294
4910
4617
2891
4190
5083
3601
3671
9832
4457
3960
3961
4549
5870
4421
3694
4387
3087
5730
3030
6701
5410
4615
23840
5953
3443
4154
6671
5692
4402
2209
5313
5038
7537
5833
7015
7212
4649
3145
2734
4999
4174
4291
6958
4842
3828
5108
3789
2623
4592
4802
8585
3492
4102
6149
5188
3479
5903
5216
7033
7278
4771
2648
6125
3282
5059
4481
2654
3618
4648
2983
4784
6779
4797
4343
5243
2918
5514
6248
5840
4520
6000
3692
5822
5537
3990
5850
5175
2764
8568
2780
5414
5177
7822
6159
5636
5215
5214
4363
3874
6393
4033
4223
4705
5056
4356
4402
5325
6875
6964
4262
100775
9544
5832
3688
4414
3855
3102
6264
6275
5164
3749
4569
5890
3259
6690
5558
4277
5096
5142
7523
7301
5345
5264
4061
4181
1244
4370
5614
4799
5164
3230
5110
3336
12263
5309
3616
5753
3231
5459
5869
4562
8243
4988
4812
5098
3740
4836
6023
4118
4549
5306
4883
6947
5117
8299
4404
3594
3707
6142
3763
6403
5113
3513
3750
5715
3287
3394
4427
4133
3785
3368
10242
6134
3933
4573
3827
5634
4243
4328
4823
3299
5954
6963
6038
4682
5320
5034
5319
5422
4510
9167
3472
7435
5263
3953
6017
4758
5823
6586
5294
3156
5093
4898
1963
6098
6703
3156
9002
5435
3473
8768
4266
7658
7058
5225
5857
5478
3247
6863
4173
4652
4101
4786
4579
3578
5940
6411
4161
3882
4404
6800
5316
4906
5579
3912
3055
4794
7378
3495
2733
2823
6055
4089
6041
4458
5005
5070
5613
3995
3749
4059
5491
4366
8353
5693
2942
15925
4639
3125
5194
4894
3614
4629
4769
3625
7129
7247
4891
4532
4718
5130
7829
6357
3814
4262
2878
3727
22313
7035
5474
5287
2910
6685
4956
4842
3811
4551
3735
8050
3327
5552
10471
6702
3711
5965
3687
2907
3979
3494
6521
4094
4664
4258
4911
4553
4727
3991
3303
4839
6230
4310
5360
3527
3083
4847
3089
4480
4666
5268
6128
4859
4805
5047
3759
4433
5340
4673
6920
5260
4383
5778
4626
3559
6579
6548
3794
5461
3925
3787
3800
4049
5956
6382
3600
4760
4708
5677
4581
5662
10520
4800
4555
6212
5871
4427
5092
6083
4610
4736
6764
4123
4262
4806
6442
4054
7800
4175
3921
5052
4583
4893
5647
4447
4394
5587
3051
4438
2856
4712
3515
276125
5228
4530
4023
6518
4853
5825
3955
5274
3391
6005
4283
5408
7824
9885
4604
5121
3502
4977
5301
6305
103154
5346
2792
6563
5343
4811
6124
5511
5573
13464
4771
3737
4370
6985
4233
4976
4394
4564
4688
4565
6719
4833
5775
4890
3994
4470
5489
4255
7001
7920
5565
5445
5759
5201
6281
3924
4785
6136
5251
5925
4179
8922
3043
5921
6204
3899
7151
7266
4161
4643
4365
7992
6335
4420
4751
3145
3418
7096
5333
7748
3937
6363
3432
5497
6895
4549
4745
4992
7646
4599
5631
4834
4186
5177
5206
4576
3908
5689
4910
3122
6541
4308
3771
5393
3208
4961
7330
2295
4850
7297
5159
3469
4671
5904
3852
12752
4860
5438
7834
5565
5829
4302
5430
5951
6085
5823
3823
3126
7311
4236
4902
5297
3748
4046
4493
4279
3816
8925
3616
3958
5713
3904
4535
7853
4814
5330
6168
3095
6845
4983
9405
5477
14069
11688
5324
3511
7673
9899
4359
8685
6471
4202
6105
4214
5069
6610
5901
4588
5660
4670
3000
4932
3923
4837
4117
8061
4645
3897
5294
4560
6242
11601
4099
4917
5715
4482
4999
6255
4310
3907
7039
3291
4444
4393
3864
5864
4023
4107
4297
3750
4506
6096
3590
5115
4875
5432
5098
9282
5212
6748
4730
4515
4133
5885
5493
4523
6931
5266
5164
3266
4641
5412
4661
4059
4111
3336
3791
5302
7253
4462
3482
6894
5778
10252
4533
4092
4403
4836
9084
3935
7147
9144
4389
6201
4422
4206
6654
3922
3120
4152
5958
4997
5609
3834
8322
5048
5396
5488
6302
4250
5370
4839
4795
6911
4758
13481
6947
5418
3232
4417
3974
4779
5788
4380
5241
5095
5204
3976
4037
7047
8858
4571
6099
5974
6311
156821
6507
10483
6414
3008
5278
3425
3780
4380
3827
5606
3545
7558
7843
5897
3714
4838
6821
5309
4582
5409
5489
7303
4851
6097
6609
5198
5237
4033
5127
3876
5075
4307
3386
37834
3404
3295
4062
3902
4819
4548
6651
4300
5222
3469
4930
5535
7448
3955
5506
2939
15325
4998
3758
6333
283034
2683
5420
2856
4613
4438
4970
4499
5289
5606
8663
5068
3953
3410
4607
5510
4932
4243
5141
6505
3721
4518
5171
4788
4925
5123
4835
5138
6408
5200
5284
4652
4899
3294
4765
6810
5349
4307
5042
5675
4696
7647
7477
5879
8549
4151
4402
5196
4015
6125
6028
34856
8224
4439
5308
3312
3389
6037
7214
2636
7368
5963
6357
4769
6282
6904
6384
5760
3853
6947
3491
5159
7284
4329
3679
3653
4556
4373
5653
4575
5156
4456
4665
2596
3837
4196
4302
4306
4857
8870
6105
4190
9300
5645
4279
5799
2981
3651
7172
5486
4091
3552
6152
5161
2785
4834
6398
2980
5146
3261
7119
3841
5178
4448
41936
7427
3406
4538
7714
6293
3997
37172
7275
12129
4922
3834
6838
4432
4803
5294
7121
4459
3599
3792
5365
5705
4721
4512
6440
3776
1913
5872
4916
4469
4614
4977
4370
3814
3725
3781
5186
7004
6343
3526
3809
4416
14386
4561
6555
4930
3936
7194
3226
4323
4106
5899
10618
5712
3928
3134
3977
4115
6975
4921
4798
4527
4710
5227
5006
9035
5867
4522
3962
5822
5004
3973
5719
4594
4883
4812
3828
7554
5436
4004
3031
6040
20446
133626
5006
4931
2752
5933
4539
6695
8679
4834
3252
3670
6015
5283
5808
5052
6911
4236
4339
4869
3180
5025
6425
4005
7079
6222
5393
4327
6107
3594
4963
5991
3779
4710
4400
7860
5577
3768
4303
4803
5086
4640
2860
2100
6982
4530
5217
3279
5604
3533
3485
5968
5721
3626
5419
5477
4559
4030
3809
3089
4661
3929
4063
4416
4715
3776
5148
4655
3778
6293
4898
3598
8627
5787
3472
4838
5372
4714
6330
5767
4988
3517
4876
6431
3887
4386
8266
4536
7456
5638
5198
4161
7447
4726
5343
5980
2406
6201
4622
3098
3294
4827
5724
4761
5014
4460
6003
3803
6117
7284
4126
4099
4917
4552
8324
6776
5907
2871
5693
3726
6333
5120
5042
7640
4602
5311
5407
4694
4004
5741
3497
4542
4113
3562
4774
2208
5166
5479
4933
5524
3896
7983
2947
5144
5146
6922
3013
5846
5288
5739
3017
7151
4205
5018
3276
16920
4368
3788
7212
4996
3389
7537
7359
6907
3732
5637
5860
3927
4694
4917
4210
5738
4476
5429
3285
4791
3611
5190
6444
4551
11197
2954
4480
5273
9512
3434
2636
6433
5139
3729
5925
4389
6747
4972
7271
6010
6905
3219
3797
6148
3976
5797
4059
4654
4609
4542
3461
4671
4532
5557
2986
3683
4388
3210
8036
5567
3168
5944
6177
4357
5138
6540
3709
4555
5036
6405
5207
5531
5585
6269
6411
7540
4599
4820
4507
6243
5254
5685
4570
3182
5907
3964
4398
4874
5438
6176
3474
4182
7131
5379
5535
3495
4174
4593
4760
6746
6276
7815
4417
3450
4721
5078
3978
5420
4141
3332
5557
5750
5403
5358
5050
3935
4130
5491
4111
4011
2778
5403
6382
4208
6910
3850
6165
7604
4945
4319
6178
6495
6186
5035
3746
4103
5314
30198
4700
4730
6153
4886
5084
4824
5030
5316
5485
4135
6328
4492
4299
5988
6414
4051
5224
6124
5765
4698
11910
4003
3564
5022
5252
5370
7378
4813
3139
5025
5041
5159
7564
5605
7972
6332
5204
9021
4782
3352
5134
4716
4184
6095
4378
3793
3994
4541
4396
3995
5745
4753
5091
4363
4491
4113
6583
4543
4630
4670
6177
4760
4519
3512
7941
3540
6945
4085
4166
3899
4134
6260
6880
5565
4715
3718
4603
3266
13284
4515
6938
6762
5716
4309
2929
8521
6226
4398
7273
5654
3188
4545
5718
4743
5954
6374
4755
5137
5542
5557
8814
3692
5698
3102
5247
15268
6392
5101
4512
3231
5377
10808
5373
3757
4318
4287
5012
3165
4300
5994
4711
4611
8829
4417
4354
5957
4076
6818
3643
5815
4290
3923
6544
3935
4190
3480
4242
2880
4128
2457
4987
6984
3103
6034
3908
5504
8479
4736
6913
6011
3128
3780
4292
4037
5488
6338
4952
6195
4381
3735
4977
5066
5751
7997
5299
2968
5286
4975
6292
4061
5551
9801
5103
3864
8035
4577
5561
4999
6358
4860
3831
6611
4031
6237
4405
4333
5520
4794
4393
4656
3345
5224
5826
4632
10065
4983
7895
4573
3634
4553
3637
5196
6317
3627
2650
3915
6969
4638
3474
13915
3148
6616
4478
5549
4764
3971
5595
5667
5549
4520
3735
5123
6805
5516
6043
5203
5337
6556
5382
3541
4756
5803
6494
2751
4586
2418
4372
5191
3640
7272
6124
3655
8379
5127
5657
4590
3858
4195
4674
3923
3948
5162
4482
6157
5128
6534
4398
6311
6441
4674
2488
3376
6714
4463
5913
5532
3991
6891
3392
3233
5257
5360
5667
5679
4630
3947
3751
5758
3608
3592
4807
4074
7862
5537
2206
4921
5933
3675
5098
4090
4104
7538
5712
3662
3920
5822
4686
4135
4571
6554
4190
3461
4841
5375
4753
6395
4550
6506
4284
4700
3180
5284
4123
4821
4255
5263
6629
4419
6306
4255
3933
4165
9143
4577
5397
4822
4674
5120
5297
6240
3852
4728
5151
7566
5186
7893
3201
7051
4450
4334
5087
4927
4331
5555
5002
4792
3416
8774
6310
3938
6320
3857
5402
4858
3996
4824
7938
7333
4145
4483
4967
4012
6652
3439
4566
5440
5517
7616
3183
7822
4136
4485
4949
5326
5034
3496
3637
5014
6751
4161
4253
5751
6559
4550
6181
5188
2988
4871
2978
4131
5388
6665
3647
7375
4650
5079
6254
2676
4595
5527
4157
39885
5907
2889
4361
3264
5326
4380
5348
7535
4242
4176
4784
3852
3740
4582
4029
4109
4966
3914
4804
5597
6543
2554
5757
5018
4348
6656
3492
5574
4720
5297
10328
3537
3523
4842
3899
4820
4487
5524
4918
5175
4117
4019
3280
4359
5357
5352
5871
3642
4180
4544
3503
4392
5389
4137
4959
4420
3326
6629
4046
3918
5120
6637
5508
7322
4090
4673
6344
5238
4844
3918
5809
5656
4926
3553
3540
4963
4539
6149
4469
5509
4011
3872
3795
5389
6875
3570
5362
4703
4642
6368
3337
4363
7097
5084
6900
2509
5802
5595
4269
3012
5066
4478
4597
5829
4272
6575
3799
4398
4495
5367
6059
5405
3535
4087
4713
5098
5837
5369
9969
3957
6354
8201
3420
7299
2726
5331
5052
4141
18408
6012
4672
4836
4331
3297
5649
6684
6445
4723
4016
5466
7011
3219
5248
6114
4801
7272
5054
3859
7111
6398
4169
4290
4663
4116
7350
4195
4003
4708
9497
4438
5529
6081
3607
5126
3352
4563
7461
4403
6560
4477
3439
5234
4970
4462
5356
6004
3270
3980
5168
5042
4186
3426
4485
5984
4350
5061
5920
2838
3847
103631
6631
4954
5004
5345
4875
3965
4749
2955
2975
5161
3505
4427
6521
4712
3350
4848
4495
4776
4066
2377
4223
6610
3926
3883
2892
3289
3772
6289
3143
7413
3732
4554
5529
3761
5971
6233
5304
4791
6149
5224
4642
4312
6070
4167
4681
5620
5247
3474
4660
8271
4142
6117
5927
4099
5427
6039
6393
4477
6345
4840
6638
4919
4388
5559
5718
5314
3625
4636
4384
4806
4150
4548
4687
6428
4450
5128
2451
4341
4630
4293
5204
4607
6732
3600
2912
5016
5457
5381
3276
6096
4526
4861
5346
5347
4341
6817
26698
6134
4085
2857
4876
3391
3277
5028
5046
4498
5745
4132
4846
4220
3474
5445
3345
45477
4866
4299
4481
4132
5054
5872
5062
4030
3212
4885
5872
3917
5767
5938
6758
4801
6866
3889
5518
6612
3244
6503
4096
3955
4719
4778
2238
6424
4126
3684
5297
3683
7709
3858
3917
10624
4587
3974
6076
4893
4116
5424
6571
4198
9192
2898
4973
4266
4377
2949
9634
4500
5001
4968
4238
5725
3651
5004
5600
3070
4755
7056
5396
4836
5668
4952
3572
4904
6027
5483
4750
6061
5456
5961
5102
5363
5971
6310
5066
5327
5507
6242
4638
3673
3826
5208
3341
3998
4724
4997
7034
2975
2937
6617
4499
5445
5107
5490
5091
4685
4331
5652
4599
11646
6132
5522
4518
9492
4133
4209
4847
4455
7457
5373
5560
4161
6586
4314
3973
4526
4336
5107
5375
5023
4499
4428
5719
6491
6341
4141
4184
5201
3190
1983
5068
3526
6195
5085
4351
5157
4699
6746
8669
5145
3239
3907
6789
13409
5052
6252
4052
4731
3578
7950
5274
3819
5119
4981
9165
6496
3571
4209
3688
4131
4498
20648
6174
5355
4383
6761
4523
7868
5168
4281
5249
4676
3446
5926
4904
5442
4931
5058
7784
5886
5022
6496
5519
5302
3167
8861
4165
2426
5777
4564
4401
4920
3416
3918
4767
8687
4430
5323
7659
3961
12598
4614
5769
3793
16759
4563
3693
4738
8255
5586
3007
4828
3751
4460
8721
6447
5663
4279
5548
5229
6374
11920
5089
5470
4372
5212
4438
4761
5161
6370
4372
3808
3260
4906
8898
3612
6345
4266
3560
24912
5855
5439
5134
4156
7103
4564
3560
3881
4343
5026
4565
5311
4829
4668
4892
5594
4289
4101
5145
5189
7173
7888
5260
6192
2694
3138
4978
5233
3335
4833
6037
4482
6301
3978
5259
4040
4785
3956
6330
5032
4599
5355
6712
4515
4860
4465
3547
3827
5062
13293
5340
3975
5793
3166
5590
5259
3420
6503
4533
5082
5962
6979
6986
4960
5175
4792
5863
4838
4769
6196
7353
5823
5969
5450
4448
2152
4186
8143
4687
5997
3626
6269
3088
4421
3618
5873
3903
5907
4070
6069
5205
5506
4725
4033
3925
3965
4770
6953
5581
8894
3652
3880
5168
3577
3215
3618
5214
5654
4680
4852
4736
5062
6085
5542
4766
3962
3959
3135
3489
4494
7173
4531
6134
4027
4203
5272
3722
4907
4102
7423
6049
5802
3837
6764
4790
3129
3870
21014
7045
4925
4058
2938
5517
8629
4333
3165
4645
3880
3984
4820
4782
3550
4320
4189
11226
52221
3316
3684
5336
3866
4723
5352
3403
4723
3820
3513
3337
5492
3314
4915
3468
4771
4752
4050
3553
4495
3181
4890
5882
4654
3465
4018
4304
5123
4214
4147
3683
2902
5852
4455
6163
4838
5308
4351
3262
3841
4634
4768
4520
6223
4656
5017
4483
6473
5332
8058
5996
4436
4288
5898
4299
4553
5841
3834
6323
5021
5700
3493
5767
5235
5992
4087
4380
7388
5599
4446
6117
4507
4273
5802
4078
7189
4866
6465
4680
4139
5210
3445
3983
4801
6518
6380
4539
4337
4317
4165
5329
3302
5550
4043
4816
6584
4210
4413
5277
5856
2672
3645
5186
4845
7687
5504
3088
7838
7105
4761
5363
5293
6867
6239
6333
4022
3510
5047
5888
5147
5284
5441
4627
3932
6107
4972
5051
5157
5037
4571
7308
4012
4103
6392
7289
4399
6643
5987
2842
4001
5178
7015
4636
4414
5084
3743
4417
5072
4388
4690
5114
7291
3795
6429
4954
5460
7891
8190
4104
7636
6713
4541
5998
5429
4917
6972
4710
6032
4115
3956
4824
5283
4382
4365
3947
5330
6214
3776
6189
2734
5252
7276
7152
5809
6117
4078
3965
6961
3957
4859
5133
4548
4020
3380
4131
5564
2626
6480
6471
3408
10026
6405
4600
4522
4910
4050
5655
5411
2702
3473
6092
5863
4555
5714
3721
3515
8073
4814
6021
3981
4884
3465
4444
4918
2685
4750
8193
8992
5331
7380
22571
6246
4519
4379
5510
6357
4283
4181
6200
4333
6124
6743
3118
4782
4799
4772
5964
5503
4634
5913
5837
6744
4254
4206
8711
5280
25410
5264
4650
4195
6780
3789
5181
5296
3291
4893
3796
5165
4560
3401
6130
6921
4459
3786
5494
6889
5658
4197
5948
4335
4490
2582
3783
5707
4843
4788
3899
3892
5344
3444
5763
3781
7215
4122
6627
4802
4404
5123
3503
6819
4192
2464
4525
5645
3360
4352
5138
4856
6771
5759
2250
5713
4186
4021
5700
3724
5662
4793
4948
5017
5547
3953
6386
3342
5492
4156
4698
3492
5963
7493
6549
6848
4210
5688
5610
5314
3748
3846
3672
6636
5337
2938
4203
5761
4423
6337
4685
5431
4665
7238
5677
4983
6211
3651
5691
5957
3819
3759
3977
3559
6788
6581
3177
5143
4586
5660
6901
3121
3318
4581
4180
3553
7136
4685
4314
5114
4585
5118
6428
5442
5079
8269
5349
6172
4761
6896
4697
4917
2986
6835
5025
4880
5604
3016
4313
8661
5031
5078
6886
5309
4694
6831
4744
4025
6878
5628
4333
1731052
5211
6555
5512
4226
6541
10858
3936
3624
4853
4862
4743
5511
7576
6215
3537
5000
6679
5517
4692
8965
5042
6124
4703
4361
7760
6709
4906
6439
5062
5591
6591
4557
3624
8664
3947
5586
3313
7067
8943
4323
4753
6060
4700
5922
4225
4300
6620
4820
4774
4778
7479
6775
7579
5606
5805
7173
4886
3935
5293
5802
5883
4932
5309
4051
5469
4004
4886
18500
4256
4071
5610
4978
6519
6015
6447
3333
3591
5500
5029
3125
5122
4230
4704
6950
4509
4141
4914
4948
6601
4187
4024
4457
5649
5686
4155
5123
5650
3439
4142
4708
4870
5817
4861
4106
6744
3978
10491
5714
5159
4179
4287
4652
4111
3431
3710
5562
4537
4955
5668
2833
5579
4197
4417
4648
4044
4443
4121
2815
5160
4126
4791
5523
4112
4101
4377
3128
6519
3942
5448
2729
4616
4709
5942
8324
3573
4412
5385
2695
4696
5009
4462
3968
4653
6687
5433
4206
3731
8318
3549
3047
4394
4376
5098
6093
7887
3750
7330
3737
5043
28477
4500
4008
7349
2922
4300
10050
5343
4735
6960
5128
3630
4419
5156
4506
5648
4577
6033
4665
5759
5882
3594
6524
4633
4144
6732
5185
4256
6439
4619
3630
7188
5339
4744
10639
4619
5743
4386
3834
6131
5545
4361
4921
5799
6882
5427
4426
7891
5695
5239
5509
6394
3938
5602
6305
4476
5945
6793
5455
9148
6945
3001
6872
3092
4121
7225
3744
4791
6122
4907
5616
3950
4807
4983
7180
4777
4136
5120
5221
5923
3399
3904
5782
3467
4686
6959
5469
3547
7600
2816
4480
4640
5396
4173
5812
11538
4100
2989
3405
5846
4060
6868
5398
8008
5964
5632
3274
4866
4467
5897
3047
3484
5135
4852
6938
4470
6070
5412
5112
5000
4014
5610
4541
6185
6439
5681
3224
6589
5120
6989
5143
4283
3950
4248
2460
4365
6396
5538
5820
3883
4424
4765
3514
4164
5142
3937
4765
4827
3134
7560
5655
3517
4781
6452
7098
4466
4654
5498
7314
4737
5404
5209
4493
3142
3458
3005
6124
3032
4192
3945
3985
7963
3047
4468
3645
3722
4739
10227
6050
3602
5068
5921
4219
5952
115117
4585
4720
5580
5097
5601
5608
4838
6142
4501
6581
3403
4764
4473
4970
4827
5427
4698
4720
5136
3382
5038
3572
21852
3743
4271
4036
8964
5428
6059
3792
5164
4985
4148
5253
3523
5469
5568
5921
4817
5589
5516
4190
4491
4952
4423
5155
4564
3664
5832
5829
3471
5521
4184
6154
3998
4591
5259
5245
2337
9393
5229
4938
4955
5870
4269
4492
4726
4357
5217
5085
4529
4804
4440
5407
3297
3758
6639
3956
3800
3972
3701
4600
3233
5411
3123
5565
4821
3841
3180
6977
4753
9849
3335
7529
5530
3962
9337
4014
3673
4170
5300
5392
6487
4081
7963
4222
3695
5129
4522
4575
6317
3799
4006
7021
5935
3326
9469
3715
4086
4389
19793
5377
3776
4129
4402
4613
4338
6062
3919
3996
8459
4657
4312
5243
4736
4625
5129
4294
5276
3773
4231
5245
5694
4703
4431
5555
4870
5352
9041
3200
5739
6512
4356
4749
4843
3803
4874
4541
4884
4468
3616
7717
4866
4928
4593
5316
4819
5319
8466
4306
4208
3999
4429
4327
5984
4371
7353
3505
4042
3480
4513
3145
5514
4985
4331
4842
4167
4348
3434
6357
5023
2944
4063
5879
7462
4709
3375
6339
4226
5885
5309
3621
3378
4435
3359
4281
5032
4118
3689
4748
5965
4526
3018
5587
5360
5154
4290
5905
4182
4450
4276
4354
4324
5319
5047
4434
3810
4714
5915
4528
5841
3198
10596
2605
3560
3230
3443
6927
5523
5694
3250
5385
6349
6753
5927
49842
3726
4672
4477
5281
2743
4998
6089
4928
5256
4536
4634
4301
5620
3925
4377
5598
4903
4526
5134
6591
3543
6338
5505
3685
4120
4831
4292
5254
3803
3770
4360
5136
5777
4639
4729
5510
3625
4542
4532
5356
3806
4327
4640
2838
4349
37882
4049
5634
26946
3745
6423
5137
7380
5571
4121
4311
3828
3449
3817
7983
5223
9491
4527
4476
4808
5925
5361
4148
5134
5489
2936
4755
4467
5786
4003
6323
4917
6050
5809
5832
37217
3300
7178
5412
3240
5987
5966
4905
6476
4967
3805
4417
2501
2131
3299
5131
6560
4838
4447
5063
5158
3908
6369
3768
5929
9979
4597
5214
6400
4428
4597
6721
5436
4026
4655
5794
4424
6204
4578
5797
4007
4727
4422
6189
5287
4760
3872
6671
3585
4472
4631
4961
6665
5077
7621
4219
4723
4427
2875
4571
5336
5275
4185
4318
3159
4630
5178
5819
4149
3182
7595
4061
5706
3108
3960
4077
4021
6290
4602
5393
6039
3598
5878
5981
4192
6361
3231
4890
4679
3450
5946
5167
5567
6993
3413
4109
4324
3832
4402
4790
6124
3314
4012
4730
5944
3971
5951
8079
4526
4750
6322
5359
5364
3811
3082
6156
3694
4746
3801
4731
4185
5042
4382
3952
4534
4577
6200
3775
3038
3946
4940
4482
4066
5125
4131
7979
4322
3657
6551
4645
5501
3875
6808
6332
3931
4620
3396
4514
4119
3353
3715
2661
4447
4972
5269
2900
4831
4614
3885
3474
4128
6306
3961
5072
7382
3781
4341
5559
16332
4078
3715
3756
3634
4658
3403
4706
3646
5031
4014
3913
4022
4530
4719
6526
4916
5315
4978
5039
5176
4594
5387
3859
3993
5869
5381
6211
4235
4696
2327
4984
4088
4279
4893
4065
8109
4540
4794
4473
4016
3680
5523
8218
5027
5502
4129
23271
3887
7625
4137
8924
5485
3742
3674
6199
3508
4628
5619
4075
4382
4222
3324
5657
4878
5666
6336
3836
5032
3168
3402
5557
4400
3244
3502
4746
4668
6326
5026
6465
4875
4946
2569
5284
5433
4993
8685
4651
3346
10014
5396
4629
4790
4828
5701
4840
2586
4732
5783
6945
3584
4256
3484
6306
3979
5041
7127
4580
6895
4604
3973
7098
3324
3755
4706
3547
5532
5126
5033
4084
2852
3591
4719
5444
4204
6740
5846
3320
8171
8215
4640
9090
3972
4119
6371
7327
3474
5392
4975
7066
5769
20964
5460
4930
2860
3620
5011
4344
4426
3686
3417
5950
3379
7204
3855
4358
4937
4230
6928
6243
6073
3908
3809
5850
3450
6096
3030
3658
9183
3436
6526
6831
5090
3321
3603
4722
3487
6738
5359
3648
7525
4791
5051
3339
6426
6151
5693
6217
7037
4987
3976
5350
4830
4133
5117
4310
7724
4624
5170
2395
6634
7980
2976
4580
4209
4615
5106
5873
4493
3672
6186
2892
3844
4531
4495
5629
3160
5777
21428
4764
27216
5264
4389
3577
5125
8109
3626
5021
4370
5354
3950
3033
6010
7691
4622
4209
3887
2834
6977
4706
61456
3999
4031
5543
3317
4760
5198
2867
5027
5086
4569
7424
3676
4331
4076
4630
4302
4308
4123
5183
4258
4236
3624
4445
5463
4292
4458
4040
3000
5139
5229
3539
3497
5956
6548
3857
5072
4982
3823
5551
4121
4723
4226
6603
4256
4852
4673
6492
3574
3882
4827
6169
6369
3160
4526
7294
4394
3808
5104
3750
5345
2774
5231
4614
4390
4841
4828
3611
5935
4043
7014
3008
3632
6838
6753
4168
5346
4133
4218
4378
5188
4665
5602
4493
5759
3189
4904
3142
14976
4506
5053
5433
5326
3115
6302
4739
5378
6097
5515
4879
5262
4139
4050
4417
5883
3312
5244
5130
3925
5850
3828
3570
4331
4280
7301
3957
5549
4501
4457
3832
5126
4493
4087
5648
8785
7112
5204
4304
6189
3832
5419
4880
5891
4059
8305
7497
4034
6049
4491
8772
3232
3890
307942
6867
3116
6495
4645
4291
8311
5932
4799
59185
6315
3594
5606
4872
4677
6892
6694
4288
9815
5138
3023
6295
5478
4133
3599
4446
4163
4805
4844
8707
4314
7147
8365
4757
5462
4750
4924
4351
5735
4306
5317
4609
4916
18391
4289
3864
5197
6306
4243
3927
4630
3032
4909
3594
3389
4465
4102
6089
5453
6297
2416
5464
4722
6783
4006
6820
4943
2997
3419
4845
4640
4815
5680
4347
5953
4667
4286
4822
5393
4795
5389
5587
4187
5566
2775
5430
6272
3147
4114
3016
4341
6239
4991
3507
5166
4230
4983
4566
4614
4371
6165
3653
4713
5246
3763
5347
4827
4059
4678
3997
5528
3407
3499
5022
3441
4884
4729
5956
5643
3232
4641
4778
4240
3646
3905
4610
5126
3973
5083
12285
4264
4204
5379
3228
3704
5160
4348
5181
4354
3590
10319
3521
3669
4627
6244
4382
4116
6277
3879
4787
6187
3092
6591
4732
4839
6396
5181
4379
7020
6098
4543
7954
4615
5268
7776
3917
6094
4614
4947
4832
5042
3696
3554
4429
4424
6154
5542
4695
3828
3814
5605
4596
4682
3529
6004
5304
4779
3645
4245
4688
5937
5354
5008
7151
5782
4133
2765
3435
7069
5417
21663
5210
5428
5405
6086
4200
4558
4631
7006
3707
8638
5559
3550
10534
5525
3928
5889
4601
5098
5866
10273
21270
4100
7041
4728
4222
3526
4037
6226
5263
4659
5718
4741
8304
5664
3933
6789
6186
4783
8787
5218
4684
6721
4959
4590
5828
3029
5219
6701
2990
5582
5186
4558
4455
6227
6626
5338
3001
7808
6029
3543
4343
3463
4308
4092
8418
4138
5041
4625
5650
3386
4883
5366
3896
3890
4938
3389
4358
5124
4753
6226
3651
5991
3192
4012
7085
5896
6136
5788
3280
2412
4965
4319
3381
4989
7101
6241
4162
4200
3461
4030
4764
61337
6642
5155
5122
4416
3705
4011
3322
3733
2839
3843
4587
9111
4578
4884
4921
3276
3998
4335
3700
3086
3372
6011
4059
3436
5846
5313
4427
6067
6056
3895
3489
5970
4247
4001
6330
3553
3677
6974
4634
5194
5863
5393
3796
5996
4793
5763
5005
4765
3426
6830
4378
4442
5397
4301
4889
5555
6320
5050
4684
4355
5370
5482
3742
4593
4393
4092
3320
4135
4618
4810
4066
5289
4492
5864
3893
7401
6464
3751
5080
4554
4171
6557
4556
4066
5864
5552
5161
3736
4225
4870
5353
4471
5015
5160
4425
5628
4170
4500
3731
5158
4440
5846
4747
4170
3363
5473
4993
5859
5212
4184
6208
5282
4647
6167
3783
4070
5281
3904
4379
7152
3249
4690
3146
5734
5137
3768
4412
6866
4561
3330
7216
4749
3434
5177
3465
4458
7659
3619
5688
5955
4419
4554
27027
5433
4922
10185
5977
5444
3708
4565
3239
3997
5745
6163
5036
4342
3676
4105
4265
5713
3640
6954
6543
3887
6424
9374
5594
5717
9433
5299
4486
5072
6358
5985
7326
3311
3219
6597
6439
5480
5384
7529
7651
2924
3512
7767
3649
4524
8277
5211
5674
3299
4010
4710
5059
4797
5327
5861
4003
4553
5049
4399
5375
3724
5909
3604
5638
6500
4142
4354
4599
6588
5266
5230
5285
4594
4632
6530
3267
4430
8623
4769
4964
5071
5590
6068
5029
4986
6269
3915
19761
6337
8642
4247
4794
4554
4170
4348
3573
2589
6101
4034
4408
4224
7458
5183
4414
4806
6156
8907
4825
6707
3959
4521
6314
3948
4180
5604
4999
5089
6018
4100
4479
4955
4213
3474
5056
3856
4250
4430
5254
6575
4487
4903
5027
4598
6306
4215
3093
4244
5075
3556
4899
4986
5399
4019
5710
5159
3882
3839
4556
4032
4000
4758
3770
5408
4622
5423
7871
5780
4576
6667
5249
4141
2756
6690
4394
7414
4871
4066
5064
4485
5120
3434
4162
6542
3304
3977
3869
4836
4263
5462
5243
4196
3372
3730
4781
4547
4216
3283
3913
4855
5306
6336
3853
5365
5683
6097
3166
5551
37657
4667
5526
4391
4737
4370
3915
5025
3949
3812
4462
5342
5491
5291
4646
4565
4800
4645
5229
4801
5408
4459
6860
3099
4683
4193
4880
4272
4338
4560
8244
4703
3832
6035
5111
5324
6319
4184
5285
5427
6704
6369
4752
5267
3937
5190
3867
4874
4556
5521
3860
9315
5136
4377
4160
5227
6108
7707
3863
5042
4957
3922
8540
4040
4876
