410213
733461
776840
561716
603627
587886
630335
569914
423675
646429
596011
624001
6441410
606131
619670
972811
5789950
663796
671232
672727
670806
626790
568781
649707
615988
613109
630677
452630
669545
652268
746005
620627
583176
640925
413624
570235
643370
674733
524888
603591
590776
601689
593440
618990
537071
636461
1345177
583246
753581
603769
693121
611522
704609
705989
631694
504125
653011
478620
621398
645846
619013
628613
623341
613434
647172
461398
612742
688728
440563
1430261
640635
574314
577208
502862
610388
411122
627165
652410
494779
647351
780231
617258
634148
593631
501542
610194
662741
678146
640353
695340
742756
601969
519882
414052
617170
520847
462654
609028
636274
604986
742632
673288
568573
632145
621547
780036
624444
730631
659666
503093
721051
607736
658620
538389
648916
592052
448035
649733
827452
664798
739867
587707
444142
614572
610415
633382
503003
654318
454890
641869
739567
651689
661989
6945359
663491
617245
660965
647699
622906
837978
675969
620763
662455
757119
601820
795733
637231
675144
634427
499127
659688
675781
473221
596061
611025
605098
600468
686153
1029912
435458
633939
667033
482046
655095
623455
585833
648131
571314
408274
440851
546162
730918
620457
876036
637375
658965
630789
637946
1414032
666093
670340
795593
580471
600338
559137
700071
495143
497000
598906
610077
669885
614311
635483
456686
629254
700478
454114
625202
640062
605450
682822
607573
701863
486840
614446
682136
510913
637554
611607
651094
734489
686017
597236
587280
645678
451770
637363
591707
435796
620466
1312803
643857
5974203
645441
465612
631599
593009
6320930
447047
633581
498354
436699
651919
635899
662306
752404
515764
605697
642050
599684
722371
629735
633720
642311
746859
680364
615520
457727
492932
741777
653303
651971
484309
722600
658931
661166
745732
564974
638800
650026
579498
616380
547351
663721
480677
636580
741384
634104
654053
600884
4933990
633500
606828
776714
677578
593289
488931
651200
512182
677976
440927
654218
667065
595798
583588
638568
772446
583277
634016
646530
1346907
600507
725093
637455
544163
670225
617952
639297
602742
658715
630440
627899
588968
648076
738333
590659
777509
673975
602883
619482
676377
595140
613302
604514
494113
739798
642344
677939
682478
446658
783291
616023
510318
620856
650155
630283
447354
464495
577622
1502881
663910
577308
654457
589312
699285
613864
722389
477606
582470
668855
520658
705922
606354
637082
1128452
523782
550481
615504
480677
625236
606428
638524
721924
606493
451895
707454
518278
635230
635293
643589
648000
874741
438948
600447
639290
669016
702505
666177
644999
642055
648221
821026
631342
605977
613289
661021
647296
634360
597939
705306
635230
628248
700132
612488
1064028
639535
573671
597824
643750
652402
688094
546255
424891
541425
626876
677602
625708
598166
664944
582417
471746
630036
715635
623224
529727
658796
823192
592824
653174
756983
723656
729902
631686
583899
711017
475100
630042
645518
631312
608737
686399
674474
651924
1179140
614768
419518
631664
624039
674197
736758
641415
634242
632768
719612
881836
625917
767578
617700
649095
665021
696492
544819
684980
738322
564659
788739
644264
535982
717583
637017
509977
685629
527056
712702
455257
474505
558371
658668
488936
686254
613578
483055
713598
770599
603705
503815
669997
733918
754129
666976
609031
669702
473565
643360
523523
885224
623232
545368
2501790
593453
681859
669763
716370
722438
620006
691301
636653
711274
540318
717699
689854
628877
589457
561365
620536
618239
736095
923948
623650
691429
573979
603007
607758
595522
615448
673502
588863
535018
619473
455824
728569
696716
658012
672135
520004
624560
604375
589955
625519
638185
395965
679263
659366
655328
668586
596871
648848
647566
648095
2438261
542966
621967
780727
613434
494697
1002872
731227
653424
688756
598990
549776
666383
626668
593909
692506
581191
633682
530222
598551
593259
644529
604442
519857
542406
645375
677503
544181
446228
606305
481842
620334
604351
641329
591561
669303
576179
452354
635072
471645
890026
507894
522960
577051
630538
597871
739671
455183
535098
594027
568253
607969
475255
4327060
664738
698902
560351
1751818
591760
626397
730652
530132
565751
612372
558675
1051221
595625
670395
632617
842578
628746
455516
629581
576442
669527
593421
600953
635520
488420
642470
548863
429117
649717
672272
756207
569099
563641
592693
1129571
700639
1767313
587171
655108
606918
610548
414507
631537
434595
649577
594970
550701
505116
572390
581391
537271
403936
628979
612577
410777
390352
644295
633085
598017
639466
584474
4497873
612565
841512
608244
566147
586543
603354
449548
545981
615889
375970
474342
472974
519978
502268
571822
714592
649621
604489
661401
474837
485162
399250
597258
573028
618160
530497
638513
641737
458559
658985
617948
570646
753630
1680605
703502
544921
615767
575389
567412
580921
405093
491402
624914
579608
498048
474316
646838
549352
624214
662371
596251
584632
4076564
685430
638937
491616
670244
465792
596551
584545
633656
548342
460349
636918
602497
442108
584334
389553
621132
656094
629564
647849
579190
621524
546974
431347
623820
596761
657640
539809
632081
595821
569836
612855
612617
613039
616334
642525
601144
593776
617278
645064
515794
500242
614510
444795
629135
590558
628804
624274
847111
574673
590810
452159
702094
584041
608959
614054
727449
608364
460034
657293
569846
658720
510642
557213
648728
665133
713056
627945
827205
587289
792125
567274
683522
635759
626583
487712
601126
421464
507525
590111
577832
417484
508917
630424
676757
615394
450562
570112
646245
427542
668133
544307
579806
675352
492743
600681
463861
512316
582230
617684
597873
523374
616878
551728
633288
582474
586743
784749
708731
623942
409459
617607
500499
547721
627103
454013
484670
644775
445230
420986
608862
601948
580830
618580
752662
522979
612548
662697
693955
638592
2002531
640457
422452
618814
648104
2203439
633157
579047
427865
508497
587390
479856
536970
400541
658583
599155
596717
603089
480007
654094
512025
1031965
558725
606120
435291
597550
607468
680047
477088
614457
4145340
572071
675569
669794
631397
440217
617755
617712
604230
622668
528385
747038
427594
451805
661384
635775
621081
642959
622330
399581
731724
596283
659669
1355290
621197
574789
563845
513895
681112
588592
667682
600095
617487
577171
585077
654040
666719
586221
575060
563216
510162
522020
655687
468207
456973
752098
616536
502329
582167
440921
567569
648402
574931
667164
457692
1455408
617618
641524
610158
534403
447658
595103
604455
923368
591985
632470
489634
494321
668612
587483
608649
600506
524212
453178
560826
583666
494783
787724
503549
1030380
539514
597934
578256
657545
619656
645615
538584
640892
564606
664245
452246
456393
486921
457470
579166
620323
622543
610164
552713
593237
639491
579515
556244
853878
630600
577478
638451
429606
616193
432818
594499
450718
465601
569492
676193
508089
715424
600207
461328
1335198
609135
461949
540869
584079
715024
586026
531119
543722
639085
598121
516057
700286
628644
1526379
590224
5881593
482026
608844
549423
508780
622139
532579
669208
735569
558538
605452
637615
435083
628349
539172
2245747
606266
629439
628281
615927
435639
626532
435377
640896
444160
607162
471261
655571
497953
637656
548182
575320
709628
432812
459348
581002
994818
558869
694444
548237
518151
459868
466240
581061
528247
630547
470940
622916
567518
645399
711816
638811
626739
690050
470519
527398
985549
650941
433992
738366
615965
604975
682767
482019
625608
593880
546003
555660
553696
587222
618897
591671
488415
565683
691981
592072
573227
666891
667865
492465
1195726
614368
629364
590995
419679
631651
433281
655177
575906
496440
394859
673336
472333
429385
607798
645217
546086
403190
624892
591041
626346
666830
610605
459569
480801
653010
409681
425397
536973
644624
620434
418859
558345
481232
500214
494146
662556
2928636
680937
543053
576969
556053
470243
463773
428242
649503
600521
517588
619208
473832
665178
702413
631039
400726
468116
587426
590631
745748
443663
637600
638765
593690
439029
639125
591336
510273
618152
466163
472113
631096
545703
679930
566266
581197
462924
586061
479180
657820
543857
596293
696687
599381
506865
724977
624621
462435
696891
589533
572410
678796
584565
590707
498950
651260
391622
545648
561728
615230
611664
482406
594397
660193
2090519
631874
693150
2177551
582643
623510
505275
625129
426264
629590
393168
612931
610080
552441
595482
682545
552411
559180
461974
600092
505362
622923
538117
528786
542634
577578
609128
505215
600649
523543
529010
535734
429278
619070
433695
552948
544382
423241
496854
578259
389352
487328
633819
605322
570959
583778
511305
632409
589887
721740
441330
615155
584973
662692
627302
643836
522098
751437
825936
582863
595615
522520
436993
652850
591912
580404
579189
566606
454956
501283
605987
569775
579440
588158
602374
615457
479494
582759
576702
473680
697479
624033
579206
622164
1260895
611292
538569
697699
489871
578363
629160
419450
472810
504383
550713
614421
431350
530036
613353
562400
423459
610443
571458
610579
693336
495406
447767
606014
587025
555377
710028
716818
497661
727162
517274
425822
430736
559948
640977
657411
453530
625634
642101
644239
614995
577069
706502
615312
525026
618766
546964
2515337
435603
646016
588629
778776
532123
422606
549527
647496
636087
626746
433752
684823
643155
600211
438488
593755
398169
622847
482134
585638
648447
616739
685614
577497
636868
492674
447301
637395
591109
420932
488963
578672
573538
501860
562584
434857
653675
790833
512676
607734
616824
451424
412916
385739
445512
573991
405658
682259
391581
589972
514930
602425
627819
705207
422228
605081
690980
453200
725062
613750
420869
616535
532537
546025
534342
636463
476446
699696
655594
697648
633296
618534
579858
643935
519886
531852
590335
724321
610190
570316
514407
596904
426054
494431
599367
595183
620492
535887
3402441
597962
633928
668964
640755
552188
716823
572505
486191
615809
564657
582316
437018
461771
597686
1042111
459085
517503
677412
502276
597380
468646
581856
600079
449585
601491
673885
533922
576490
490972
703042
630357
622699
493534
366495
625030
739521
407254
410324
628207
662681
745239
593559
425548
521229
619166
553731
674380
662947
516582
534925
616322
478022
505468
582789
599949
646208
592657
627394
762391
738859
453955
619031
637410
645978
578727
737284
507225
638945
484226
447321
692493
532106
627790
469556
638415
612967
795980
665247
621951
668273
563761
523253
441031
514306
601124
470466
619775
573706
6719619
561548
589306
456948
570451
688388
685728
677708
492489
587896
625602
683696
669630
451640
596817
712317
524374
633139
594445
648085
650480
535988
517011
715305
455153
435990
476968
449060
589766
443277
690614
634609
638331
591173
698978
704956
594866
608870
734216
578743
885807
661885
615001
637649
638864
596828
2943062
433875
672319
557904
670514
588148
706129
658034
664631
1073528
4968963
624368
556685
628833
649297
649043
636670
717645
432518
721138
633685
522709
780169
617573
1069014
614556
704600
515305
648709
618199
624342
652758
676639
473539
458454
609644
457485
475695
877780
628597
781023
629340
482656
524320
624060
546449
483075
413573
572143
447034
692391
408715
449397
424236
791083
523224
548627
412253
490383
593792
703029
640734
619660
666288
812590
582782
592264
404221
654153
721489
639756
535297
652858
625854
621353
415683
730592
422713
757788
576457
634739
648153
411329
685365
644992
457964
425787
555724
565291
402840
542623
433860
474509
640989
693049
619727
569620
657713
603839
658663
663804
535494
644271
547331
434749
526480
632350
424351
641235
611506
586849
425476
598216
608712
615069
832825
522452
551627
492989
1203754
597013
709215
776516
559952
590838
603759
612550
586974
586024
630281
646428
390952
598580
436943
605676
677871
439315
570847
508436
738175
411151
551433
611880
533804
463223
397904
501349
516571
756273
436853
608528
632985
576022
666752
607745
651512
463897
779607
432942
559405
579965
500596
459603
556550
410187
613281
443984
685669
682429
576401
594243
433743
676887
633570
542896
582643
620357
599712
629206
511990
601952
647133
557270
681004
571578
607070
640979
540256
655600
851212
620611
642245
577180
477652
708192
524707
601279
632264
525386
558489
451195
598409
436682
617519
479501
544158
510528
640885
683494
753913
604539
607585
444166
446338
737507
695115
399407
606799
740363
479031
635048
457843
543911
473430
476795
607672
624303
438362
452555
413650
618000
484252
480127
728527
652860
525599
532047
617507
676358
425449
466161
461552
675354
591458
594320
664251
449246
483234
871529
612656
557666
414960
659467
615804
634679
457306
585774
641377
583940
387198
723297
578952
452729
578062
681648
736741
710152
409869
623350
607934
585261
543625
608160
542601
492505
479426
588091
440401
644196
556984
585302
617941
384026
753144
4656160
434483
524275
597404
624876
578338
641507
1027278
950377
601071
569822
581159
422858
372897
621186
454482
456841
406094
357190
542635
543272
337075
475351
381814
475531
484575
503990
427858
494152
526499
535917
549150
541731
384407
538393
550674
430645
407056
582219
401880
587503
543768
563382
617743
437879
629395
591511
509142
424621
598639
626114
579260
598923
623355
529636
594650
665972
617198
605170
623067
373769
489572
487492
649120
549671
586320
558545
647475
491580
494359
455270
503113
537654
633642
568618
461829
590742
395612
670962
419173
413075
471785
406871
587757
755272
770195
583320
527095
448628
609957
629462
435026
470503
676501
470466
501061
540567
693065
622446
537958
537773
716545
792416
451826
757411
610539
457144
481002
645986
1123989
543932
557728
625817
634492
620294
1346712
602724
395374
639632
593006
551002
581896
619905
457865
630756
596484
403267
413453
649463
590946
631064
583974
638667
629826
646095
658525
667942
519218
610681
630825
652339
609247
624782
488582
1006362
471313
656530
700481
479704
509162
626677
608180
648018
479403
735490
603087
603019
624420
570789
686880
635699
430168
454761
593853
643823
581024
703005
583737
529933
687958
503241
559543
667032
493892
672004
592461
585399
594256
637686
1070139
636085
714807
498022
551371
475845
608726
596577
475130
557963
552947
631975
587306
659165
512268
429033
531416
671960
450918
442034
645769
499096
616010
638174
422178
664617
427166
434750
719759
649492
609688
683226
452289
596657
502505
762291
432313
660914
397295
516078
531801
650164
701515
656204
404243
587817
615382
608086
504801
607123
502688
505449
528183
660986
627906
603674
1990482
468863
535956
612666
609501
612432
610127
633055
608679
655458
639743
648376
579715
616846
594540
438303
477480
623356
466215
609188
803445
646545
476907
581215
633043
607624
564541
632156
473219
623370
605564
535641
679845
442687
626713
627474
568304
639735
450057
681886
645422
621374
514530
536540
742547
567726
524275
616136
451593
609155
631651
606911
593607
653181
396992
608957
557782
618990
661736
595597
578146
514935
764899
488055
615164
654232
559608
456390
614638
451756
623827
594406
471886
659622
658132
434842
631673
459983
704878
615328
660212
655478
516627
451914
455415
483081
619319
477096
529223
414883
509671
702265
631156
611323
449907
601903
552280
595644
488981
594890
579704
692735
471325
584323
441094
565332
463465
569459
429413
638418
616923
625828
596288
487911
419920
590379
630818
609001
665282
656458
621444
684958
441052
633643
633365
618355
459225
448090
572149
505996
610307
496598
445783
619194
471771
594057
598251
1001319
534615
602986
586059
442286
656969
703649
614089
651450
1504415
534705
606760
697324
840628
670794
523870
653078
645973
639704
621722
593743
762636
697046
705681
639925
585768
513699
408993
568854
619462
590914
473867
620346
412537
630165
533727
643994
644474
610465
512202
445310
597897
463447
565681
658979
504545
602513
595637
702119
604455
501725
510885
614042
597219
438320
602048
574130
435379
535028
552564
703808
700753
467237
626273
690712
646406
795044
609479
434000
653440
467603
548148
549534
522524
810903
515534
639702
413992
2276900
652912
506262
562107
562786
439579
636369
479858
418071
489293
622256
439434
587544
565731
450379
710808
553945
552415
483331
632457
550831
619578
475314
582063
421037
432755
656078
625641
562728
505560
408670
664389
569762
598886
573181
685597
696826
951019
412097
668895
453383
645432
481128
447387
525502
513070
497287
544527
555037
542600
710098
663164
609981
523331
579573
569144
575341
605136
648882
443416
474762
622595
520054
811484
585699
625662
641694
528443
642105
602214
563827
591081
507566
666700
624747
704181
458415
655220
648067
585105
500807
478764
632478
513555
444385
627916
514844
491029
438937
513305
562336
637024
601900
629041
610448
628021
450805
442692
620667
419361
635024
690914
698789
674520
616740
669575
1371503
593331
615464
636550
616674
623402
577470
679428
628477
500531
533796
566750
593235
620860
615848
637088
649884
653029
980067
627952
624636
696625
551052
664992
622579
512640
510015
483791
586223
517338
470233
630416
640910
613270
650846
548480
702220
424647
615609
610524
597917
694424
554290
700816
609415
938849
634709
448748
484485
620507
561210
579411
687304
665742
636303
731784
458650
479789
679981
432324
646355
711882
617893
601949
713518
650732
565605
517198
497872
476070
648576
610156
608014
644254
710324
656440
686375
691702
606258
445841
634161
628794
664058
532046
652502
698796
595349
678583
752178
634039
609049
744185
675269
509642
622715
496105
599374
651891
622777
579196
539849
627102
671200
697562
743420
530362
581693
508644
745720
645341
627390
716997
737736
628550
610452
714161
560670
609023
587307
612340
542031
705443
720425
700984
694245
627206
696179
636037
531501
546535
779968
685775
606356
641773
600481
650298
667655
648871
686191
745193
635566
652929
631925
640629
754303
1447740
536312
547188
582979
667481
619790
636149
557095
717662
621938
468283
522701
645126
607926
445283
625815
781665
620875
696753
580436
619942
675045
615240
632234
611792
602325
670205
632101
669493
582379
460183
665508
582576
688237
546338
527105
796920
645076
660822
638740
521332
598118
540183
596044
639850
653938
597788
697246
762498
638232
415248
626148
566251
626070
528283
583794
620829
479305
701775
581027
602427
650701
688619
622441
605181
567364
529480
484243
605413
706158
629801
608912
718949
642876
637300
656724
424112
653690
587371
528608
623625
405298
639983
535719
688970
989148
496659
697161
603956
670268
509969
433938
604378
668519
589849
530382
559131
594534
548364
662622
693804
656195
661975
458773
440164
544462
782159
617377
563918
651956
636383
649228
933845
641952
627565
716618
661463
543491
635047
623686
568075
663008
549809
552896
586632
748692
470145
518352
588559
643321
690973
646288
439889
506658
484575
586571
424103
581122
457365
8482507
579241
630510
536700
714167
572622
557563
608796
583862
645450
686383
651013
626653
480605
642647
439317
530950
693092
482094
641237
596053
743965
676314
644421
828284
498985
625742
473429
604695
427778
608246
489407
623279
618823
654541
653522
597726
481556
1071272
581769
622778
697895
431795
616289
563508
587313
595364
619822
625590
452468
657552
646611
800695
566094
517070
807961
584880
468916
581558
462927
631531
589782
684988
547500
623769
620543
529259
641842
538892
756862
625521
459525
623930
532993
593201
680233
642205
663534
637272
498564
656719
728074
598707
664187
608691
570907
448600
617173
500937
595997
628147
621113
502443
645043
556789
409418
652930
477138
503818
674588
582115
773647
619586
605660
473731
461601
657935
607257
513047
623202
701187
624886
519667
466773
626908
588396
680556
617650
608918
564276
485406
612309
557301
607503
627506
603863
691734
553460
704359
459840
581987
448592
510106
651534
754608
455297
412793
653863
610752
601909
643335
641613
501267
588793
617185
644678
696509
653492
580650
581015
631409
477735
484617
497729
641971
596830
583704
623448
439883
602423
611275
702870
777818
488796
662755
611315
636673
505822
643400
786570
674492
551912
776755
524156
506020
517823
651762
536878
701504
469049
653196
674042
470933
666103
558973
622150
756142
483426
593208
537099
560120
489446
626528
524443
459817
551995
406465
507777
582872
508260
476345
519721
467385
457595
480474
392191
1955473
465083
484975
496378
424898
296539
487120
1383782
463878
414837
556168
451928
507783
493946
481531
546534
576477
502905
460615
534375
442389
487800
452348
540241
494982
647396
1061024
519233
547899
385792
519710
673823
532115
564583
530322
695145
568385
645992
539034
629841
558070
529191
638920
598825
606651
444838
607438
379905
572211
613127
586742
423591
583061
451475
521113
442700
588932
732252
548988
595220
451026
421597
569731
401037
533586
566577
650412
737668
565815
573357
618990
590864
597255
727273
614141
519131
568386
632279
615422
543126
1116830
618725
475184
573313
672561
556823
405764
594350
566720
487143
714187
636196
590964
552034
596393
537036
565902
484893
617473
616880
767441
696367
643448
415876
634378
535059
452627
570130
613156
559893
589348
487430
559196
693600
613300
618833
597071
765056
592613
693610
491015
500502
597974
587726
597436
621603
506997
660776
588164
476570
522160
773029
611208
606944
611037
614322
415353
590828
491129
682487
651371
615746
651184
534511
4487676
610809
529433
430522
599617
616963
643409
632934
413622
754069
586709
588821
389491
501160
498064
532974
612497
481340
634175
463005
607353
627387
644431
679839
662409
491995
572540
615834
661597
574840
724114
579063
596763
423535
421967
507367
626507
458450
723874
661522
672293
502307
654767
608371
518507
613547
606136
524856
595435
496884
682961
627398
469891
581208
643910
701136
619552
708522
451213
674864
551426
626223
623294
565849
615475
607139
622953
842310
678860
509044
604688
618465
578026
611979
647121
613045
557889
537171
613018
533444
593262
632435
745583
670525
591873
674268
712384
550600
521747
678595
511256
657064
620758
644759
431594
617799
655867
614731
622318
637721
629608
678566
761533
638390
600841
711142
642598
676736
2251150
718755
612237
806813
667475
680435
555218
652001
540823
479432
590049
647039
689155
671483
537057
659811
602464
825856
630218
771893
641973
606867
703396
657031
571280
806858
568683
571885
695430
603789
622707
449455
622418
629326
639992
592984
599623
529165
963563
709896
676873
623545
600213
624502
705188
600293
648654
598630
630121
604766
628191
636236
639198
3289514
776398
707781
575529
655606
586829
577359
503019
695973
656323
573759
604010
593266
424816
654823
615661
612016
610205
629434
608435
728198
451567
660086
576974
474783
705209
622062
615465
627844
689416
885279
735272
532511
525181
634936
671759
713179
649568
623867
741120
716276
620123
626697
702340
612843
634751
735101
618301
622420
530758
1072440
663374
588241
10282557
669634
632281
644176
594800
499858
589741
632831
539996
598048
544674
536657
698045
629643
882296
1115308
633218
651746
621618
637418
626687
435623
654740
679222
609870
586627
745373
443743
616601
608396
595539
648234
608939
1050499
652259
511909
612819
631214
640226
446616
576692
625336
1439329
510729
676489
720324
617194
799231
438890
674624
638549
738124
504389
646857
612800
649455
612825
619429
652502
542143
648629
656012
433615
613693
698931
708462
677545
727606
650058
523539
591484
594799
673208
2222070
725475
699083
625955
677517
704172
722588
860978
782338
650829
440697
665957
493121
621911
741901
654098
646735
734358
629999
707545
662567
624588
542537
732936
689792
968822
584838
615085
619777
757416
650346
723237
637078
592672
584450
602617
510084
689803
629815
595802
628076
570426
563585
427075
813791
428024
522610
733502
728276
582549
549259
626441
470829
654201
610315
626343
725549
437677
571451
648855
618525
593778
396743
497968
641391
464428
917280
520260
647769
595209
611629
559774
519192
533088
602280
515413
584776
601488
594566
560811
541971
597142
571470
480440
420576
554316
500804
549301
585751
488916
412681
590001
586461
597911
409810
537554
472538
583427
486804
552551
532318
621812
541507
469061
602913
1504452
605784
512867
703889
680340
593539
577723
524150
618406
482533
439895
552366
607538
646222
2983259
375661
420393
417631
648454
550968
390912
575029
575445
581594
469763
517102
499117
559818
395876
421424
510793
395089
558525
389472
621000
464583
557166
595937
633020
409976
615931
497629
562295
651632
521930
676332
618580
551543
429681
586289
580134
585739
575733
446108
560616
561497
603120
581095
606147
483389
430840
718971
429939
564520
709710
689193
466664
584197
575759
569272
666773
568676
426048
653912
628574
622345
533660
651797
559670
612504
533596
602923
442264
536120
443742
594255
580194
560126
616561
614348
464574
552394
605697
604854
446169
434487
625272
567275
679994
579768
582845
537378
531370
654135
574175
617062
646322
607778
640751
1125622
538927
592234
551770
741184
628387
633828
483629
580433
514301
593901
570156
548959
590408
583290
438820
615346
467228
549881
668865
538005
567023
598166
436863
693478
547216
597298
3504039
532232
614869
837491
532527
608607
687033
854440
433278
596068
494484
624726
539414
555341
596741
669834
572298
558944
551423
554553
644918
579948
423790
392722
610821
545475
587256
542544
557575
343481
725305
608342
574394
649636
549183
595532
505544
497094
571806
429473
456650
535115
614228
539280
471243
549462
560657
586986
545577
566695
531336
605229
542153
578330
584649
668243
587504
572071
618569
489121
572203
557712
602293
591563
434492
547466
469290
600412
566594
580779
541379
1924713
357205
442210
393484
436822
588444
564681
600313
380044
453383
566341
445621
426814
372211
649271
575654
616055
598466
457033
505024
400349
685300
602770
547576
539230
406545
550691
553754
444864
520709
717926
537857
578172
618049
376753
492816
421787
513716
564236
554593
536323
418420
573767
575054
528553
652462
540051
605221
630422
700370
431251
634217
495766
589968
588987
575420
575690
655865
574652
555726
511064
498756
381903
598617
657723
659441
408094
505088
608805
570565
395823
601851
435019
548155
441583
534767
609391
622843
606714
509912
561494
643618
514183
597534
568143
544016
569233
597592
457622
612006
561487
615181
857741
592043
1606369
606513
480889
597454
605452
579740
548867
577578
585969
404067
411529
555572
618066
505436
536599
598627
645615
534584
523972
567925
562911
518628
562157
544125
557327
516385
637671
500059
606780
334865
348065
542050
587172
368568
553802
516378
416698
395901
1152569
399549
543493
563789
522390
361084
540252
613203
538765
549225
608022
480814
524872
479175
653164
531587
563606
539594
644874
371575
521969
463886
584454
614343
385203
526707
549600
404652
556907
560411
547539
376265
484873
496661
547063
547759
486937
558557
381561
525678
514157
457564
607688
463805
881074
519642
500654
537028
536774
528815
601855
579305
507259
573716
558818
368106
345768
397337
542107
558726
529539
561131
636519
513041
484467
574347
527858
434878
541424
523098
405414
712988
526267
548219
354502
666557
514141
498016
513162
489508
594198
504603
554952
558809
575455
549503
509015
520044
522553
384970
467494
536993
379955
512269
566140
553013
519490
529820
453485
419374
515561
563778
568939
457794
433918
557776
598113
593017
485988
432711
565596
572691
597371
582834
1103116
735438
547093
446455
520957
339013
520600
538782
513788
416313
567157
514967
397935
367172
446861
411370
543189
544826
513401
555186
553071
555797
495943
621535
614989
620671
549705
538721
554867
474166
509885
413591
485046
499077
535279
510226
374300
609494
449943
437457
529134
580592
432542
545462
476641
421355
594094
548195
562294
512995
434416
401096
383971
385681
567699
673231
498905
609475
594283
441615
581144
635802
625625
553482
650512
606416
646987
653558
582433
605010
504431
593252
707590
655667
608122
533014
409738
629943
668006
1998211
661175
646229
785445
657945
539934
548373
620131
746998
742654
626843
708255
759468
641561
645951
682281
1223731
552883
666225
646076
674243
699343
752600
650901
620598
688499
584577
785073
605131
651992
734396
650813
722313
503791
520364
604513
689346
677978
703106
473789
470393
606458
576204
613580
624435
628317
629553
502266
536234
413457
625198
449908
640996
757458
404902
657138
704554
594002
574979
703588
636172
492258
527999
639082
456996
513918
688295
672552
775520
491121
626923
583822
754417
654578
533771
617294
510741
668970
673370
639669
749596
461980
586811
507120
588824
671118
519993
723398
562806
672827
680798
420382
618089
596697
644816
623595
628001
665477
490978
637526
631881
532318
663066
711023
760284
627101
618618
604255
756376
532940
647167
455472
608185
660844
641588
688076
406278
738062
436579
592079
572544
628034
612394
456514
622299
584430
457348
491217
383897
380552
392702
422474
452421
500382
518975
403190
595495
634702
611660
570559
561388
549668
572536
533177
441729
443732
453069
509263
418993
399165
527631
508206
441805
541735
614980
646226
591057
437080
646428
533720
604900
439449
650985
623503
626215
750205
692481
639135
730560
630909
679496
693028
671642
627210
597772
619247
630028
621420
649787
663166
591266
1368866
681878
720725
530343
634525
423228
539128
490947
564615
641316
511601
627955
627303
666658
599941
519707
478051
678559
532390
1462180
690280
612539
434911
518437
509119
605213
499907
863879
606338
654750
510047
601489
480199
591896
601027
576644
632702
614899
462544
582096
619106
596370
638418
694004
607044
696215
627061
721017
641500
444263
566892
532400
481046
534227
649173
582636
451146
505971
649415
694708
608488
496294
2607080
573271
511715
545332
662086
628216
659170
617825
480343
691252
552860
471524
452533
459122
422661
618057
395652
420210
708890
4299556
611971
704027
577858
415858
738556
766788
522066
529154
472577
611604
663388
641617
681370
718615
596136
630638
685042
610866
642692
620314
574152
471790
741920
631519
599375
639979
635711
732408
617734
961272
602105
481119
655929
642146
691903
588376
475741
628837
555807
757212
646660
453102
589921
451313
614308
627563
574347
579600
625154
681955
595615
432094
672813
652904
605677
416808
607900
421132
766511
567492
607143
622199
600881
537596
651535
679188
654509
2227042
712309
688047
623533
627177
636967
527607
606218
633974
644581
689124
722788
709535
599038
622281
658635
615793
596170
653832
615757
501804
447637
558820
615257
623942
557886
640364
651422
657193
569927
660456
426666
585682
622946
442754
649945
620319
504194
655785
478483
663308
581633
630110
490141
633734
649329
416891
655956
585378
422628
626230
578797
672646
699808
689843
594948
711778
612387
634963
606582
578727
591936
505623
672081
606116
759531
620729
652412
451828
634743
512790
645933
747514
674171
496627
465295
638453
690616
691343
557736
636558
626659
628243
733930
630912
641939
725009
622811
585106
657049
648519
663773
875718
550965
685834
621734
575052
652006
764748
683655
454940
635824
682993
594515
642880
645830
703156
632086
655004
735119
737287
696940
639992
673900
568864
512208
695294
557612
491193
712512
598160
675482
1046096
670307
458880
740862
466431
569055
632080
727192
591354
479328
520219
625648
416716
625415
613955
517519
580184
639511
451060
434441
490282
648549
453648
614402
659485
516743
631805
453084
682739
577328
693687
1659165
640040
456326
586814
629619
610429
522026
696041
672194
597186
426801
676686
648611
662524
485655
619732
666782
640882
533432
731481
591545
650732
632218
665578
501604
452303
640582
584256
659987
578872
637870
606637
627991
624734
441654
508078
417624
638421
591049
597319
630409
888563
684855
623420
704362
548511
442058
642138
553095
434513
534493
562014
645205
683312
459443
815697
642399
427675
640965
807505
639008
636637
435033
486679
705973
657706
636374
672130
652298
646028
508342
676138
630275
469221
652754
661595
435235
634420
617301
607902
479422
652055
446864
606471
637387
478437
609313
563865
459386
631830
614288
421010
529608
638707
451763
462609
683625
672917
662597
608426
612901
6299527
641004
583460
499698
429845
559556
635860
411316
728374
607936
494580
545811
640015
666891
740123
634431
761995
656422
687999
767476
660703
752962
420817
504642
660206
427569
417944
621593
609242
469375
614531
507072
567626
673171
432005
652008
2278353
599292
635835
618909
432611
525074
633723
634520
606119
586731
610294
582846
458991
432945
561531
645396
641769
520148
607791
631862
452920
631001
580753
429351
914419
764752
677882
647207
699385
679847
609137
696145
595487
528299
627661
645968
664283
646806
626626
645073
609896
601898
659577
661912
465970
426987
574091
460653
437606
654283
600313
642410
685082
798813
678892
704853
647899
554287
414349
612225
660182
656719
664710
501688
613174
4124952
702749
483721
915375
664525
739980
717226
631102
428930
578910
440044
640659
604835
445630
498738
609663
713562
626505
647083
544098
645217
707785
580712
696751
690334
549780
528750
540647
616012
617665
619004
599229
459836
525574
682312
419501
710186
642388
473469
650382
440884
452634
628967
427962
623165
590452
585629
594735
581008
640413
429318
567898
465737
533952
540088
476981
658533
660123
627569
1242423
641983
592103
623470
626088
663530
503319
623823
495882
519031
572986
558608
700584
634953
658026
569840
619358
510125
564537
466287
674498
518994
605690
591802
708871
632968
651163
591036
631278
597535
618543
655743
648377
596606
508970
627288
559990
497567
588622
590575
471154
586207
466755
634178
590687
561255
636407
477673
497540
599819
667870
612807
723327
662175
605934
646888
489508
600677
500090
615442
7466637
641490
556174
430235
487482
593636
636736
541121
629500
613492
545665
535985
645412
703522
652017
607148
407932
651031
639046
647559
656026
637057
1314054
653503
628104
531042
469490
650086
662506
583391
429344
488765
606234
650372
671931
556443
585721
611328
633727
658387
501392
666349
790823
695662
642115
744540
515254
458778
423717
506154
557553
399493
593793
637560
473148
734422
569867
603713
671854
602793
636448
463156
521582
599628
617953
635020
499050
783435
621265
424786
501380
576861
639752
457812
619119
611353
543710
644616
626641
630234
659378
670093
628790
579778
622244
601187
637422
707831
627037
684924
537602
649462
659603
679276
489093
627844
608796
432930
606602
652033
647400
593268
648421
650125
583389
645867
425457
644343
681584
611517
608395
454924
650623
559540
641724
615641
597421
626730
617971
629628
660826
552498
664193
653085
548436
663911
420155
619359
884036
549623
597606
700544
480090
682102
524008
630871
533650
604454
684776
540288
641426
621076
675804
667014
684532
493986
635689
535345
621072
676108
623061
444021
682728
467209
503056
630067
689130
604899
639246
559505
809477
660487
642358
603414
689992
607634
494279
616266
667200
658052
667279
618906
655136
494609
720494
622895
495954
686139
631538
600215
1468602
614190
672021
664859
511527
585652
450087
631089
613492
502523
825078
566607
590776
528884
711384
674229
644254
651982
645840
511681
619188
864823
603339
648377
650720
667128
679317
591891
626889
617874
625664
659604
613536
581342
673251
576420
717672
681592
614839
511241
523691
649563
584531
617045
633872
640733
632911
587224
677868
744301
685987
561771
506102
459204
602832
665762
691877
718490
702899
589634
641394
643743
630947
607653
602337
673448
785715
515787
621345
549420
650069
616668
480916
547692
425660
631978
523091
517960
609299
618283
592068
473199
666920
471721
605572
653304
643254
1953729
637526
701806
763190
550036
610948
619366
538064
640670
633109
595345
501043
595079
665457
635293
734583
619612
677329
624310
585268
733258
649110
610308
463056
613396
641898
604315
635349
600567
539292
483568
604527
484455
659073
511806
1066739
615204
603986
598782
643455
599283
713379
745712
643603
639418
2777639
430968
580593
662934
727211
643165
649457
577001
625446
692919
672857
584243
555237
605184
618822
704007
616799
630425
690807
513619
493617
643391
636614
655016
765589
702112
603856
648095
639538
683985
487526
610957
658112
571036
622091
651159
684073
629683
538472
801745
614920
563635
668150
1345029
792846
596810
645012
658613
649725
584776
568272
2185254
625873
516009
624133
605706
546114
607245
569883
586383
604717
676238
461805
620141
588317
602187
496361
507607
633574
617396
551550
398373
604585
463409
600831
533563
616650
668878
542904
646063
500014
548262
593555
522883
418117
512204
738115
613028
625703
725817
607776
630805
526688
722246
550501
707575
754676
587459
728181
587986
518875
600013
475661
629240
624018
494424
635677
660749
634793
690304
877556
656375
649479
713751
608166
522983
644927
600855
595263
659756
600487
559308
735628
578879
590621
611591
569103
647046
596606
771355
778308
580050
651985
712659
548067
615760
1729780
684064
619292
1720179
679082
618100
670542
447868
501991
571499
636962
630068
617905
566935
662731
605649
608560
638538
652517
652928
689596
689873
568418
479647
623211
551281
682144
609212
675110
532804
624588
593333
509098
660639
578327
637458
424232
1748207
680566
573367
640353
543219
663083
662334
438553
822237
714150
1303402
597454
662891
594676
589422
595352
672974
616973
663257
749418
653663
646451
584971
615509
454136
631982
520535
495217
612818
455788
629332
624090
621701
639861
646829
620000
630429
673779
583663
535195
684627
747320
673185
661614
512427
654451
624388
685987
520857
518600
563698
432952
513496
646388
667713
585900
840963
819858
587826
701813
397854
622142
617458
654360
440073
637842
635595
444876
604004
491736
616687
627116
503951
577495
692947
5023636
709416
448341
571301
738880
655356
614635
685199
710722
633974
679247
582523
1592070
631937
650781
680984
680099
682782
476024
664136
575432
593859
635875
657246
612463
515352
615221
655037
490757
562062
603519
596756
562956
647549
626824
525935
1024284
818134
624186
624243
690389
623755
674737
572322
609695
599889
673838
591519
616747
681681
597087
603239
460212
629569
490146
564823
625263
943257
656774
708496
579860
710655
637301
664842
671572
567569
1564579
1262133
501966
596886
513885
718520
617718
716018
563957
701952
572962
666337
627228
646056
634972
668019
570408
622156
480551
609039
512130
1014778
501576
645820
616201
640023
624804
634508
632304
622052
620783
559353
641192
593122
580791
688771
652148
659999
657855
626420
572509
664910
761490
671852
559680
623512
619612
651019
729464
529578
642777
623926
664454
544484
627354
676442
634746
633019
610231
433807
636741
659450
487171
1244931
995981
570911
664328
611822
487003
611548
714208
662080
640303
588792
655068
687264
629927
662650
600910
707869
601954
633925
3319666
737017
659412
590906
650930
592087
601055
685884
505979
671646
500960
674546
511074
578220
605210
686531
516004
614470
652601
638628
655140
1182545
897511
700543
480042
610070
654352
630519
618078
619947
621548
640000
498462
565960
587390
657904
694801
765869
565427
618011
588178
639067
623000
654835
697203
553619
673897
584068
542544
647810
636718
662972
638808
621134
612114
565912
634617
683799
684905
502198
673675
490925
687378
747905
662461
1806338
590135
608162
711364
500101
713696
567165
668261
747308
692006
667218
742111
803186
707280
723863
689993
723933
528301
735295
697356
703295
648107
596242
628597
677782
647601
521483
745378
812723
746060
658723
700936
751183
666353
667020
593530
642842
728212
798072
686499
518027
608238
804815
606731
542988
647672
625850
679387
561555
474569
715455
674103
662547
488288
667991
531134
678828
672045
666066
832414
589769
681441
636053
642573
613083
627572
646602
707785
571195
647491
439853
614406
2421349
599058
788195
588311
604673
605447
822253
581907
637864
614198
613597
597277
610159
522137
1076790
641979
553545
611376
709143
720019
630636
596976
665479
616575
640958
603110
685958
1399673
627154
1702755
649030
4203191
664527
712174
704740
668143
418785
606528
645330
656752
438428
672021
578391
650823
586881
623207
548159
584457
591203
609806
586705
607711
614956
712906
637257
573075
698986
593311
616419
417376
583060
742171
499589
698115
681420
597755
608484
686927
636636
705855
509317
627497
1667267
635386
714195
643930
679999
628818
645011
709602
668710
524507
637618
570095
664917
736403
441107
600461
667786
738838
607093
634980
660836
727743
654018
643077
663927
687733
624916
657899
658553
631084
657682
709104
671873
682045
685153
603616
711598
637728
667509
617602
2357242
787262
798392
676789
827858
4413344
717492
597872
574271
671126
680689
692918
498018
672961
717137
672170
640938
584544
759740
647183
752783
718785
638780
641885
719419
762990
2019095
624575
639864
762756
594962
567526
650826
623935
774446
610395
432515
605310
673600
677941
803844
2046539
618700
551077
827944
746891
639227
541067
604677
569537
526129
516262
646785
827426
649973
681522
637155
525044
609783
721640
684286
639866
565497
680954
603792
714611
605585
642585
658689
660603
630417
667679
545992
605158
597841
629577
682963
654097
454655
669222
516841
709739
621220
556514
586730
627884
658227
719529
625437
657655
687409
641042
663731
517849
551760
625757
717880
399231
672585
527004
652896
664459
580557
437954
664057
557417
678829
684333
440243
464800
709482
620721
645717
537347
625136
639059
664578
1511205
497127
633975
1360471
662720
622852
675531
669849
667931
796821
462651
757503
502405
451992
731412
653758
703635
681293
632396
654359
699242
679274
570885
511995
591496
888810
761209
762478
652673
696127
643034
522554
643370
629866
646415
785009
656509
633664
691093
685466
642461
669185
494512
644664
698248
505739
689642
702908
633537
657953
618452
497486
459078
572179
618328
679159
605818
742162
639306
679057
691247
596863
703702
699399
523829
530524
619889
509957
570116
645278
555851
706050
481506
480786
765398
530934
584555
1772171
635887
588174
2115571
653207
463868
678395
594440
677667
592454
532214
738496
642374
590397
713763
725990
623681
587994
550941
694163
964450
2668363
657618
565526
685450
625478
719072
715916
610413
624769
627855
630330
572208
640010
609880
618335
649847
762141
823481
569532
583600
4566385
510362
626881
447943
592207
587368
440931
440326
592721
594631
584718
669514
410517
592650
629320
626332
461360
776310
451762
615808
575741
489174
460973
594416
492087
608387
442602
558012
604679
632474
566600
609275
448399
612642
595144
690805
630548
584812
580481
603239
623776
638533
675875
478923
634785
570292
1581162
547256
541857
581313
473393
536805
654812
626293
545278
696316
884565
644387
671372
653334
656408
461167
531496
650355
538261
444730
626138
592488
620565
645434
595784
497708
577197
527271
643868
629366
702488
526150
548064
1626104
417551
710708
552900
656062
603079
611874
702441
630458
624359
616672
563617
654072
641958
519935
455192
700247
674164
1106123
644014
690409
659685
598808
558019
596956
551901
660997
591985
612305
700084
586932
441556
648036
470090
421331
420820
461816
580069
633059
661884
549580
417649
418939
605552
636243
670315
638911
496473
649050
539842
602378
571186
506673
571025
418576
488764
516157
535479
499263
456217
652355
613130
550960
645826
618138
531339
552089
647244
2112625
580317
595719
645821
645843
2617458
643179
594641
647954
613477
653121
626267
405580
468102
670801
752058
743426
463022
469722
632660
545681
460336
590856
602776
651082
560702
492902
498859
582358
573758
490474
582593
575704
617785
532234
436510
1095097
577914
503876
643742
579917
471271
665183
646056
485912
557193
641610
556736
515997
661215
607428
612308
638416
484905
531753
951963
611062
717826
672600
423136
542114
650519
610212
577166
584641
689116
590403
586028
605323
614538
831565
531012
667867
600697
625915
556078
671721
582355
589530
417380
571408
425988
582122
576854
552939
590065
539069
575093
475359
623969
563933
539880
579413
647061
686775
516706
643480
579240
632008
532882
529752
618016
388525
488540
602970
527366
622703
711678
532366
621490
627583
646421
528117
616684
451211
428128
647416
637880
560105
457184
709130
510296
466978
457757
571204
480674
435799
409473
658579
626423
496270
719759
949764
553688
634355
650595
665697
520722
486330
606192
640508
507841
614323
674336
592781
411808
547824
445203
548830
699861
578192
624563
623955
573295
527472
450521
613956
638884
637421
650349
629914
610861
647376
574313
574215
635786
681415
629398
573594
595993
668294
460422
613812
504099
564230
779984
492753
470521
584868
453981
568714
663911
628034
1122756
612370
572218
593210
426506
671768
543450
621425
545905
605365
644256
643988
495658
712034
498904
653995
640778
641123
527762
623486
626425
721703
486233
675584
669257
661208
625419
642294
419483
559542
612536
584519
520714
616028
628415
653118
623378
427292
536688
396411
728180
653949
440776
635161
693301
637395
592359
833637
588926
613052
706016
639751
445706
620694
458872
662413
578373
639113
429919
943386
535202
624009
817401
600450
428006
627443
643740
697598
411556
604414
849217
1002040
473719
657494
536574
472970
689595
928535
577037
712522
606657
676221
899939
644374
742384
773107
504836
510385
510468
538006
637317
432582
489759
613432
714402
590478
734226
686237
569797
551304
559489
464434
593709
654364
494587
648944
526697
540557
477198
625089
638575
584054
828989
487226
594193
477754
436210
585682
476432
615809
664933
564776
470240
564073
679369
492239
629765
465432
462499
675086
651572
760722
600030
462821
497379
702590
673890
626650
541044
635836
627342
666674
603763
604750
656767
624603
515306
608611
423831
464907
633050
669921
414195
401275
674884
465259
648379
629334
487715
470178
634686
631194
682961
446116
492465
648522
690947
451314
448060
455768
442720
684437
608674
644755
424370
507224
491148
695395
574535
761270
654334
449957
651809
743945
502992
631717
682033
767012
721552
743871
712421
720080
542233
477407
651774
776953
767306
587312
570418
489476
524914
545252
454791
707745
536271
499092
456934
899975
653743
638234
702638
610078
691823
456518
547474
557440
426408
421506
463907
648610
621444
683695
471492
431396
610003
443724
621670
482859
380509
650357
724839
494141
520744
698181
645478
661870
532705
529744
443960
434578
535765
674411
722943
743482
645487
422523
448852
396915
467768
722240
635830
1124124
501122
486436
411305
728234
708815
658840
618018
675569
552747
521673
417758
622090
435643
411273
478866
599541
453392
423877
527336
441038
455695
588288
688460
724783
667847
748070
654743
652464
621386
448466
406975
617264
507588
515629
497955
648043
447149
502895
515110
531192
643210
677100
439597
473590
515736
473186
635518
653136
441658
551508
420518
398317
555672
628416
453209
529438
486838
549269
642720
432951
419475
600250
440149
553445
503170
447240
442270
457852
674405
