200379
330799
451490
282062
965933
251920
302386
415684
283776
286446
5084273
274179
382433
269085
337516
541235
301188
285820
337657
407772
304744
303754
283376
290868
305123
315225
333664
213363
319030
267447
349108
330533
289549
281038
205121
257719
274382
381669
257315
284718
207554
308617
275347
527418
256303
318777
551608
300039
359269
336149
407149
307717
311669
288389
265631
212987
356485
257453
294127
403008
284275
301187
308337
272292
339468
261859
329648
374400
313634
341702
354847
319066
299128
319854
346930
286704
260224
274508
287449
336842
581458
376968
369646
328270
310418
291640
301301
303488
332443
452707
336933
452491
372369
270796
373802
268878
413365
361048
262947
269983
530583
323870
291971
356560
512316
326413
268273
362075
354117
237830
334461
283074
332525
414981
392969
381076
190353
326307
366296
307354
307628
281124
286311
314975
314775
356728
297563
331733
184017
260601
315370
296219
292308
297213
324345
272410
276135
274047
255924
333285
296078
392415
339619
388153
289725
352438
305220
573167
321369
301268
283860
311967
294933
352966
280528
200365
249543
301677
931056
242794
291775
296234
215826
508601
297953
310620
308062
304954
233242
323815
271326
304902
276267
400595
415132
467342
393814
331444
323058
381426
353910
398488
274706
315037
296446
314753
240959
307813
335172
313681
326477
370634
287371
258599
290590
359836
322719
291714
380768
3594582
347073
362255
372169
319567
261743
339932
348733
377625
346967
441435
380112
431763
323334
298555
541647
467015
348082
325578
380315
310564
358225
336018
305857
374236
285857
316993
368523
283626
259979
290521
243462
293933
304354
319208
394701
469953
319781
323606
320840
278977
391750
296039
1239347
567862
419715
281423
349067
258389
284883
502174
307389
333208
366599
336645
747165
344773
434048
345267
300098
295630
356474
280877
247373
288068
243459
293303
429527
301870
295885
292106
2385256
272167
339247
381414
328861
305934
288800
312472
306210
272627
331859
335421
393733
265307
332666
390225
368718
325854
308312
313238
239640
313319
320618
387867
376028
291293
294212
263320
314920
298784
345805
318576
315737
412468
369724
283990
322406
287392
282973
336168
331633
336408
363547
288922
395486
332229
333626
307789
353616
317350
342404
310190
279930
302074
330379
260274
363442
286032
286705
314403
304835
327684
314335
332699
390350
311654
393194
3263253
286330
342916
226873
380362
291431
435523
370584
331690
263681
550680
182873
327595
267943
318698
296478
283809
206408
313709
246079
257283
345953
284175
324710
296694
239481
322673
302974
341438
356223
368066
266937
387506
354686
218573
455875
297649
298352
293693
318071
300500
315035
349980
369568
341025
320496
283739
302728
353286
245601
305788
420161
414729
312581
358400
284917
324044
367130
341441
383894
328204
291024
312961
291179
348018
446655
315816
289290
311817
348122
321058
391164
516582
495422
518078
389320
265869
332913
333945
346514
299246
399508
273388
359629
309343
278715
283164
335865
272494
322275
298502
365288
457984
299238
327200
335835
378735
358786
296697
310975
284207
324493
333256
360377
340347
354865
477696
378449
343136
277559
255947
307519
341628
240689
297514
280184
349147
304191
209835
285962
417169
279389
323765
394156
200012
305930
366482
332961
293085
333143
295778
382021
382735
379717
317597
214205
298977
346971
446122
374020
310461
661377
281501
360799
324815
288249
294778
326219
283115
343665
287149
287049
323493
409588
337582
304645
295010
306327
336225
376380
307893
359120
310267
267340
324283
308820
290022
319601
384345
268954
289486
392048
333414
453312
319854
320233
306704
368785
282647
560098
311665
292199
301146
270521
347745
355591
312189
291028
350429
232218
328401
271861
288163
333122
278561
540102
221794
200847
368455
313299
355493
389722
263527
365670
318760
330944
335053
443684
344257
443347
364695
300699
280789
239612
325400
177810
260817
325822
452926
304752
230624
241052
389609
296039
327842
283632
287552
272990
252064
257934
298487
301220
271837
288139
303412
410177
390386
235467
602459
219403
280012
435260
384074
301902
258050
301346
259742
271667
271707
431866
352273
252188
314545
267486
316649
396361
229909
266385
419627
212884
266765
374176
305769
302100
282176
349573
318887
252610
408900
331780
268085
336398
182362
278185
291471
350791
301469
275136
287287
265077
749016
283180
281309
218554
341072
435862
247167
215898
302731
282486
278370
313201
257980
198286
256544
266174
223680
236943
298882
379247
198159
275207
317499
324973
460417
272760
202683
300262
318582
267512
294391
270251
244663
432194
314416
269336
246989
173157
189983
234914
229591
261962
306842
308081
371584
324575
352715
331483
250372
221165
297925
361441
324243
172700
287452
401510
303784
435442
195097
208591
576095
296812
390155
278225
531447
258442
338326
273543
242730
204049
288720
200373
337853
297519
320923
358050
255781
266791
364557
293304
290102
323863
369458
352768
330959
197924
330925
243729
505855
327822
263494
276378
292489
299661
249116
266285
271909
303676
369015
405474
270075
341463
312312
270606
254468
270992
390734
324539
278244
265455
252750
257448
271332
281499
265678
383831
299708
288568
250421
292085
304680
273193
335125
272955
363309
223239
265954
183559
365918
221213
268382
269565
271651
281845
340933
324018
374984
240752
308288
402731
295609
380511
212215
214109
379799
367663
438890
345510
337147
267930
283844
318431
286346
474221
260891
360499
259042
184936
254863
285577
296012
284632
249908
275639
426154
306199
177386
311897
321802
251026
274356
245605
220383
266164
218120
242568
209660
285233
243812
269533
314453
267611
322741
320742
338754
299344
262300
320609
499471
318669
252862
342186
241688
216330
341739
182223
332469
325951
183860
341746
268786
309894
333692
286944
374052
284789
349864
306302
525028
650017
306361
347620
220593
380974
309704
279254
341487
375727
213946
278952
265106
265754
329695
225476
336797
315272
356067
294133
378886
224946
498637
600622
857275
274346
302481
416585
268281
432521
262884
312564
333207
291962
315628
333394
407656
230124
306182
338774
340131
302310
252327
340949
269522
255890
249094
540633
608858
319940
349787
308047
408937
307381
353547
572250
291318
357199
253390
253213
415607
370335
313028
318911
359953
218750
328855
394711
326179
414292
277685
264043
251575
196644
280812
406076
397731
327462
280314
250142
214145
193591
315318
310547
300762
276188
205211
366546
260781
344298
192769
278403
277886
259760
253798
622034
342747
315519
320626
251960
310489
246211
296082
264513
253790
266041
295682
388623
249128
427334
320517
372775
231491
584370
261707
298594
275916
295275
371781
228203
247259
311361
270614
281075
189396
213129
257606
252756
266065
325301
216604
414887
274703
364763
226258
185657
308998
249986
275698
244567
276099
179816
247019
372065
312914
228065
234896
198449
283608
167342
193478
291293
300099
354989
283613
194675
359529
246253
279825
306134
259479
224257
270387
461657
456979
363336
311547
295830
263470
363616
360747
244029
206535
192699
261167
400774
302953
255892
286739
297739
282656
320861
440837
247953
314303
302199
466882
258925
339073
274907
397672
321010
292774
223346
363062
183897
290851
289723
966864
320270
283669
210385
342854
280175
215637
232007
241681
269853
240167
300124
384324
238881
367222
233837
315345
297927
377942
409484
271406
556957
379274
263577
229295
299118
308569
345739
461441
257350
257112
251670
240928
353761
257878
440219
259809
293585
335242
510246
305465
240182
260246
294862
251066
200551
330675
344778
345647
275539
378619
286523
281173
167449
266690
260241
315186
239702
223757
207456
317894
222946
276427
326496
290759
265455
327818
282463
265170
306715
333753
365783
219749
202027
334014
225192
203993
435334
261470
384136
216159
250892
256312
184749
245940
416933
349807
274269
213756
205772
345591
187677
180383
186069
254000
301364
281522
791286
283438
345802
412692
279724
221982
174271
356286
255308
334704
272794
271117
254767
248783
241316
367396
271656
297190
247772
254083
276726
292172
291253
381930
237470
346777
279538
245798
245073
312842
279386
417306
316607
274995
274610
303721
299731
265356
2280162
322187
311884
315196
295499
356649
225413
278467
244374
289942
264411
347914
270184
311335
368765
452119
462456
262475
207728
330937
249090
270123
235922
264104
240977
378098
251833
462680
302306
295285
303543
360607
221559
259992
192541
614211
246581
283351
236680
181288
262096
247245
333370
230960
406286
214572
180811
255091
360229
287075
203694
206083
400322
320610
298686
268372
185424
203081
438196
257729
266271
240968
242774
279193
292088
346558
277477
199228
259116
230956
206105
378701
302886
260656
2487832
218646
441537
237545
209517
351967
268068
295717
378692
335824
291707
250592
318289
300160
268708
345611
240853
274794
332103
264251
527776
238301
290547
326739
364747
517656
276545
220663
349434
261735
283393
288429
355553
281602
279204
208688
216333
276699
306483
362448
307206
313765
354968
224169
217122
282416
237994
241194
205290
419054
335073
220077
353531
249618
220282
311163
192774
207041
253962
273069
442509
273617
255496
363642
398424
273683
279443
383267
309910
372152
284966
328174
318070
392530
182616
902862
339931
282138
272384
285372
211798
412166
249136
274921
249356
284279
297693
282998
183798
272450
234505
290781
205900
309868
248747
265329
344589
263282
347226
467049
344569
314192
260961
275685
237135
277449
298730
214895
344508
211350
306064
408774
187168
255220
338332
206046
179972
183673
188480
248109
208836
252642
188437
293005
164526
277573
309682
258309
226698
282526
290296
184032
302796
265944
196560
273467
257135
217994
274817
316138
250762
293800
270843
362663
263109
314471
319343
265983
175633
351462
265130
280720
294415
253706
251977
266541
208272
213201
270549
353990
345571
210042
260514
260564
206308
298766
359966
288023
274894
250586
344374
308342
254122
270653
222629
273604
310857
275043
287988
226950
296250
247909
289478
252940
307023
273147
460044
255676
328749
196843
354739
213016
293724
284543
332247
179809
198389
282526
303681
203535
231716
313547
309824
181560
261155
235923
205747
427518
298486
266247
328039
299933
237086
284940
288526
290876
280319
368321
275256
279973
384006
277447
280959
203197
247103
274229
263711
249352
286766
311832
276895
276840
385259
273034
293181
380498
382266
304528
297190
441843
272875
283991
363945
282192
255394
280757
266753
267834
240251
313645
269887
275630
297837
350118
213706
301171
299870
301872
393427
238138
289368
275798
329160
335078
267353
264593
311216
296141
395388
242265
268904
293079
181349
232784
270180
241859
207206
244365
196212
310214
273123
320713
372261
290096
323894
292584
381327
294198
310681
291859
298566
479673
358993
274167
348694
371065
365579
390925
268261
388664
278221
376025
276756
340210
300691
285021
342510
325582
280056
246704
288675
598748
344158
299902
300520
285933
446918
486787
314436
654354
217935
399489
305223
355120
257416
293166
359763
331067
262515
416609
377138
256190
334918
295118
387969
374613
331584
269496
291175
321197
336157
342606
397366
312171
196258
277119
261476
336635
255461
232608
223088
768503
267295
273678
282856
290208
341256
301094
268315
394196
394515
329429
379227
347772
276493
322572
396178
367169
435136
314627
290815
303550
272425
412013
378926
371715
295251
270843
294351
266689
312276
327983
244349
342870
284397
298080
283141
297320
198433
320428
372620
315783
286940
330271
351856
276225
286608
280072
229679
302335
283685
268439
195471
240511
220459
243415
358281
255430
193038
210691
266995
300972
321788
223936
241952
220290
289929
480117
263751
341676
385784
284514
305846
357450
273801
368223
280175
426547
247855
274698
290128
313863
371430
212917
261494
253723
280590
179933
201731
257439
334094
251711
168576
303767
177957
295716
185610
245001
193567
337301
317589
306547
359714
237739
238735
229445
182547
235950
256891
214281
251429
293588
234744
239846
295985
251919
258758
321249
203473
287942
283315
201647
315663
302043
241834
273782
286253
323215
559439
222687
316733
350820
628428
209741
239029
307517
312653
224186
320784
281779
213482
429698
177673
286647
317966
285140
252123
259134
266656
226789
299821
173388
251293
162839
293384
346506
263868
262942
237317
259799
268693
376523
341399
284900
254535
306311
196987
279599
199376
262088
281965
274557
264589
203646
192167
260688
293286
298788
189539
251623
315979
321112
296115
284976
360770
378024
204484
254104
288976
283491
278568
504529
276792
285858
191534
372462
269686
270554
183367
303679
261404
268341
189785
316769
181867
296468
292617
323683
495361
366785
320051
271615
285890
405698
222949
286604
276064
281438
288454
269768
311717
268761
280346
297970
257171
280884
256084
523796
294362
257792
316057
328530
207335
352742
291669
264651
336374
288443
305133
344121
315392
292105
263719
192712
240085
290669
213135
254486
226810
216080
285953
274142
242867
327572
237901
299073
281351
272109
286323
238239
303574
284559
258749
278981
240308
270161
196827
223422
231056
246709
195614
325020
216336
286380
343893
273926
273604
287998
319377
263012
270473
261673
243835
260763
252851
263195
365596
278224
271719
279073
266113
230133
292174
228741
325577
240710
255280
260722
283186
216556
248573
185918
280862
225393
313673
258351
229926
295578
245814
283493
212056
342921
271049
188972
288335
271946
310393
310338
275387
223015
268068
421279
264565
328701
397479
304915
385744
212821
334293
319638
300227
240850
286976
384508
217536
458969
358678
200831
253944
365365
342449
256629
286044
296417
312869
319684
284551
274772
270702
349603
220714
414085
423834
322108
279008
310229
309825
204566
241472
340076
315605
227319
302884
272585
321475
308787
282845
313594
320843
329123
243235
301811
301936
273119
544085
352176
258289
317260
319370
232647
264923
275461
312253
282596
315526
275847
407242
281106
262439
293752
296508
304672
245856
272940
267753
265954
249343
363887
369730
309636
305543
244805
307722
488072
212449
369887
287972
319026
296669
360462
239061
293210
293471
281452
236868
258699
263362
340980
360319
287421
247448
278368
277691
344456
257714
267340
265875
273469
224968
205566
295980
196561
244983
346193
246402
281787
302766
272802
437385
352348
273927
299889
236472
281869
273541
394835
315700
391985
229858
241301
278989
365142
277620
280994
253478
314469
264166
279000
184117
289383
241786
223320
234034
327490
281327
404597
337466
191897
309726
282210
296990
401692
302022
290966
339974
312489
313155
381733
288569
300700
409000
284851
296699
277390
238309
315327
486835
348596
280166
267680
316399
310585
287796
331345
250233
332832
335001
246304
482473
237082
285420
261698
284729
300056
266371
394604
361052
291543
250042
264031
265133
287018
253001
282471
263532
306559
348865
312166
249506
218838
318718
273039
285681
313436
310915
320834
254932
360225
306071
217662
286597
293686
337107
235438
263704
261430
248105
319358
278196
244075
336609
268011
300931
203936
309442
298159
332157
262791
273818
215918
273747
261541
313742
256504
277974
218265
259726
331756
288943
280652
252589
280961
281231
274645
220798
341356
219121
297669
171612
273000
228564
302932
193247
289401
219228
261266
324277
331798
264582
207041
344955
294083
315473
626021
330630
416893
379998
293130
314031
378642
309176
376848
253571
273751
228758
332190
288919
272578
252272
301266
323585
353594
521633
333791
344171
345140
355291
232991
322091
313428
328058
273421
286202
397549
296380
336197
283257
266229
252060
298295
402584
380622
288863
344192
325586
367261
350046
236022
194874
265063
292850
3479678
349451
310955
270026
339572
200808
311873
320943
229892
333184
349233
258259
297258
394361
264838
231677
306912
330588
353629
300373
356096
252220
290638
292045
337857
310671
284750
282317
269571
328296
326581
293349
317759
334905
268108
392341
352165
348480
318726
318243
226967
288955
253051
317051
265009
188051
304039
262315
294317
200514
286059
240060
262245
260320
324644
229253
267344
297759
200754
304780
299796
241098
452955
299064
226887
315267
245386
257707
231059
249492
261563
281301
240470
297916
287225
316631
317462
286891
310808
192450
261432
308384
248554
264758
268792
307651
356601
267394
257776
308950
270894
319620
595732
228491
272735
269984
210590
254033
233921
282408
378375
228380
265470
278141
358410
231028
281658
284596
273222
299982
263700
324977
273030
275559
346990
255251
364140
305163
276860
252869
264441
298794
245190
280158
288154
275469
279346
318392
361433
293468
287723
292519
283358
215516
276326
330677
351720
343185
326001
241649
299024
317343
374081
282211
256690
192014
284231
205965
266340
188262
1745818
276276
284232
289311
308245
303657
284573
227483
236704
263870
342249
298716
260103
271637
307026
295512
199879
307939
345040
304939
302836
315820
316858
295323
363895
300304
313043
314709
385235
307776
307280
243785
233776
284658
295347
264426
215308
235744
290154
3082208
341603
229990
310557
306976
278381
407469
268229
339954
272651
370016
287046
274684
278949
237921
224650
310754
318155
282581
311221
325098
367940
293834
260833
214315
338749
258243
406105
304051
343089
332547
322617
276290
267087
277241
283262
306282
411850
364165
204893
484491
381721
261004
257091
318189
291808
252862
252841
198678
291818
217759
328299
287402
250113
395900
360431
309408
276824
391302
292237
259064
319401
244620
560477
322581
301251
278429
271512
271478
347384
402914
355908
320862
345161
252039
338901
337549
341906
1475030
299915
342794
337095
450410
1665772
335018
285403
261570
251184
394239
352925
336167
338700
1051225
769354
270175
478901
241891
360025
348663
288293
335709
370831
338678
351633
355267
296284
315677
319260
373230
338435
290418
353388
302418
248122
345145
331653
362286
318736
323217
276308
372897
261105
271879
315341
345470
342695
560646
358961
637081
238254
313368
270042
279823
259752
329368
276575
351721
468794
348369
331619
359766
311008
344644
332685
260469
315017
261707
236069
333059
376719
284367
349124
385760
268547
248434
302268
1713050
214145
309137
308768
427160
331740
229721
348877
295726
284582
234561
547533
408727
249995
515833
309465
253918
313892
342305
334192
368386
363518
423146
392469
320224
366230
302033
288146
337692
320143
324725
400520
233017
793104
328668
320167
335083
254474
332916
378794
313283
4430702
269597
322334
321147
416164
219790
253712
248053
283889
405489
290756
425825
320422
343735
359365
332957
403975
351595
275957
373686
310373
329697
345327
258598
285777
289497
266984
423013
280316
341024
283481
344558
313580
245117
358061
331190
371965
297804
312879
261552
392344
422367
281877
321000
317165
642233
344235
213192
295378
298402
453270
293065
256909
431420
345612
255148
314689
312784
366016
215598
566892
320063
344504
301618
337475
324673
361161
206859
279478
269490
224811
203575
244000
348466
301310
494231
304951
271178
319434
471007
359710
291928
296711
210731
316388
280435
314730
355575
292769
328923
266212
267897
371394
255293
307928
282861
290728
317835
359864
393644
299902
349703
373895
358679
300612
295822
345254
350620
200482
382966
418147
275973
275364
271876
368766
360947
308165
256595
351662
322313
285862
296869
231433
426011
347623
256214
267481
407991
293822
316439
368345
292986
377880
312934
269825
282771
264934
389099
321443
337365
193069
348466
279257
367024
297168
323254
290999
309349
396143
293720
264829
645543
219452
323973
360524
557886
344919
336213
308429
192242
495469
284270
305932
363583
409766
291375
239466
278671
325729
323108
330318
303004
438736
323519
291526
309286
251668
329852
293860
323106
317522
250475
377487
254169
322705
198499
255764
316767
418281
395418
262455
435776
300083
443998
266170
429432
339114
290480
293638
373009
1670789
333274
328603
275902
311825
250579
267965
184921
300077
277041
358541
281622
354647
207584
214484
482594
274629
260394
281023
310012
268521
230894
328785
339014
335917
207039
372373
231731
324026
371961
356826
309868
415322
331224
337743
345870
262774
258110
345139
263446
335381
254797
271575
323845
286362
204818
370960
176627
302405
274047
260488
295664
301702
268033
249407
307126
271620
263418
363472
186197
339942
375878
302758
281752
315819
254463
239588
497043
279219
225434
250163
284385
279626
236254
249937
312802
256558
282784
276451
281788
327896
257238
276359
218841
202162
266980
275528
226667
373232
191969
312751
286731
341567
313931
361057
1639538
293006
307162
398687
460912
441906
530959
257149
338995
305983
295925
497299
298416
244282
393618
306742
198369
482942
222148
365673
223163
396898
282245
367015
360834
302449
290417
284004
243643
403795
315485
363713
435492
352340
381023
248241
252538
338828
409725
299510
236376
391809
232915
281206
328397
322604
353123
209718
288793
343701
339942
248273
341136
291280
218143
346788
402884
388266
314079
297250
223214
278219
409851
474701
393445
408712
335376
287748
380774
272190
196201
259821
289007
409048
224625
304190
335777
317740
380871
252737
293592
385570
323155
256493
329675
473117
263799
436785
386289
272039
420281
240406
192188
734447
293764
243298
324408
307822
365643
318077
465433
254999
360176
328866
459907
342847
280348
343568
493475
264040
395469
336493
262967
302818
313237
241896
411912
197018
370656
274608
303561
261614
256950
312198
324753
321773
354035
311330
207606
315367
369982
328346
399431
481279
265005
360642
383707
287716
330063
1256634
354374
289833
251567
265668
319273
347323
342277
420467
301045
266797
208198
346507
315189
393751
192324
313312
243964
462133
280753
373879
291783
264548
255998
262021
364010
281384
429007
221617
280222
299811
379800
237765
280298
373343
282803
213078
494993
464738
330758
367118
216173
350461
282630
359640
370944
322370
361509
301063
220473
304233
301086
400414
545296
256286
344565
361207
299609
279403
236419
236220
339695
291425
329054
218031
311878
331898
329914
295196
298161
288936
298993
427628
316542
176240
302409
294259
382130
287877
398530
269809
509305
357324
337756
315000
318570
221810
249008
245529
370290
342619
431794
319790
438570
325709
421169
381080
449222
325691
269533
292071
294290
310069
506259
299975
309191
343115
354398
349232
323080
320126
394053
336224
277524
846419
220567
228691
359174
428817
291070
288572
291437
306383
300650
322267
276877
288580
581670
288165
432458
299304
287405
429717
684296
339614
303598
240102
325688
250807
370416
5032236
217609
325984
445622
300181
508049
282319
299327
345661
276644
296362
541815
307248
274312
304896
231242
352149
295324
316959
327955
278548
246072
331521
174065
297187
356139
337947
390527
199961
461518
478951
353830
277558
263599
301067
325364
251505
317581
305973
256164
282567
318630
328636
192495
318875
390359
359563
290129
336885
292575
271483
410321
287782
329639
230947
341695
276890
270930
326952
324453
261408
375853
270334
281241
285889
212298
296987
311142
296943
294222
296993
235216
339377
286345
282191
272411
317961
296433
315378
323150
298364
2630834
322266
262738
257289
285989
298037
286762
425973
273873
257784
340967
227970
340178
297371
389411
233807
255188
320698
306828
273514
275377
274165
287093
343576
319852
304040
359132
269898
330516
356497
346813
345658
216990
343437
301484
369525
313952
332868
345294
249391
303592
300630
464568
290402
331917
312387
267238
210172
272375
483074
329339
288732
334022
328972
294938
326196
270204
270866
247742
339819
363232
300862
218644
381769
340029
339738
323106
315675
345967
358432
345376
294122
189450
310945
273549
259088
305572
274608
309890
260139
387455
273452
302699
275495
341148
256229
308197
348061
238703
306409
292731
270802
348047
190431
266026
595409
371527
326274
168935
279399
319646
338731
446898
398261
367534
311110
278152
333698
248705
216932
265531
289048
251234
357118
321643
383176
251501
270841
241057
370151
305426
251650
189031
287859
2651029
668519
316918
251232
255396
338381
217607
320442
321644
307295
254898
278370
201487
332268
348641
209053
289273
299216
280109
301489
743012
262485
548068
338942
257476
377589
307737
193439
349817
453247
327143
291094
204203
172014
254760
289372
262423
242509
311614
358730
256075
268398
1296815
325613
223912
216621
184947
231986
276728
291440
280418
260996
385300
249723
747094
266408
210868
231411
209801
410833
303257
235604
296525
205800
237250
228741
262026
270739
330364
284147
261018
386304
311900
395804
348143
209694
291736
195971
313731
281221
346048
290317
250753
233538
272307
276414
287502
280582
260753
343372
307524
521089
265210
359423
383480
282196
222897
268761
347393
201100
275367
262558
341587
308942
234372
380403
302776
200158
277836
277593
243087
235316
229756
332970
258430
346135
263255
375336
351483
249417
309468
264785
304555
292478
331448
276211
299367
310076
335570
320134
410248
256242
251527
227436
283370
259421
337901
294109
376448
242798
317921
282053
385761
248985
260132
324320
272742
322629
332709
317477
521998
261682
305965
310822
296049
287251
394388
267401
353472
469536
382946
251151
324349
261198
232571
244495
475931
259596
330863
286693
381978
239739
265057
316243
276591
273371
294719
328248
257468
299840
270778
285428
197453
534299
372361
487707
367458
314347
263476
412903
233805
312924
281263
355156
252450
332666
244541
278250
332207
286664
277576
266061
258838
349807
427040
316725
305416
327461
436071
303359
299733
286311
283214
259934
270092
323654
255017
251654
277677
286320
309311
299305
294401
293813
1211200
175389
183348
348728
264031
271351
206772
327183
221605
225394
275945
298294
208754
297043
272295
384566
289148
349264
259140
179135
176980
342414
433466
270336
271343
257792
337976
262171
188455
233925
301953
237062
300384
306662
229230
345305
246583
287139
368428
347783
287598
249078
244094
314794
337160
312641
293424
232537
242770
356193
265621
271482
299668
272737
299651
261234
296407
332561
284199
286356
203168
393198
268133
285050
302322
379556
576830
321695
283577
241220
293448
822682
311805
268646
214202
233147
283265
248704
270099
339924
292753
708041
273652
281507
396408
253535
331683
998553
300945
318462
293274
369793
483023
298099
309310
1172291
249334
288152
335152
341824
302249
314280
277781
224336
197492
321315
337444
213231
341882
438696
301117
252420
273364
347355
291956
274390
262574
307871
314573
541479
278149
272369
270502
269967
388654
293794
385310
223879
314520
273548
346977
284847
352665
190633
305019
358297
265797
246726
247525
247030
431742
313831
239664
253486
303346
235561
241990
250346
253602
233332
352685
271442
274550
254625
307016
271436
325043
295601
299697
207472
290329
259623
304467
278317
247945
253640
347695
260219
418004
312630
265104
230675
273867
242178
368543
348308
311369
318757
221693
203069
313422
272672
273174
285271
342645
374802
180196
301476
194368
176456
349855
285161
270755
330401
297016
287621
268851
298457
280178
333196
264379
288387
289312
240644
255554
298411
184455
277371
281986
250344
292935
266191
745932
275959
289751
303076
398782
283457
203952
264288
329502
217312
193957
180883
191798
259675
342091
5917608
232908
313263
191442
220218
337523
266198
296409
263211
248545
307498
337826
395722
242449
204109
293251
311698
300250
353825
431273
287812
339897
228603
247661
263958
288241
300800
315049
314466
455344
300089
292929
297552
318013
289307
272525
315666
297264
285128
370945
304615
359456
1410550
524603
255563
326116
340958
274921
229279
274884
257101
274372
259102
251242
295327
251203
263440
181274
201354
259469
274738
308543
283691
254739
277126
278860
284455
324765
225406
201995
320189
217085
215951
264008
312626
262240
354807
255053
219539
293506
268363
347992
291690
320378
278521
281070
278235
219035
288251
279130
274612
331176
288323
300350
345743
269559
361012
344665
350367
306152
403533
353687
415777
573691
301141
486112
333222
358539
340252
419426
430945
379739
320485
293628
321611
362492
282863
273375
307962
365482
340086
3295122
319196
286824
312257
317083
266705
272606
320463
286702
342032
216416
304865
268553
353763
364174
368810
273782
263614
275709
252863
348940
300389
358142
257180
205282
305337
255225
299059
338205
308518
361238
269846
302162
355243
362611
280730
317673
369639
292000
227959
337431
219779
273975
286363
275673
394859
246815
360349
305517
415517
256872
271974
276379
248572
328839
303403
852193
238241
264090
285686
245056
249322
355946
324939
302770
261455
273347
439083
285291
269019
379277
300446
323184
333693
349096
278964
418085
331607
259398
271668
309798
378829
277122
278803
377836
367303
282893
366589
289364
300179
652117
302296
362697
226470
321929
243311
315261
292337
337757
280440
421617
325709
318339
239290
297212
270440
242932
276600
264390
271491
339792
210892
271343
241579
410234
281707
238734
330108
285538
340980
240001
260891
206083
279866
367993
306936
206306
264494
246399
191222
272953
281657
258152
255168
290232
346377
278958
280272
247758
317949
337941
302711
332446
299071
316285
349143
297560
358221
365803
365916
286880
286939
597800
289195
360829
344153
424051
375529
375037
361903
341114
327017
272004
391619
276611
217653
326793
306040
301992
335562
332206
391334
539531
308566
278340
393374
268510
294126
334793
286071
235598
296812
230812
318248
355329
524008
276843
317944
295789
242400
305897
304213
303377
278718
253324
326838
289003
239502
276720
364689
254884
255497
292713
341571
291826
359990
287400
434260
398300
247908
235488
244194
318558
288933
214797
301769
352231
312871
336351
366293
355558
784524
288342
262712
385030
285879
331040
283209
277122
357827
263611
230420
317717
275072
269307
263422
323343
243487
347301
362058
263040
483887
285008
300657
324405
336844
206028
229971
276043
259371
303622
314547
296660
316983
295162
327470
283842
323517
341354
312476
302163
284792
335457
304372
295970
390226
338813
372965
301762
1353115
230365
283185
269825
337061
287109
274453
305913
258564
251662
330284
257619
222166
309671
279638
265206
291716
391085
286013
266086
291900
257744
248117
273789
281348
289935
166952
310654
270157
288880
300407
292388
286464
298633
236819
269494
325232
322804
372220
328186
302467
244510
278866
293376
210880
349156
283244
357505
310306
547743
303281
362779
358052
297065
269693
287670
278667
290056
210164
179974
272442
291470
286651
246499
331227
296969
267481
325559
326124
244405
283747
289795
221870
313444
280272
238892
360125
336218
303518
306899
362883
204292
282419
286485
250758
263819
298886
309388
297236
301769
300580
374563
1341776
313552
383927
297054
276050
338024
352944
351714
320491
333318
354610
256002
308393
339341
305140
400976
234303
369566
519219
361416
248334
265583
342818
330043
513618
320458
321405
262366
308213
419169
277312
304957
286375
246956
300125
330232
329210
330247
334229
345580
303963
324029
284648
349293
384331
281680
336376
345195
339627
281664
279374
292990
312500
300859
286940
375866
332698
312252
301272
295722
312739
330682
375568
277852
349315
429849
333673
472100
256692
289050
321524
291617
247418
298675
271267
363488
385165
329788
337040
282444
191549
339100
384796
253667
374929
352294
4198623
273118
506935
320239
239892
297723
281407
354144
311381
287978
283518
266562
352760
392859
307648
299019
298727
441372
303997
202030
438668
315197
273895
2032345
2359174
311184
334414
324807
361510
472201
298211
294780
316297
221024
288263
327947
335005
259398
252429
340961
288099
339458
272957
307269
330408
300045
308552
214359
240260
351236
333669
342432
331945
352663
450403
294699
267846
345498
256257
223510
291922
320502
187416
456917
294103
324187
341094
240632
333218
420350
427013
279697
273184
317839
331551
293626
420164
503959
416363
357267
328721
326403
358518
463666
392580
322203
262668
306614
269599
205518
291757
396225
243655
284902
300570
287450
292398
284040
388421
277019
347988
253546
331028
219734
206935
259264
340419
268850
315458
299646
303517
321207
369973
287416
297329
283866
287878
333592
265394
256032
303236
314290
337313
318179
305184
348082
320638
294759
325597
360629
376294
281234
323875
473487
310050
507164
195080
296937
313501
262956
239533
323286
327568
291730
381350
360427
256022
331425
314644
499760
367974
391677
397078
769915
262957
309635
303488
296199
349402
280773
288487
357401
330400
252498
345864
409232
308335
289741
372800
328298
259045
312394
307144
211858
2147245
601072
425940
344488
289106
403382
282991
272161
371017
268380
264477
300518
301908
324185
308348
418101
289642
284950
341013
362055
302845
239945
389600
257999
219225
299956
355236
289333
319598
333506
337026
368194
335313
317050
1142281
617224
375769
459821
392839
251222
392692
344626
271896
273206
307241
312980
358909
327623
282879
304789
323390
297162
329112
396843
255176
201432
358147
291588
320095
617700
243917
280509
299647
296771
353528
331545
302961
294614
404929
308623
263677
347570
327970
265465
269098
334441
278216
374753
331202
205222
317248
260212
292368
239124
210630
309104
303757
295403
294946
259925
404245
252479
306043
231650
307787
289514
323979
327160
323476
331345
305237
512780
299526
354862
261061
338760
213089
325366
284869
402181
2493091
246363
347760
426848
276164
330303
288127
249479
283759
299539
326858
322183
279264
314852
359995
329420
324977
290418
306408
291811
359348
310733
351474
269767
310977
305177
249312
310572
244444
300235
378720
293855
347534
314816
267097
202057
455336
298586
359630
341000
354075
379429
332752
311236
299111
284532
285246
312820
310530
303165
252017
269178
300160
192204
277432
259352
298863
366841
269796
412297
256109
357255
346446
328744
277788
455680
222631
322914
459782
396222
331992
293216
291017
366232
509039
285929
225787
350044
319592
465732
370932
277573
318124
273563
490779
336887
259464
1166745
255132
334576
350238
345327
642152
289952
330244
412457
246441
284418
258412
326738
249982
261137
269525
320992
266607
323675
330008
389224
316896
311724
333767
247063
327234
260421
361460
315934
282317
1154907
331369
281958
490452
287771
337848
310464
308099
358736
350271
275615
385595
345296
303168
372416
248894
263242
390622
352709
311055
356853
367469
383111
234265
293651
361342
361248
364562
306280
402949
325091
286737
302055
316096
310728
303849
317636
334375
291264
309721
351523
341426
323644
299967
363188
292493
705261
314205
298197
362911
298120
313738
359442
311545
412544
323828
612022
252221
374178
334067
271796
341591
290676
326299
237372
233101
348574
233450
421513
254127
418827
364348
222466
368098
285832
365576
373519
289598
3132985
271209
277370
251575
1114238
368048
417771
480615
244247
272871
379345
302760
310311
319799
269604
336544
407003
302956
398347
299045
241938
350003
279065
301609
335013
288783
317083
293029
545716
324899
254240
251441
349594
425315
274636
256108
299493
323515
295319
283354
307356
224305
218143
278039
338696
381723
412744
310485
377369
387980
515743
339741
328755
285993
276730
281643
459960
324910
327192
318568
1165385
318077
307829
472057
354137
269856
387018
288961
364073
350742
279185
467660
307173
330084
276758
274655
318959
376486
301374
353404
360916
398706
398092
339948
294559
331208
327485
257260
281461
244380
336402
423386
382767
338484
266530
463327
404172
307181
366221
338836
327782
453396
392209
599232
214036
321145
312199
301134
288747
315510
332704
270523
314578
343492
327090
283870
410990
335570
287146
381290
387750
286492
357434
332125
316950
437011
260446
383781
412037
319248
415021
321003
459194
249707
586138
317515
359510
295026
343271
382102
278046
300275
337928
291074
250971
235732
398720
283161
433789
368780
312308
324103
242446
362616
540828
298027
284210
256610
285342
265284
287454
369525
341070
345449
554632
343658
351265
476124
303033
240980
374394
453158
344649
286042
396228
333224
359664
270493
420123
219800
342931
379098
361655
336058
350904
426299
207627
310529
971355
427909
360734
286800
394253
295904
275946
319262
343381
300108
269779
501047
221757
394771
382897
393333
358827
240173
370096
314125
285496
386459
297186
282962
382041
454393
311473
298532
221821
288105
429671
326691
261317
325488
380232
348337
317135
283235
317277
313518
284387
207870
265788
252921
280040
253610
223861
310020
486674
387472
269500
301415
312239
262094
353260
284624
433568
267745
305217
331687
330956
289801
253650
179102
252165
339781
323249
295092
280350
301736
633999
274963
360610
336752
352644
299901
226815
327407
310074
347159
200635
225642
380352
316442
211211
328722
298629
428363
403466
423482
351889
290881
304064
360964
287569
314314
263295
444852
302652
272529
234835
355944
307280
423839
276472
354878
400830
346403
584150
332530
355288
350410
282264
287108
505055
327458
380158
275553
364145
337714
315046
379491
307697
247775
219824
320619
321059
344772
341068
382002
434310
307981
320961
298912
287031
352566
404261
280640
311736
289578
227695
316305
285017
318166
333535
363620
353405
275925
356395
296362
364645
306028
351763
268410
305098
256552
279108
306179
317566
361988
357093
279249
315599
288143
302531
255685
295108
288486
312365
334521
470193
268010
486823
464710
281341
309685
262121
331325
259272
261335
292683
298470
290526
298439
276257
322953
269699
355807
285207
336864
299878
395494
367423
371587
296471
337055
300691
4626955
325389
327116
272196
304831
209174
255119
374455
293538
304010
406036
285177
334483
343086
286792
247864
317705
303621
434098
359799
301112
323749
267283
320606
3206383
299880
341377
286291
379747
411596
431232
553698
286703
266084
493522
298916
347309
279129
426855
327128
366549
360312
340824
402498
295043
462187
358013
1598316
397596
271671
326106
293138
333995
305413
285137
293570
291206
367659
226834
237287
390980
305821
253523
326635
312147
292719
596205
327488
1162214
417124
315440
290018
392397
343155
292674
324303
379248
331382
364078
319821
274806
243536
328831
301020
275624
298177
313939
882544
340665
361995
366032
378452
389046
450867
240903
271533
306697
298584
300600
290307
239206
489810
297389
297473
303529
353227
299815
276665
298557
203549
329274
372587
3331116
376275
353649
291452
368294
280072
283356
314920
305783
397178
309775
436951
410908
322846
354979
338883
382592
395575
234338
298358
365540
372762
349263
326112
356416
359004
398214
343957
333997
280336
287055
306475
342408
243514
334921
306878
446921
275360
440009
311241
398521
396248
318399
318349
282093
690271
272473
387285
309670
374199
344518
332374
332242
251462
334414
321875
297956
351920
2017190
353918
371211
340540
232074
306558
310146
303649
590942
355935
296105
297487
241309
374544
271654
390128
308092
228358
312744
338365
294030
295539
277297
316980
215728
344388
377893
353513
321824
273372
327224
357042
290598
443807
280461
284736
357616
284911
265664
319029
284868
329536
260194
322264
261214
266319
372340
282701
281681
440333
279184
430862
314972
297542
264667
303378
220656
314971
278026
298463
280676
416512
294983
303701
329583
281701
293273
271331
314450
278229
246175
288672
299281
348077
270444
313236
349759
326577
308851
318997
328096
483984
499693
256329
339011
350422
258371
319971
287044
323915
283043
351780
377684
305599
320483
292371
303294
450773
294351
217870
313264
327070
359786
398250
281585
312300
332250
334156
247509
326230
361823
392539
400066
275116
281292
353969
326523
306001
359805
334814
308904
325440
319700
415869
299130
307755
279190
357520
310765
295332
322628
291378
349431
336405
331123
277632
316942
372034
238717
372603
322460
253746
294370
372127
281885
344516
306020
372056
355069
320665
199315
423141
287268
300672
343771
266131
319989
285905
250313
352258
359015
303659
387407
278984
288086
341907
276382
281198
310382
356054
276437
279046
1143111
800931
248664
331163
247087
311517
297416
443080
329159
172859
286788
294653
282538
250342
279500
474853
303877
366635
417082
194032
248790
260980
257609
268134
248813
359086
582258
266448
294194
333090
283284
295945
274225
227805
354941
268115
274798
347075
285845
263196
319757
311344
314668
220255
335861
390770
306786
386006
288842
281133
284713
326716
291080
403364
315395
356859
297864
366507
558668
330324
294237
353096
202848
264765
273919
395361
455635
294445
283372
230813
322342
259652
306572
351280
313540
327649
299001
258172
398925
280565
277659
334264
295050
291088
318530
791740
340409
496771
340692
371585
401483
381857
306021
348280
835337
4279625
326804
258446
341673
432052
279696
281620
348375
418121
367577
319805
303836
316137
301322
310226
327413
350271
293715
372916
281670
281418
265402
284261
272479
366175
274053
269590
271808
441884
294727
695621
389956
369854
298449
399290
330629
298363
264166
323599
1981449
306943
373171
259254
495913
304351
312275
325700
257878
292997
295616
358662
229970
681255
394675
417069
754480
318705
247879
324455
329345
326131
410239
352193
331410
339567
288497
357720
280049
210048
264001
233489
281286
261941
229759
324717
268905
269507
296154
307249
259743
321396
378150
378246
201675
244343
873136
368796
208559
316625
282962
362073
306386
1410135
1735552
372567
298735
379343
317072
211032
233088
281831
286744
293208
245973
262026
385847
287993
239662
291377
293710
315468
398429
248228
291026
280137
352062
346236
207877
327986
327724
227253
394443
337637
304842
287074
339236
278034
325152
332233
265213
357230
246431
1006697
467522
312652
354499
373084
459627
253111
306554
328118
314558
292787
443004
369389
288981
345106
336759
277230
204174
359649
335888
288070
232924
321485
281857
270576
309466
335584
219751
336024
300919
257450
289861
325634
327999
295399
286620
337086
352233
313198
278685
236612
318764
301065
413758
281585
332553
341542
270324
254250
377691
273433
284786
311570
309998
337452
260145
298417
246350
276449
197435
278803
298902
215942
307777
279066
254585
309229
259174
291142
284580
303570
329283
378869
278608
271169
375303
307526
324849
334116
241518
269412
505660
368666
233445
186026
294993
278024
331158
320608
334741
417802
186788
319240
619441
259353
225790
226161
269971
334656
290251
195190
185191
338333
259412
211636
193191
252003
258622
228989
190529
228178
185118
231988
296706
275384
205297
282366
243780
167226
256251
267702
237785
265323
262656
240653
219427
275252
251176
288927
257679
201827
212336
251871
297442
289607
271704
189299
285571
311338
252044
242738
253431
292223
261016
344429
350159
272656
369311
341016
370066
286001
262499
288874
311902
206988
205482
334344
201186
201069
307055
283456
271662
271501
289813
186596
280658
260666
278840
321922
352112
282280
290200
319326
286062
283676
291125
271756
248309
263862
329869
268006
251901
272176
333908
263157
266990
238834
206231
252996
362789
254961
369621
383468
305789
261861
235349
299007
250592
284798
265297
326364
321047
252686
189840
270142
190809
202452
261087
194325
280309
273087
307341
267871
219845
249048
302931
342949
274713
290340
247811
209231
238073
297890
300144
190157
188142
209518
222177
252774
247887
222070
188149
307153
376643
193639
426045
263784
191741
262462
282810
306996
185202
264184
278595
387503
339826
275895
226192
245553
246437
280819
250269
263514
184969
271151
222617
354017
169210
263802
255375
244326
256015
252715
284236
248452
231422
203967
267945
301920
254317
205983
269562
245577
283248
288853
305699
387531
377817
250513
387257
266312
238619
388372
265287
234246
178581
266356
178874
199741
288507
309829
266757
327433
185924
188071
295701
227181
304206
315040
225250
177320
283199
328146
254290
294307
283529
306132
276244
296208
245783
273369
172791
253708
272022
352493
188317
469570
248681
335949
250071
393733
192485
242331
326654
193052
176243
196197
234229
243890
274983
295198
290419
295604
260958
274016
173878
241326
268593
274608
264737
252865
272414
268659
317982
255983
198365
209317
260983
258829
286984
225605
313387
244508
259121
166370
173278
275195
244436
257048
175295
205087
258504
319697
238166
330879
197004
240157
235444
325364
251586
306535
366596
295975
324033
259791
272899
267236
232355
305097
253988
250620
264366
281420
344142
244350
248681
186561
230820
202066
648814
402255
261389
291135
264453
260065
173852
251859
190008
302599
268761
258254
276424
276987
259895
283245
247469
261875
284120
299687
285992
283697
259027
290749
193230
243654
384951
175789
244966
344765
195982
202618
305659
312808
314353
310439
286761
328906
208734
332871
291613
238478
231005
283428
348468
342484
259738
342820
264126
302169
296985
305876
227111
315963
305492
325919
289687
323058
295766
358284
547129
301686
282727
208902
254609
265933
180515
297525
400739
283833
280158
275443
227062
259557
335823
283184
281147
267236
508061
303230
267418
395224
296002
282771
302285
581791
248842
211227
198922
280907
276122
283902
262169
285571
288120
273831
306445
361185
234086
278484
464531
304588
233548
391338
311967
659625
259440
312381
296525
290987
291623
396482
342279
306230
287273
299841
309325
303068
380994
322164
249748
288583
231928
257174
338494
216637
245822
266373
425246
383966
414196
316938
237663
308102
265050
301221
264036
286350
270373
387427
237159
275436
265824
354671
295298
365971
436561
211358
230833
243304
217535
272411
224047
228045
279318
281897
235962
285174
306075
188658
234383
248107
207756
295120
263652
334190
279650
214258
292690
454220
457745
283975
240601
297123
299856
260371
184102
214705
278224
272442
289598
271505
199587
306547
312282
327981
238512
205054
279524
209635
277981
196427
208337
266691
294031
273678
278687
220015
306615
349958
297922
241740
221679
224959
288281
275573
229580
291589
231451
270078
228857
402001
244928
289065
302551
258897
260260
388111
238498
280852
289858
308525
372270
292774
313158
225523
282764
291997
285148
385583
375901
254255
312756
220802
289747
217090
276755
309038
293290
354726
287975
321990
287459
239010
317975
256981
279468
290278
258859
224330
297202
223246
208008
281557
278273
233868
187791
218552
202860
230565
276758
203512
179392
334665
283300
268485
200980
283071
276345
286404
268214
218786
212667
208888
216087
216795
218233
332819
211327
269605
316525
201940
193703
339115
281281
186812
238783
195192
234799
289582
343690
311477
291058
291673
291088
229004
225271
257300
225365
208086
363121
226519
330081
207372
205275
195943
199641
263114
286146
274247
283442
270191
297981
292567
289497
202230
173861
303254
197132
264223
300668
187913
200598
279025
220789
184043
260591
234771
183569
238393
198895
223266
281207
272806
196850
210455
190480
193762
269008
270055
204737
245040
250968
249816
274564
208097
192464
246662
196747
281695
287417
199464
193997
241292
256801
