3198
3900
3865
3261
4956
6977
3461
4922
3673
4893
4084
6337
5984
6407
3571
4850
3070
2984
5781
6003
3322
4405
6780
5129
4767
4655
3545
2658
3293
3699
4594
3077
3406
3617
4241
3799
3997
4693
4849
6244
4283
5087
4371
4140
7616
3830
7612
4192
3956
4483
3012
3127
5523
5103
3462
5370
4533
4408
3420
4081
4723
5515
4034
5188
6419
4405
5036
4768
3607
4196
3503
3425
3551
2987
5808
7112
3282
7575
3666
3693
5327
3666
5212
4473
3784
4275
4363
4284
4212
4224
4392
3988
4170
3254
5221
4382
6601
5432
4222
7517
3237
4112
4350
3603
3676
3354
4030
3892
3445
3997
4148
3246
4392
3678
5142
4431
4700
6256
8170
4437
3383
8504
4687
4594
3870
3465
2985
4287
4021
4976
5894
3831
2914
5615
5459
4029
3118
3920
4182
4592
5648
4096
6051
7404
5269
3989
2602
4172
3131
3255
4732
3238
5799
4352
3623
2554
3787
3619
5126
3742
2460
3534
4644
4370
4476
4990
4130
8732
4635
4264
4023
3922
4940
7078
3747
3559
4433
4248
3891
3603
3666
3983
4284
5543
5178
5083
2094
5646
4221
8706
3610
3889
5026
4502
3648
4425
3409
5323
4703
5698
4288
5085
3656
3313
9543
3710
4127
8348
4196
4176
5510
3684
5197
5680
15025
3074
4676
4346
3576
4936
4954
3850
4246
3268
4410
4329
4731
5138
6418
4986
4061
3534
4500
5393
5662
3809
3774
3176
3428
4512
4703
4899
3556
5393
6208
3385
4615
3292
3306
4649
4973
3794
4362
4228
4783
4123
5590
3650
3434
5275
4422
5506
2973
4395
4767
4707
4170
3711
6015
3623
3705
4373
4195
4846
3249
5774
4931
3935
4626
4613
5513
2376
4685
4113
4593
3227
3909
8082
5172
3258
2753
4889
3380
5032
3944
7508
6498
3807
5035
4502
4608
3684
6839
4055
2978
3480
6283
3726
4331
6354
3698
5459
5455
4170
22255
6885
3986
5512
6291
4511
3997
8753
3852
5869
5834
4814
1702
3521
3682
3936
3810
2923
2968
3804
4471
4438
4406
4834
5099
3321
5254
3511
6367
3695
5985
3714
3092
4264
3315
4623
6956
3697
5432
8252
4694
4144
3470
4163
4859
3121
3998
4101
3341
2973
3937
4255
6867
5258
4876
7727
3613
5988
4585
5700
4925
4985
3245
8369
3324
5130
6353
4868
4547
5072
5259
3389
3335
4619
4485
3841
2622
3670
4732
4271
3803
4485
7049
3432
4880
4982
3818
4038
4243
4752
3381
3586
4775
4025
4833
4714
3628
7063
5754
3983
4574
3749
3532
4497
3555
5380
4968
4794
4339
6105
4956
4811
3529
4432
6683
4480
4774
2969
4366
3739
3925
5375
4490
5047
5260
4597
4140
4247
5234
5154
5753
5910
2891
3616
5194
5741
4449
6607
3412
3539
4136
6783
2455
6871
3931
5040
4096
3527
5311
4463
4400
4441
3117
5705
4342
4842
26762
7227
7340
5271
4201
3906
3970
3300
5509
4177
3509
5921
6642
3397
4109
3910
5068
3215
5486
1972
4448
7294
3966
3491
5088
4828
4352
3673
3692
40098
2975
3400
3215
3155
5093
5194
4452
3741
3553
5075
4847
6030
5736
4778
4197
4738
3828
7721
3269
5730
3161
2781
2954
7767
4081
3332
2512
3360
3320
2097
7889
4195
4241
4129
4706
3023
4272
7787
4686
3687
5611
3719
4526
20039
7551
3868
4564
5297
4804
4677
3805
5167
8711
4070
3652
8129
4818
2945
3809
3916
4768
5500
2975
3595
6020
3882
2801
4035
3233
4558
4397
3031
6538
4114
6241
3217
2960
5444
3536
3400
4864
4657
3329
3776
5922
3997
4996
5823
3797
5009
3551
2880
4915
4185
4260
2940
4471
5384
3471
6701
3428
5667
7428
3833
20381
4964
4983
5062
6178
4368
3556
7776
4529
3619
6881
6780
5460
4253
3592
4866
3721
4164
5072
3487
3254
5334
3318
6404
4869
5152
3603
3980
4379
4503
4803
4088
4441
6861
5587
4494
3120
3610
6510
12872
4793
3607
3775
4182
5000
18769
4256
4430
5272
5053
4213
3752
5547
4009
4543
4109
4040
6626
4118
4141
5742
4335
2460
4048
3509
3477
3749
3999
4245
4068
21203
5022
3602
4055
3203
4177
3370
4177
4296
3878
4570
4274
5558
4583
3591
5377
4530
4867
4048
4077
4404
4249
7331
3306
3887
6486
4053
6360
3360
4785
5622
4616
3648
5366
5509
4547
5123
5004
3545
4854
4594
3992
3170
7248
4184
5577
2177
3762
4603
6075
4273
2809
5304
4719
2815
11371
5471
3641
8192
4426
4880
2790
4907
7410
3348
4320
4488
3924
5372
4262
4001
5726
4777
4146
5709
4335
3932
4203
4194
5948
3993
3881
5580
6034
3227
3483
4191
4016
4550
5836
6208
3334
3333
5323
4764
7203
4314
4167
5107
5678
5035
3805
3281
4923
7401
6282
4319
4518
10136
3515
6817
3406
3458
4745
5737
6143
3729
4590
6244
3075
6191
3719
4851
6008
4116
4000
6358
5184
3775
5343
3798
3705
3425
3288
4244
4925
5563
5113
7723
4061
4977
5639
5519
5727
4304
19331
3211
4641
6355
4022
7145
4484
3861
3498
3790
4734
3057
3149
3729
2656
4210
4667
5635
3493
4827
8680
3055
4507
5336
4025
3843
4680
3849
5076
3607
7425
5174
3615
5295
5664
4281
5428
3685
2403
4727
5209
4130
3157
3729
4026
7004
6101
4122
5258
4208
5378
4445
8939
4105
3318
4457
6135
3389
5277
3750
4223
3870
4284
5101
3545
7061
3330
2806
9566
3817
3167
4384
5453
4027
2573
5044
4917
3770
7245
3596
5517
6904
3786
3621
21426
4431
7602
5929
4862
4310
4351
5311
3309
4075
3850
5475
5720
3500
3535
4167
2910
2792
8257
4768
4052
5832
3299
5277
5982
4581
5887
3790
4954
3711
3524
4059
4267
4356
4946
3721
5131
3338
3060
6007
3988
3743
4294
3002
3753
6936
21853
3826
3528
4946
5728
4409
3697
3911
4220
4956
3331
4016
3956
4561
2756
5492
3926
5108
4652
2786
4920
5197
3556
7092
4401
4408
4751
3594
4217
6431
3788
3979
4620
3989
3651
6677
5658
3501
5729
3412
4126
4942
3621
4855
6057
5716
4005
6594
3439
2837
7349
5792
4610
4602
3661
5231
6880
7334
6351
4480
7231
4123
2848
5114
5000
3716
5436
3243
3957
5712
2712
2037
4023
3365
3889
7855
4147
3353
4357
3316
4106
3956
4549
3085
4486
6533
4617
3825
4510
5028
4395
3518
4916
4343
3678
6090
4756
3999
5127
4113
4692
4742
4005
4018
5214
5339
3882
5968
3596
3929
4332
4267
5302
3766
5202
9300
8112
4599
15460
5403
4023
5501
3247
6994
3492
5956
14906
3730
6149
3255
4745
4931
5170
4915
3166
2440
4840
4317
5592
4115
5882
4295
3143
4249
5024
4318
3502
8939
5030
4056
5065
4595
4038
9039
3802
3838
4305
3222
5329
4515
5792
3618
3705
3813
4565
5421
4283
4123
4032
3326
4651
3570
4372
3292
3081
5995
3742
3512
4083
3874
3856
5292
5666
3425
2412
2696
3551
3800
4289
3868
4377
4498
3408
3850
4271
5018
5223
4257
3999
3744
3482
2878
6756
4482
7698
15491
7043
5537
4163
3767
4324
3274
4442
4999
4449
5286
3277
5173
3194
5450
3331
3179
4131
4575
4209
7820
3261
3734
6806
4225
4466
4897
4429
6521
5236
3134
4041
3728
3975
3932
5190
3862
4129
3452
2315
6729
2498
1859
4937
3359
3048
3861
5134
6388
5632
5672
3894
3355
5857
3642
2835
2678
4315
5909
3856
3898
4201
4078
4846
6096
3397
3376
3485
5524
5021
5493
3971
3106
4785
3378
5155
3927
5138
3475
4179
4446
3699
3394
4463
3315
5324
2480
3454
3716
6194
5221
3282
4302
3340
5118
5147
3085
3710
3460
8279
4633
7238
4510
4889
5115
4769
3832
3997
3526
4331
7767
3066
3465
3084
4012
6680
5719
3539
4421
3810
15839
5899
4291
5164
4018
3282
5186
5768
4572
2163
4132
4586
3888
4293
4360
3676
4618
3009
4951
3572
7688
3394
7101
3691
4399
5029
3053
5330
3756
3737
4458
5219
4464
4184
3509
5304
3575
3356
5445
4013
4936
5801
4010
4040
3546
5872
3314
4803
4162
5523
5358
7101
4313
4753
4440
3976
3539
3344
2808
5381
4505
3492
3701
6318
5391
3672
4349
4167
8095
3589
3608
4473
3631
3344
4828
3831
4806
3884
5574
4068
6559
4030
4024
3992
3432
4010
3288
5579
4225
5460
4990
5965
4570
3253
3977
3747
3588
3703
5117
3102
5835
3792
3310
4750
3508
3377
4445
3550
3075
3679
5989
5018
2163
3973
3953
4957
3758
4922
4504
7061
2974
3666
4958
9026
3680
3282
2738
3936
5516
4996
3119
3069
5830
4605
3862
5794
3607
4618
78076
4025
5031
3583
3944
3633
4183
4003
4514
3702
4005
3802
4302
3518
3157
6127
1928
6705
3717
4200
2426
5501
3185
4483
4514
4127
5319
5226
4014
3287
4450
3064
6492
3299
4682
5372
5329
4078
3314
3993
5048
4451
7364
4276
3950
5404
3323
5016
2785
3595
5068
5420
4041
3361
3834
4041
3901
3517
3677
4244
4589
5070
5002
4205
3577
4183
3257
4712
3249
6282
4176
5207
5212
5352
4567
4778
3445
5361
7050
4638
4378
5189
2888
5131
2571
3434
4291
4111
3037
3485
5197
3667
4914
5096
4016
3817
4944
4783
3609
3762
5300
3963
5555
5828
5207
6236
3766
4248
3171
5126
7969
4040
4310
4197
3832
3238
5130
3873
3488
3363
5136
3011
4368
3375
3140
3989
5548
3527
4688
3475
4573
4988
5942
6468
4107
4468
2824
3322
4569
4822
5664
2305
4742
3705
2796
5246
3892
3964
4341
4334
4006
3987
4533
4740
5352
5445
4733
4588
6073
4291
4908
5507
5091
4376
4966
6075
3697
4376
3475
4138
4629
4229
3343
4071
3308
5138
3899
4845
4578
1438
3395
3888
4328
3878
7156
3682
4598
4091
6434
2874
3026
3926
4117
2697
22340
6233
3363
4731
2249
7835
3900
4307
3715
4974
2996
4863
3585
3769
3578
3919
4303
6617
4314
3728
3908
4340
3035
4076
3309
3731
6623
3907
5657
5189
6337
3659
3984
4744
4870
4802
5152
3736
4731
6005
3683
2565
5161
4028
3253
3521
4827
3764
5481
4252
4197
4583
3843
6060
2969
3738
5630
3698
4974
3228
4582
5622
3710
4557
3763
3665
5387
3816
3353
4531
5623
3905
3766
3672
3606
4576
7646
3489
3559
5119
4469
3534
3380
3767
5481
4955
3937
6755
4848
4796
4567
5672
4078
5071
7422
3875
4094
3390
4957
2790
5566
5860
4157
3177
4622
4453
4541
5672
4699
2867
6270
3843
3272
3667
4015
7216
7361
2741
4567
3346
4828
4366
6303
5307
4251
4253
3664
6922
3581
5220
2225
5081
4474
6122
5336
13958
4040
3699
4885
4448
4108
5421
3478
4420
5075
3612
4715
3156
4336
3645
2006
5095
2576
3461
3427
7571
4134
3112
5021
4128
3414
9036
3528
5241
4434
3519
4713
5730
3945
5532
3289
4504
6116
5404
4306
6673
5654
3370
8244
4104
3946
6901
4747
4898
3974
3185
3421
4077
5243
3999
5209
7692
3014
3969
4084
8610
4712
3835
5102
7509
3829
4016
6895
5345
4011
3949
3744
5028
3094
4033
3867
5176
5196
4802
2727
3646
3994
8836
4578
2535
3939
3962
5434
4673
3287
4559
4980
4692
8589
3688
3162
3541
4875
5304
5640
4527
8379
3829
3937
4517
3276
3913
3185
3413
4084
4330
4125
5790
4065
3614
5376
4345
3080
4218
3211
3697
4785
3683
4041
3497
6085
4656
3782
4362
4366
3336
4472
4005
4795
4650
4361
3944
3112
7418
4940
3146
3804
4045
4235
5103
4823
4213
4565
3918
4669
5706
524406
7617
4295
3236
2799
3437
5385
6866
3417
4633
3970
4049
6274
5728
3279
7383
4445
4123
5494
3737
3319
3367
4466
4093
4033
4813
3743
3835
3327
3903
3714
3306
6958
3804
3485
6606
3378
4654
7076
4404
4088
4823
4052
3241
4459
4311
3628
4142
3029
3929
3610
3244
5093
4244
4532
5161
3447
4983
7599
4216
3058
4915
5184
3847
4508
2885
4255
4032
4932
4580
5319
3637
3246
4167
5262
4465
3897
4488
1979
4471
4216
3710
6645
3969
2813
4389
4123
3307
5276
4706
5184
3498
5107
4303
4154
6329
3740
5250
4125
6923
3398
3736
3152
3538
4603
5184
3516
3519
8767
4284
3314
4718
4478
3195
3830
4698
3964
6221
5166
3491
4716
4476
3941
5977
3237
3846
4430
5020
4134
4597
3430
7054
3741
3663
4045
4019
3306
3780
4786
4067
3615
3356
3401
6442
4603
4260
6201
3869
3910
6485
4827
3763
3430
5082
3808
2989
3237
3954
4042
3729
7063
8115
3779
4456
3008
4246
5182
4247
3219
5182
5370
3253
4590
3411
3181
5661
5242
35548
3433
3853
3647
3909
4258
3479
7089
3666
4094
5477
3991
3801
3220
4818
3922
4460
4465
4326
4261
5840
3190
3110
4190
5220
3959
2843
4187
6053
4162
5661
7634
4120
4731
3186
5036
4142
3788
5335
6667
4877
4063
6368
4534
3985
7396
4026
4603
4782
3955
3959
5944
3386
6728
3706
4577
3741
3730
4901
3147
2893
3840
4340
3248
4091
4258
4015
4120
5091
3934
6160
4191
3577
4122
3856
4310
4474
3763
4827
5447
3094
5453
4346
3928
6202
3464
4474
3520
6166
4794
4053
4405
5117
5369
3954
4862
4718
3477
5117
5005
3483
3494
3469
5864
3790
5057
3328
3832
4827
4146
4342
2775
4265
4263
2378
4910
3476
4311
3872
4358
4138
2825
3285
2886
4541
4518
3617
3663
6736
6814
8754
5207
3804
5514
5016
3924
6975
3609
3551
4439
6209
4501
3833
4100
3655
4709
5608
3678
6902
3567
5528
4317
5058
5498
4967
3727
4028
4975
4281
6038
5251
4351
5200
3903
4362
6546
7114
3418
4016
4184
5065
6454
4303
4233
4078
2783
3887
3670
4298
3251
4593
4640
3447
4598
3463
5348
4180
4554
6911
5083
4411
5084
3858
5658
4623
3562
4066
4285
4440
4361
5562
4140
3088
3947
4480
5540
11493
6329
3465
4525
8300
4170
3297
5814
5241
3541
4905
3856
4586
3476
4820
3680
3916
4006
3842
4348
4710
3359
1622
3150
3491
5961
2769
4443
5919
5517
3820
4927
3935
7463
3886
4555
3799
4688
4120
5476
6005
3284
5217
4243
5376
3408
5496
6856
4070
4281
3191
3440
3753
5467
6111
3241
7775
6671
3765
3531
4457
3554
4083
3681
7367
5766
3673
4718
3816
6421
3951
5000
3980
5325
5125
3424
3981
5145
4689
4224
3777
4456
5124
4339
3928
3324
3676
3788
3976
5498
4423
5257
4167
3749
6711
3898
4663
4807
4684
5033
4567
3817
4685
3990
6243
4730
5416
3905
3306
4702
4188
3552
4244
5223
5456
4845
4590
3582
5569
4740
3540
4753
4355
3873
5482
3646
4137
4300
4871
5761
4605
4196
4261
4304
4625
3771
5831
3274
3347
4464
3376
4506
4710
3915
5287
4667
4487
5009
3837
3610
7753
2841
3800
4697
3615
3778
3291
5132
3509
4849
2673
4301
3303
4169
3390
2972
3962
2725
5091
3936
3982
4644
5285
2772
4525
4438
3305
5754
3530
3486
3281
3347
4922
4251
5247
3319
4399
2946
3647
4892
3346
5093
4207
4697
3779
3583
3771
4397
4471
5540
4133
4812
4749
3787
3453
3224
5437
4241
3831
3560
4366
7250
3418
6653
7037
4041
3848
5680
6713
7191
4049
4168
3540
4278
3589
4883
4008
4565
4780
4398
3621
2596
4631
3254
4168
5534
3756
3441
7101
4710
3133
3790
4713
5080
5349
3596
3285
4623
4447
4182
5850
4543
3000
3278
3364
3782
3447
6466
4339
7001
3556
3688
5557
3343
5940
4125
3640
4697
5011
3989
4822
3876
4671
4498
5304
5796
7637
3005
6106
4235
2425
5344
3984
3676
5780
3014
3466
5884
7424
3765
7379
4019
4298
3660
5684
5390
4077
6306
3102
3781
4154
4173
7240
4009
5217
3978
2998
3714
4597
4324
3806
3725
4450
4081
2731
3677
4513
3813
5858
5649
4779
5055
4224
3608
7101
3510
3698
4042
3526
3850
3864
3094
3986
6984
3116
3640
4493
4309
6298
4653
6148
4864
6800
4042
3898
5282
4492
4888
3664
5485
4088
3221
4250
3281
4144
3612
3875
4315
3061
6467
3261
4670
6764
3751
4372
4335
6244
3443
2892
6708
2792
3245
4467
4502
5052
4936
3768
7363
3208
6988
5113
3707
4013
3295
3668
3711
3368
5805
3682
3055
3579
5690
4143
5056
3889
3078
3413
4656
3367
5185
5769
3084
4131
4333
5284
3622
4021
4724
4470
5283
3246
3758
5557
3064
2764
5872
3622
6777
4107
4358
3237
3413
5616
3803
3901
3493
4131
5981
4433
4648
4522
4054
4089
3760
6297
3355
3430
4682
5073
4807
3641
2465
7375
4529
7139
3650
2957
4053
4803
7101
3395
6448
4691
5102
4083
3283
4462
4416
4207
6780
3691
3105
3965
4069
3514
6846
3860
4514
3234
4521
4434
6947
4305
4144
6233
5063
3839
5686
3460
3686
5961
5334
6266
4211
4176
4648
3683
4839
2949
4904
3255
3625
5083
4304
3948
2045
4176
3704
2495
5549
2601
7572
5421
3061
2462
6588
3580
5046
5754
4056
5598
2185
4964
3977
4581
3601
4807
5730
2715
4316
3953
5088
3698
3526
4018
4528
3068
2957
5691
3415
4656
5526
4636
6249
3307
4187
5716
4770
2936
4676
4179
3949
5864
3247
4531
4366
3713
5082
4861
4694
8500
5002
4688
4465
6880
3435
3231
4709
4138
5346
4061
3841
3104
3192
3560
4214
4270
5717
4497
5896
2730
4563
6121
2964
3805
3637
4537
4970
4034
4236
2726
5410
4880
3814
4589
5611
3614
5014
1517
4202
3684
3715
3572
4736
8728
3780
3234
3646
4034
5657
3470
4512
5284
6323
5156
4895
3701
3673
3546
3611
3742
4709
1755
3140
4355
5555
5673
6142
5141
3981
3685
5645
3683
4591
6956
3416
5269
5065
3423
4955
5509
3786
6291
2712
7111
4170
8011
3871
5007
4161
4891
3513
4967
5105
4313
4463
3661
5610
4683
3514
4042
3330
3638
3699
7295
3508
4932
3059
3729
3735
3527
3513
12278
2868
5640
5129
3814
4173
17326
4809
4465
4241
5079
4695
4559
4366
3780
3788
4553
4783
6305
5996
4782
5158
3542
3236
3207
3854
4076
3701
3137
4256
5336
4762
3829
5923
4196
4216
3607
5757
4729
3382
5664
3829
4646
6140
2964
5893
3528
6710
5797
4045
3103
3428
3276
3753
3603
2253
2895
4102
4323
7686
3720
3791
4489
4631
3434
3415
4259
4355
3128
4143
4370
4419
3230
5937
3605
4453
4426
3511
4771
3208
3579
5086
3477
4988
4687
4514
3541
8404
4467
4123
6113
4542
3846
3548
4238
7665
3450
3507
3373
3468
4142
3953
3934
2719
3591
7139
3779
7002
4428
3715
6440
5826
4899
8761
3791
6090
5480
5080
5304
3553
7282
3608
4874
4312
4907
4186
5216
5275
4358
4370
3748
3353
4841
4474
3167
3089
3968
3797
4117
3020
3714
3737
3638
3687
3201
5204
3952
3958
6496
4219
4196
5531
4859
4079
3793
3819
4185
3615
4861
3744
5962
3110
4858
4337
4911
3386
4048
6674
4420
4466
4515
3346
3785
6394
3373
7454
3118
5967
3965
4335
3592
4260
3691
3610
4120
4448
5237
4450
3423
3049
5313
3303
3608
5171
3884
5980
7175
5400
3054
5447
3534
3436
4580
3578
4053
4722
3764
4918
4770
3606
3281
4412
6485
2277
9341
5949
4898
4763
4255
3788
3596
3916
4713
3833
4113
4176
3346
4781
8062
4053
3159
4106
4565
6774
4409
3828
6375
5116
4077
5197
3987
4297
5363
5511
3683
2839
4185
4589
4741
3677
3479
6306
3912
5615
4530
3760
7656
6276
4677
4172
5075
3718
5298
5330
3148
7329
3783
4506
5662
5649
5959
4257
3759
4358
4659
4967
3999
3954
3654
3777
3925
6029
5144
23707
3067
21441
4032
4835
6655
4665
6753
3845
5997
4182
3695
5010
3604
5324
3723
3203
9325
2912
4714
3683
2165
3196
3977
4444
15311
3334
3256
5907
4050
3278
3821
4803
3104
4626
4071
3770
5422
2942
3710
4132
4377
4020
4305
7293
5154
3348
4345
3360
4316
5945
3222
3291
3042
4311
1998
3562
2670
3330
7024
3637
2902
3113
5157
4887
3444
3523
4064
2908
4534
3874
3434
3993
4458
4091
3708
5085
3867
4754
4584
5857
4196
3969
4262
3378
4947
4882
3576
5232
5122
5155
4669
3541
3892
6136
6383
3283
4035
4346
4354
3841
4064
4032
5338
3641
3857
3602
3409
5722
3961
3791
4136
6099
3937
6824
3639
3742
20376
3989
3376
3683
3955
3631
3682
5772
4346
3314
8151
3807
5916
3831
3180
3563
4709
5235
4826
5232
3670
3094
3850
3606
3887
4772
2616
6640
3511
2796
5049
6655
4018
4710
3365
4587
4324
3711
5636
4420
4963
4712
5386
3854
5026
5160
3966
5190
3561
4440
3653
3636
6413
4846
3378
4261
3444
4661
4082
4079
4459
3775
4149
4316
3696
5490
4196
4037
3634
3097
4484
3345
4005
3340
3546
3873
4723
5260
4113
5154
4132
3372
4247
4010
5816
3271
4670
4175
5681
5359
3944
12814
4020
6655
5989
4069
7761
5542
3866
5900
4004
3903
7764
3607
5112
3967
3011
3830
4588
4499
4894
7505
4776
3225
4107
4002
4150
4548
3081
5027
6191
3152
8246
5576
3512
4498
3589
2697
3989
3411
4230
4154
4695
4653
5180
3389
5582
4577
4269
4096
5255
2938
6163
10594
3403
3967
3773
5854
4108
3917
4324
2771
3958
4409
4427
4076
3584
3145
3432
3514
3597
5103
6032
3803
3797
5288
4096
4519
2965
3450
3799
4164
3742
5003
10318
4753
4506
4007
4213
3309
4623
3320
3588
27836
3374
2889
6453
3852
3380
6232
5337
4865
3239
5468
3440
5159
4354
4292
4285
4319
4271
4160
4760
3981
3812
5387
5721
4216
4971
4093
3462
4793
3830
5236
3689
6721
3674
5563
4906
4851
3769
3555
5204
3789
3680
7008
5061
8043
4595
5820
2968
3573
3092
5106
5346
4274
4100
3723
4438
3813
5046
3545
5987
3271
3942
6005
3478
4268
4108
6285
4463
5350
4430
4059
5720
7312
6651
3308
3228
4053
3612
2214
2039
5622
3617
4561
4283
4809
3553
4101
5145
4375
3846
4992
3381
2955
2543
3801
2838
4789
5364
3182
10102
4055
3597
4266
4069
6310
3698
3605
3966
3865
5526
4979
2966
3604
4092
4980
4543
4131
3726
2984
6093
3485
3719
3571
4354
4914
3837
5451
3589
6498
4630
3074
3047
3913
3770
5043
4332
4232
4114
4585
5409
5638
3859
6511
3999
3190
3344
4600
3549
3234
4479
3563
4829
3738
6381
4802
4756
3324
7380
5084
3865
3398
3756
4760
3491
3010
7389
3752
5705
3636
22554
5861
5600
3855
5101
4717
5723
5466
4536
3892
6074
3488
3683
7492
5188
5195
4015
3887
4568
4685
5586
4545
4587
3933
4830
7424
3220
4706
4325
3777
5914
2750
5585
5009
4157
4194
4248
4215
3470
5629
4418
3118
7165
3799
3133
5660
6225
3443
10653
3601
4744
3870
3778
4582
5642
4865
4273
3349
9360
6329
4930
3690
3297
3191
5390
4125
3148
3695
3713
6963
4474
3748
6885
4988
3555
3458
4170
3685
3564
5233
5585
3887
4296
3067
2724
5053
2941
5212
4326
4456
4643
3778
5385
3372
6194
5812
4030
4246
4082
4049
4308
6059
3781
5141
3789
4441
4125
3359
4420
3721
6098
5224
3044
2808
5188
4404
3939
3223
3986
4524
3183
4136
5179
5608
4101
3450
5363
3845
4931
4500
5079
3865
6349
6039
3285
6627
4193
3288
4058
4564
3802
3242
3346
3580
3250
3584
4158
4035
2820
3731
4490
5722
4670
5323
5649
5120
4282
3366
3327
4144
3391
3520
3963
3400
3267
5334
3878
3409
2623
3240
5602
4297
3706
4416
6229
4146
5320
3888
3581
4823
4619
5016
5980
6051
3050
3972
4099
5477
3755
4815
4720
3566
4234
6375
5719
5595
5654
3410
3757
4052
4329
7359
3591
3467
4102
5347
3823
4485
8848
3996
4795
7253
4252
4058
8104
15136
4344
3518
4121
6080
3948
7000
5147
4856
4291
8097
4026
3798
8119
3544
3234
4853
4819
5212
5359
4678
4886
5767
2901
5692
4011
4233
5001
3470
3933
5805
4512
4174
5776
5524
4371
7646
3101
4078
3536
4802
3592
3340
3948
9060
5032
3207
7081
5950
3364
5101
3633
3969
9411
4232
4034
6346
2936
4359
3511
3474
3220
3140
3356
5229
5652
7119
4299
4323
8572
4365
3239
6305
4296
4643
4257
4772
5265
7595
6357
4025
2922
4440
5334
4153
4591
5326
3427
4287
3845
3905
3350
3785
5075
3785
3447
5309
3550
3785
3718
4119
3842
4407
7606
3325
3649
2447
5982
2610
3761
5338
3738
4938
3900
3812
3887
3656
3866
5044
4552
4099
3480
3620
5314
3176
3698
5799
5487
2752
4425
4149
3918
3123
5131
3038
3141
3435
4288
4907
3488
4150
4450
4667
5247
5479
4793
3688
6596
3789
3073
5303
3549
3687
3599
4590
4420
3857
3622
5209
3442
4282
4180
3858
4279
2947
5646
19742
2938
3667
4132
4147
5884
3387
4061
4003
4745
4522
3663
3517
5673
4561
3955
4187
6224
3829
4075
4206
3584
4137
4737
5017
4956
3383
4100
4019
4364
3985
3950
3884
2789
4088
2831
4539
6167
5017
5235
3612
4880
4414
3445
4514
4446
6797
4361
3969
3509
2463
5689
7297
3954
7484
3290
3957
5143
3691
3126
1683
3379
7785
3025
4576
4354
3229
7880
4458
3843
3478
4011
4905
3390
3180
3223
5516
6547
3070
6286
3323
3153
4507
6042
4441
5963
4426
4365
4354
4791
3541
4152
3624
3801
4176
3253
3064
3626
5912
3724
4991
4793
4596
4604
3674
3707
3326
3732
4555
6854
3403
3683
4257
6217
3742
4748
4213
6350
3306
3136
4325
7337
4155
4781
4227
7392
4324
4304
3742
4084
3150
3610
3664
4462
3788
4941
5576
4940
4683
5027
4662
5748
5646
2888
4855
3095
4991
4345
8814
3452
5395
3580
3708
3778
4603
4822
5546
3464
4516
4482
7480
3851
4701
5280
8623
2700
4782
5016
4753
5660
3757
2855
5169
4543
3836
4409
3366
3464
2843
4447
5759
3729
5386
3377
4896
4735
3059
4443
4192
38844
4114
4449
5048
4781
4531
4143
4165
4738
4275
3809
4052
5095
5743
3014
11192
4193
3135
5365
4067
24453
7341
4295
3349
3439
4451
4991
3603
4979
5186
7177
7066
5080
4133
4021
4362
4162
4334
4466
4128
4520
3143
9375
5253
4668
4940
3833
3936
4652
3681
5087
2606
6922
4694
3957
4202
4358
3387
4613
3390
4664
3255
3075
4864
3353
3945
2900
4239
3537
2381
4621
2725
3734
5573
5520
3898
4000
3484
3775
3534
5656
4627
4269
4089
2974
7131
3693
2873
3612
4164
4325
4577
3618
5700
4276
4959
3800
3685
3335
3337
4632
3227
3418
6051
6469
3549
3984
4272
3936
4416
4836
2991
4475
3670
3921
4816
3420
4259
3783
4993
5228
4387
4007
3125
4683
4824
3918
3494
3334
4326
4780
3491
4277
4257
3544
6339
3817
3110
4336
5150
3622
4532
3364
4436
4761
4606
3253
4034
13371
4163
6634
3249
3731
4148
7610
5782
6125
4297
5393
5163
4782
7886
3020
3543
4946
5958
3360
4279
4178
3068
3563
3086
3373
3365
5943
5521
3929
4653
4817
4450
4593
4356
3982
5571
4368
3483
3717
4272
6819
4263
3756
3729
4461
4320
4358
3691
3519
3780
4357
4474
5261
4667
4478
4245
3470
4079
5085
4495
4091
4607
5267
3403
4654
3516
4875
5696
3220
3248
5465
3241
5955
5487
3703
4261
5752
3848
4240
4754
3626
3445
5117
3551
3056
4827
4174
3926
4439
3582
3904
4995
4623
18545
6800
4883
3577
3919
3804
7827
4360
4228
4005
3690
3733
5299
4551
3697
3712
4450
5440
4919
4585
2294
4126
5766
3808
3380
3611
4263
4619
6533
5147
4714
3819
4363
5182
5600
4345
2773
6944
4541
2604
4701
5108
3956
4904
4263
5375
3405
4278
4529
4782
3879
2996
4199
6098
4291
2211
3323
5278
5827
5634
5583
5444
3827
3434
7689
7899
15743
3052
3833
6362
3858
5803
4763
2400
3868
5543
3036
4596
15571
3895
3607
3464
6458
4659
3287
3980
2977
2734
3534
2777
3894
4367
5764
3981
4708
3590
2934
6599
3012
3647
4651
4744
5287
6424
4264
3421
2911
4823
3500
3864
3966
3836
5098
4239
4561
3335
3888
4397
4963
3690
3848
3844
3506
5188
3352
4099
3327
4192
3721
4202
4654
2878
5403
4926
5369
3583
3441
3850
6568
4429
4749
6738
4671
3311
5196
3550
3263
4088
4302
5565
3828
4785
4111
4056
4356
2635
3211
3605
3671
5637
2797
4187
4583
3997
3945
1969
4060
4863
4856
4342
4751
6233
4506
3643
4283
3624
3817
7447
5933
4975
6690
4292
4323
5086
4665
3754
4168
4102
3752
4552
4320
3075
4157
3287
3915
4746
3727
4441
5638
2986
7618
3455
3765
4925
5912
4980
3500
2910
3499
3759
5294
3444
4044
3678
4377
3767
3420
3864
4095
3971
4445
3549
4102
4215
11837
3536
3574
2205
3995
3635
4035
3528
9343
4460
4308
7717
3273
4918
4596
3345
3597
2592
4148
3361
4597
4738
3548
3487
3690
4761
3791
4367
5556
4400
4708
5729
2977
6332
4228
3822
7470
3963
3911
6071
4152
3984
4831
3400
12735
5884
3493
6911
3649
3974
6550
3098
3866
6738
4574
3553
6152
4739
4584
3970
5277
3108
5132
4647
3686
2267
4082
3391
4472
3793
3900
3419
4849
5453
4739
4432
5755
5502
3542
3262
3470
3118
9006
3731
4209
4789
4708
9082
3598
3719
5728
4542
4967
5703
5017
4378
4738
3381
6008
2493
5950
3128
3230
5960
3850
4135
4023
6551
5469
3801
3821
3353
3526
5436
6342
3695
3104
4038
3163
3002
3957
4468
3185
2969
2703
5807
3683
3894
6079
4139
3407
2581
3183
4122
4734
5352
3734
4714
5628
5559
3795
4170
5419
4628
4663
2839
3538
1830
3774
4113
4636
3988
4363
3440
5958
3713
4546
2842
3575
3462
4061
3478
5854
5024
4577
4338
3112
3425
4598
3389
3634
4645
3635
3626
3599
4522
6000
3269
3478
4198
3155
3331
3214
3875
4896
3212
4345
3062
3829
4355
3947
3742
4342
4035
4253
5548
4362
3898
4878
4445
3883
4626
4048
5256
3383
4789
3073
8226
4121
4126
6103
5429
3942
4319
4009
3961
4621
3996
5001
3675
3916
5195
2781
3205
3477
3030
3394
4871
6555
3898
10029
4031
4797
3908
3326
4569
4372
3419
3728
4001
5130
4186
4313
4725
3852
3651
7486
3745
3786
3627
3851
3462
5436
3789
4009
5793
4794
4894
4937
3221
4276
4125
2300
4279
4314
3753
4465
3012
3533
4347
4923
4668
3513
4389
4264
2943
3864
3444
3474
3973
3837
4460
4347
5235
3658
3957
3803
3362
4645
4316
4437
4072
3777
3897
2323
5877
4529
3623
3382
3845
5150
4571
3438
2708
4548
3171
2304
4996
3256
4832
3885
3369
4970
4185
4152
6214
4221
5170
6182
5255
6428
5094
3326
6829
3079
6510
3459
4440
4352
3385
3328
3237
9101
4546
4517
4425
3845
4456
4535
2881
4000
2746
3515
6517
6611
3951
5539
4811
3506
4918
5015
5469
4469
4262
4174
3794
3522
3541
6838
3208
3856
5067
2832
4993
4297
4350
6686
2478
3685
5135
3665
4473
4867
4073
5355
4465
4623
5004
5442
4291
4253
4019
5500
5596
4994
3713
3846
4070
3653
2121
2610
3800
3819
4683
2657
2764
3869
4374
4796
3603
3968
2980
3969
3962
4297
4185
3187
3203
2997
3567
5755
3394
3893
6653
4179
4042
5293
3169
3668
2779
4568
4033
5826
3831
3762
4379
3421
3903
3735
4032
3142
4476
4139
5359
3261
3724
3099
4437
3409
3821
3886
4145
4254
8173
4084
4121
4590
3793
5247
3274
3948
3291
3045
6420
4559
4278
6081
3903
4555
4709
3346
3995
3449
4858
3650
4060
4212
3407
4053
3637
7275
4033
4380
5011
3917
4629
4163
4413
5235
4536
5382
3664
4908
7604
3800
3852
2965
3826
7595
4040
4097
3574
3483
4710
5463
3118
224813
5109
4489
4758
4871
3330
4247
4378
3282
6803
3028
3534
8933
4718
3339
6010
3760
3517
4817
4962
4476
2228
4490
4008
4473
3698
3880
4033
4694
3830
3605
4630
3525
3703
5309
3616
5061
4329
4030
5198
3491
3692
4417
4266
2347
4007
5543
4583
3064
5242
2945
5007
4251
5633
3282
2489
8095
4002
3968
3972
3210
6592
4152
3575
5898
3609
3357
6021
3958
4022
6190
4076
2719
3382
3894
5198
2611
4554
3561
3390
5759
3861
4255
4655
4013
3430
7832
3884
4467
8210
3590
4829
4596
3831
3473
4738
3731
4058
2577
4245
4046
3183
4239
5000
4077
8564
5875
3777
4718
4913
3784
4483
4600
3997
4147
4129
4317
2896
3708
3970
3788
4764
3705
5174
6168
3895
4072
6234
4005
3943
4174
3744
7717
3508
4069
4874
3040
4529
3077
3188
2126
3369
4061
4164
3603
4429
4937
4473
4179
4500
3540
2920
3822
3947
4300
3385
3705
3276
4001
3975
3184
3634
4663
3385
5098
3290
5779
4446
3282
3710
3367
4791
4802
3752
5315
4550
2596
5086
4809
3496
2855
3743
3402
3917
4243
3487
3570
6816
3457
5773
3118
3341
5156
5406
3720
3901
4817
3078
3458
2990
3298
3693
4203
4176
3659
3624
4008
5817
3500
3614
3627
3640
3817
3004
5754
4217
3643
6501
4712
4007
3645
3626
3632
3290
3558
5585
5910
4539
3260
4010
3989
3590
5161
4934
3423
5199
3991
4720
3307
3983
3675
3337
4597
3673
3330
4301
5855
4098
3122
2808
2885
4064
3893
3240
3726
5528
3571
4682
4651
3735
2938
4506
5330
4024
4603
4547
4527
3321
3150
4174
3960
4364
3996
3641
5039
4489
4085
5781
4076
4040
4625
5558
6062
4036
3757
4292
3826
7075
5003
4347
6656
4354
4253
3302
4456
9337
11070
3708
2881
5891
3666
4314
6370
4529
3757
7358
3210
4078
6694
1849
4987
2814
4258
5277
3400
5049
3155
5049
3903
4982
8513
4797
3493
3078
2903
3064
4149
7294
4240
4554
5895
7041
3402
4876
21074
2792
3574
3550
3796
6322
5595
3327
5537
3873
4010
4142
3476
3442
2722
3496
3509
3268
4457
4776
4104
3821
4023
3302
2686
6799
3724
3482
3250
2981
5732
4979
4747
3957
4060
4139
3676
6905
4585
3064
4500
3762
3099
3222
4176
6745
3509
3731
2310
4473
4119
5842
3151
2321
4507
3778
4073
4385
3444
3480
4539
2677
4267
4545
5247
3553
3948
3854
5712
3611
3808
6772
3700
4716
6372
4924
6498
6342
3770
4562
3043
3765
3210
3844
3588
4091
4641
4212
4959
5270
3651
4301
4223
6062
4969
4467
3302
4043
4756
3239
5111
3614
3572
3549
2944
4878
4495
8101
3829
4998
4944
3198
3565
5232
3208
4808
3609
5484
3406
4297
3656
4748
3696
5927
3440
3270
3804
4796
3948
3817
4107
3975
3315
3784
5075
4816
3118
5685
3492
4927
3270
3384
3574
5215
5027
4966
3692
3094
4846
4179
4946
3682
3279
4677
3591
3962
3813
3473
3181
5327
3652
3929
4033
3954
3881
6058
3786
4122
3228
4560
5567
3365
3320
4391
1784
3210
8972
3707
3818
3427
4464
6001
4251
4008
4843
2882
3738
4436
4396
3381
4717
3125
4183
4131
3908
3850
4369
3240
3864
4651
5516
3323
5855
4053
4883
4008
5715
4814
3855
3059
3635
3360
3574
4736
4259
4149
5811
4800
3504
2328
4024
4742
3167
3897
5533
5793
3511
5025
3975
3428
13854
5114
4361
4868
2768
3883
6325
3770
3882
3757
6047
3910
3230
3033
3421
4606
4317
3927
4385
4319
7466
3214
3359
4383
3681
3910
3115
6363
4239
4482
3489
3569
3182
3950
3927
3624
4022
6698
3077
4736
4517
2747
3331
3564
3580
4584
4233
59199
4897
5057
5340
5475
3947
3922
1717
4230
3427
4034
4237
3421
4151
3882
3748
6168
2581
2853
5286
3471
4529
4598
5274
5330
4190
4219
5286
3487
4556
3959
4523
6433
5700
6441
2814
2966
4634
2258
2310
4040
3807
3529
4820
3353
2265
5018
3244
5504
3853
4067
3306
3216
3243
3924
5292
4099
5814
4406
3475
5976
4031
4562
3208
4451
3134
4485
4377
3783
3403
4295
5635
19459
3146
5786
4604
4963
3682
3831
3603
4819
4157
5095
4995
4431
4280
4524
4557
4505
5556
4434
4901
5270
4338
3399
3275
5102
3212
3631
3706
4143
4466
4280
3881
3698
5248
4055
3601
3471
3408
5303
5238
3462
4748
5265
4341
3682
4418
4515
3855
5197
4428
3216
4929
3093
3526
4505
3822
2876
5524
3952
3411
4607
5156
3777
4746
5104
3839
4246
3961
3535
4990
4377
5378
115636
3616
9128
3966
5852
6042
3154
5192
4282
3804
3451
4091
3458
3696
3636
4038
3512
4622
3543
7519
3674
3685
3813
4482
5582
3121
3756
3318
1985
3612
3904
5385
5797
3969
4561
3437
4742
6390
4025
4299
8633
4321
4437
4485
3843
4205
4702
4198
4639
3381
3016
6561
3719
2927
5307
3959
4176
5538
4320
4950
4796
3021
11159
4948
9280
4388
6006
4112
3684
11509
4072
6492
3701
4768
39711
4977
4937
4482
3630
4350
3582
4496
4551
5596
3645
3875
4529
5529
5328
4333
3626
2926
3448
5856
7118
5500
4632
4454
3913
3365
5078
4194
3855
4597
4721
3559
2667
4339
4193
2974
4700
3678
7891
3997
6884
3476
5810
2502
3640
6937
4182
4471
4759
2439
4345
3291
19495
3418
3711
5558
5112
2156
4004
3619
5367
3750
4311
4231
3959
3973
7989
3661
4135
4399
4194
3597
2705
3802
3545
3470
3661
3164
3326
4326
4346
3694
3175
4410
3080
3858
45314
3872
2621
4948
5448
3860
3960
4203
3985
5300
3298
15343
3662
4685
3544
4622
3482
4946
3814
4309
3440
3235
4766
3706
4370
4213
4234
5071
3434
6112
3781
3333
3703
4041
6191
4274
4120
3690
3428
7459
3763
3850
3286
3500
3404
3899
3743
4773
4379
5726
4607
8367
3631
4331
4752
5243
3575
6109
3690
3633
6535
4173
5064
4324
4937
4784
3491
3968
5923
3623
4430
4135
4995
5207
4435
4437
4604
4270
7842
4477
6732
4744
4331
7484
4368
4320
4732
4390
3356
3600
5059
4632
4873
5754
4809
3945
4071
5592
3399
4262
4552
4230
4429
3094
5749
4195
6098
4217
3235
3770
3208
4549
4086
3278
3530
3986
4783
3692
3384
5416
2850
3457
9199
3880
3872
5962
5015
4037
4421
4788
2924
4978
4121
2749
5107
2962
3858
5526
4273
4518
5678
4201
3667
5814
3768
4231
4472
4751
2415
3798
4832
8150
4526
4294
7618
3432
5415
5516
3727
3665
10640
4091
3259
8122
3785
3890
7924
2666
3303
5227
3209
3541
5411
4111
4721
4751
2777
5046
5554
5166
5304
3719
7569
3689
3099
3448
3430
2979
8497
3578
4211
4738
3061
3519
4738
3433
3495
5434
2805
4068
4065
6053
4005
3348
3490
3503
7179
3344
4138
3404
4072
4951
3710
3487
3299
2469
6404
4358
3395
4239
3743
4199
7586
4314
3530
5777
4881
3546
6136
4827
3121
4372
4044
3610
4233
3340
4547
9147
4410
6182
4905
3799
4218
3338
5787
4188
3341
4055
6929
3942
2930
4152
4438
4281
4730
2747
2476
3848
3284
3711
4354
4804
5679
4884
3704
4535
3314
9249
4353
4122
5724
3718
3700
4568
4615
3301
3387
6548
5626
23915
4932
4848
4423
4019
5352
4338
3494
5699
5351
4729
3820
3198
5643
5873
5264
3793
5137
4518
3554
4718
3221
4588
3877
4568
6089
5524
2996
3341
2994
4592
3095
3568
4174
4383
3862
4975
4428
3903
4256
4665
5488
3943
4700
2739
4990
3449
3866
6000
7542
4420
7559
4570
3784
5366
5764
4296
4018
4238
4560
4160
2856
4045
4220
4070
5171
4147
3288
5202
3836
3699
5405
5591
3770
4087
4777
3098
5605
4936
3776
6040
3118
3427
3873
3175
3578
5224
4999
3655
5108
3322
5567
4450
4456
4620
4574
3022
4990
3955
3694
9261
5244
4099
3597
3461
4183
2688
4271
5497
3964
3563
2561
3457
3622
3648
5271
3415
3276
3594
4515
4249
3425
5530
8240
3738
4790
5908
3521
4317
6358
4473
3900
2938
4105
3540
4498
5814
3597
2748
3920
4099
4398
3781
4236
5862
3929
3189
5075
4086
4687
3156
11096
2663
4657
3684
3267
6741
3683
3538
3956
4145
3931
4630
4483
3687
4591
5097
3315
4086
4023
4118
4001
3879
2215
4288
3863
3168
3804
3786
4260
4753
3568
4808
3643
2524
3466
4407
2922
3854
3708
4274
3618
6349
4317
3413
2815
4573
3939
8554
3997
5834
4721
4460
5140
4948
3681
2997
2848
4995
3637
3602
4235
3618
3767
3760
4857
3691
5089
5198
4654
4071
3712
3733
5001
4225
3816
3798
4824
4654
4474
6123
3175
4636
3598
4323
5666
3234
11861
3913
3645
4022
3539
3086
4134
4564
4433
6036
4612
4192
3939
4632
3078
8924
5249
2896
4873
3298
4647
4475
2931
6935
5043
3683
4888
7279
4767
3672
4345
5053
3850
4954
3525
3695
3801
3554
4611
3481
4581
3708
4388
3346
4274
4756
4487
4849
6653
5359
4724
2853
5295
3652
4460
4869
4956
2995
3761
3756
3625
6372
3819
4844
3781
4493
3541
4344
6207
4410
5913
5038
5613
4326
4371
4259
4280
4374
4096
2275
5828
3704
5461
5237
3919
4107
4183
4119
4085
3058
4233
5042
3691
5161
2756
3836
2874
3886
5056
3340
4442
3805
7547
4416
4023
5384
3634
3850
4937
3609
4781
4074
3964
4265
2878
4622
8756
4226
5250
4019
5032
3523
5020
5525
4367
4218
5160
3049
3081
5928
3436
7563
5269
12959
4367
3255
3816
3465
3951
3759
3580
4851
3209
3679
3159
4374
3412
4154
3962
3685
4184
4688
3314
3680
3109
4989
3369
3935
1720
4045
2654
4430
4842
3240
4388
3403
4752
4048
3935
4229
3429
4561
4239
4815
5246
3729
5741
3817
4760
4079
5710
4190
3760
4100
4268
4115
2921
3547
4710
4560
3630
3604
3611
5530
4251
4075
5189
22381
3704
6308
2987
3924
3177
4935
3835
3940
4581
3618
6301
3831
4636
3609
5393
4806
4717
3358
4080
3962
4172
3375
3711
3775
3848
4610
4318
4334
3700
4519
4667
3586
3488
3793
4367
4266
5117
2541
5248
4344
6388
3445
3938
2850
4678
4919
3580
3522
3846
4135
4309
4592
7039
4584
4833
3984
3611
4650
4307
3531
4043
4934
9620
3897
4124
6342
4156
5056
3314
3437
7786
2989
4352
3965
4345
4096
3760
3348
4136
4264
4279
4287
4251
3611
7817
3752
4318
5619
5270
3018
4388
3584
4368
3302
4433
5731
4220
3772
3556
2856
15734
3594
3056
4865
4982
4689
5641
4406
8677
3042
5482
4707
20753
3527
4105
4878
3784
4249
3605
3144
5826
2767
4055
4186
3449
6068
7134
3471
4274
4293
3738
7197
3462
5738
10816
4711
2518
6476
3439
3553
5234
5100
3370
6930
3864
3779
3703
3525
4014
4299
4764
3947
3198
4194
4037
4004
3708
5048
4789
5258
4003
4193
5023
5673
4532
6057
3582
5252
6072
4980
4576
7373
5314
4106
3052
4714
2865
2262
3976
5445
4537
2540
3598
3652
3960
4772
3829
6424
4347
4120
3766
8249
4014
3502
3054
5113
4000
2489
4124
3994
7843
4264
3880
5715
2929
8708
5352
3667
6066
4274
3962
4859
4282
3152
3079
4671
4991
3083
3928
3320
3635
3976
3306
4323
3939
4487
4306
4303
17719
2718
3856
7120
3736
3483
7607
6604
3048
5785
4200
4289
4612
3573
3671
6947
3282
3281
5331
3474
4571
3970
4430
2724
3566
4627
5625
3323
6620
3053
4503
4490
3969
4350
5125
4077
4785
4162
3178
4158
5148
2228
4738
6107
4646
3950
5197
4236
4019
4239
6450
5257
6172
3876
3658
4214
3555
4260
3552
3287
4346
6046
3547
4122
3126
3542
3416
6600
3508
5631
5383
3196
5712
3830
3261
3276
3875
3265
3368
4306
4176
3138
3854
6282
4313
4906
3244
5096
3781
4334
4364
3739
6086
3445
3471
3356
4183
4279
4344
3746
4814
4352
3808
3865
3115
5625
3828
5360
4069
5055
3505
5241
2788
4996
4362
4792
2751
8275
3765
4167
4223
4691
4735
5182
4214
5232
4917
3478
7341
4759
5520
3701
5667
3388
6106
3942
4067
3466
2873
3693
3448
4302
4602
6701
3732
4240
4665
4755
4154
4836
3493
3359
4923
4112
4122
4843
3280
3627
3768
5182
5261
3091
4547
4182
4481
3642
4889
3563
4411
3746
4570
4622
5148
7310
3334
2748
3626
4189
3301
7975
4665
3517
3570
4861
4601
4247
3267
5897
4274
5165
3929
4095
3375
3067
4705
4711
4265
5179
4530
6507
4311
3436
4242
2854
3425
3140
4275
4755
6535
3154
3748
5466
4114
4312
4081
3806
5005
13419
14545
3495
4222
4803
3989
4007
4138
4976
3950
3948
4043
3497
3805
4282
6258
5276
3835
5885
4140
4736
4663
7996
5163
3169
4219
3071
5952
4321
4432
4065
6178
4666
4305
5410
3782
2354
3673
4947
3897
3942
3823
5261
5236
4313
4846
3968
2839
3723
8555
6666
4330
5208
3176
21710
5470
3066
3060
10260
2778
4043
21832
3278
4429
4346
4884
4185
5034
4947
6096
4071
3766
5084
4276
9019
4931
4961
3240
5236
2627
4564
4829
3816
5040
6432
4758
5676
4339
4152
4584
3596
3032
3666
5894
5232
4606
2255
3628
5210
5160
4043
4014
4195
4235
3326
4910
7195
4761
20737
4850
4796
4575
4409
3459
4415
6247
3559
3346
9772
3236
3836
5788
3486
3175
4584
4216
3974
7600
5320
3731
4629
4517
5093
3998
5018
5055
3633
5441
2887
3667
6015
4253
3542
4404
3618
4653
4835
5990
3110
17257
3880
5798
4085
4406
3832
5703
6945
4186
6591
5013
3521
7882
5622
4853
6064
4401
3502
3131
4780
4179
5906
4674
4970
3271
3448
4964
4598
2527
9404
3940
4119
4970
4232
4526
4058
4038
4945
6440
3721
3000
9082
3399
4867
4510
4306
5896
4261
3277
4967
3724
6483
4753
5051
5028
3718
4576
4048
4758
4131
4988
7845
35912
4213
7189
4193
3768
5756
3679
7507
4098
3491
4953
4262
4031
2683
5549
2748
3999
3701
4953
3723
3296
2665
4928
4210
6583
7346
4335
4462
6072
4959
3056
3611
4815
4219
4125
3553
4937
5012
1599
6501
34501
3258
4823
4238
4185
4298
5457
15298
3762
4153
3334
5419
7228
8103
3907
6571
3306
3423
3664
5392
3106
4321
4807
4273
5914
4377
4299
6657
9210
3888
4087
4527
3909
4225
5230
4634
5231
4585
4153
4669
3917
5176
5090
4328
2924
6878
5889
6026
4194
3508
4866
3443
3889
3122
3921
4974
4073
4599
5773
5493
4361
3344
3610
3336
3446
4976
3383
6612
5045
6294
4513
4104
4647
6335
5721
5523
4545
3983
4234
2725
3793
3568
6517
3401
3277
4313
4629
4985
5300
4165
6849
3691
3858
3442
3560
3689
3693
4653
5959
5225
5196
4684
4587
2810
3813
3538
3487
6807
3645
3711
38531
5836
4285
4325
3771
3445
8731
4046
5682
2954
3857
5248
4925
4050
5701
4589
3752
3858
4189
6340
8940
4967
3654
4780
3514
3947
7310
4920
2364
4521
4401
6385
4415
4282
4022
3506
8517
5450
6007
7461
3141
3926
4245
3754
4408
4228
4012
4829
4210
5471
5102
5267
4601
3429
4314
3136
3807
4656
3329
3761
5425
3791
3050
4995
3295
4634
3072
4324
5303
3408
4858
4272
6995
7019
5880
3077
3347
4532
4176
5747
3701
4750
3704
4703
4667
5458
4356
3661
3977
4465
2560
4030
3240
4511
5142
5229
3665
4098
6035
5494
4373
4356
3845
4113
4876
3212
4370
4338
5196
4845
5746
34052
3754
3753
4139
4856
3470
4475
4247
4487
6988
3330
4191
3435
4828
4065
7268
4275
4426
5933
3283
3428
3917
4195
3662
4717
4213
4219
4545
4404
3476
4688
5174
4394
5541
4689
6483
3874
4593
4604
4949
3732
4179
3817
4193
4968
4163
3403
6171
3539
3746
4184
4029
4967
3360
4880
3576
5349
6427
3754
4070
6702
4026
5254
3279
13610
4799
4518
5422
4791
4408
5596
4761
4869
3990
5946
3549
5065
4783
5321
5170
3619
4388
5750
4320
4370
3724
5465
4305
5712
3343
2616
6410
5926
3988
3734
4027
3799
3733
3453
3429
5880
5221
3316
2890
4212
5200
4588
4928
18183
4127
4369
4467
5940
7096
3233
5877
3855
4709
4383
5411
3651
7088
3873
3257
4140
3728
4177
4186
6825
3106
5029
3582
3561
3883
4412
4159
6710
4112
4984
4582
2390
7107
3590
4203
8632
3096
3850
4442
3676
5626
4621
3482
3551
4827
3231
4558
4294
3589
6051
6120
4981
2739
3285
4915
3387
3159
3605
3099
4918
5077
1693
3772
3247
3773
5651
4439
2895
4537
3232
4799
3393
4289
6025
4505
4168
3628
4135
6047
4167
4114
2906
6106
4024
5073
5011
3979
6343
4180
5355
3793
3400
4764
6128
3052
5280
4214
4480
4131
3794
3158
4199
4331
3431
5120
3865
4287
6599
6116
4953
3727
4743
3694
4319
5987
4882
4166
4430
3269
5936
6140
3419
4245
6048
6163
3640
3651
4909
3847
4491
3100
3695
4050
4766
3546
4189
3870
2607
3903
5130
3363
4144
3996
6527
5094
5002
3615
3651
4020
4176
40168
7380
3624
3831
4116
4106
3090
4630
5704
4111
4028
3240
4283
3345
5237
3772
3226
8152
3600
5410
3414
4046
5079
3717
5303
5278
3944
4501
3859
3768
3941
3635
4840
3881
4623
3489
3326
3870
5236
4122
2689
3712
4277
4470
4266
6844
3492
5541
3370
7300
4406
3901
4396
3831
4832
5520
4421
4650
4261
4994
3611
4187
4434
4909
4073
3875
5375
4980
5657
3757
5073
5115
5826
6668
4486
3666
5326
3012
3696
6114
4513
4536
3640
3310
6910
3377
2463
5642
4741
5453
3673
4237
3546
4295
4356
5521
4914
3970
5502
6151
4253
3134
7100
4007
2916
4247
3538
4504
4065
5628
3386
3990
5262
2718
4166
1884
3853
4422
3895
5329
3826
2269
6684
2259
5102
4332
3344
8421
5245
4580
3019
4141
3289
4173
5865
3277
3139
3703
3610
6679
3409
3900
7332
2859
4796
3725
3829
4275
4621
3568
5383
2885
6374
4124
3510
2937
4569
3373
4613
5597
2890
3136
3352
3323
4393
3465
4067
4683
4792
4170
4669
3305
5158
3713
4736
5121
5126
4015
6175
4318
3684
4964
5102
3466
4731
3826
3780
4465
3729
3778
4689
4803
4392
7488
5912
4287
3827
3783
5041
3966
6313
6696
3588
4937
5653
4826
4447
5172
3509
5217
4202
3102
3354
3862
3896
3758
5801
4347
3910
6926
2972
4428
3895
3864
6722
3143
3902
3337
3976
5171
4074
4582
4524
3478
4892
3430
4074
5528
3627
2914
6076
3980
4535
5810
4715
3807
2701
5705
3806
5384
4186
4612
5956
4657
4664
4100
3525
4154
4066
4629
5074
4318
4203
3511
4101
5886
4252
3553
3446
8096
2816
4328
4278
4172
4407
5856
3395
4071
5571
4355
4296
4242
11788
3403
3590
3790
4429
3146
5804
3779
6041
3764
4935
2700
6902
4673
4558
4529
4841
5348
9415
5592
4797
4410
5009
4249
4668
5255
4271
5729
3832
4001
4555
3912
6671
2516
3500
4166
3277
5928
4125
3009
3515
5547
6183
4463
3647
3475
4836
5024
2705
4264
4407
4084
5305
5785
4933
4272
6879
5953
3196
10499
4072
3789
5340
4620
3111
5981
3241
4540
4443
3279
5356
7850
4146
3959
7390
4079
4723
7291
3859
4250
2459
3799
3498
3239
4282
3529
4880
3797
4715
3475
3884
3683
5313
3761
4686
11037
5285
3035
3524
4268
4343
5369
4536
4050
3510
3576
5259
4017
3613
5112
4076
3737
5421
4880
3691
4769
3725
3743
4867
1763
2886
3680
4852
4351
8353
6438
3369
4825
3827
7894
6697
6004
6285
4330
3828
3695
3560
5377
3630
3459
2813
3767
2919
4165
4553
5459
5403
5991
3265
6392
4353
3677
4182
5300
4305
5572
3874
3723
3483
3661
3592
3747
3521
3906
3429
4605
4949
5354
5954
4549
20732
4166
5793
4074
3985
5420
3808
3233
5646
3046
4464
5452
4656
3716
3018
4194
3842
4418
4762
3639
5457
7228
5841
3766
4953
4032
5358
4372
5282
4430
3987
5015
2899
4812
3677
3421
6536
4578
3538
3508
4483
3362
3824
4197
4289
4570
4020
6837
3589
4115
4842
3696
3422
4669
3645
4541
4153
3573
3923
4336
5018
3951
4617
3226
4720
6133
5262
4434
4934
4490
5618
3689
5013
5048
4358
6179
3617
4245
5463
5560
7146
4631
4097
4097
3196
4013
3924
4491
4484
5167
4118
2981
4672
5641
3381
4891
3571
9291
5494
3629
3479
3926
6689
4283
3352
4035
3935
4229
2977
3064
4785
4489
4259
5112
5463
6144
3615
4315
4592
3547
5705
2985
2010
3432
8014
7324
3587
4692
4440
6360
3943
4029
6406
5138
4920
6052
4449
3970
4893
4167
3817
5769
2371
5244
3614
8493
4928
2847
2315
4774
3737
4305
4092
3694
2946
4270
4687
4336
4701
6955
4898
3763
3858
4002
6269
4511
3576
3664
5335
3953
3495
4740
4492
3491
20598
5683
3358
5375
3178
4398
6120
4193
3240
3700
3510
3927
3380
4636
4209
8018
5482
3321
5129
5490
4238
3249
3610
5263
4049
3534
4591
3363
5641
3626
6905
4726
3276
5784
4507
3522
8911
3724
4048
2922
5199
5621
4612
3594
3243
5256
6273
2950
5345
5100
4445
4255
3546
4823
6965
5024
5049
3993
3861
5354
3537
5003
4222
3909
6216
3521
3401
5319
19170
4340
5515
4491
6953
3853
3399
2521
6038
5025
4382
4215
3852
3402
4948
3997
3630
4602
4767
3739
4169
2900
4457
4863
3418
3479
3413
3527
5925
4669
4716
3948
3381
3892
4073
4839
4097
3462
3650
4156
3364
5107
3104
3767
4478
6093
7739
3677
4364
2655
4291
3429
5416
3855
4162
3285
4149
3943
3845
3743
4996
4474
3171
3701
4263
7110
4093
8388
4167
3950
5034
5491
3573
4725
3657
3344
5169
4330
5531
3656
6437
3143
4888
6768
3412
3976
5181
2382
4655
4139
4481
3205
3834
5175
5638
2907
4239
3721
3337
4972
6343
4506
6626
4048
4318
4842
3873
4408
4488
5467
6808
5222
3471
5065
3909
4719
5227
6935
4933
4751
4284
5603
3584
4155
4683
4572
4251
4623
4881
4229
6177
3327
3697
7225
4268
4440
5035
3437
6997
3058
2862
4704
5874
6575
6012
4058
7676
4616
3635
6033
4636
5152
4211
8038
1893
5108
5493
3588
3883
5648
3783
5123
4307
5017
3598
4188
5259
4535
4337
3714
4933
2099
3884
3329
5230
4007
2575
3966
4771
5156
4517
2594
7289
3926
4861
6025
3181
35412
4814
5793
3753
4710
4309
4395
5228
4261
3246
3454
3903
5388
4598
4879
4028
4666
4414
3736
4241
4911
4638
4525
4848
4494
4106
4212
8087
3882
3395
4228
5169
5170
4963
4606
3246
4953
5175
4059
6706
5006
4054
4877
4475
5129
3424
3764
4583
8041
3657
4532
4566
5115
4471
3062
4453
3994
3719
7318
3525
6772
4377
3101
5083
3793
3391
4129
3259
9532
3736
4369
7220
4308
5791
6765
3342
4568
5229
3954
5358
3355
5029
3836
8307
4228
3467
6251
3838
3490
4067
2346
5099
3161
4104
4234
3540
4487
5045
3846
3733
6154
4569
3291
5049
3943
5498
4207
3833
5695
2981
9638
5147
5054
4135
3211
3659
10070
3360
4500
3557
4077
3505
4184
3775
5387
4376
4376
4716
5003
4016
4387
3786
3935
4921
4165
3608
6346
7442
3729
4434
3426
3425
4542
4003
5028
5086
4530
3416
4353
3740
6537
5053
4070
5944
4428
4570
4631
4090
7062
7567
3356
6446
4718
4637
7132
3838
3729
7616
3941
2673
4726
3737
4635
3751
5228
4585
5091
3860
2612
4201
4509
3458
16681
3611
4322
4167
12519
4629
5898
3888
3090
5680
3727
5572
6952
4182
4316
6620
4776
3512
6269
3162
4003
4298
4772
2820
4002
3497
4791
4294
4989
5746
4908
4767
5709
3633
8445
4765
3258
4458
3435
7588
3797
3112
5714
5213
4009
4985
6212
4407
3664
4430
2669
6391
3749
5536
5320
3208
4319
4176
4257
3255
4057
3494
3916
3407
4260
4119
8242
4981
4759
5094
3568
5281
4370
3559
6061
5217
3576
4385
4831
4204
4690
7143
2707
6150
3941
3109
4856
4497
4748
4376
5391
5247
3178
3957
5048
4114
4704
3286
3852
5265
3996
4903
3136
5438
3399
7353
3754
4003
3910
5551
3606
5142
3919
3712
4062
4164
4047
3094
3512
7738
5221
3869
8441
2950
4463
4738
3813
4695
3479
4019
4082
3947
3599
3148
3872
3507
4684
4180
4972
3929
3504
5136
4814
2997
3720
2964
4077
4206
5389
4935
3698
3528
5789
3852
2975
3768
7325
5589
3259
7489
3283
4111
3438
7141
3241
4031
3771
2730
3412
4003
3340
4033
2939
5630
6091
4542
4047
4680
3924
5460
3654
4118
6003
3598
6124
3934
4243
4976
6488
3758
2801
3883
4183
6465
5010
3334
3933
5830
4778
3844
4276
4510
3625
5692
4422
3856
5838
3197
3679
3743
4476
6447
5080
4209
4248
4292
7312
4845
6314
4006
4837
4673
3014
3903
5178
3241
3562
3555
3327
3539
6506
4540
5250
3765
6188
4194
5320
7057
3682
5381
2626
6602
5782
2717
5024
3522
6053
3655
5267
3952
7293
4649
4014
6657
5138
3585
5427
4151
4984
6136
3005
14224
5491
3703
6398
3898
4288
3861
3975
4159
4225
4021
3242
3585
6185
4582
5094
3976
6379
7270
4284
2559
2882
5677
3954
5474
4185
3326
5905
3299
2463
3762
4945
3614
3363
6409
4466
4280
3425
3870
4702
5316
3000
4290
5838
5295
9630
4343
4908
17340
4251
7230
2882
3302
5649
3543
4996
3599
3736
5724
1625
5423
2331
4338
5046
18041
3956
3009
5899
4310
3861
3896
3702
4371
5164
4255
6173
3996
2580
5193
3516
5401
3104
7840
5144
3971
5370
4439
6000
6032
3305
4916
4213
89799
2934
6297
3695
3470
3945
3365
8142
3899
4240
4908
4522
3378
3388
4764
4564
12634
4192
4924
4557
3729
5235
5312
3994
22500
3556
3589
6968
3835
3809
3500
4805
3457
4188
3315
3498
7401
3814
4042
3158
3624
4200
4217
5338
4304
4405
4745
3284
5060
5378
4179
5179
6076
6398
3585
4257
4025
3859
3861
4629
11682
8203
4533
3658
3943
5380
3594
2994
3667
4517
5433
6824
4386
5713
4180
3162
3153
6131
4100
3355
3801
3872
4154
5392
3873
4150
4348
3174
3881
3565
6313
4267
3771
5698
4363
5084
4533
5955
3723
3626
3936
5435
4268
5235
6232
3783
3690
2725
5053
3885
3222
3097
4896
4397
3627
3203
3494
4179
4707
5508
4956
4573
3930
5109
4131
4502
4239
4133
3820
5529
3115
3841
3568
3609
6883
3539
3866
1919
5007
4031
5366
3489
3051
3197
3732
3596
4592
4092
4970
3570
5010
4781
2839
4463
4890
3825
3963
2290
5242
4877
2566
2935
3433
18075
2963
3868
5532
5304
3856
3755
5049
3001
3367
2761
2348
4252
4386
7072
4248
3804
9912
4881
2129
4486
4356
4083
2880
3717
4222
4741
3127
6015
3204
4324
10532
4255
3592
3535
4284
3825
4960
5812
6039
3826
4438
3549
4037
4886
5718
3329
4372
4357
3282
4493
4561
3097
7561
3611
4785
3081
3442
3684
4500
3728
3340
5209
5206
4014
3681
3823
3120
4019
3960
3233
3284
3415
5006
3869
17645
4561
6268
5244
4014
5779
6555
5554
4577
5440
3507
6265
7086
3463
3336
4045
3630
4371
4166
3075
3384
5297
3403
5032
3116
3569
3405
3543
3989
4603
6224
6087
3040
320793
3996
3402
5176
4460
4198
3550
3611
3966
4757
5186
3476
5073
3621
4271
3982
3433
4144
6079
3662
2356
3988
3671
6477
3460
532239
4739
3517
3652
4200
4304
5715
5303
5981
2988
3432
3254
3555
3367
3468
4098
3687
3721
6288
5152
4757
3425
4173
3699
4412
7436
3405
4866
4573
3699
3989
3793
4277
4006
4809
3858
4399
5101
4357
3236
4142
5274
3295
3737
3323
4289
4492
5908
4154
4295
5467
3408
3578
3342
3597
5023
4653
4839
3847
3300
3843
3412
4827
3536
4122
6458
7083
3985
4990
4126
4801
4521
4185
3997
7038
4922
9410
4629
3496
3276
3313
3183
4296
3210
4505
5663
3730
3285
4042
4506
5445
3666
4945
6449
3467
4476
5901
4194
3772
4423
4754
3740
2826
4306
3936
3404
5563
3510
4177
3168
3859
4443
4636
2560
5342
3997
3241
2906
3917
2995
6813
3974
4099
5724
4298
5889
4666
4511
5188
3677
3762
4611
2272
4968
3719
2805
3371
4260
5121
2725
5515
3335
4556
3960
4179
5986
3957
4765
3952
3531
4170
4495
4640
3946
6551
4550
6808
4164
3980
3095
2653
4038
3760
5646
5894
3895
4282
5262
4728
4792
2775
3906
4416
3829
3409
3544
3791
9640
6699
4685
3934
6675
4174
3914
3370
4025
3633
4093
3711
4372
3511
3309
5264
5272
2793
3127
5588
5654
4858
3511
3804
3032
5194
4084
6781
4097
3585
5711
4379
6251
5200
3177
4287
4928
3647
4498
4960
4172
3458
5159
3666
4030
4496
2629
4624
5125
3759
3640
3694
3515
4598
3339
5031
4711
3659
4800
3634
3205
2831
6296
5424
3809
5708
5513
3561
5103
4385
20903
5068
3602
3715
4395
4347
4007
4310
6458
3058
4670
6034
3649
4511
6452
3327
4814
4153
4006
4137
3374
3611
4791
7938
3698
3740
4838
5081
6672
3363
5064
4060
4622
3398
3766
4572
3755
3536
3491
3788
5754
2993
6394
3550
20036
6798
4559
4032
4036
4265
3966
5097
3518
4563
3706
5603
7369
4677
3296
3172
4240
3240
3404
3046
3801
3513
3069
5592
4107
4831
7554
2578
3929
5463
4347
4172
3601
3871
5157
3559
3755
4146
4414
5560
4075
5274
4689
3179
5122
4328
3252
5151
3536
7622
7024
2904
2938
4522
3733
3376
3111
3421
4947
4453
3730
4352
3607
3188
5312
3094
5174
3671
7074
5832
4039
3694
4117
5675
3748
3435
3831
4468
3923
9018
4547
3345
2437
4606
18480
6129
4380
4514
2927
4324
3889
3606
6083
4040
6472
5469
5346
3869
4396
3862
3349
4476
4860
4619
4264
5500
2485
4309
5485
4046
3881
3900
4035
3676
5122
4329
3556
4945
3411
3247
6091
4127
3630
5613
6011
4153
6642
3781
4925
5619
4629
4438
4577
4324
6393
2990
4223
4631
4416
6409
5092
4437
4483
4275
5353
3675
3799
3620
3761
4585
4253
4094
3208
4054
4254
3983
3786
4637
3888
7041
4764
5224
4570
3234
3950
3485
5393
3874
6424
4364
3658
4891
4732
4641
4112
4235
4682
3423
4486
2907
4438
3618
3633
5741
4011
4483
4278
3750
4173
3312
4424
2894
3123
5834
5687
4551
5572
10373
3119
4113
3272
4592
3596
4443
3873
5489
3617
3512
4459
4023
4072
3803
3852
3430
4925
3376
3712
4141
4173
4690
3322
2805
3480
4175
5445
3970
4973
3326
3713
3974
4642
5920
4413
3687
5724
3299
4247
3799
4958
4443
3742
4471
5240
3316
3665
3204
2784
3276
3685
5017
4665
5305
3231
4198
3201
5505
4096
3433
5116
3917
3711
4542
4594
3999
4439
5693
3842
3740
4753
4349
3591
5378
4624
4239
5749
3575
5685
4494
5465
4848
3954
4528
4224
5259
3912
5387
3514
5278
3399
5764
3613
3792
3349
4278
4660
5282
3372
5022
4609
5522
4242
6123
3298
5233
2514
5104
5333
3530
3762
5544
4352
4961
7203
3749
4262
5621
4990
4209
3507
5110
4101
4258
3558
4210
3398
3735
4689
5159
4660
5094
6831
3928
3344
2917
4105
3465
6418
5505
3620
4316
5729
6567
4294
5053
4544
3550
4191
5859
5406
3687
3832
4318
5043
4276
7400
2962
3724
5754
3905
3819
4698
5648
3430
3747
4729
5642
5994
2968
5171
4210
4692
5666
4509
3477
4414
3659
4870
4757
3668
4120
3801
4943
5573
3746
4503
4947
4626
3556
3995
3764
3958
2905
4244
4358
3876
3057
6153
4770
3594
4844
3840
4947
3798
4190
3970
3856
6047
4459
3356
3337
5798
4531
3373
5706
4576
3468
5062
3071
3225
4294
4307
3252
3724
3797
3969
4383
3963
7938
6053
4948
4199
4639
4450
4430
5551
4549
4083
3960
3906
5194
3925
4468
4890
3082
5901
4515
4421
4990
4295
5001
5786
5468
4240
3878
4059
4791
5183
3338
3910
4245
4608
5272
2942
2829
5894
4037
4756
4984
4620
4104
3910
4705
4368
9171
4774
4421
7230
4069
3293
3829
3704
6451
4501
4061
3967
3741
4523
4004
5576
3779
3996
4311
4323
4899
3937
11884
4325
3464
3529
7822
4355
4029
7283
4753
4209
4237
5694
4740
4139
3216
4799
6156
4636
4683
3431
3322
7833
3068
3328
3591
4416
4846
2655
4285
4521
3655
7291
3974
3856
4164
3269
3492
8383
4605
7199
4252
4654
4938
5559
4684
4698
4009
4529
5323
2907
4461
3446
6480
3584
6306
3513
3757
4802
5237
4655
3338
5309
3625
4313
3677
4219
3931
7131
3734
4813
3376
6119
5174
3077
5406
3797
5895
5264
4260
6140
3394
4184
5099
3572
5352
4161
3868
3637
4137
3627
2333
5311
4715
5319
3748
4473
4223
4639
4808
4501
3831
5260
3867
3576
2808
4082
3309
4287
3819
8056
3662
3782
4071
4633
3843
4691
3924
3627
5584
5193
5946
3884
4131
5326
3061
4723
4482
4885
4257
3729
2051
4880
4332
4671
3487
3643
3067
4603
2575
4575
5343
5052
3211
3469
3962
4754
4894
4263
3484
3459
3824
5026
4492
4244
5893
4982
4416
6092
4486
4064
3363
5340
3572
6863
3181
3563
5352
3988
3109
4254
3622
4487
4258
2696
5090
3596
4065
4131
3668
3625
4185
5352
4235
4407
4355
3058
4489
5111
3461
5142
6381
5069
4525
4694
2908
3975
3831
3359
13036
3991
3770
5228
4487
3802
5953
3294
4508
4731
3008
7200
3233
4957
4406
3581
4223
5700
3678
6472
5095
4390
2648
3756
6609
4517
4074
3889
4813
4069
19757
4964
4169
3938
3941
5138
5676
4854
5376
5201
2905
5690
3313
4337
3492
4078
4660
5529
5325
4226
3524
3525
3897
5352
4194
5576
7356
3132
5709
2267
3178
4377
4434
5742
2919
4750
4479
4199
4033
5733
3443
3158
3294
5090
3867
4806
6526
4174
4079
5732
6544
5111
5829
3882
5078
3560
6696
3579
4248
3873
5445
5356
5086
4925
4235
6571
5795
3878
5744
5300
3812
4395
5122
4334
3433
3792
5950
3726
5013
5035
4842
2884
3007
2980
9955
3125
4544
4126
3669
3553
5248
4632
3512
3124
3321
4641
3588
4250
4956
2753
4741
3518
4295
3922
5876
4792
3792
3623
5166
4039
4127
4099
4699
4662
2965
3643
6224
4800
4121
3708
3506
3204
3965
7489
6072
3094
5244
4595
6606
5301
3023
3350
3122
4102
3689
3454
3381
3679
4251
2365
4768
4082
5250
6598
2537
5112
5660
3451
5327
3855
4097
6361
4627
5993
4352
4103
8017
3473
3517
4191
5183
3531
3702
3860
5785
3910
3599
2258
6894
3914
3481
5008
4065
4754
3646
3581
3767
4942
3180
4213
3456
5857
2949
4257
3781
2944
5023
1977
3556
4858
5541
4346
4185
5006
6205
4002
6079
4915
4348
4823
3002
3965
6791
4500
4293
4316
5316
4290
3985
5771
6562
4191
4922
3787
5271
6835
4023
4693
4150
3914
3358
4524
3561
34439
3965
3800
4011
6763
6567
3314
3575
4861
4280
3818
2523
3404
7100
3899
2996
3584
5145
7762
4754
3789
3519
4212
3929
4126
4442
6309
6619
4736
3496
4083
4541
3804
3558
5799
4315
4673
3220
6536
5173
3778
4303
4597
5139
4457
4714
3834
3314
4437
5235
3812
5730
4870
5786
4603
5432
3693
5487
4330
3460
4008
5114
3577
4778
5249
4654
4129
4892
5629
5273
4961
6234
3507
3607
2779
8298
4602
4216
4570
3388
4910
3876
3510
6285
4231
3550
5999
4714
4180
5922
4161
4075
5415
3304
3536
3228
6331
7435
4358
5073
6173
4379
2157
3748
3872
6922
7097
4635
6707
5358
6517
3512
3923
3988
21496
5166
3160
5133
3313
6802
4497
4728
7928
4146
4651
6318
3411
6115
4017
3201
4011
4511
2401
3729
6021
6002
3343
3934
3886
5414
15368
3409
4563
3351
4042
4906
4551
4358
5422
15406
6676
4203
4362
4596
4937
5683
3197
3388
3882
4366
4304
6392
3748
4994
5730
4334
3941
5993
3603
3192
4141
3351
3243
4535
6190
4790
4797
3257
4415
2447
3632
3859
3855
3737
3892
4216
3764
5588
6576
3708
3588
4099
5191
6211
3747
4642
3734
3614
3491
8050
4263
3229
8152
4655
5232
3859
3302
3466
6257
3692
3998
5073
4266
4698
4426
3893
3826
3464
5020
4904
4142
4880
3813
5700
6246
4480
3604
3193
4845
3522
3529
8472
3769
2399
4756
4692
4348
3967
4246
4168
4436
3856
3049
5193
5312
3753
5851
4243
3931
5295
4209
4611
3903
6249
10387
3407
4349
4269
4228
3517
5229
7630
20744
4299
3465
6479
3283
3462
5452
4406
4024
4982
4115
5184
5482
3365
2293
5585
5839
3948
6494
3025
4840
4159
12603
6695
3243
3423
5180
4557
3939
5116
3723
3953
3199
4145
4357
3804
6527
3795
5080
6051
3302
5169
3364
3995
4901
4183
3468
4544
4964
5750
4703
3991
3135
3946
4089
2996
3479
3967
7111
5181
3534
4045
5156
5909
3479
4326
5000
4342
3713
3750
3991
5192
4449
3981
6964
4061
3491
5479
4121
4105
4198
6806
3283
4199
4929
4375
3665
3443
5139
3911
101718
3956
3983
7045
3530
5407
3696
2649
4576
5381
5536
5071
5382
2721
4888
2994
3150
7966
4099
4043
5075
5668
4088
6425
4371
7511
3818
3102
3723
4468
5560
3349
6044
5817
3612
4609
3540
7582
6693
3330
3941
6078
6109
4274
5119
3845
3455
4964
5541
3434
5056
4669
5587
4181
4366
4395
4144
4385
5675
4471
3438
4548
4561
3311
1866
3408
4105
5566
4674
5432
2714
3698
3302
2936
5020
4363
4107
3243
3178
2964
3620
4387
4288
3645
3708
5110
5950
5537
4002
4016
3453
2396
3240
4250
4064
3712
4522
4261
5947
3721
4916
4954
5650
3183
5078
5117
4701
4289
4402
3478
5841
5306
3434
5132
3843
3970
3830
6715
6389
4622
4531
4588
4833
4276
5193
3483
3931
3484
3659
2975
3582
4933
3346
6338
3554
4654
5947
5169
4737
6909
3792
5104
5599
7666
3361
2896
6663
4015
4932
3550
3692
4669
3601
5810
2444
3572
4095
4762
3679
5078
4414
3936
6214
5342
4711
3644
6024
4024
4751
5723
3767
4300
5231
19797
4301
4143
4554
5331
3323
7542
4570
2938
5951
3674
4320
3894
4764
5629
4511
3288
4827
4745
3036
4946
3804
4999
5027
5014
4762
19688
3611
3964
2621
4341
4588
4492
4230
3766
3649
5641
3245
4307
5268
4053
3241
4583
3712
3269
5641
3520
3310
4792
7417
3027
3077
3525
5471
5442
4665
4572
4002
3655
3898
4678
4637
5282
4750
4104
5422
6230
3619
4811
3740
4862
6263
4823
4375
5149
3115
5074
3382
4896
6241
3356
5087
7814
4167
3508
5879
3754
4401
5603
3930
5143
5178
5285
3482
5076
2204
3951
3432
7282
5080
4952
3718
4754
7529
3276
5208
7560
4191
4288
3382
6949
4446
4416
3287
3585
4527
7691
5291
4437
3221
3893
3223
5122
3090
4157
3338
3136
5313
3698
3239
3489
2711
8124
4440
53151
5668
3154
2828
3394
4314
3382
7934
5242
4305
4998
4722
4175
2201
4268
2761
5380
4348
2010
5243
4191
4338
3310
3415
5159
4306
4317
5290
5104
4834
3359
6223
3994
3814
4771
4803
4771
6438
4163
3568
4382
4045
4810
7282
4391
3340
4269
3676
3756
4640
3407
4746
3890
4385
4291
4645
5410
4178
2589
4553
20248
3898
3447
2294
3949
2751
3070
4758
3488
4522
3560
3942
3886
2889
4241
3059
5470
4461
4432
5986
3297
5980
3620
3516
4697
3815
4318
5510
4539
4318
3455
3716
5362
3845
4141
2786
5868
4025
3636
5726
6028
6482
2985
3523
4726
5211
4555
4522
3167
4837
3097
3785
3474
4068
3419
4345
4002
4601
3515
7555
4480
4313
6754
2819
4839
4158
4475
3993
12560
5156
5943
4777
4225
3560
3483
3772
6452
3272
2778
5768
5857
3703
4789
4117
3898
3475
9160
4369
6017
3627
4384
4239
3550
4071
5558
5479
3766
4147
4149
5285
4035
5984
4717
2944
5889
3887
3133
4095
4031
4475
7027
4339
8637
3724
4751
3504
4813
3997
4196
3913
4705
6305
4209
4394
3502
5103
3813
2733
3412
6730
8014
23155
4184
6402
5642
3988
3341
3565
3255
3230
6631
3254
7721
4423
5248
3468
3419
4249
4524
3837
3958
4932
4181
3943
3372
4022
4449
5627
4730
5716
2786
6627
3558
5258
3797
3296
1965
4860
3915
4591
5048
2990
6769
3574
3232
2695
3837
2988
2838
6003
4277
5180
3331
4797
4232
4864
5912
4333
3372
3943
3332
3119
5032
4027
3440
3887
3235
5816
4448
6406
4207
6041
4316
3419
5529
3603
5278
3079
2948
4867
3759
3601
4068
5143
3890
4823
3775
3948
3828
5057
2918
4238
5317
3715
4318
3850
4018
3840
4439
6720
3250
3391
4150
3968
3124
4072
4034
3549
4855
3329
3892
3366
3019
3668
4145
4155
5305
4270
3579
3434
3273
4084
5444
4921
3170
4518
4997
3976
3838
4572
2990
4699
5616
4137
3157
2523
4295
7748
4975
4231
3038
5840
3613
3576
4507
3431
3999
5359
5570
3349
4789
4668
5096
3313
3894
7084
4263
3800
3135
4976
3468
3418
5553
3192
3641
4026
2640
3411
3570
4803
4149
4526
3971
3708
3841
3458
4245
3417
4313
5313
5884
3488
3417
4993
4893
3039
5190
3703
4300
5478
4618
5045
4391
4029
4037
3335
4464
5161
3564
4756
3390
4382
4509
4030
4237
3013
199748
4751
4443
5376
3619
4188
3554
3641
6485
3393
5046
5721
5147
5260
4017
4643
4170
4296
5020
4820
4478
5863
3622
38470
3478
4449
3994
3177
7055
5034
3891
3478
3309
3595
5689
6482
4310
3133
4087
3127
4095
4701
3948
5306
3663
4116
3546
3413
6052
4916
4862
3670
4432
6149
4159
8079
6838
6782
11018
5335
4905
3499
3232
4718
6640
5531
4968
4803
6074
3301
3485
3944
5375
4919
4039
5673
3964
4606
6030
3504
3485
6180
3988
3554
3891
5528
4426
4378
4033
2888
3676
5991
5398
4795
2784
5007
2759
3865
6358
3835
6093
3626
4840
8167
4448
4138
5469
3493
3856
6684
4882
3625
3434
4481
5431
5082
3487
3249
5839
4312
4347
3866
3565
3631
3173
6013
3890
4977
4065
2614
5959
3345
6320
4091
3786
5075
5102
6205
4852
2939
4137
3442
4750
5080
3662
6386
4828
3571
4530
3358
5596
4630
3727
4515
4139
4000
5049
5120
4292
3645
4727
3280
3389
3995
4526
3909
5508
5218
5232
3194
3962
3767
4568
4017
4738
4021
2944
4212
3476
3183
14618
2932
3946
5918
4610
4919
4513
5771
4003
7951
4297
2587
3133
4058
4508
5123
4175
3932
5250
5020
4087
2569
3658
3714
3252
4187
3278
3636
4032
4556
4688
3302
3642
3679
2791
5977
3406
3219
6556
3116
5171
4568
4092
5323
3524
4157
3633
4237
4054
3827
4036
3156
4744
3875
5527
4860
4339
19624
3902
3183
4605
3515
4855
3289
6941
4037
3670
3194
4070
3402
3860
6286
4436
3289
5228
5319
3256
14855
6021
3310
4109
3494
5244
4044
4032
9993
4569
3629
3842
5033
16162
3794
5849
7890
4378
4404
3764
5092
3796
6465
4713
4658
3672
4739
6352
4560
4169
4137
4601
4355
4920
5105
4410
3992
6796
5779
4774
3855
4127
4067
4519
3818
4406
6181
3490
4428
3860
4624
7656
4841
3644
5965
2977
4236
2171
4965
3515
4239
4229
4107
3778
4130
3711
4480
2787
4824
3214
4590
3869
5158
5581
4558
6967
5888
4741
3970
3027
3598
4100
3917
4502
2362
4240
5142
4396
3609
3585
4256
4200
3908
4310
3355
3570
4665
5488
5178
4583
4632
4263
3029
7477
3745
6527
4119
3440
3558
3530
4231
3948
2856
3646
5062
7521
3514
3646
4775
17243
3410
4224
4679
4336
2986
4676
5097
3399
4898
4379
4226
4668
3609
3653
3630
4701
4853
7080
4509
3913
5244
3452
3499
3731
5373
3160
4304
5399
4966
5424
5586
3546
4283
4282
6296
4264
3958
3956
4510
5243
2803
4561
3132
6087
5749
3942
4824
4828
4665
4139
4715
3795
4288
3710
3741
4258
3542
3381
3583
3854
4290
5369
4497
4399
4063
5151
7031
4103
4509
2746
4537
3399
4587
5423
4495
4049
6066
4330
5774
6692
4182
3632
4026
4251
5813
4038
5937
3920
4214
4914
3187
3474
4463
5108
3598
3753
4309
3322
8104
5086
6868
4723
6037
4381
5049
5405
3721
3073
5432
15436
4100
5105
4409
5381
4584
3570
5222
4539
5089
3996
4350
3548
3603
5943
5135
4260
4612
3607
3310
6595
4926
3541
4769
4783
3179
4103
4414
5065
3808
3729
3909
4076
3362
9285
4516
4499
5979
3790
4797
6066
4177
3514
5725
4812
4426
5598
3930
3384
6233
4171
5487
3079
4302
4091
4081
3846
2926
3064
3816
2936
4721
14305
4945
4936
2927
3474
3518
2533
3997
4152
4447
4784
3660
4392
4294
4031
3754
3699
3946
5005
4742
5856
3526
3943
3622
3689
3750
2738
5632
3188
6651
5400
4823
21373
3935
4651
5728
4800
3933
3755
4652
3482
5116
5503
3437
3549
3218
5970
4498
3977
4187
4673
4364
2713
4212
4405
3329
4177
4842
4712
3916
3850
6151
5699
3674
3614
3869
4223
6930
2473
3706
4390
4726
3805
4192
5550
4589
3175
5030
3505
3818
6315
4476
4838
3714
3103
3375
3430
6196
3334
3496
5757
3255
6043
4075
5589
4946
4887
3828
4751
4088
6796
4305
4560
6850
4199
4032
3167
5204
4582
4061
4034
3417
4008
4669
3045
5310
2986
4925
3840
3776
4206
3663
4418
3698
4320
3514
3753
6073
2732
4238
3248
2869
5131
3845
3294
5663
3867
4140
3371
3936
6569
3107
4429
3005
4443
6210
4208
3996
3952
4721
3519
4298
5311
3478
4111
3753
4476
3781
3950
3630
4581
4215
4684
6487
4543
3383
3095
3098
5738
4705
5945
3700
5291
4212
4047
7031
4418
5346
3532
3436
4771
4454
3102
5574
3786
5098
5949
6901
8134
3766
3905
4756
5674
3716
5244
5739
3633
6469
3644
3979
4143
3937
4462
4031
3271
3719
5112
3617
3686
3139
4150
4532
4377
3884
3337
4248
4351
3795
3619
4645
4622
4625
5880
4629
5671
6469
5084
5166
3280
3883
4501
4572
4471
2916
4084
4414
4575
7118
3151
4437
5159
4077
4705
3994
6904
5294
3413
3356
4361
3866
3787
3238
2680
4015
4279
4997
3103
3788
3477
2410
5264
3405
3820
4731
2753
3539
4250
4202
4469
2971
3520
3071
4163
4585
3161
2912
4215
3709
5807
3652
4086
3010
4608
3274
3880
4800
6289
4029
3235
7979
7195
4412
6502
3802
12481
5154
4177
6122
6121
3495
3843
3417
6625
6382
5929
2828
4087
4364
3920
5066
3718
5755
5872
3500
4936
3386
5233
10559
4801
4254
5529
5123
3731
4031
4766
4024
4784
7139
5984
3821
3939
5512
4919
3520
4916
4025
5274
5027
4192
4298
5516
4788
4880
4432
5570
6043
3828
4029
4643
4056
4096
3141
15869
3303
4269
3930
6820
5032
2665
3229
5211
3671
3809
3997
2831
4614
2930
6728
5121
3542
3987
4066
4946
3677
2663
6142
4221
13136
3150
4302
4490
5710
3956
4935
2848
4591
3095
4236
2804
3861
6200
3261
1732
3783
7066
4348
3259
6536
3113
4604
6352
4637
5138
3938
3171
2567
4683
7063
7029
4284
4692
3042
4427
3855
3996
4275
2893
3323
3819
4099
2206
4743
7259
3265
3436
4978
4587
2683
5103
4779
4133
5537
4183
3351
3971
3412
4993
5135
4584
5071
4551
3383
5622
4469
5824
3183
4122
5005
3697
4435
4176
5092
4636
3790
3662
3862
4703
3887
4908
6140
5316
3879
3371
3351
2939
6414
5230
4264
6804
5140
2717
4322
7782
3244
3765
4088
4064
6577
3102
4749
4477
3004
4442
3688
5369
14176
4213
3694
4605
3750
5664
3457
5749
1811
5066
3556
3925
6747
3853
3321
4024
3710
2909
3874
3902
8151
3713
4482
7427
5143
4017
3361
4250
5395
5390
4800
4792
3496
3306
3775
4651
4193
6229
3348
3086
21176
3545
4008
6364
4870
4145
3862
7424
3114
3381
6553
3701
4544
3445
3770
4318
3571
4101
3980
3675
5469
4152
4425
3435
4122
4983
2604
3944
3391
4201
5444
3010
12170
5392
4319
3879
3025
4606
4154
3521
4822
4886
4479
3205
3403
5635
2907
3755
4071
6534
4955
3472
4044
5735
3651
3437
4701
3913
5373
4878
4798
4074
3807
4236
3520
10155
3899
4882
3933
3678
6919
2682
3458
3173
6092
3723
4745
4564
4314
3453
6081
3771
4135
3370
3389
3463
2908
4218
3637
3533
5009
3414
4289
4162
4534
4075
4008
4972
3157
3008
4743
3228
6132
3072
3778
6189
5048
6558
4513
5866
4258
3497
5571
3904
2984
3952
3173
5172
3494
3185
3583
4448
4355
3451
3896
5034
4204
4414
3924
4236
5208
4741
5518
5297
3887
5498
4631
3980
4369
2747
5162
4862
4127
3037
5415
3620
3232
4723
4218
3760
4108
4357
4047
3934
3717
3436
3494
4193
7290
4299
3562
4448
5663
4518
3654
4028
3580
4458
3840
3732
5004
3729
7122
2970
3336
5319
3403
4080
4675
5505
3681
3623
5262
2632
4069
5763
3003
5024
3064
3241
4288
4524
5558
3826
2850
3442
5864
2637
4005
3204
2996
3680
4325
3729
3016
5006
3558
4281
4698
5731
4762
3936
4883
4476
3422
5835
5138
3987
3802
3928
4411
4353
3675
4630
3911
6281
7225
4263
4078
5218
8068
2678
5786
4192
3790
1833
4581
3691
4303
4698
3661
7478
4609
6182
3752
5781
4377
6048
3420
4112
5476
6371
4799
2951
4829
4464
4117
4689
3655
3911
5754
4494
3919
7599
5118
4496
9826
6606
4498
4501
3063
3860
4948
3445
3188
3328
4567
3768
5548
5121
4560
4410
4776
3023
6566
4194
5271
5191
4043
3585
4521
4263
2265
4726
3480
2240
3210
4301
4318
3821
7406
3124
5626
5164
3314
3646
4690
4874
3625
3716
4142
5222
4310
4112
3868
5701
4027
3635
3255
5657
4339
2936
6053
3535
4099
3748
4992
3585
3474
3104
4523
3946
3796
5684
4179
5018
4144
15817
3637
6083
3998
4809
4856
7116
3517
3802
4484
4573
4436
3214
8133
3586
36935
3596
6005
3957
3896
5117
3242
3558
5320
3899
4540
8060
3838
5560
4704
6078
3458
7893
3924
5196
5879
8349
4603
4620
5114
4218
3626
3418
5838
3397
5508
4736
3985
6672
3324
4455
2714
5032
4105
3845
3996
3718
4996
5599
4712
4613
3364
3283
4326
3501
5267
2935
3775
3826
3500
3945
3323
3003
3645
4536
3896
3874
6661
4712
2964
4910
3445
4424
6688
4301
4481
6949
4686
4112
6067
3505
4734
4261
4595
3903
6273
5192
6005
6285
4732
3553
4810
3403
5765
6126
7269
4044
5840
6684
3996
3574
16881
3993
4244
4314
7935
4062
3005
4834
2559
3799
3703
3518
5435
4777
4578
5762
4492
6539
4465
4722
7988
7350
3744
3554
4830
4332
3583
6213
3466
4528
4806
3450
4410
4626
16807
4449
4473
5225
2793
4057
2866
3559
5023
13000
5240
3455
6048
3601
4883
3360
4047
4072
4697
3686
4382
8842
22228
5110
4031
3778
4276
4087
3835
3508
3429
4659
2961
3766
4139
3560
3538
2217
3798
3874
5388
3181
3405
4126
3459
3151
3515
4844
4338
6355
3821
3969
2185
5087
4703
4341
4707
3808
3732
6904
5664
5249
3422
4128
3838
3722
1934
4406
4558
3904
3368
4265
3400
4283
4814
6390
3497
4029
4100
3554
4058
2969
3823
5159
4312
4121
3200
7412
4696
3799
2980
4338
4638
5748
5660
5636
3120
4551
5947
4330
3967
2877
3488
3634
3470
3880
3377
4382
4318
3333
3524
4351
3379
5710
5296
5214
3757
3713
4343
3365
2669
3742
3427
5864
3798
4613
3783
3265
3448
5155
5851
3640
4856
3684
3318
4872
5044
4319
4669
3712
5161
4489
4562
6984
3220
4965
3615
3998
3920
4292
6688
4907
7814
4562
4090
4552
3707
3240
3871
3479
4251
3446
26980
3368
3631
4803
3216
4114
4653
3846
3052
4923
2678
4614
5112
4648
4004
4652
5002
2862
6331
4344
3202
5044
3699
4685
4050
4524
4135
4903
4206
3629
4623
5552
2761
4544
4038
3881
4750
4183
5746
3818
9404
4268
4192
4313
4574
3485
3585
4685
7526
6307
6116
3333
3541
5867
5922
3600
3833
4030
4766
3334
6931
13675
3481
5903
4119
4648
4520
3235
5032
5601
3970
4599
3905
5156
2303
3792
3850
5633
2708
5666
8910
4184
4661
4702
3219
4176
5784
5496
6224
4173
3814
4095
3911
3677
4317
5437
3844
4308
4180
3364
4408
4316
4855
2994
3627
3179
5528
3897
4458
6054
3351
4244
5426
4066
3534
3411
4196
3885
4108
4153
5305
5962
2484
3033
4718
3529
5344
3731
4450
3386
4110
3594
4710
4330
3381
5677
4493
2944
5369
6626
3871
5720
6878
4140
3056
4232
4151
4778
4748
4255
3496
4690
2520
5261
3351
5057
4267
3655
5749
4327
4930
5711
6141
3965
5335
3733
3216
6114
3312
1981
3400
5792
4001
4037
4024
5951
4628
3917
5413
3953
4150
4327
6668
6740
4130
3229
5651
5304
4863
1499
3417
3989
3001
3596
4478
3849
6688
3432
4398
4307
5604
5932
5509
4099
4319
5682
3105
3769
4127
4554
4302
3911
41990
4618
4684
6702
5745
3868
3017
3877
4986
4221
3774
3960
4757
5783
5081
3459
5055
3584
3933
3134
2700
4502
6028
4787
4773
4099
3588
4374
10613
6158
4259
3742
4360
4128
4438
3147
5092
3888
3157
3207
4239
6929
3223
3766
4392
6971
4530
3131
7056
5859
4528
3640
3913
4408
5391
4639
5242
5029
4287
3185
3899
5141
3209
4381
6070
3893
5658
3982
5007
5910
3788
4524
4003
5738
3923
5180
4016
5408
3710
5139
4216
8361
5603
6127
5011
4532
4240
3910
4433
4066
3355
6622
7093
5583
4223
3333
3690
3131
3478
5140
3689
4173
3625
3505
5537
3660
5600
5776
5570
4240
4834
4252
4855
9112
3020
2976
6730
4314
4422
5152
3598
4405
3385
3031
3709
3662
3879
3854
7483
5965
4967
3542
6049
4172
4247
3508
11721
4805
3656
5043
3891
5032
2545
4753
5469
3595
3904
4581
3123
5613
4199
3927
3874
4276
3539
4707
4146
3599
3812
4357
4075
3072
5339
2439
7636
3871
3996
2551
3433
3366
4131
4077
2802
4081
5005
4425
5096
4925
4127
6643
3057
4843
3593
3197
4378
4582
3499
5239
3505
3412
4660
2450
3647
5388
5475
3532
4295
3825
4578
4343
3377
5229
4572
4464
4796
3408
3972
18927
4669
8971
6513
5199
3752
3668
6317
3354
4707
2929
2737
3204
5820
4591
3626
3034
3681
3610
7562
4276
4168
4983
3513
3723
5426
4511
3061
4184
4587
3924
3570
4246
3888
4916
4415
3250
4674
3761
3786
3915
4356
3615
3968
7458
3707
3458
5035
5105
5271
3411
4234
5548
3247
5675
4316
3901
3696
3454
4050
4412
3715
4749
3852
4078
4696
3379
3788
3571
3739
4351
3262
3595
2404
4564
5752
3690
3712
3280
5065
6246
4343
4724
2363
3933
3344
4088
5118
5148
4539
2708
4598
5089
3916
4743
3802
5814
3483
2691
3711
3671
4458
4678
8437
4852
584117
4318
5569
4112
5255
4769
4374
3461
3428
4414
4785
5607
3757
3363
6808
3507
3910
4987
3941
4873
4289
4214
4636
4231
3977
5923
6422
3730
3589
6148
5541
4011
5866
4730
5211
3820
4149
3933
6648
4486
3208
3246
5102
3657
5798
4767
3390
4152
5285
4790
5235
3828
5127
2300
4721
4989
5499
9664
3485
6312
4743
3918
3712
6617
6336
3984
3846
3345
4273
3065
8190
4515
3659
4139
4886
3739
5109
4379
3565
6370
4111
2895
5061
4343
5472
4802
3787
4464
4561
3404
2934
4515
3911
3841
4151
5359
3840
3966
3733
4164
36444
6421
3283
3654
4993
3740
3928
4906
4122
3884
3484
2976
2597
3399
3278
4464
6365
3334
3822
4425
4244
3917
4512
4286
4963
2701
4491
8605
5345
6562
2839
3650
3973
3861
3544
4612
2672
4164
4503
3030
3417
3232
5289
3251
6259
2827
4836
7617
3537
5643
3617
4606
5954
5612
6709
5384
3304
6419
3403
4594
5041
4435
3497
5018
3753
4770
4160
4395
3190
5462
3120
4734
6296
3424
8969
2760
3059
4965
3910
4893
4593
3781
4458
4458
4262
3197
4976
4666
4457
3951
4544
2806
4898
3745
3409
4421
4850
5119
4124
3126
6925
4063
4211
3107
4958
4718
6535
5414
3732
5308
4471
3765
3034
3251
3811
3695
3677
3461
3238
2967
4321
4181
3414
3680
5120
2627
2764
5483
18839
4879
7084
3365
3822
3709
2862
3338
5438
4485
3525
3481
5761
3345
3711
4037
7207
3647
4961
4145
4331
8553
3236
3886
5803
3726
4169
4245
9555
4260
3432
4920
4650
7569
4468
3684
4051
3785
4838
3989
3651
5341
5404
3958
3616
6487
3058
3486
2811
3302
5669
5316
5055
4343
5849
3920
7855
2770
4092
3275
4207
5367
4694
4446
4509
5351
4013
3166
3158
3493
4550
4508
4210
8179
5722
5386
8187
2753
3673
4506
4530
5121
4012
3614
6542
5112
5362
4042
4167
3942
3039
3403
4049
3523
4997
4090
4686
4026
4446
5307
3892
4292
5726
3912
7845
4883
3955
2973
3592
3323
6018
3199
5204
3648
4315
4549
3164
3518
2775
3764
4252
8105
3425
4183
7335
3474
4155
4284
4011
7686
5764
4749
3112
6184
4049
4229
3886
3631
4926
5927
4876
4389
3867
3359
3838
5098
6885
4865
5031
3805
3265
5217
3373
3266
3590
5268
5302
3714
8670
3615
5002
3761
2950
2952
4686
3368
5295
5088
4848
5190
5327
5358
3203
4522
5395
3409
3926
4520
4036
4170
3673
3089
6813
4847
5503
3619
4196
3344
4030
2851
5186
4491
3420
4292
4309
3343
5304
5489
4645
5116
4797
3787
3825
3953
4485
3806
5169
3849
3503
4834
3607
5037
5547
5964
3777
5352
4343
3004
7037
4500
3397
4913
4879
4019
3815
3685
4780
5166
4721
4720
3854
4785
4721
4572
6700
3665
5598
3371
4668
4337
3158
4481
3789
3579
4324
3301
3814
3494
3734
5931
3554
4109
5676
5092
2869
3909
5480
3679
6134
5186
3479
23845
3664
5002
4867
3310
3405
4072
6211
5434
2869
7247
5997
3716
3535
3228
6391
3662
4003
4434
4917
3777
5063
2843
4022
3654
4783
4813
5050
3301
4221
4600
4395
4360
6024
2350
8004
3643
2928
3697
8963
3616
3309
3909
4206
4555
3888
10559
4661
3851
4141
6657
4285
3373
8585
3899
6677
7285
3818
5381
5488
6159
4533
4409
4429
3905
4326
4338
3849
4707
4061
3975
3357
3980
6186
4649
4534
4316
3499
4204
4412
4384
4780
3596
4253
3875
21164
3530
3575
5400
4607
3703
4408
5046
4441
4730
4750
4136
2821
3475
3345
3146
5206
4295
3264
4413
4412
5022
4933
4791
3622
3697
4175
6297
4573
3743
2748
3835
3606
4002
3415
4175
4492
6445
3824
3718
3222
4790
3043
6962
5187
8411
3658
4713
5106
4876
3183
3382
3974
4611
3238
4074
5751
3790
4041
4280
5122
4501
8527
4349
5007
6577
9263
3333
3769
4367
6013
5449
3112
3063
4178
3168
4123
3807
5058
5283
3928
5033
4379
4768
4170
4380
5309
4099
4865
3985
4114
5851
2964
7550
4193
3918
5468
5162
3927
4454
5326
3744
4119
5713
5726
3295
3456
4502
6325
3707
4570
6516
4398
4661
3840
4533
4128
5253
3467
3583
3545
3510
3965
4200
3478
4915
3923
3450
4102
14471
13895
4164
5136
7322
4395
6010
3674
3350
4363
5321
4987
3408
3915
4195
4103
4281
4940
3901
3955
4286
4629
3535
3573
3862
3046
5129
4075
2216
6459
5035
4203
4494
4660
5195
3601
4415
4265
2351
16120
3519
3477
4624
2893
6197
4739
4815
3703
3157
4581
3469
4174
4133
5083
3943
4603
2897
3952
3445
4358
4335
3342
2710
4148
5813
3718
3691
7116
3133
4331
4186
4753
4221
3306
3693
3155
4805
4033
4183
5101
3634
5827
4321
4060
9069
4613
4034
4324
4003
3676
4171
5079
3783
1937
4321
4177
2838
14035
4730
5907
4321
4224
4221
3593
5206
3369
3862
4779
6187
3739
1980
9200
2901
4353
3973
3480
4008
4183
5097
5759
3576
3650
4573
3567
3759
4685
3769
5100
4753
3031
4046
2872
4023
6468
5742
8487
4724
2773
3475
4638
3994
4325
3970
4299
6292
6316
4989
7991
5043
4082
3311
4893
3653
4097
4664
3428
3942
4159
6175
2339
6711
3588
3056
3836
4822
3381
4583
2706
3833
3802
4604
3103
4494
4659
6323
3044
10760
4823
5784
3965
3908
5517
3964
3250
5377
5175
4146
4921
3973
4715
4362
3807
4218
4431
4618
4887
4201
4891
3286
3863
3593
4095
6754
4910
5289
3822
3957
3951
4263
4017
8399
5485
5700
2686
2423
3403
4580
4854
6685
4263
2896
5237
3677
2984
5198
3898
3640
6190
3754
3513
2831
3604
4967
4865
4264
3775
3893
4069
4435
3746
4114
10684
3697
3859
3853
4032
4509
3914
4013
6143
3915
3432
3161
3439
46742
4012
4232
4731
5733
4187
3251
3768
3036
4734
4396
7055
3395
3589
4096
3279
3364
4314
4678
4458
4366
4131
4837
3670
8709
4352
3277
47064
3412
2702
3402
3758
5577
5585
3488
4333
2821
4101
3139
5052
4664
4086
3670
4559
4054
4210
4307
3208
4159
7135
4630
4223
3649
3807
3196
4841
3204
3523
5304
3382
4682
5622
3678
4127
3840
3209
4194
3649
3571
3907
4822
3788
4290
3621
3434
3489
4102
4477
3433
4278
3864
2866
3832
4885
3815
3468
3730
3792
6285
3174
4025
4024
7760
3538
3540
4687
2763
6286
4026
3300
4019
3705
4739
2406
5657
2902
3729
3954
4754
5533
4523
3647
4565
5223
3217
5906
3753
4328
5360
4463
7804
4408
6174
3330
3888
11671
4875
4481
3716
4579
6332
3389
4008
2876
8044
3348
3553
4426
3893
3104
6154
4269
5175
4595
3448
3584
3498
4650
4539
9375
3397
3768
3477
4095
3364
3624
4188
3456
4047
4972
3839
20818
4730
3791
3526
4073
4374
3522
4002
3220
2873
5591
5515
3625
4978
5158
4101
9527
3729
3548
2727
4184
5115
4416
4614
3865
3009
5747
4898
4461
4338
2738
5002
4522
4199
4592
4172
3863
2754
3533
3371
3282
4383
5044
3875
3739
4543
3797
3554
4027
3879
3951
5635
3286
3519
7299
5587
3024
5051
4451
4389
3218
2934
2996
3567
7034
4333
4519
2962
3621
3356
3320
6689
4205
3476
5517
5416
2815
3720
5589
3588
4511
3953
5017
3028
3762
3740
3743
3598
4223
4215
3812
3623
3514
4260
4921
4895
4127
5666
3358
3576
4627
5094
4206
4218
5412
4046
2929
4562
3734
4100
21625
7481
4147
4215
5090
3665
4323
3613
4189
5596
3780
3366
3042
3175
3445
3547
8974
4249
4140
3659
3761
3423
3586
4235
4034
3891
4880
3220
3593
4932
4060
3116
4274
4156
3586
4211
3636
3648
4420
3388
5829
4958
5423
4374
6174
4910
3928
6351
3143
5476
2963
9080
4378
4539
4037
3133
3886
4298
5860
4661
5192
5152
4504
4223
5377
3893
4814
7441
4763
6024
4786
4807
5404
4092
3815
5567
3938
3967
3466
5239
4185
5809
6920
3330
3188
4163
2792
4766
3256
7424
3901
3991
3930
3576
8974
3305
4065
3396
5097
6662
3397
3880
3957
4136
6967
3182
4010
4249
3427
4556
4058
6396
3943
3063
4349
3472
4856
4171
4454
3069
2917
5333
4003
4187
3656
3780
6975
4563
4036
4316
3430
5257
3790
3726
4207
3883
4344
6107
2050
3455
3422
3979
2448
4607
3909
3410
3288
2757
5955
4225
4231
2976
4303
5333
3390
4300
18167
4544
3955
3157
3062
4016
3690
3944
4270
4118
4776
3436
5411
5066
4328
4849
4229
3530
4806
4215
4612
3511
4546
3596
5532
3728
3511
5292
4426
3926
3584
5290
3935
5800
4248
4235
7204
4400
4030
5083
3457
3821
4932
2982
4531
4651
4405
3592
5045
3841
5577
3787
4789
3416
4478
6176
4388
3528
4548
5216
5371
3379
3942
5090
3414
3590
4490
3293
5163
2979
4448
4819
4336
3789
6243
5879
3125
5531
5511
6284
6041
4486
5226
3443
3843
4837
3554
4104
4341
5075
5335
2186
3573
5724
3187
4968
4482
4916
4345
4039
3293
2629
4883
3808
4704
3736
5202
5792
4494
3735
3481
4916
3962
5688
3463
19760
5586
3312
4131
3127
4268
3996
3723
5897
3676
3700
3604
5767
4629
3311
3605
3900
6433
3848
4435
4090
4266
3189
3850
3714
4939
3215
3644
4809
3375
5628
3556
4970
5568
4084
7072
3646
3580
3942
4828
6222
5735
4663
4131
4927
4507
3459
4946
3683
3590
4084
4063
4675
8900
3381
3727
3345
3869
5909
3639
7386
4501
3021
4044
6502
5197
3314
4947
4360
4109
4870
3710
3451
5941
3464
3602
6680
3789
3762
3968
3701
3534
4407
3822
4634
5390
3741
2588
5529
4140
3558
5147
4119
4855
3153
4718
2589
3672
3699
4450
3410
4374
1581
4151
3758
6773
4675
3747
5200
2792
5450
5151
3377
4152
4134
5030
3804
3520
3971
3079
3725
5309
3579
4279
3357
3834
6451
5583
4318
4164
4797
3220
4490
5611
5358
5296
3571
3362
6148
6785
4100
3616
5268
4325
5762
4491
3490
2720
4773
3619
3874
2276
3640
4593
3299
5494
3250
4476
4613
7223
5189
2128
4484
6434
3735
5200
4920
4087
8914
3570
3672
4912
4000
4518
3696
6955
4536
4421
4023
4761
5564
3050
6521
4482
3806
3430
5943
5005
4544
5332
5068
4025
3753
4034
3334
5139
3340
5093
3976
3214
4610
4092
3994
3324
4594
4507
3879
3494
4044
5237
4868
7015
3799
3945
3278
4349
5128
4320
3477
3511
6329
3575
7585
4484
3962
4203
3402
3363
3630
6284
5402
4273
2909
4251
4060
5285
3587
22555
4115
4783
4753
4100
5811
6019
4715
4769
5068
3381
4620
3875
7802
4791
5324
3890
3693
4489
3930
4149
3883
4320
5651
4475
5761
3987
3990
3810
3845
5980
3820
2716
5279
4804
4187
3996
6551
4662
3965
4074
8219
4837
3919
3932
3400
3390
3535
4351
3336
4724
3587
2716
4651
3886
4878
3574
4092
5789
4339
4195
6230
4667
5520
3383
4013
3370
3520
6343
4188
4368
9611
4223
3626
4499
3502
3801
3025
4501
3873
4093
4885
5394
3923
6388
3387
3096
9823
3579
3390
3106
6466
3175
5681
3790
3327
2752
6547
4021
2739
4375
2773
4606
5312
3663
4499
3814
5628
3896
3505
5484
3359
3726
4134
6468
4613
3762
3311
5041
5585
3705
3918
3058
4762
4101
3566
4933
3198
5410
3680
2900
3773
3979
2862
3296
5773
3430
4668
3632
4333
5834
3811
5488
4439
4245
4651
5047
5384
4353
5093
4141
3998
3688
3294
3299
3932
3877
4801
3971
3169
3953
5752
3919
3642
3758
3556
4289
4376
4136
3954
4461
4841
3567
5156
4269
3978
4890
3523
8074
5060
4650
4272
5883
4058
5845
5125
4038
3708
5116
3195
4112
4444
4120
3910
4236
4375
5112
2791
2678
5258
5333
3588
3309
2874
3657
5368
6378
3261
3900
3282
4275
5509
4484
4904
10947
3387
4071
3714
5095
4491
3171
4241
4199
4913
7520
6892
4036
3083
4719
5470
5015
5877
3138
18198
3859
3707
3686
4625
17650
4395
3492
4613
4174
3077
3716
3594
3717
4028
6204
5175
8593
6238
4073
5842
4947
3286
5430
3832
4331
2676
3976
5843
15100
3736
5038
3417
3690
5673
4776
3573
3504
3524
3662
4495
3950
5221
8367
6235
5140
3635
11653
4535
5203
16252
5796
6213
2801
8595
7103
4846
3787
4244
5084
3375
3846
4140
3398
3667
4682
4243
3433
8740
2943
4349
5981
4366
4721
2645
3820
2957
5093
3237
4758
4522
3998
4527
5013
3776
3760
3605
3638
4340
4414
2774
3725
4665
2603
3495
3580
5351
3584
4022
3422
3138
3937
4932
3739
3600
7796
3522
3778
3370
4489
4311
4387
3595
3736
4788
3236
1717
3951
4840
5972
3813
3769
4366
4687
5810
4995
4725
3310
5055
3340
3855
4102
4820
3875
4167
3666
5237
3384
3995
3586
4011
4555
3527
3853
4282
4099
3838
3822
4478
4582
4363
2870
3418
4441
3259
4562
4561
4099
5517
4623
3761
4005
3688
3920
5063
3517
4326
3565
4156
3452
4391
4096
3282
4959
3993
5350
5060
3690
3755
3100
3480
3640
5314
3254
5329
5231
6452
3155
6257
4406
5360
4355
3590
3605
2977
5387
4305
3413
5280
4098
3795
4976
4062
4856
3456
4641
7291
4455
3589
3178
4149
5003
3440
3952
5461
4733
3850
5533
16166
4184
5459
5691
3517
2945
5166
3474
3801
7400
6206
2301
3348
4112
3053
6682
4234
4399
18208
3196
3618
3428
3354
4186
3861
3733
2809
4544
3944
4638
3513
3572
3762
5087
3935
7155
3541
3173
4236
4069
4329
5847
3724
3596
4005
2933
2915
5519
3336
2889
4344
3795
6601
5303
3848
6889
4337
3740
5545
4444
3854
5239
3790
3325
7477
5547
3351
6395
5054
4388
7937
5857
4846
5053
3385
4829
3381
4580
3490
4324
4342
4114
4836
4613
3559
3438
4196
3903
7043
4646
5551
4496
4195
3470
2996
4163
5010
3778
4410
3661
9132
6593
5974
4528
4511
4378
4299
5756
3786
3685
6501
3870
4372
5547
6927
8445
2824
7916
4671
4966
4535
4898
4093
3435
5224
4351
4454
3638
3794
5753
4113
3148
2213
4177
3189
2011
3506
3798
3420
3303
5005
3944
4218
3849
3118
6802
4044
3323
5552
4254
4677
3447
5607
4549
2574
4857
7372
2459
5420
3577
4395
2928
3869
4481
4478
7016
4045
6493
3089
4279
3716
3758
3913
3713
5850
4724
7339
6521
3327
3012
3648
3927
5145
6824
3632
2952
3536
3674
4176
3178
4056
3554
4427
5543
3861
4930
5610
4365
5687
3225
3898
2637
3904
3894
3840
4165
2266
3357
3604
4128
4599
3281
5819
4874
3869
5289
3777
2654
3380
3974
4929
5180
3553
4997
6479
3839
3236
6305
3594
3856
3825
4474
3367
3909
6681
5520
4380
4230
3684
4374
7762
4564
3236
5973
4527
4209
4169
5288
4391
4361
4317
5163
7488
3955
4279
8965
3603
3623
3930
3429
3847
3440
5965
4581
2608
3627
5291
5098
5122
3581
4469
3311
5833
3837
5348
3519
4102
3734
2990
3502
4994
3060
8144
5422
4761
6547
4421
3751
2431
3197
4159
3732
3997
4787
3152
4752
6297
7556
3325
5116
5086
3805
5466
5048
3587
6141
3675
4482
4516
3865
3775
3640
4640
3619
4600
3950
4946
4863
5506
5204
5700
4197
4152
3724
3619
4312
4217
3545
4711
3742
4070
5141
5278
6100
3975
4745
3246
5962
4406
3834
7316
4059
3329
3633
4074
4703
3639
4717
5679
3627
3596
6140
5073
3782
4518
5539
3593
3098
2568
4217
4383
3721
3585
2785
4336
3998
3360
6100
4026
3155
3417
3244
4723
3749
3635
3999
4301
6658
3160
2481
4912
3433
3587
2883
5417
6104
3519
3683
3942
3955
4628
5619
3619
4667
3317
3767
3802
6053
4337
3733
7144
3890
5366
4163
2646
3162
3614
4354
3995
4065
5229
3180
4575
3987
2757
5281
3302
4769
4750
3437
3564
3296
4101
7227
6153
3401
4980
4564
3006
5022
3725
4263
4980
5623
3134
4804
4204
6269
4566
3198
3845
3433
4320
2312
3416
4514
2426
5109
3964
3889
4473
3118
4106
3238
3142
3452
3281
5192
5513
3328
3689
4278
4213
5413
3876
5903
5252
4050
4960
3988
6085
3927
3513
3937
3803
3190
4031
3861
3384
3459
3526
2602
4084
3559
4546
5930
4666
4183
3126
3839
4515
3252
5930
4695
3694
3153
3343
3999
3157
4410
3740
3456
4208
3380
3807
3907
3574
4720
3324
4582
3107
3896
4496
2905
3568
3618
3949
11330
3444
5176
5216
5782
5076
3809
5206
3983
3704
6221
4185
4172
5592
4017
3837
3662
3633
6171
5815
4267
5067
4055
3341
5419
3204
3310
5466
6075
2576
5305
4880
3724
4579
3328
5228
3785
3928
5331
3646
3814
5606
3270
4532
8177
4881
4058
4227
4128
4010
5838
3794
4226
2272
4178
3567
5679
4768
29883
2910
3503
3775
3646
3430
5436
5687
3701
5611
3585
3979
3621
3342
4058
4742
4212
4147
3885
3255
2959
3518
4178
5007
4407
4222
4273
4684
3548
3820
3724
4172
3460
3867
5270
4208
4119
20468
4609
3535
4093
3631
4582
3828
4141
7575
3611
3727
2316
4130
4428
3756
3273
3728
4243
3486
3382
4538
4349
4546
2626
2860
4840
3822
3586
3293
3951
4675
3137
2845
4328
5148
3628
3274
3758
4491
2494
4106
5262
2810
4267
3329
3240
3009
34591
4351
3347
5396
3060
4655
4579
5621
3400
3518
3274
2989
5557
3889
5540
5119
4385
3608
4030
3354
5028
3029
3521
4480
3088
4293
3399
3407
4949
4381
5223
3419
6786
4724
3971
3584
4081
5058
4164
2543
3604
3226
2437
3812
3487
3828
4902
2385
5407
5846
4756
3816
3697
4144
5419
2789
4072
7000
3987
4019
4142
3549
3855
5369
4196
4009
4229
4201
5541
2819
4916
3916
4080
5263
3255
3618
6106
7334
5789
3477
4723
4343
3472
5729
3536
4643
4680
3489
4209
3528
3639
4519
4020
5512
4540
5165
5634
3668
3894
4635
4892
5065
3768
3272
4330
3498
5549
4525
3918
4747
6032
5161
2769
6107
7723
4865
3542
5755
4646
3830
4492
3617
4057
4898
29564
3671
4900
4228
4649
6871
3903
4652
6085
5142
3117
5982
5197
4889
6407
3376
3755
6772
3639
3673
3611
4155
6573
3354
5619
3618
6219
2908
7104
3935
3508
5109
4616
3589
4834
4302
3323
4632
4410
4152
3956
4953
4673
3190
5861
3345
3894
5084
3987
5524
3627
4049
4397
3331
5375
4678
5498
4571
3990
4434
5129
3923
2792
4380
4545
2481
1869
4104
2454
5976
4019
2956
3676
3352
3060
4479
3786
5451
4375
3305
3884
7585
6434
3783
5781
6002
6229
3247
6221
4220
4712
4645
3611
3311
5873
3232
4195
3633
4523
3231
5034
2938
4392
3494
3861
3779
3823
3410
3286
4769
4421
2322
4624
4092
3662
3701
4603
6605
3434
4127
3681
2977
4208
3462
4236
3448
4782
4426
11017
5526
3357
5336
3732
3938
15955
11464
4960
4152
6316
4198
4913
4656
3633
4772
3871
4163
2867
4712
4937
5362
2724
3641
5112
4098
3580
3546
3549
4020
3582
4056
3544
3717
4073
4660
4528
4332
4275
4246
3983
4180
4564
4989
3397
1301
5752
4257
4387
3601
5326
5690
4265
3758
4675
5447
5072
9159
5045
3384
3222
3473
3013
4277
3629
4476
5188
4788
3385
4800
3215
4365
3933
3558
5212
1630
4106
4725
3512
3168
4417
4378
4284
3360
4208
3784
4965
3068
4376
3286
3519
8398
2786
3453
5557
3221
4227
3924
4047
4218
6126
3046
3720
7042
3512
3258
3811
4245
3220
3996
4241
4921
4523
5089
4416
3956
5536
2809
5191
6247
4067
4279
5361
4186
4240
5930
3466
3772
4495
3362
4286
6575
3702
2857
5702
4063
5241
1882
3309
5492
5424
4394
8396
4069
3835
6069
3570
3539
3808
6647
4084
3947
3532
6640
4756
3953
5681
1618
3347
3922
4250
4036
3383
3647
4057
3752
3842
2760
4068
4017
3743
4325
3671
22788
4641
4233
3565
3413
3532
3709
2540
3818
40854
4375
3907
5708
3834
2706
4043
3527
3245
4487
4280
3747
3420
3835
3400
3738
4509
2793
4091
4387
4443
4157
3015
3413
3805
3792
3656
4247
3655
4386
3678
2014
4806
4723
5028
3374
2982
3396
4520
3589
3744
4048
4141
4642
4074
3847
4037
3726
4202
8555
3508
3941
5386
3714
4270
3723
3636
4391
5242
3450
3038
3386
3447
3452
4648
3927
3229
3373
3071
3657
3930
3728
3581
3752
5278
3667
3563
5036
4131
4782
3317
4754
3455
1880
3876
3230
3611
3569
3848
2669
3971
3572
3269
3652
3757
4754
3831
5065
4264
3931
4377
3656
3703
3511
3698
3967
4213
3427
4080
3578
2491
4065
3099
4545
3554
3959
3647
4171
3693
5621
4420
4002
4036
2054
6466
2834
5706
4753
4409
4774
3875
4375
5151
5005
16574
4884
4492
3656
2879
4824
3164
3673
4965
3220
4547
4392
2693
3446
3614
4937
3349
4688
4654
3723
4322
3153
5007
4636
4454
4522
4576
3789
4006
4229
6998
2884
2134
3998
3361
4650
4384
4211
4218
4492
3939
3557
3400
4056
3854
4204
3693
3544
3698
3248
4807
4445
4547
4348
4252
3540
3511
4590
3708
2477
3399
11484
2858
7613
5590
3468
4493
3610
4156
3292
4173
4276
5793
3089
3336
5308
3981
4530
3387
4544
6340
4429
3786
4519
7665
4094
4047
4012
4027
6272
4583
3410
3691
4841
3933
5925
6707
4898
6098
4138
3713
5106
3513
4361
3427
5824
5570
4489
4406
6630
4700
3477
6131
3786
3877
4936
5803
3789
5248
2976
4087
3604
4766
3846
4307
2883
4601
3244
4415
4481
5274
4691
4531
3884
3571
3279
3933
5819
3694
4523
3445
6389
2910
5294
3348
3669
3174
3390
3206
6397
3829
3285
3661
5042
3610
3799
4101
4074
4292
4367
2384
3509
3807
4260
5139
3608
3956
2871
4367
2666
3852
2625
4157
4840
3860
4933
3621
4172
3797
5401
3058
3009
3809
3988
4781
4763
3552
5615
5815
3634
4454
3823
3889
4541
3505
4964
3988
3713
4213
3723
4022
3792
4286
4717
3750
4157
4071
3770
4308
4556
4002
3234
3529
3314
2745
4384
4069
4794
3999
5539
4837
4259
5026
3657
4231
3943
3456
6056
3973
3352
4472
3260
5973
5007
3573
3764
5148
3825
4816
3095
4523
8164
6221
3223
3734
3245
3968
3294
3535
3836
3362
3556
3440
4363
3599
6492
4831
4957
4519
4898
4068
3878
3534
6069
4054
4080
4306
6801
3503
4004
6516
3590
3315
4939
3441
4001
1839
3359
5143
4583
3631
4176
5447
2865
3689
3653
3846
6979
9404
3689
9162
4461
3373
6919
3907
5357
5416
3609
3525
5149
4123
3655
4796
4617
4619
4009
4892
4651
4833
3366
5173
3504
3922
7414
4686
4850
5591
4403
3758
3905
3854
12732
4165
6197
3958
4238
3956
3392
5384
4140
4350
4990
3200
4438
4687
4082
3637
3852
4583
3405
5133
3593
3700
4118
3714
6122
3809
3283
4082
3747
4407
3484
5063
3932
3815
5513
3540
3591
7129
3527
3871
4651
4240
2383
3373
4637
2514
3555
3644
2802
4829
3154
2782
3768
3983
4240
3083
3531
3884
4276
2678
4881
3842
3019
4824
3513
4598
3284
3282
2949
4761
3801
3345
7144
4990
4372
3091
3326
4827
3851
4480
3658
3372
5164
5102
6055
3966
3966
3879
4061
5053
5888
3507
3809
5423
2927
1990
3861
4327
4354
4489
3474
3540
4932
4353
3886
3973
4811
3257
4007
18189
4096
3223
3605
4332
4987
3362
4126
7451
4371
3705
3561
2780
3147
4108
5478
3591
3613
3356
3887
4039
3362
3387
3306
3678
4254
3138
3634
4876
3590
3958
3543
3204
3798
2861
4608
4515
22373
3830
3963
5538
3064
2592
4861
3939
4075
3349
2547
2564
3349
4343
4278
3802
4163
4581
4198
3798
3893
3870
4410
5081
4359
4201
4735
3288
4379
4511
3914
4092
3191
7889
3529
4181
3925
3831
4019
3953
4136
3735
3671
5117
3626
3889
5244
3721
5038
4841
4691
3130
6587
6023
4546
4013
4742
3834
5852
4155
3331
7151
4028
4256
3222
3655
4070
3177
3802
3771
3310
3994
6408
5283
4325
3304
3732
4991
5329
3986
3816
6946
4222
6410
2706
4369
5504
4137
3418
4481
7212
4034
2866
4980
4329
3816
4449
5805
5432
3920
3435
3871
3758
4248
6258
3124
3838
1966
2429
3587
3040
5179
3580
4510
4187
3674
3632
1675
4771
3072
3614
3983
5462
5244
3962
3755
3665
4007
3382
5153
3694
4532
4592
4851
4615
3066
5327
3211
4741
4014
4615
6189
3541
3991
3160
3471
5159
5001
2843
3070
4228
2317
3437
5152
3009
2570
4398
2623
4931
3631
4580
5038
3502
4581
4977
5514
4534
6134
3995
1976
3162
3312
3231
6618
4683
4295
2674
3940
3456
4320
3023
3249
6767
3872
3445
4518
4175
3575
3328
4046
19867
5825
4439
3486
2969
3727
3160
3805
4274
3997
5630
5490
4407
6038
3826
4216
3943
3579
3815
3795
4460
3629
2758
6470
3340
3241
3948
5037
4106
4299
4558
4762
4004
8283
2980
3293
3709
3639
4347
3071
4174
3867
3170
4728
3730
3567
3834
3252
3803
2967
4375
2526
3628
4294
3502
3497
3068
4074
3930
7638
3228
3702
3298
4262
3106
3914
3125
2895
4296
2832
4452
4409
3363
4726
4474
3749
5371
2537
4793
3362
5195
3680
3971
4941
3427
2809
3901
3767
8213
2850
3131
5389
3248
4113
5927
3607
7250
4041
5149
4458
4123
4433
5127
4956
4004
5898
5023
5351
5177
4477
3290
4512
4902
4208
4268
5634
3053
5575
4649
3002
2715
3968
4030
3816
3832
4389
6858
3298
6957
3803
3595
