7545
4971
5270
4849
6680
4855
6633
6112
5442
4673
6153
7025
4501
3127
6505
5492
6204
7708
6444
9053
7212
6497
5380
8164
9855
5434
5857
4852
4361
4569
7009
5708
12117
2546
2317
5510
7433
7289
4094
5819
6725
6061
3799
7282
6965
4847
8590
4985
15734
4585
5031
4650
4947
4599
5404
8728
4510
6272
6465
6639
4615
5024
5441
4469
5301
4687
3966
5505
5147
4754
4536
4615
4704
6447
9045
5350
3441
7804
3900
6090
5964
6250
12708
4522
7843
5865
7420
5708
7017
5075
4572
7099
5753
10753
7832
4904
8170
5177
7225
3998
6193
5648
7367
5813
7349
7305
5989
20152
4675
6499
5436
5193
4600
10569
7999
5051
7059
5333
4578
5094
9790
4160
7256
5002
7238
9887
5502
11573
5945
4235
5097
6486
8816
5907
5257
5814
6868
6535
6059
6243
5528
4339
6482
7355
5877
5067
7070
5797
6018
8872
17311
12858
5789
4869
5693
4681
6866
2683
6603
4684
6794
5306
6042
5157
9248
7686
5350
5325
4740
4982
7075
6912
6227
4288
5687
6956
6036
6225
5285
6975
5382
5207
5828
4695
7758
6834
2660
8009
4885
4094
5598
5523
6795
7024
7208
7567
5001
7146
6014
6426
5223
10419
4995
5040
6348
5246
4502
4363
6372
5845
4101
4061
4915
6350
5290
13675
4068
5546
5775
5280
4793
7911
8877
7366
5540
6191
5244
5230
10036
5474
7669
4763
6360
10317
4565
3970
4610
10213
7781
3742
14571
20735
6320
4800
6419
5203
5109
5835
6710
4494
9696
8471
6692
4224
3316
3454
6317
4116
4295
4551
7418
4891
5803
5313
6222
5799
6821
7387
4832
7856
16300
4435
4508
5717
5474
5715
5755
6002
3694
5492
10244
6354
4410
8841
6477
4721
5156
7122
10793
4507
6459
5682
4691
4732
6094
5266
6435
4442
9266
5557
6460
4278
4735
8493
7291
6293
7755
5128
6369
7006
7441
4839
6568
5075
3966
5287
3977
5344
4442
6302
7618
9416
5262
8836
7900
7147
12189
4462
7162
7729
6702
7975
4640
7408
7358
4453
4752
2670
6248
6668
9107
8289
9787
6898
5095
5578
7095
7285
4705
9292
6216
7298
5883
5243
5181
5965
5066
6375
4472
4837
13393
7398
7984
7021
5659
5510
8939
5329
5759
3402
5397
8282
4842
5993
4724
3995
5620
7312
5844
6405
4707
3528
4253
4837
11215
4900
7308
6101
16076
6639
6320
5426
8344
5471
7238
7110
9195
4776
8825
10272
5520
5382
6317
7294
6544
5113
6440
5198
5601
5703
8174
4627
5342
6434
3987
5436
10833
4428
7556
6014
6780
5342
6637
6471
7947
8225
7848
2931
5815
5891
5930
5096
6296
5964
4880
8852
4783
4849
6535
8367
5816
8370
5970
6288
4241
6958
3047
4863
8662
5442
5947
5061
6119
7040
9646
5595
6340
5329
7918
6453
4602
6291
6403
6157
6068
4858
8168
4906
6947
4235
2914
5120
7627
4442
5379
6248
5086
6569
5303
6293
6712
6964
6451
5331
8390
8551
6480
6700
7768
5530
8892
8750
5321
4866
7280
8238
5799
4235
10094
5988
4794
7247
6783
7621
7834
5726
5645
5188
8076
5010
2316
5167
5246
5475
2615
7343
7186
6822
8826
5124
4935
8147
4526
4817
5501
5794
4987
4391
5119
4806
5470
5676
22297
7528
7826
10468
4222
20474
8095
4132
6587
9127
7336
6802
7520
4162
5442
8593
4874
3935
6317
5057
9364
4859
4335
5221
6139
5396
8467
8060
9002
5265
4921
5238
6550
3922
5108
6126
5296
5281
3912
5532
6830
5107
7356
5637
5060
4383
5615
7094
6813
7984
4600
5886
6777
9019
7114
7336
8008
6286
5496
3476
8477
5983
6271
7069
7190
6662
4882
5966
4096
7379
4942
6293
4656
6273
6892
7424
5214
7488
5178
6322
6301
5452
6048
4646
5035
5652
6806
6462
4369
5371
5865
8618
8117
6625
14997
8628
6109
3484
4904
5251
6710
5250
8113
8187
6234
4433
41561
4734
5223
7697
4636
6118
5027
6590
5751
10352
7674
5621
5722
4697
6769
5851
5566
4954
7770
5025
11121
6157
7514
4040
6898
5342
10201
3953
6525
4153
5630
6080
6724
6771
28248
5064
4835
3041
6900
4358
8215
7704
5795
3859
5176
4200
23403
5070
4868
6568
10355
7266
4619
7738
6601
5539
5157
5077
11047
4817
6065
5819
26464
4419
5795
5535
7066
5466
5660
5631
4619
4719
6088
5759
6295
5274
5345
8786
4526
4518
12709
4839
4557
4685
4416
6208
69223
4098
7713
5577
6855
15911
5814
4759
7494
5822
4250
6172
4627
4825
7111
7057
4223
5873
6193
7533
5952
3913
4552
5197
8203
6513
4765
4570
4983
6072
4136
5787
5181
7755
10279
4973
5168
5176
4828
7590
6408
6066
2591
8679
10464
6854
6277
5716
4101
4989
6010
5241
6243
4310
6155
5995
6321
4760
5430
4473
7996
4976
4449
12413
5208
5419
5242
4274
9320
8770
4953
8376
6679
5323
2582
5519
5516
4409
5415
6009
5506
7324
6050
5184
5169
6323
4023
4902
4647
6165
4207
8402
4799
4536
5049
5326
7179
5108
6932
10332
6532
4418
5677
5332
4581
6031
3688
6846
11167
4631
5104
6487
6096
5728
9155
5536
6127
5614
5247
5232
2932
6599
3136
5487
6099
5136
9272
5527
5322
8418
5331
6073
5831
5256
5221
6881
5328
5876
5194
5237
7544
7642
5549
8457
4868
5685
6292
4923
4290
5798
6108
6921
6194
8546
6575
4780
8183
4074
6239
5970
5860
10999
4693
7451
4736
4168
6617
4399
6837
5508
4254
4855
7373
5049
5270
4611
4832
8504
4770
6213
9555
7210
4854
4846
4390
5784
4943
5857
6618
15436
5624
8584
6979
3942
6062
4236
4668
5722
5770
5282
3455
5809
8916
6685
7617
5162
3892
5433
5764
6866
7175
4229
16235
4962
6014
5124
4192
5237
6141
5992
5660
5013
5358
5411
4488
7014
4876
5028
8488
11284
4554
7624
5311
8191
7296
6367
5944
5447
2709
6634
7426
7738
9557
5998
6569
8396
4866
2736
4683
6735
5478
5621
5292
9503
4297
6544
7495
13067
5791
6070
6043
4735
5580
5212
5952
4155
7450
3960
5726
5025
4462
6177
5648
6970
10690
4600
6417
5175
5142
5332
5936
7915
5417
9491
8907
7474
3985
4604
8498
9126
4504
8334
4698
5207
6146
7769
5218
4399
4932
3618
5729
5616
6238
5250
4837
6369
9396
9558
10232
4287
4432
4836
4269
19457
5480
3874
6766
2287
5335
6109
6166
4849
5575
5600
5454
4162
4584
6025
5818
6839
4529
9120
6205
19714
5660
5095
7945
5369
5054
5043
6844
10320
5402
7125
8335
4098
8996
4147
9368
3896
3694
4733
7373
6967
6119
5906
22401
4325
5488
12617
6051
6368
5487
5869
5183
7721
7018
5488
9088
6055
6148
5410
5446
7811
4890
4884
5143
4195
4521
5082
5336
7853
5070
5600
5408
3944
4408
13404
5328
4897
4160
5180
6335
4980
5032
7264
7504
4350
2905
5534
4794
4246
6014
4559
5020
6220
6283
4699
4796
5921
6396
5954
5340
8233
6159
4807
5007
5647
6271
5027
4727
6162
4842
4402
9728
4280
4526
9049
5320
7477
5203
4394
5929
9420
5305
4113
5239
5165
4992
10673
4050
2629
17196
5124
4536
4328
4618
7873
7004
4343
16182
5542
5239
6351
5478
4879
6439
5029
5273
4780
6833
3921
6402
5333
6757
5231
7855
4766
6856
6630
3820
4973
5436
12700
5090
5111
9913
6761
8602
3928
6808
4659
14585
4838
3506
5110
7521
11053
6317
4180
3998
2870
5647
3295
5386
4379
6894
6496
4829
8116
9638
4920
6956
5984
5863
4873
6471
8609
8225
8479
10245
6635
5072
8142
7547
3526
7327
5087
5380
4463
4966
5988
7528
5183
12070
6808
6276
5484
5189
8511
8759
6244
6079
6532
5415
5255
7799
4848
4761
5372
6540
5206
6811
7049
5315
6157
6745
8024
8939
6229
4273
4950
4165
4352
8434
8396
5406
6122
8583
5251
5373
6348
11538
8463
6228
4653
4209
5608
5656
8092
5484
5605
7920
6981
4526
6395
4483
5299
6561
6511
5239
4741
5162
5896
4347
5189
5947
8974
5348
4651
9164
4517
4488
5212
4317
4413
9261
7291
5748
4801
5703
12424
5542
4724
8014
4809
4442
6294
5681
4382
4370
5119
5006
4048
8584
8482
5945
5255
5497
6478
6526
8789
5079
4122
8925
6001
5593
6164
6771
3782
7021
5109
7616
7358
6943
5382
6935
5128
5651
5423
8158
4568
4742
6134
5136
6189
4907
7197
4976
4878
6078
5004
5986
6252
8433
9304
4923
4473
5108
4239
5763
7136
5041
4395
3595
7920
7217
5286
6582
4600
6499
8145
4521
6862
5069
6553
5901
5348
7247
3840
7225
8116
5088
5954
7278
5869
6119
4906
6329
5076
7902
6238
7836
5026
5785
7485
6716
6597
5669
12113
6002
5218
9506
4119
4236
8875
6409
5108
7386
4248
6048
7478
4514
5402
7820
5013
6041
6875
5375
5283
6853
7552
7332
5455
5703
5266
4303
6797
4504
5492
5723
9864
3974
5899
4635
4832
6642
4645
5010
4989
6620
4960
10008
5037
5242
6715
5020
6356
7201
4955
5476
4581
6448
7906
4899
5570
6964
4936
6230
5168
5850
4800
6715
5665
5144
4715
4305
8188
4179
5456
6834
4430
7829
4707
5347
5814
7297
6006
5748
4418
4824
13232
5012
6945
6713
6209
6611
3286
4717
6234
7649
4480
7104
4416
5441
6582
4694
5911
5341
5277
5769
44656
10339
7503
7976
6188
3407
5165
6289
7536
7372
6396
4851
4213
4877
11762
7096
4627
7620
5280
14375
5250
8515
5631
9239
5606
5559
18329
7509
5183
9122
5741
4511
7611
4503
4607
10448
3553
3873
5598
5968
5846
6194
3953
4875
4932
5688
9642
5174
4454
7419
4027
5164
5624
9889
2856
4995
10505
4073
4799
5334
4907
4827
7369
5076
5000
4646
5856
5923
4866
4643
8629
4973
6175
4583
5455
7279
5084
4398
4467
4332
7018
4757
4711
6936
7374
6575
6318
4692
5585
5223
5448
7574
5184
5039
3805
5593
3784
5171
8651
6781
6512
4756
7476
5528
5029
5512
4007
4089
7127
7882
6020
5303
5943
4915
5448
6146
8650
4082
4130
5547
3618
6423
4777
5257
5276
5375
8408
5706
5370
4660
5772
7091
5715
8046
4660
4379
5543
5484
5946
3220
3392
4632
4838
4352
5832
4908
4233
5531
3924
4978
5973
5394
4393
3368
5481
8482
4858
4768
6085
4731
5245
6633
7868
5081
6281
9370
4806
5338
4144
4940
5570
6169
6206
5860
5508
6359
5738
5127
6239
16113
2680
4247
9378
4482
5989
6484
4586
6606
6802
5449
4854
4543
3327
7972
4327
4275
4372
10044
4596
5195
6788
3642
5414
6948
6043
6397
4801
4558
7160
5576
5393
3689
4719
6262
4912
6382
8468
31093
5761
7450
5621
5777
14491
3170
4153
5005
5646
6643
5636
4595
5424
3178
3849
24318
5551
5659
8721
5042
6003
6253
9332
6013
7398
6470
4751
4341
6028
3838
5286
5856
5728
8769
5477
5159
6182
11983
6628
6471
14003
6520
6465
6104
4283
3755
7335
5274
5133
8920
20888
4092
6329
4188
8513
8095
5000
3403
7738
3017
7871
4883
3819
6771
4776
7110
6448
4467
6533
5034
4323
6146
1677
5746
12318
6810
7230
6743
12806
5559
5097
6926
6136
10689
3519
5030
7300
5300
4066
8451
4419
8876
10277
7423
9241
5082
4962
7046
5883
4532
6147
6293
5416
5802
8778
5062
6586
5320
4937
9034
5265
4615
6104
8339
5863
7661
3966
10957
4093
5047
5264
6149
4070
7703
6253
5498
9063
6019
6314
4940
6494
7576
6239
4531
7135
4285
5095
4903
5469
5348
4524
8269
4748
5513
4774
4573
5956
5028
7059
4648
4275
4727
6408
4859
6847
6567
4514
4827
7342
5671
3593
5321
5079
5195
5911
7922
8218
5140
6700
8857
4818
9394
3274
7432
7541
7038
4831
10125
5839
5280
3842
4778
4355
7404
5417
5637
1951
5166
5237
6069
2903
4779
7569
6279
6974
6059
3745
12300
8717
4230
6339
4997
5702
6404
4931
5941
4146
5959
4868
6524
4505
6249
4590
5897
6065
5140
4737
7902
8035
4632
9852
5130
4975
6367
5341
4371
6279
5363
8155
4550
5212
4955
5217
5121
7861
4530
7272
4715
4568
7340
5086
4262
8173
4703
5781
5559
4692
9249
5071
3495
5919
7229
5297
12207
4903
4733
8347
6666
4542
4226
7590
5815
2122
7708
5732
6835
6430
4968
6060
5374
9276
5918
7297
9002
4434
6355
8409
6623
4295
5791
7287
3925
9977
5323
6549
8936
13268
4072
8227
7182
6915
3429
4394
5574
10853
6256
5994
6745
4324
9809
5208
4994
5477
8338
5980
5329
4561
7628
6426
3684
4946
8325
9694
8873
4798
6194
4905
7654
5202
5947
5030
5408
5025
4926
5313
8079
5013
4515
4099
7096
9803
5264
3904
5438
9610
7346
5256
5704
4547
5486
6201
4315
4321
4711
8711
4161
4083
4906
6453
6383
5666
3487
4835
5345
10528
4332
4400
4482
4929
4658
5969
8985
4303
5707
4920
6270
5171
6942
4040
4509
4582
4385
5892
3059
5814
7088
9820
5002
5250
10616
6946
5967
5349
7646
4283
8226
5747
4237
3885
6194
6277
5458
5677
6992
4368
4869
4075
5924
4786
4458
4683
18770
8775
4999
5027
5829
5648
4836
6306
4705
4989
4956
4470
5200
4943
3958
11090
5867
4688
2618
4458
4844
3286
4814
5594
4195
4922
6352
6113
5750
5965
8866
5775
6694
4620
5446
12773
5654
5017
5433
4651
4847
3672
5181
7135
4639
6814
13675
4468
5064
6386
5135
6912
9177
5657
6695
10461
6760
3971
5768
5796
5591
6941
5638
2991
6570
4707
5556
4662
4930
7203
4481
7534
7587
4557
4932
7335
4730
7142
6773
4126
4978
4302
4198
7420
4487
5027
6297
5349
5716
5393
5884
7494
7096
6550
4436
6389
5000
6200
12869
4511
5310
8449
5131
5012
7847
4584
5734
9619
9961
4299
7493
4610
12623
2810
5268
6902
5365
7228
10872
6056
5349
4421
3938
4706
4607
5444
8036
7665
5868
4084
4395
6302
5288
6507
4654
5527
6378
4381
4571
7086
5677
4607
6018
5862
7736
4667
5622
4733
7581
5203
6845
4006
5320
6385
5844
12815
5633
5007
11490
6602
5563
7862
4026
7571
26332
22122
7352
5393
4839
5245
4450
8557
5673
5911
5775
7864
5577
4434
4095
7242
5334
4837
7981
9702
6128
7833
4639
5771
26463
4761
3980
7804
8367
7930
4889
6678
9273
4986
6270
5335
6229
11992
4842
5138
4693
5874
7438
4250
9861
8642
4900
5983
4292
4126
3018
3738
5427
7786
4488
4448
5548
5011
7176
5694
5388
7971
5833
6496
3332
5343
6926
6757
5734
4472
5788
5945
7343
6721
6062
8029
5132
5445
5167
4704
6403
7838
4981
4503
7861
5520
4965
2537
4920
4889
5244
5322
5957
5713
5965
6999
4155
4688
5023
5252
4645
15877
4333
6780
5410
7620
5075
6244
7045
4824
4000
4143
6377
5192
4094
5313
6574
6206
11685
5251
5723
5850
4600
4798
5695
7081
6250
5190
5453
4650
7173
5184
5243
10255
5761
7206
5177
7034
5133
18361
3540
4948
6006
4453
6144
6375
5248
5662
6176
5546
11855
6014
4322
8462
5050
7700
7720
4217
3997
7790
4744
3862
3997
7081
6178
6192
4662
6179
4636
5435
6280
4649
4668
6860
5826
8661
6191
7818
4765
5308
6785
7023
6765
4327
5379
7317
5290
5395
6104
6741
5222
6209
5904
6644
5467
5163
5687
4426
4822
6997
7496
5057
7956
4727
8931
4084
10960
5960
5783
5143
9695
4944
4986
6281
4635
5252
9434
3757
6044
6360
6025
6332
4589
3901
5640
6538
6446
9088
4385
5208
10102
4699
5279
4522
5062
5076
6960
13234
5208
4513
7864
4774
5176
5665
6517
5940
7218
5147
5486
7357
5313
5060
6142
4830
4445
5964
6535
5826
5673
5359
5377
6308
5045
4697
7062
3383
15041
4681
4585
5670
7007
4282
5537
7515
5856
6918
4928
5693
4781
4900
2950
5627
6253
4928
4479
5599
3943
7273
5047
7208
8677
4700
5383
4696
4711
5649
7462
4736
5533
5248
8901
4660
5947
4566
5013
6896
9971
5072
5984
6949
4582
6184
4485
4778
8406
7025
7904
3466
4667
6167
5230
5585
6114
9064
4752
6410
4962
4535
5871
4327
5091
4279
5440
7666
4836
4287
15551
7971
10676
6284
4977
7093
4668
4641
9215
9322
12733
5404
5413
7415
7239
9554
5325
7154
4133
5861
5388
4804
3068
6501
7714
6156
5799
4910
6252
4248
6009
5174
7530
2123
6225
4946
6115
5930
5203
5444
7362
6049
4989
4313
5349
6395
4630
4573
8240
4197
6399
7664
5798
6071
4162
4417
6545
8760
4294
6553
6989
9842
5238
5856
10674
5158
7083
5750
5218
5654
4304
5579
4524
4514
7299
4199
4821
10370
3487
6249
6344
5358
20356
6949
4982
5054
6013
4676
7248
4822
4825
4773
8528
5504
4415
4716
4320
6371
6258
10961
5250
4537
5167
4508
5168
5472
5291
5188
4974
6135
5245
7255
6276
4558
4310
2082
8323
7197
5026
4624
6832
6541
10455
4835
4719
5084
6712
5548
7236
3865
5838
5299
5297
4990
7477
7865
8200
6397
5110
4598
7283
4577
5021
4380
10716
7055
4704
7548
5031
4768
6230
5075
8867
4561
6489
7196
5787
6804
6833
4663
4621
8998
4650
4532
7822
4101
7921
4636
5250
6691
6110
6100
8156
4548
3988
8209
6947
9602
3258
4414
4000
5868
5360
2107
5903
4313
7452
7073
5888
9550
10137
4413
8311
6371
5692
7308
5937
7111
4117
7386
53172
5304
4668
4401
6583
5056
8822
5072
4985
8043
5290
6004
7854
8133
9920
7127
6575
5022
16317
4267
5061
7292
6549
11099
7035
5394
4196
4241
4999
9069
5125
4884
4910
4818
4918
6290
5639
9396
8961
4072
8594
5229
38752
6223
6021
5628
5668
2516
4529
5843
6156
6661
5957
4358
6232
9405
4793
15166
6860
16554
8422
7687
3866
3311
4784
5776
4238
6681
5615
5047
9100
5248
6233
2836
9648
9311
5435
5188
9877
5666
9507
4932
5088
5504
8962
8366
6120
6390
5205
5174
4373
6016
7760
4932
8322
4640
4119
6110
6267
4489
3130
4578
5183
36943
5235
4298
8978
3437
4860
5420
23023
6103
5375
5555
4922
9485
4369
6277
7855
4627
5001
4963
4764
7381
5095
5174
4879
6316
4575
5250
7811
4354
16571
5575
6915
8567
5271
9168
4357
4742
6478
5369
4866
6261
6032
4722
3755
5583
6528
6782
5555
5166
21151
4696
5265
5048
5137
6679
2961
4136
10502
4550
6127
6471
5571
4695
8431
44191
5497
5148
5548
5667
6533
6589
5091
5551
4936
6827
5142
5088
2491
5309
4852
3857
4777
3625
5601
4652
5033
4960
5365
5447
10773
4320
4810
4975
7893
6612
5884
8517
5176
5178
3766
4681
7148
6642
6024
4653
7308
4636
6372
6929
4838
5333
9544
3468
5976
7476
4752
9951
5255
4658
5628
4570
4169
6629
5605
4318
5090
5569
6040
5352
5341
6311
5740
4852
4911
4588
4642
6687
4478
4018
5643
4321
4738
4710
6329
3555
7558
5231
4630
5052
5414
6354
5751
5454
6024
6504
5208
10274
6954
7600
8109
4370
4088
4915
4355
5972
4832
6625
4847
11371
4965
4729
5126
5555
5489
6294
7297
3500
5431
5046
6530
5384
5194
7040
4828
4371
9633
4789
6256
5288
6560
4266
13448
4442
9188
7087
7780
4615
6299
27678
8862
7194
5146
16170
6205
4691
7650
7776
3516
5294
4539
6046
6727
5148
7813
4438
4639
7457
7479
4545
4578
7141
6931
5814
5131
9086
4049
5689
4544
4880
4166
5980
7389
15507
5367
6252
3859
7303
6020
4569
4914
5909
4291
8180
5132
4513
4699
11057
5139
6715
6827
9698
7364
5534
8855
3965
5878
5544
5694
4470
5673
6575
5803
6454
4768
4316
7066
5219
10368
5277
6550
5009
8928
4114
6255
4955
5860
4785
7745
4376
4028
4545
7013
9005
4542
6735
6535
22301
4549
6161
6175
4641
10649
5450
4350
19802
4419
4034
7242
4854
7998
5408
3988
7391
6472
8750
6194
4145
5233
7456
5647
5682
5994
5138
5545
6368
5076
5072
3879
5752
4946
5524
7072
4435
7944
5248
6572
6669
5031
4456
7795
5869
6818
5087
5322
6540
3340
3246
9651
6112
4772
8825
7064
4214
8133
6999
6008
8948
6694
4893
7999
4554
7298
8711
5144
5742
5042
5183
4233
10324
4855
6839
5914
4978
8491
7317
7564
4584
5474
4940
4581
4336
9003
4928
4189
8290
6037
5523
6054
4624
4625
7128
7403
4883
10713
7346
5361
6786
4573
4664
7487
4871
4219
5324
5804
6616
5500
5223
9391
6972
4675
6290
5357
6377
4967
4203
4553
4071
6264
9273
5781
5227
6330
5078
5076
4096
4963
5969
9350
5727
6343
5700
4568
4737
4597
8270
5526
6123
5418
5548
5218
3495
9905
6066
7003
4359
4950
5283
5100
3407
5933
4982
5595
6596
7070
4963
7932
4919
4105
6553
4824
7126
6964
5448
3100
4795
4938
5622
5612
4463
6543
5251
6245
9000
6124
7569
5308
4374
7337
7246
5555
3567
6790
5234
6820
7004
4916
6115
22478
4639
7535
5670
4870
5003
3481
4916
6288
4161
8636
6787
5810
14757
4405
4968
7481
4819
7050
7685
5055
4906
4895
6758
5093
5788
5428
5605
7851
4331
4630
6623
5141
11908
7114
4078
4896
6335
3989
2697
7126
4451
7496
4225
3863
5574
8263
6419
6073
5645
6172
6031
6619
9398
5439
3197
7134
5306
4600
7952
10165
5524
6978
5119
6530
5139
4371
4230
5879
4714
4057
5372
4710
3950
8692
5207
7500
6024
4639
6867
6931
3146
11303
6090
4552
6932
4379
3681
7548
4343
7525
5742
4949
5561
7116
6998
7613
5533
5197
4367
4452
5198
5215
6864
8702
5756
6094
16722
6293
6272
4180
5207
8097
7362
5050
8014
5543
4443
7201
10396
5744
3765
7014
5586
5602
4000
6097
11843
5118
4638
15977
5352
4270
5672
6088
4900
8126
5105
9696
6705
6177
6410
6774
4522
9542
4637
7090
6333
6767
5599
4710
4481
8576
5874
8946
4764
5902
4835
7305
6177
4606
6967
4875
7373
8247
6229
6022
5409
6106
12775
4939
7601
5564
6511
4088
8351
6839
5567
7245
4881
6409
5887
7344
5442
9164
4988
5889
5039
5439
6490
6786
4657
5339
4660
9154
8712
6983
4475
14351
6746
6172
8049
4689
5195
5842
4811
5220
5614
4949
4565
5989
5402
7775
5638
5191
5987
5506
3667
23244
6408
5735
9238
4780
4495
10021
4313
6128
7092
4468
4532
4168
5528
8804
8388
4619
8795
12427
3856
7246
4474
4550
9284
3161
4664
5882
3408
4279
4480
6265
5707
6102
5371
4654
5588
5129
7359
6949
6739
6379
8651
6261
5500
4733
5583
6210
3931
4850
5792
2808
8526
5029
4268
5524
7176
4498
5532
7102
6113
4406
9506
3849
3999
4690
6484
6562
6756
5137
6553
4966
4009
5368
5565
7577
5302
7709
5488
7210
4243
6514
5924
3648
6175
5547
4599
6502
10838
4485
6203
5086
6884
6666
5081
9203
6153
5108
13545
6042
5480
7841
7603
4874
5125
7838
6905
11083
4559
5367
6921
4937
5361
7432
5168
6314
4904
5243
7686
4087
3648
5203
4205
5365
4680
4249
6599
7340
4562
4476
6892
4903
8045
5866
4431
8029
4801
4417
3842
8397
5009
15584
6204
4761
5014
7576
7404
5885
21968
4809
10140
6299
3833
5104
5066
5104
7676
6492
4918
4778
4089
6395
6378
3591
9780
7942
12904
8301
7701
5063
8058
5500
5027
4454
5513
6642
4480
4680
10976
7454
4892
9271
5464
7256
3908
5186
4268
7656
6890
5206
4353
6355
6164
8214
6491
7426
7063
4079
9969
5242
4973
5384
4407
4958
7648
4655
4759
6449
4465
4355
8810
4341
6753
4452
5390
5318
5308
5171
3896
6244
4718
7346
3554
5320
4790
2538
6038
4906
4595
6892
7800
4762
11824
5406
4373
4658
4641
6925
6203
3602
4448
7511
7295
4702
4669
4994
4739
6436
4249
4740
5917
4760
7026
6562
4945
6765
6670
4994
8358
8645
4706
5165
4952
4958
4107
3140
5385
10609
4485
5325
6604
6200
4677
8073
4786
5462
6057
21283
12544
8047
6218
10600
4313
5272
7830
5175
6637
5474
5720
4963
8828
5253
3241
6354
5285
6075
4988
3724
6031
5249
23581
9059
5544
6212
4026
4822
4288
8052
8410
6232
4817
4340
7632
5284
8083
6477
5460
8652
5996
4920
5234
4928
4478
4792
4081
4122
33840
4457
6030
4853
5730
5630
5041
4707
8538
6453
4561
10574
5494
4385
5296
5081
4839
5516
8062
4943
5058
4849
5482
5989
5129
4946
5027
5004
5517
7092
7639
5112
4544
7768
5658
5916
6429
4564
7259
7123
7054
5780
4574
4761
9213
6734
5624
4633
6445
6188
5965
7313
4209
11831
4597
5672
7953
4916
5421
4425
5269
7763
5606
4298
5354
5828
8559
7020
6754
4897
6935
4390
8021
6609
6010
7559
6493
3065
5315
5528
5695
5570
6476
5709
5803
2462
4618
4618
5096
6137
6150
5176
4750
3727
6640
3651
6081
4194
4571
6502
5758
5196
4677
5523
5083
5698
6179
8499
6947
4642
5946
4971
3105
5663
5147
5102
11456
3787
4709
5823
6081
6540
4377
4995
5008
6722
5185
6344
6321
9882
22047
6920
3996
5660
7170
5800
7469
4085
4227
4719
5308
6618
4654
4364
4007
4653
7374
9376
5118
5694
6428
6212
6085
34694
3932
5323
4576
6119
4097
6050
6059
2873
5081
6028
4788
5495
4503
8533
4190
6048
7374
5729
4461
6098
4150
7095
5685
5226
4947
4618
6636
5094
4602
6270
5543
6813
6284
6265
5167
4716
7233
6389
6319
8284
19565
5159
4338
7741
5524
6279
4071
6293
7976
4686
6837
4350
5148
6330
5008
6607
6730
5269
7246
6804
5184
7938
7203
5425
4590
8072
4190
5171
5936
14721
4774
6487
7192
7495
5006
5026
3740
6671
6813
4403
4961
4217
5282
4927
6658
5675
5250
5418
6462
5414
5351
2938
9085
7007
5716
4908
4464
5516
3267
4744
4908
6424
5402
4435
6155
5548
4105
4036
7550
8260
6259
4652
4564
5075
3189
13199
6880
7162
5616
5283
7777
4782
6424
5379
4958
5535
6017
5468
4586
7866
7021
5653
4762
6379
5483
4855
3539
5757
6485
6358
5909
7092
5210
6005
3511
5167
6916
7743
5598
5548
5753
6662
6100
5251
3671
7053
8590
4560
5924
7018
4735
4868
5746
7413
3958
6573
5460
4268
6641
4542
4210
5985
5452
4852
6196
5584
3125
3157
6060
4938
5741
4962
5768
6115
5705
7737
8027
4890
5561
5194
5834
6342
6248
6472
4649
5205
5236
4742
4503
5310
4602
5136
4982
5215
4825
6523
5024
4553
5499
5998
4784
4655
5098
5315
12570
4472
4004
6050
4663
4784
6637
4642
8269
7674
6102
6881
4837
5542
4523
6904
4440
5671
2886
4979
7096
11956
3692
4598
5562
4778
4160
6447
6407
5541
5446
4721
5409
4836
6460
5706
5325
4179
3579
3791
3262
7105
5151
4359
5035
5084
6452
6956
6563
10250
5511
6430
6680
5719
5576
4222
4023
5943
7872
3617
9877
6938
4465
3988
6473
7606
8265
4010
7355
7311
4751
10955
6899
5810
10788
7021
5434
5989
4204
3243
9444
6576
4948
9461
4672
4918
5902
4881
5701
44819
4657
4182
5021
6098
5590
3988
5883
6481
4384
5365
3599
4559
5385
5773
4401
6762
4739
4349
5221
6093
4746
4869
4528
8188
5042
5336
10106
5640
4953
10141
5316
4969
6271
4762
6698
23219
4600
8519
6259
5134
6760
6222
5413
10590
4588
7787
10976
5113
5615
7888
5084
4908
5516
6279
5466
7463
4806
4591
5546
5718
7219
6506
5871
5481
6738
4722
9872
4736
5678
8096
5928
4670
8783
4591
3099
4882
5201
6256
6174
6796
6133
5408
4217
4701
5347
5413
5269
3854
3104
4371
8081
4837
5991
4902
4635
5079
4033
5180
4061
4592
10892
4158
5049
6829
4584
4916
6345
6349
5293
4817
5362
6262
4672
4817
5190
5510
5381
6349
8137
7012
5608
5965
5500
5316
4782
6004
20649
5228
4958
2972
5331
3841
5251
5724
4527
9977
6636
7811
6020
8468
6773
6408
5736
5395
5520
10694
4629
5367
5432
2506
4529
7074
4725
4461
3881
5550
4721
5832
4551
6451
5500
4356
4454
4878
4719
4051
6365
3037
5998
5829
4629
6872
3693
4269
6459
7604
3432
4615
5531
6909
4366
5213
4725
6645
4748
4704
5445
7040
3488
7360
5197
7983
6488
5128
6123
4848
4930
6110
4803
5706
4093
5789
7840
6506
6823
9608
7230
6905
6456
4334
6434
6689
8959
6247
4828
8473
5550
14244
5093
4368
4881
4864
5187
7439
15662
4388
4236
4174
3967
5064
4108
5000
5109
4047
5775
5654
4453
5099
6007
6656
5131
6267
4442
4765
7890
5797
6328
3680
4133
8355
2745
5111
7002
5923
5104
5603
8187
5242
5567
5059
6239
7717
5554
8060
4825
6023
5605
5218
4300
14564
4173
4502
3741
5013
7125
7160
4662
7441
5791
19477
4598
4845
4316
4308
6111
4963
5272
5348
7468
4965
4675
5076
3464
6859
4786
6086
4776
7894
3900
3693
4978
5673
4381
5366
9177
5400
5993
8872
3715
3609
3595
4670
3944
4996
4378
22293
5520
5517
5865
7074
5578
3210
4942
7267
8787
3471
5086
5530
7970
4854
5219
4157
4901
6401
4751
6742
4622
4750
6265
5073
4976
24545
5796
5895
3623
4413
6203
5952
5023
7050
5235
5871
4366
5523
5162
5247
6678
5327
5125
4931
3699
6157
5138
8172
4490
4950
5508
4110
6042
5536
5962
6529
4091
3970
6733
6447
6226
7270
6452
5651
4111
6871
4085
5712
7574
4605
4394
4554
5397
5448
3540
5214
5824
5037
4603
6430
3830
6768
4352
5510
4569
5386
6329
5137
3512
4766
6604
7961
5191
7130
5562
7272
3826
8385
5591
4528
4734
5489
4959
5034
9040
5448
3667
5358
5951
5396
8431
5260
4635
6182
4010
5715
5224
6189
4822
6363
4158
7322
4681
7948
4425
6355
5647
6063
7395
8192
8654
3611
4554
4801
8545
4734
4872
5665
5816
5766
5725
6795
4281
6648
12332
3676
5076
7287
5016
4465
4320
3947
4189
6697
6711
5955
8230
5604
5318
5845
4739
4976
5496
6017
3465
6904
6768
7559
5991
4841
4884
4862
4349
5421
4757
6559
6227
5456
5734
5162
5119
10804
7356
8634
6182
4155
5823
5508
4739
6505
7987
6571
12043
4612
4897
5983
4325
3892
9663
4245
5974
9139
4425
4283
6335
5513
4427
5789
4478
4410
18551
5765
3531
5000
5648
4925
5143
5450
4671
7081
6467
4656
5556
5225
9903
5432
4239
6994
5167
5622
4918
5907
5736
9650
4465
6548
5237
5163
4708
4943
5934
4733
4359
6526
6563
3820
4037
9176
22591
4067
4540
4590
6096
8373
6334
5455
4516
3583
5570
5171
5163
7492
6281
5116
7102
4946
5071
5623
5599
2531
9231
8617
4905
5159
4969
4777
6534
5072
3504
3147
7198
9990
4156
4035
6610
3916
4354
4119
5979
4793
4333
5260
6612
5648
6614
4706
6876
3863
4904
5976
7974
8221
4469
5813
11369
3547
5237
7732
5878
4363
3544
3896
5928
4721
4363
5574
5860
5928
6888
5045
5066
7256
6964
5714
5423
4619
5991
4518
9338
5662
6437
8005
4998
5929
7494
4389
7414
6189
4780
4653
3140
4365
5109
6481
6651
5433
3269
6234
5072
4598
4646
5039
4967
4314
8349
7850
5094
4508
5654
5485
10495
6335
5385
9001
5948
4213
4146
5317
7523
9610
3877
4202
5277
5190
5472
5738
4885
6979
6491
24254
3922
5275
13224
6890
4755
6595
4297
6596
5275
5298
4926
5244
10037
6603
6952
5217
5015
6266
5377
4131
6372
5264
5686
6363
5292
5498
7030
6862
3598
3771
6885
6471
5555
5039
3953
5799
5645
6991
7453
5586
7337
5712
5772
5817
7240
4753
2882
7315
2063
6106
8193
5916
4677
9776
4566
4825
5449
6766
5604
6298
4662
6939
5808
7849
8387
4685
3023
4379
5586
6775
5027
4636
5726
4760
7469
4532
5868
4665
4144
5118
17596
7007
4495
4131
4783
4867
4433
6781
4407
4823
4650
3799
2720
9061
5225
4253
12048
4769
4713
4949
3561
6414
10411
6708
4635
4105
4627
5493
3438
5872
6820
4370
4532
4349
5832
6656
7574
2515
6224
4122
4854
6899
5234
4753
5570
5288
4475
10576
5921
4668
5194
9997
4055
6968
6159
4968
6525
5507
4644
4856
5635
4029
3201
4894
5214
9466
6071
3383
6081
3983
6460
6050
4313
5276
5710
6206
4690
6023
4577
5320
4815
4772
4822
6819
4400
4638
5925
5390
5114
9663
6385
3825
5821
4876
9019
5926
6139
5352
6242
8605
4544
4895
7090
5024
6709
4685
6028
5026
6105
7168
4842
8981
7795
7660
4218
5352
4346
4886
2920
7391
4042
10782
5780
5595
4971
4204
4491
6096
5822
4522
6235
5769
4455
4436
5653
4612
4649
4863
6000
6145
5773
6544
7974
6380
5520
5610
3865
4530
5134
6984
4123
5025
4907
5751
4112
8515
3942
4285
5720
7988
6088
3097
5527
6710
5552
6990
4952
5284
4463
7305
5590
3390
13007
5204
4877
7453
5879
4581
5061
4555
6972
7305
5038
20253
8280
4970
4296
4850
5829
5463
3929
6732
5964
5239
4290
5996
3819
5237
8965
4841
4130
5983
3723
4463
4915
4637
4648
5739
4692
3923
5312
8262
4683
5385
5431
15624
4744
3902
5444
5324
8512
4313
5141
5009
5305
4752
6285
2033
4599
4179
5528
3853
6346
3498
6987
6490
4629
6589
8575
5191
4956
5450
5608
4736
5161
6332
3645
4192
4396
2561
4075
4796
4799
5286
4973
5783
4349
8158
6082
5763
4865
3918
4945
7813
4989
3822
4371
4620
6099
4930
4139
6756
5782
3929
6503
4342
4598
6597
4880
6435
8945
7653
5372
4587
5949
6129
3648
7222
6682
4077
4984
7492
5574
2683
5492
4850
5807
4136
7070
5293
5830
7711
6670
5112
4787
3868
4303
5569
6310
3994
3129
8904
5347
4116
7985
5928
4610
5974
6654
6417
2939
5362
5174
7091
4887
3245
7918
4761
8061
6057
5347
4308
4146
5183
5378
7324
6359
4397
6225
4697
6092
6305
5160
8407
5534
4897
5425
7471
5127
6532
4658
5292
4053
5710
7702
6744
7222
5421
3659
7776
5629
4310
5635
6069
4590
5183
3853
5706
5442
4849
4983
4564
4823
5333
6205
4833
7023
5168
3825
6141
4787
6446
4133
6855
5458
5752
3805
4530
4194
4494
9695
5789
4655
7609
2216
5545
5444
6017
4138
3683
4977
4303
6062
4997
7623
8030
5304
7120
6943
4543
5886
6522
4458
3703
5982
7143
8730
7822
5202
4467
4561
4878
3682
6917
3264
4150
6077
5354
4863
4972
6460
4809
4521
12423
4228
4985
8216
6701
4295
8324
7414
4846
5353
4786
4560
3328
5056
7961
4557
6092
5605
5843
3674
7780
4708
6513
4358
4456
5910
8071
5018
5951
4407
4856
4623
2595
4147
7129
3977
4869
4115
4001
7452
8457
4550
5156
6741
5708
4258
4555
12275
5879
9990
6041
4070
6215
4586
7136
4088
5031
6600
5001
5903
4833
4892
10074
5204
4895
6275
6891
4776
3083
6782
4392
3796
6004
2190
6874
4903
5661
4990
5362
4674
5223
6834
6662
4645
6095
5829
6416
6222
5036
5534
5125
2785
3972
4586
5800
5604
6357
5117
4586
5928
4177
6253
6940
5303
4995
8518
7912
4886
5846
6634
5148
4700
6909
5453
9676
5023
4844
4096
4470
11073
3927
5079
7851
6573
5128
5170
5018
6890
6387
5826
5094
4012
7220
4530
6777
3895
2557
5634
4629
6280
5136
4974
5894
4953
4585
4456
4918
5469
5179
4584
5050
5944
5736
5218
3376
4918
7268
5478
7349
6082
4984
4628
9675
7143
7455
12151
5716
6268
5835
5146
5875
8776
6470
4240
4660
5310
6558
4534
5084
6212
6101
4775
3945
4392
6241
4608
4432
5867
5153
4391
5985
5713
4649
4975
5278
4480
6288
6147
6770
3504
5970
6870
3974
3921
4772
5886
9690
7021
6019
4146
5180
6712
4522
5224
5907
6401
5147
5825
6920
5021
5030
11200
6042
4212
3729
6516
4339
5046
7313
18887
4962
7179
5084
4779
5589
4322
4803
4541
6284
6030
6312
8261
4704
3994
13788
9187
7023
7722
7394
3055
6270
8359
5794
4565
5855
7227
4836
6334
4557
6106
5541
4232
5394
4855
8907
4929
4745
4941
5000
4276
4799
5957
7376
4913
4635
5768
3631
5544
8902
5520
4510
6731
4630
4771
4759
7247
5759
4892
6898
4694
6212
4502
4873
5041
6408
4601
4967
4583
8126
4498
4689
5725
5712
4641
2547
5380
3484
6660
5027
6855
5319
6931
9798
2331
13720
5538
6928
4237
5196
5986
4001
10968
5497
6423
7500
5229
7841
8053
16381
4563
6278
5121
5801
6103
5936
4040
6080
6312
6918
7660
9674
5658
5402
7948
5266
7471
5107
4270
5076
4968
6161
4611
4707
5530
4663
5911
4712
4757
7075
4638
7328
8350
6382
5604
4749
4628
5162
4766
4785
9433
6197
6217
6598
6224
4943
4375
5576
8462
4140
3676
5781
5223
5463
5702
6654
5655
6647
6599
7079
5013
4860
5388
7497
4187
4533
4586
3913
4975
4599
4589
9550
5293
5700
7968
5014
5037
5690
7276
5164
4647
6515
4773
4812
4516
7702
3587
7164
6697
4515
6272
6989
6105
6475
8661
5750
4592
9880
4632
4656
3850
4721
4693
3337
5346
4199
4847
4771
9910
6050
9812
4562
5551
5343
6367
6232
4581
5262
5172
5447
3476
5066
5667
4742
7038
7767
4083
5780
8958
7270
5378
7593
5950
7541
3167
7449
5045
4407
6183
6061
4582
6858
4400
5615
4093
7330
5012
6904
7283
5052
4512
7806
4448
3891
5171
3754
4680
5340
5608
2518
7284
6074
5292
5596
6276
4680
5378
4166
47673
4680
19099
4753
5259
15245
3934
6047
6549
5445
5744
5066
5577
4714
5560
6868
3580
5550
5553
4893
4639
3058
5176
5632
5751
6930
4523
5988
4465
5534
3789
3735
5224
10469
4995
4516
4340
5205
4226
8487
4777
4202
8826
5451
5062
4124
6212
5282
6931
8123
5282
5879
5799
6625
7858
4914
8701
6156
4915
11122
6421
6116
9746
4664
5416
6173
4988
7269
3607
6858
4752
5655
5647
4093
6253
4767
9752
9463
5362
9287
6898
6285
6011
6521
5065
7692
8006
4103
10292
5537
6152
7006
3269
5320
8168
5785
5217
6748
4460
6572
4995
4135
3846
4581
4551
14014
4481
7633
6468
4886
5341
4797
4461
5922
3215
4609
4783
5128
6328
5512
5209
6137
6195
4968
7218
5402
5458
5341
5982
5176
4974
7647
4800
4333
7787
5006
5154
6385
4014
8109
5137
5265
19391
5155
7868
8028
4249
4726
3816
9149
5774
4410
8865
7388
4941
5976
2089
4833
6047
4951
4897
10707
5662
5528
5196
5970
5016
5941
3214
4493
5253
5238
5988
5633
5361
7491
5885
4128
8160
4933
5827
11294
6453
4526
9188
5297
7835
6080
8426
7053
5364
9979
5296
4193
6594
9491
5133
5366
5619
4310
4472
5888
5356
6793
4645
6314
5334
4210
4427
5432
6448
5248
5162
6355
4430
10413
5260
2441
5397
9311
7450
6960
6314
4930
4562
4366
5548
5147
9880
5126
5271
7144
4838
5593
5775
7491
4667
5946
4825
5192
4424
4748
4745
5242
5170
9357
3144
5032
4627
4875
6931
6092
5309
5273
6124
5643
4553
5744
4238
7090
4772
6588
8135
4814
5404
9731
4845
8095
5290
6831
4220
2645
5053
4565
6374
5463
4094
7006
4121
4289
4627
4838
4761
6060
4921
6816
4503
5197
5768
5389
7681
5379
6626
8351
7237
4742
5314
8422
4946
4641
5572
4679
4848
6959
7452
4197
5063
4400
5417
5163
5977
7399
5936
7908
4966
5858
5195
5149
13942
5167
5888
5163
5164
4771
6533
5612
4966
4397
8772
7495
4237
6163
8958
5488
4336
5653
4553
5639
5733
5013
8823
5250
4989
5478
11803
4875
4966
4594
5245
5766
5810
5807
10329
4913
5452
5059
6494
5129
6856
10513
6573
5637
6134
4648
4830
4852
5190
7362
8443
5302
4801
4110
5444
5765
4824
6814
3431
5018
4955
5862
6729
5970
7940
8803
5263
5400
4241
6542
4549
6479
2388
6479
7833
5073
4807
4958
3792
7098
8003
4145
6568
6019
9910
4935
4779
4618
5146
5110
7203
5675
6008
4737
5131
5207
6517
4366
6614
5646
3956
4950
12905
4276
5253
5798
5821
4919
4538
7539
3919
5444
4787
5988
7822
5329
7048
5500
4333
4868
6984
5867
6810
3651
4239
4596
7427
5187
5857
5164
7178
7841
4064
4811
4658
4163
11034
5359
476635
7901
7164
2757
3793
4930
5158
4994
4959
4166
6894
5492
5478
4989
6996
3945
4647
6835
4157
4414
7374
4801
4671
4846
12415
5063
3612
5226
6358
3220
4737
21754
5570
4939
3468
6243
3950
6221
7725
6419
4558
3357
4238
12349
4443
4977
5525
5244
3614
6200
8479
6856
4217
7049
4544
6805
5874
4709
5338
5658
2586
5505
5244
5578
5295
5307
4545
6005
4168
6563
6044
5015
5258
5168
7522
5817
6297
6232
4402
4827
4488
5231
4921
4302
5108
3989
5963
6752
6676
5728
4627
4898
9188
4221
5385
7080
8034
8173
5979
4655
7172
6144
4157
8405
6418
5129
6730
4522
3677
5002
13084
11714
4549
4070
5516
7199
5524
6419
3654
5816
6773
5001
4860
9181
5152
4540
3445
4477
4110
5415
5130
6047
4485
5929
5858
4698
7093
7005
6919
5080
4817
5888
6705
5957
3950
5273
6502
4226
7457
6478
5003
4680
4536
3777
5847
7518
6080
6526
4323
4930
11620
5176
3791
4280
4310
3923
7028
5698
5878
5828
4785
6834
4497
11970
5356
4782
6729
6193
3065
5409
5107
8391
4853
4493
5666
6381
5507
5465
5658
10942
6493
4859
8027
2524
5813
8328
4837
5130
6784
7324
4847
7310
3744
4826
6741
5642
5828
5357
5474
5616
5050
4425
8189
5560
6550
7048
5570
4120
13819
5536
6287
3935
5039
24136
4448
5603
5701
8479
6744
5558
4239
5812
5244
5104
5733
8687
5099
5994
6901
5679
3915
5479
4611
5893
7172
5900
6423
4746
5261
8113
3505
4056
5120
4945
5093
5913
4686
5470
4334
5958
14187
5750
6124
4481
6898
4125
4197
4813
5416
4840
19013
4530
9530
5849
4120
4267
5836
5826
8811
7163
4994
5811
5266
4635
5125
4913
5251
4871
5824
3744
5841
5069
6892
6615
7206
4432
4498
4540
11089
9115
4512
7578
9284
9590
6973
5872
4096
4720
15785
6553
4430
6120
5197
5299
5615
7015
5397
4920
8732
7547
5823
7639
5544
9179
6497
7086
4969
5945
5704
6693
5219
9202
37136
3640
9296
5149
6959
5178
5622
9629
4513
6773
4985
6112
6309
7580
5177
5130
4693
5738
5806
7648
5919
5578
4754
10772
4538
6341
10771
6162
4421
6390
6892
4461
3348
6046
4651
21563
5893
5758
5036
5309
5056
5723
8052
5784
4709
5641
7651
8081
4867
6346
7256
7730
6952
5701
7180
4263
5873
5639
4796
3611
6969
3671
3583
6061
6056
3771
6577
9972
5381
11619
4692
4432
4991
8063
5419
5428
7042
5573
5989
5217
4549
5897
4048
5348
5615
6224
5753
4645
4137
5057
6171
5163
4839
6956
4544
6107
5702
5588
5340
6433
4783
3783
4286
5736
4626
5697
5539
5987
5485
4748
5377
6784
5363
4901
7254
4485
6479
6688
4813
5089
8006
17253
7797
4926
6618
5734
6154
5785
5405
8739
5587
4658
8599
8597
6638
5826
5976
5326
4295
4678
6657
4968
8063
3904
5281
7449
5901
5947
4756
6924
7183
4491
7669
5754
8493
6151
4520
4322
7132
6064
10949
5302
5108
5012
5773
3527
3938
5010
10322
9605
4904
4271
8680
4591
6939
5257
5939
4367
6070
8144
5105
4676
6549
5281
4840
6451
4677
6896
3042
5315
5360
5682
6816
6013
8018
5543
3762
4988
5008
5107
4907
5369
6463
4867
6314
5754
4967
4162
3851
5259
4933
4974
2374
4932
5564
6412
3934
6819
6203
5677
6325
7185
4936
6944
5523
5988
6130
5450
8836
3861
6354
8224
6338
6196
8134
7375
4878
11082
4914
6421
5418
5522
4834
4977
4513
22297
3979
5262
16220
4912
4995
5884
4675
7174
6055
5060
10697
8230
6753
7282
7185
4623
4888
4575
3678
7142
4688
7789
4972
2075
6040
2988
5245
8155
4469
7627
5381
4248
8338
4738
3997
7575
5627
20812
5050
5535
9890
5903
4105
5621
7401
5380
5607
6942
4326
5464
4839
4864
5968
5262
8650
6109
4650
12294
4901
3953
6931
5936
5672
8475
6474
5589
6909
4466
4687
5825
3792
4510
4323
5511
13834
7937
8642
5154
4456
5107
4839
5276
5654
37708
5051
4380
5337
4900
5787
6075
7373
12070
4660
4612
5092
5059
4469
7953
6822
5769
3877
5461
4968
13048
4380
4664
6584
8301
8740
19801
3713
3966
4454
3638
5358
6332
6212
7931
4274
3511
5675
4722
6559
7047
5040
5317
4206
4563
5043
5103
5348
6240
8231
4638
6911
5781
4957
5694
3821
5512
6135
4929
8656
7344
5122
6257
4780
5238
5571
4454
5099
4932
9693
5617
5486
4473
6001
4656
4712
4269
5988
10062
12872
6359
5567
7015
6504
5396
7192
6357
12555
4403
7033
3816
4670
4562
3477
7269
4588
7328
4884
4684
2876
5976
5476
5344
10737
4040
4233
4056
4792
4821
5732
6452
5413
6533
7653
5019
10331
6608
5373
5310
6793
5310
4172
5572
18147
5606
6499
9954
5250
6438
5170
6445
5405
5154
8236
8046
20158
6359
4870
5344
6140
5471
5378
4711
5080
3729
4637
4797
4663
6053
8090
6002
10013
5139
7012
4810
3951
7021
6694
4172
6987
5574
7055
6103
6927
5406
5649
6226
8939
5293
4878
6994
4350
6605
4519
6489
4930
7453
4566
5978
5398
4642
3749
6273
5013
6322
8869
5894
6809
5446
4818
6452
8053
5568
7796
8103
7608
6598
7676
5484
6239
4923
6034
8527
21632
4757
6109
2811
6004
6813
38381
5317
4777
6860
6058
4888
4915
15699
5142
5305
4123
5158
4904
11464
7406
5463
8645
4271
4930
6030
4532
16685
6337
7271
10631
7941
4956
4736
5363
6649
7375
7989
5184
10569
4958
4375
6542
6202
6945
3916
15402
8572
10188
5114
6069
4085
4741
6749
8575
5094
4975
5762
3729
11151
5329
7386
4913
7492
4054
4245
5046
7186
7276
5118
5971
4949
5231
2682
7043
4968
6032
4612
4270
6271
5097
5549
4611
5842
4524
6446
5407
13820
6161
5444
12701
7216
6233
7767
6854
6579
9119
8087
5957
10339
8130
5285
4963
8068
7693
5178
5221
4020
4326
85341
9065
6408
5766
7728
7695
4365
6153
6337
3986
9848
4631
4532
5662
8115
6356
5926
5613
5473
12034
5157
3594
4727
5061
8633
6814
6315
2835
4896
3533
5622
6737
9859
4489
8335
6344
6257
7722
7965
4624
6899
5283
3538
4395
4732
5619
5778
5819
5113
4850
5787
8574
5668
7864
6809
13605
5204
8369
9263
5897
6410
4627
4225
5584
4170
5155
4386
3683
7681
5741
7309
4788
5016
4601
11172
6113
5910
3281
4089
6029
11314
5375
6893
6025
4520
5373
10487
8811
4058
8055
6677
4135
5533
6322
5328
6096
7704
5259
5112
7666
9542
4962
8382
4969
5014
5232
4546
5225
4790
4797
6751
5786
6082
6656
4028
5330
4981
6816
4814
8190
7939
4196
5587
8764
5072
5992
7886
5030
6592
5359
4794
9975
6047
7018
5401
4784
6614
6150
7232
2798
5488
4102
4797
3963
6541
4790
6819
3845
5066
20656
5918
7474
6116
5794
6190
6161
6356
7183
5054
3834
4800
6949
5543
5574
6281
5260
4264
6193
6230
3881
4713
4083
6748
5041
5585
8026
7849
5289
5289
7499
7044
4378
4897
9040
6954
5088
6318
11616
4903
5842
37536
4650
5591
5153
8212
4475
19598
4571
5220
4962
4703
6371
4639
6868
5415
8199
6339
6723
5086
7137
6730
5154
4641
4247
4508
5155
5133
4912
7232
6638
4608
8660
5633
7250
6126
5663
5106
5465
7405
4684
10993
5392
5420
9473
5435
7923
8980
8164
4787
6139
6899
7428
5443
3868
6273
7739
5715
4646
7719
11244
6103
5737
5319
4771
6875
5497
5309
6013
4784
4999
9450
5660
4869
4916
4486
4922
6757
4377
4877
5132
4968
5258
7688
4429
5645
4460
3369
8855
6298
6269
4965
6101
6706
5809
7022
4633
5266
5757
6466
7279
9613
5393
4423
4679
4899
9605
8356
6252
8957
11628
5122
5308
8017
4239
8776
6910
3827
9865
5014
35987
5619
5854
5322
7554
5379
6878
4321
7291
5566
5059
5241
5811
4820
4774
11374
5109
5422
5606
7949
6808
6542
5101
8827
6976
4094
5688
6194
5113
11330
4498
3840
4408
4658
5491
8285
4686
6697
6786
4448
10892
4608
4492
5344
8307
9366
5050
4453
4278
5319
9775
5884
3663
5050
5388
4319
4491
4874
5736
5746
4073
4468
19163
5636
6474
5889
6695
5097
8183
4605
3340
4299
5164
6370
4179
2655
5089
7678
5518
4010
4692
6073
3555
8883
4755
5407
5659
4956
16050
8078
4670
5965
3780
4441
4862
5406
4964
5117
5878
5166
5856
4452
8001
3423
2453
3261
6175
10490
3407
5822
4396
2657
5042
5674
5987
4406
5464
6161
8586
6394
4048
4671
6612
5665
2353
5528
3485
5577
4284
7416
4040
7973
6225
4232
2180
7466
7974
5296
5105
4806
6194
4327
4464
5893
6260
8065
7803
6709
20807
4346
4050
4329
5850
12163
4014
7428
7925
10705
4339
4617
5593
6996
4605
6480
5573
4796
6786
5740
4792
7723
5957
4980
6010
4750
6541
5680
3270
21656
5704
8736
5541
10898
4813
4121
3926
4851
5887
4718
4464
8085
4887
4152
7397
6621
4757
12682
5706
4707
10131
5324
10489
5474
5788
6547
5134
4608
6172
5693
4980
4826
5710
5223
4926
5216
7006
5633
7195
5964
6401
6044
9212
4867
5954
5503
5017
5219
6996
5808
6714
3754
4721
6059
10663
6374
4305
5987
5210
6866
5263
5248
4735
4647
7561
5226
6731
6956
5270
5770
8214
8150
4631
7088
5021
5627
8629
6756
4478
3415
6987
6316
6517
5200
5546
20706
7675
7297
4630
5363
5722
5211
5790
7029
5321
5067
5169
5637
6041
4678
4151
5861
7441
4591
5223
6403
4785
2808
5123
4084
7221
4525
5413
5148
5191
4964
4737
4450
4502
5150
6157
5246
4294
7439
3858
5617
5423
5193
5560
7601
4569
6814
5378
4995
7866
5690
9058
8341
5203
5579
4479
4637
4227
4385
8617
5714
6296
7379
6027
18840
4429
8999
5641
4301
6103
3885
5373
5444
4885
7488
8936
6023
5049
5969
4691
3834
6911
6948
6248
5584
3502
6965
9306
5996
3916
4930
4645
6120
5358
4603
4659
10306
4384
4470
4518
8896
6634
8121
6262
7613
6604
5065
4857
7430
5046
6448
13982
4055
5023
6303
5389
5066
4914
6588
4550
4223
16451
5211
5600
7021
5571
20624
4152
7928
7507
4702
6165
4839
4858
15773
6870
4470
5883
4823
5122
7601
5117
4802
5316
4996
4840
5275
5409
6851
4590
3901
7017
8993
5297
5062
4593
6181
4914
5784
4449
5638
4589
4623
5112
4990
4447
6078
5932
4520
4687
4631
6185
6689
5136
5129
5396
6071
10862
5139
4372
6223
7202
5209
4727
6986
6914
7751
4230
7672
4512
5457
6402
8553
6056
5186
6898
6349
5046
5078
5772
5635
5856
6148
5962
7630
6605
13377
5560
10030
6444
9619
5502
7676
8739
10426
4166
5293
4747
6112
5630
8035
2481
6241
8990
4658
4667
5918
7266
8022
5929
5867
4711
7649
4996
6045
7857
6364
6711
4697
5050
5450
4499
4922
9894
6260
5010
5637
5828
5589
15134
6180
4167
7058
9772
6121
4719
4443
4901
4372
4683
6441
5004
5629
7443
4053
3885
10154
8339
7805
6443
5296
4521
9359
5913
6695
5744
6608
5909
6830
6155
4696
5535
4476
6551
7868
5225
5371
7796
4688
4436
6904
5202
7387
4901
6215
4840
21696
5598
6441
3750
9938
5058
4754
3429
5742
7639
7255
9035
5299
8693
5041
9898
5983
5861
4764
4389
5441
6263
6678
5478
6114
5334
5465
7646
8290
4656
5603
4443
4677
5310
4771
5190
6497
5893
6993
10992
5329
9272
5182
5539
12233
4987
39283
9697
6023
4426
5240
5963
15457
6763
6203
5559
8243
8601
7960
6894
5090
11228
9266
6404
6578
5558
7905
5246
4418
4387
5199
6060
5489
5069
5105
5219
6131
6257
7892
4223
7515
3774
6346
7139
7870
4914
5306
6467
6059
6060
2749
2656
5419
5759
4874
5930
5879
10513
4631
5493
10094
6726
4892
8229
5769
4886
8428
6230
6892
13684
4847
4631
6374
4415
3645
7797
5492
6132
8447
6531
4806
5074
5270
6970
6580
6919
6956
5385
19079
5560
4409
5920
5956
4593
5355
6951
4880
9779
5567
5659
10151
4575
10035
7318
4981
4791
5491
5427
7763
6160
3910
7684
8776
4939
5269
8061
7121
5098
5967
4750
6462
4029
6886
4923
4904
6510
4622
4765
7925
4987
4371
7097
7457
6949
5508
4587
4901
6376
5106
10061
7570
6505
4963
6677
6169
3906
4439
5064
7691
7838
4674
6132
3897
6579
6814
12673
7450
6436
5055
4401
6429
5784
3115
7953
5870
5839
7306
7560
6381
4510
6974
4118
4163
5140
7157
4492
5657
5372
4065
5602
5944
7581
6134
4957
6388
4686
4958
5046
5409
5355
4716
4692
6363
7313
10543
4530
5700
7655
5352
4946
6838
7454
8105
5954
8045
5979
4589
5966
4927
251181
3666
11354
6544
7128
6215
5761
4413
4341
4269
6932
6055
4561
4917
4316
4015
5025
5688
8880
6709
4648
7889
6164
6815
5316
4465
4997
6873
2607
7444
7938
5631
6986
5886
4985
5802
3596
4116
6649
3648
5412
8745
4960
5165
5007
6295
6862
8177
4984
9667
5909
4915
6532
6289
5791
5091
5702
4328
10273
5228
9514
5375
5482
4417
5581
6062
4920
5215
4209
4853
6120
4341
4470
4933
4700
8705
5362
5644
6709
4655
4307
6361
6307
5478
7428
4412
4544
7120
5217
7753
4689
4827
7227
8151
4544
8451
4265
5981
4932
6226
9736
6504
5734
4403
5263
24210
6984
4868
4769
5930
4439
4845
7611
5522
6902
5686
5923
6294
6865
5526
5941
4477
5365
3699
4957
7287
6031
4758
5589
4033
4349
5408
4865
5259
4724
7287
4143
5895
8325
9998
4409
10472
6425
4860
5646
7539
4794
5531
8411
8891
5385
3558
5760
7199
3338
5081
6744
4753
5096
2151
3195
8468
4604
4486
4348
5095
4972
10189
4769
6221
6934
7757
4139
7905
4342
5995
10586
5663
4814
6646
4987
5014
6360
6308
5279
5696
12877
9563
4780
5180
8557
7687
6622
6512
8823
6936
4701
4599
6553
6187
6005
5347
2452
3175
5096
4692
5063
6196
6549
5189
5758
5069
4673
3938
4787
4955
5138
4536
4079
5760
5346
6078
5927
4012
10854
3965
5564
7164
8367
5004
8599
4706
5219
7524
5471
6229
8707
5803
5238
20556
6076
5646
5343
6059
6844
7253
6215
5584
7864
4960
4976
7317
7025
4770
5384
8371
6554
6368
7362
5000
9397
5320
7781
5283
4980
7747
5524
7542
6394
4531
4845
4632
4571
5634
7218
6902
4824
6876
5916
6874
6545
9173
5861
5266
6137
9188
5419
2942
6318
7856
9874
5919
5941
5782
6320
2954
7888
5441
4685
8250
6991
6067
4789
5881
9435
6979
4853
7293
5512
6994
6324
5415
6438
5438
5233
7355
11402
6318
6886
5208
3505
4666
4086
4671
8409
3454
6559
7061
4833
5580
4002
7065
10408
4508
7983
4368
7083
6099
4515
9217
6020
11845
3541
5152
4681
7204
4727
6477
9084
4079
4958
5782
4402
5724
4990
5544
5833
4825
4831
4840
4569
11024
9590
6367
6872
8680
23125
12012
6187
7237
8652
6920
6097
7029
5025
5936
8512
7370
4814
4485
5125
6116
6574
4518
3891
6586
5535
8346
15602
5350
9910
4665
5193
8072
4480
5651
5708
6205
4923
10085
8271
4704
6820
7642
8295
9230
6963
5054
6121
4691
4692
6874
6203
8323
4611
6526
6501
4554
3603
5997
5568
6150
6975
6901
5576
4655
6094
5768
7979
40206
6878
5928
5497
4081
4586
6385
5602
6121
7034
5844
6219
9495
5890
4935
5500
14882
4858
6608
4651
5397
6769
5671
6483
3722
6748
5794
8239
4689
4898
7559
4272
4690
7753
4985
5728
5600
6014
5072
6601
5266
5200
5972
4013
4726
9541
3787
6038
6287
6218
6669
3468
6628
4715
4894
7100
5063
4879
7688
4456
5236
4881
7650
5265
13932
4808
5547
4864
15103
7262
4519
6349
8476
4992
12825
5325
4663
7040
6217
8272
5938
7137
8640
3478
7026
5449
6233
4810
5402
6936
5165
5471
5545
6081
9487
5618
5906
6332
5479
6334
8268
4498
5545
7125
7927
5549
9309
4695
5377
5637
8093
6811
5207
5056
5246
6284
5386
3287
7082
5120
7397
6550
5222
7164
4054
6625
9686
6872
4121
2476
6762
8318
9000
4982
4904
6264
6115
4596
6044
4910
12665
4781
5211
2884
7591
4388
4762
4419
8178
6581
3980
4187
6798
5376
5413
5806
6833
6268
6428
5216
5259
5349
9049
4166
5973
5766
4686
4023
7298
6455
6547
5577
5953
4979
5185
8281
6313
9969
8523
4471
9277
4330
5478
5493
4199
5746
4339
2514
4612
5146
4990
4579
5067
5922
6540
7471
6145
3881
7242
4190
10539
6254
7054
11351
5793
4705
5858
4040
4015
6125
4485
4378
5297
4513
6014
7145
4793
6324
5546
5231
5558
7095
5610
7686
5491
5889
11898
5308
4540
5560
4553
4610
5943
6052
5536
8158
3988
4780
4826
5942
9540
5171
4359
12832
5113
4370
6609
6128
5564
5268
4473
10564
6782
4741
7067
6334
5143
9352
4341
5381
6153
5168
4158
9203
7331
4648
4877
5788
4563
6064
8059
5037
6681
4486
7524
6757
6784
5896
4131
6450
8550
8543
6707
6953
7473
5763
8904
4747
5443
8214
6810
5602
3342
5549
4852
9149
5975
6757
6102
7519
6185
7933
5387
4692
5460
4587
8961
2106
6375
5116
6933
5229
19619
2736
5218
5435
3080
6491
6440
5676
5551
6478
5428
12652
2495
5441
6067
2320
6430
5625
3997
6347
7718
6476
4814
5691
5098
15587
7805
4877
5134
4994
9751
8779
4767
4970
6206
5927
7026
5482
3841
7205
6099
4764
4849
4770
6448
5675
7292
3774
5325
8387
3611
7210
4145
5344
4893
5110
5077
6637
6659
7672
8501
4887
5825
5857
5963
5441
7549
9062
8051
5465
4436
6403
5403
6436
6290
4336
5233
7185
4902
4212
8349
5532
6944
7470
9002
5298
6330
3952
6846
8373
5651
7954
5188
4082
3654
7062
6561
7887
7023
4809
10319
5986
6148
3837
4687
15634
5315
6936
9194
5359
5281
8255
5468
5487
8872
8437
4270
5774
6336
7480
7412
5560
4971
8000
5307
6134
6445
8567
7140
9147
3938
22953
7018
4247
7750
4057
6025
9197
4437
3699
4701
4194
9512
4531
6770
3794
10079
5044
8513
7640
4520
6352
7347
9240
5981
5899
5084
7030
4847
5053
6692
4566
5385
4563
8699
7438
5861
3768
6086
5126
5645
5905
6102
3931
6876
7332
4734
9229
4498
6811
5024
4749
4747
10711
4253
3492
4716
4434
6551
6719
7502
9666
5994
5724
5623
6310
4069
2633
6819
8507
4196
5283
3239
4377
4872
6363
4540
6491
8808
5159
4683
8186
4308
4358
5393
6402
6537
6154
6732
6582
6243
4679
4870
5657
4719
5250
5281
5954
8126
5208
5549
6201
4379
5796
10646
6088
5058
4526
5714
6309
4927
5223
2373
6016
5097
4697
8713
5150
3047
5481
6954
8153
3938
6532
7083
5789
3330
7761
7993
8356
5491
7295
4364
4476
5938
7598
4969
7672
10679
6748
6683
3830
10244
5296
6928
5873
3678
3795
6241
7845
5068
6526
6911
4550
4222
8516
5262
7011
6989
6073
4470
4991
6278
5712
4000
5528
4580
6471
5372
4736
4534
5687
4520
4432
4135
10799
5477
4461
11173
7432
5251
7679
4529
4218
5639
4721
7085
6737
4875
8135
4940
4744
8208
5096
4003
5964
8164
4403
3235
8040
7290
6239
3741
4733
6487
5588
12895
4216
5128
5355
5968
4413
6583
5032
7905
7293
4960
21825
5525
5329
5419
3414
7916
5451
3846
7507
5849
6014
5551
10040
9828
4784
5680
7353
5057
8008
5021
4382
3548
4674
5453
10112
13108
17993
5095
6520
4657
2294
5242
4503
4815
5242
6298
4558
5153
5614
3750
4099
7904
6084
5395
4192
7778
4822
7156
5349
5148
3855
3635
5022
5503
6205
5672
4937
6496
6149
6170
6561
3594
4825
4559
7014
5977
6053
5654
6018
4408
7584
5827
4566
7354
4126
11473
5076
7202
6953
4264
4727
3938
8067
4260
3628
7735
4192
5335
4790
5577
5716
6880
4509
5144
4286
5077
7221
9237
6902
5449
5315
6273
4387
4564
4521
4323
4895
7584
4850
4622
5490
4825
4416
4722
6856
5459
8567
4967
4502
6404
4323
11317
4614
4505
4534
4687
4303
8526
3822
5846
5282
9121
5278
5773
6431
9823
6409
4965
5563
5531
3356
9163
5194
3970
4966
8956
6886
5515
9516
6267
7110
4471
4504
4810
9091
9855
6979
8165
3485
4643
6337
8734
5964
7274
4504
6376
7778
6365
3737
6584
5040
6707
3925
4609
5426
5194
4227
5821
6474
5419
5407
6642
6826
5044
4699
5880
5541
8764
5022
5012
5759
4903
6066
6027
5992
6404
6498
7321
6861
8090
7895
7782
5368
6971
5038
7910
8279
4253
4649
6830
5534
5035
3658
5593
7291
7980
6077
5911
4875
4253
5457
6292
4395
7710
4678
21787
10891
5565
5246
6913
5358
4557
3828
6403
7481
4439
5476
5352
7432
5313
4100
4555
5885
7633
4516
4779
9232
5213
4986
7815
5321
6875
7053
7124
4444
7285
5029
8377
9055
5984
6504
2585
4384
4671
4094
5530
5760
7105
4541
9998
6283
5944
4994
4556
7859
4602
6368
6184
5906
5708
5828
6024
6967
7573
4756
5395
3501
6539
5931
6047
4502
4709
5469
7150
8238
4891
14272
6315
5243
4863
10940
5827
4558
9571
9485
5658
6402
7458
5341
4402
4219
4183
6063
7454
6499
5696
5578
6509
2656
4706
5019
9462
4001
6513
4642
7183
5526
5651
5604
7848
4961
7088
2319
3009
5467
3865
3962
5811
4558
9975
6042
6619
5800
7640
6575
5602
5115
9124
6501
9773
4989
6189
7190
7998
5295
3372
5869
7770
6399
6418
6732
5105
5650
5944
4076
6563
4084
6019
5226
7041
5004
5089
7667
7006
8151
4197
3396
8944
4889
5855
6593
4165
7010
6772
4747
6888
3725
6849
4345
4876
4389
6793
6695
6437
4860
4487
5768
8102
4839
3544
5246
7483
5968
5782
3692
9806
5973
7036
8349
7620
7004
7225
4592
4554
2434
4610
4876
4642
5613
8338
4453
4482
4249
7225
5497
7231
4734
8154
5037
3950
6180
4731
5342
4878
6763
6326
9296
7091
6508
5399
4665
5002
4939
7545
4297
5935
5144
6574
3950
5640
4518
7297
6553
4908
6006
5373
3584
6117
4427
9780
4168
7897
7759
5852
5519
2939
2636
7386
7050
5303
4969
4692
5277
6104
6366
4621
6591
4291
10401
3788
4748
6371
4945
6054
6648
7471
6537
4504
6817
4773
5950
6349
4858
7994
6902
6027
12369
4810
6763
3906
5379
5356
4109
5855
4677
6831
4084
5223
2949
5009
5873
5618
6442
12080
5388
8288
5207
6835
7238
8563
5703
6246
5942
7329
10000
5952
327629
2687
5747
8380
4298
5309
23651
5880
11268
13789
3926
6537
8071
7669
5817
5735
9846
5973
6017
14988
4557
5193
6517
4706
4285
5892
7937
6799
5812
5255
4888
4233
8227
4266
6709
5501
4701
6366
3999
40765
5701
4201
6768
5509
5228
3662
3405
5980
7132
4348
7175
6920
4844
6866
7541
7055
9444
5917
5485
4545
3594
5311
7455
6339
8771
7745
4480
7557
5812
5228
5535
5813
3527
5137
7044
6013
4037
8246
5134
6192
6254
6948
8432
6388
4871
4314
5524
4831
5544
5630
4608
4611
5633
6627
5729
5894
7749
8067
4279
4718
5887
4778
6354
5019
4930
4822
6177
5453
2692
7834
10676
6091
6732
4860
5345
6356
3536
5136
4166
10189
38286
4662
5852
5085
4808
5530
9344
9890
4977
5149
5823
7247
6152
5183
5689
5425
9647
5692
5038
5157
7575
5000
10806
5646
7786
4858
6028
5747
4677
5454
5918
4241
6226
5964
6868
4873
3715
7779
4109
5989
6551
7005
3897
37475
5130
6511
4480
10162
5134
8240
8311
5560
6054
9382
5546
4938
8781
4938
6134
4114
5650
5495
4673
4648
4794
5458
5585
5106
5151
6745
5304
2794
3889
6421
5102
6327
4767
5950
3893
3225
3138
5873
4821
4799
4441
5014
5675
8806
4717
4328
5178
8420
4076
4835
8659
6667
6619
4992
4174
5790
6392
4331
7281
4260
5880
6897
6474
6758
4486
4830
7988
5981
4176
3119
4250
5199
3755
7184
7963
4480
6786
4401
6934
6765
7231
6400
4218
6594
5008
6159
7656
6276
7520
5555
7235
4484
3563
7289
4636
7625
5469
4137
5973
5226
3811
5566
5889
4690
5626
5106
213011
8351
4812
5483
4804
6476
7998
5604
5969
3080
5148
7574
5705
297861
5660
4907
5163
4843
4266
5011
4582
5484
4588
6742
5084
4858
7894
6652
4832
3925
7824
5102
4488
6316
5020
4454
7372
5625
3409
4917
3127
5450
3084
5666
8800
5241
3881
4963
5344
3380
4085
4558
9815
6632
4334
5570
5430
2855
6860
5284
6180
4646
6133
7622
6262
4035
7282
4824
5160
4024
4745
6904
10254
7563
4417
5090
6702
6563
6060
6187
3648
4478
3958
7858
5237
5046
5548
7122
5234
5410
6904
4458
9508
6478
4667
6085
6812
7234
5105
4910
4716
7628
4397
5609
4954
4755
4204
4526
7099
5735
5112
6973
8637
4409
5318
4108
5738
8117
4629
4746
10207
6468
6434
21959
5304
5883
2188
5463
6570
9560
4475
5078
5484
5282
4603
7823
4768
5314
5028
7126
4885
7999
5828
5779
4933
6078
6319
6356
5062
3977
4036
5956
4609
6830
4552
5610
5468
6379
4124
4717
4852
4368
4876
4747
4477
7211
4538
5284
3947
4744
4385
4406
5762
6215
4669
5539
8292
6100
5316
4067
4968
8073
2308
2879
5158
7340
7885
5469
5526
7711
4416
8214
7907
4761
6855
4913
6099
7153
5116
6854
4403
3757
5877
4133
4374
3480
5940
6309
5357
4851
23141
6692
4652
10331
4963
5624
5500
4130
6578
6729
37650
5238
8679
7724
6703
4317
6109
4974
6085
5746
5195
6765
7550
4933
4430
5041
8951
4997
4940
8847
5541
5450
9240
5112
5607
7173
5164
6450
3954
5324
5107
5597
5301
4971
9088
7627
10289
5971
5881
5347
4634
4655
2420
5959
5978
8709
8898
8804
8563
5258
6648
4451
6581
20503
6638
4614
5953
7582
20666
5284
4046
4648
9762
7811
5379
3797
6761
4883
7319
5256
5977
4401
6625
6422
7674
5133
6277
5431
4715
7415
5210
5130
7541
4276
5428
7329
5075
6368
6266
5083
7217
6295
4870
8079
2597
7330
6009
8552
5948
6430
5033
4784
11881
4780
5708
6184
5024
7644
7846
7166
5556
7401
3887
42461
4467
6598
7233
6290
4419
7868
7765
5351
6509
7723
4461
9323
5837
6359
6863
5001
4283
7661
4347
3816
6602
7045
4151
8217
8488
6511
4539
4671
9766
7469
5811
6633
6795
6159
4805
4887
4333
6696
5347
5930
5221
4677
4710
6108
4440
5125
9515
5149
7963
6178
5790
8399
5084
5388
4335
8639
5702
5169
8701
6958
2402
5520
4166
5230
6247
3871
10179
4924
5411
9233
5848
7966
6433
5346
8705
6108
3921
5809
4520
5162
5349
3039
7825
6318
5080
7138
7183
5686
10991
5577
9595
6703
5299
5034
4959
4382
5866
20555
3986
4509
5770
4818
5084
6055
6355
7162
6950
4627
5788
5166
5081
7502
8308
6492
8368
6378
5064
4661
9988
5195
4054
8321
4841
6132
5068
6478
5485
10770
5995
5528
5659
4876
5660
2437
6316
8584
4150
7471
5042
7549
10288
3646
4751
4096
4219
5765
5234
5040
6024
6105
5199
6011
4942
7402
4865
5073
4444
7446
5915
5590
4821
7485
3349
5519
11350
2896
2705
5341
6321
2863
4626
6578
4728
4493
8611
6613
4952
6815
6155
7520
8232
6083
11891
5193
4497
7978
8587
7616
3682
7273
6696
8399
6639
4846
6227
4842
4791
10342
6003
6346
6545
2685
3840
6663
5892
5047
5603
4713
5800
4815
4083
3530
5801
11229
5411
7078
4810
5560
6630
5246
7060
4352
4298
5851
7324
12990
4955
5498
4505
5037
7595
5906
4598
6534
7227
5389
4915
7005
5470
6668
6135
5511
5348
5308
6744
2632
5904
5783
11017
5789
22857
5024
4412
4035
7995
4994
6955
4431
6736
5975
6157
5447
6928
6453
4417
4966
8273
4607
4732
13652
5909
8342
6454
5247
6160
4670
5726
5316
4490
6989
6516
5829
7777
7258
5892
5084
5280
4844
5626
5517
6034
10377
4536
6853
5074
6320
6021
6619
5225
8358
3603
7517
4284
6056
5066
8570
7262
6473
6901
5408
5600
7154
4287
7657
3552
7847
9887
5460
4736
4902
4740
4165
5235
5562
4648
8448
5645
5832
7165
4920
5559
7041
4151
5408
4638
5324
9977
7783
5452
8165
6845
6522
4336
4869
5319
3925
4669
4527
9437
4156
6976
7562
6548
7664
7071
7929
7034
4559
6314
8544
9549
6227
5289
6340
4627
8935
6096
6557
6486
6529
3161
4226
4462
6261
4348
7541
5381
5498
4890
5548
6678
3535
4812
4658
9384
7106
6794
7670
5941
5477
6136
6864
4783
5932
4680
4003
6583
5436
8659
4765
4466
6282
5911
6627
8271
8156
5545
6710
3661
7101
6009
6611
6654
8634
5687
5014
4996
7529
5600
6044
6349
4329
4725
4976
4859
5739
3382
5881
5728
7278
5414
5990
5226
8349
8218
3990
4960
6214
7824
7222
5213
7493
3491
5781
6852
3976
6424
4925
9029
6543
4564
6083
5739
2336
4445
4435
5532
5343
5135
6875
5852
5809
6290
4715
8117
6640
6528
5912
4822
8811
5272
4603
7305
11147
5687
7699
5971
3832
9848
5221
6716
9105
5593
9288
5051
4996
6680
9192
6027
12527
6246
5447
2259
4924
6059
7493
7379
6006
7320
4236
7153
5106
4863
7267
5842
5243
3369
6579
5211
6989
4518
6443
5130
6783
5090
4297
6613
5387
4408
7802
4842
10220
6219
5122
6179
9282
5880
6061
4386
8598
4078
3913
4971
11793
7896
10218
4225
8866
12914
4264
6177
6005
12125
8748
7152
4728
4505
4821
3237
5031
6224
7998
5212
6972
6585
6755
4538
6239
4843
5061
7243
5122
5092
6357
6717
5146
4728
5335
9081
5099
5160
4219
5941
5404
15047
6928
6784
6245
5150
6380
6390
5935
3409
9026
6592
9210
4983
4095
4410
4128
4531
9795
5497
5194
8378
4751
4445
6434
4574
7799
7458
5835
7735
4288
4882
3460
7399
7050
6129
7005
5804
4904
4505
3401
7901
4537
6054
5604
4852
4787
4866
9317
4515
5482
5086
5772
10043
5433
5253
5987
5280
8904
3727
5518
10308
3450
7225
6193
5529
8519
7945
5193
5623
4897
4395
5471
6149
6571
8886
4897
4799
20225
7197
5286
6811
6158
4636
4228
5549
5439
5404
8079
3235
5928
7242
6856
6547
5866
5894
6364
5198
5095
8812
4540
5823
6047
4489
5989
6124
4921
4895
4840
5387
2931
3975
3575
4286
4772
4881
7981
5463
73387
4901
7106
4859
7472
5491
5117
5875
10416
7603
6771
4505
6188
6460
7718
6487
5933
8155
4011
4202
5888
4905
4644
6054
5568
10173
6895
6327
8463
5095
6773
13749
76196
4527
9846
5263
6224
8962
5571
4683
4257
6442
4369
4801
4874
12512
5262
6896
6977
5509
3642
7891
4190
5731
5054
4221
6330
3717
5186
6605
4959
6276
6012
5123
4564
5331
5957
6884
5570
5343
5747
8115
6052
5021
3561
5320
4901
8948
6330
6867
8928
3512
4690
4458
6389
5177
6881
8787
6595
4502
5018
3645
3545
7756
5515
4638
3742
5759
3835
9274
7235
4097
7330
4576
2259
4464
4589
5066
10430
6345
11248
10006
4936
6755
4420
8167
5401
8932
7307
12015
6224
4717
6660
6233
6587
4451
6013
6329
5282
4283
8202
4541
5924
8627
9487
3786
5552
5156
4079
6624
5454
5269
5055
5535
4459
6327
4459
10126
8060
2382
5548
5232
6815
6731
3620
4776
7759
4991
5389
3660
5618
3985
5353
4915
6500
9296
5639
5433
8062
4720
5879
6250
5516
5265
6164
5774
4832
5045
4128
6489
4609
4614
4573
4795
7490
5454
4659
4527
5131
3607
5672
4782
5599
4707
5678
6098
6772
5617
5795
6136
5766
7198
7314
4929
5932
4129
6532
6190
4792
5253
3555
7944
5005
8295
4658
6429
7827
7687
5143
3170
5097
6186
6174
4530
6707
4504
6379
6500
3583
5287
5117
6482
7044
4085
4947
4157
4461
5537
5945
3899
4396
4950
4794
6252
5036
5744
10654
5410
6000
6187
7503
5409
5688
5793
7259
7255
6965
8650
4759
3934
5466
4751
12535
5182
9213
4161
3923
3145
4846
7878
8955
4353
5659
5109
5010
7766
5418
4995
8421
8781
4295
6070
5705
10866
5097
4638
5917
7115
7984
5233
4659
5166
5090
5408
6165
5888
7248
4800
7146
4111
4981
7698
4763
7773
6075
6931
5374
7643
4874
7251
5286
5940
3887
5225
6558
6347
4936
7308
5174
5940
5757
5386
5456
9296
6892
13094
8509
4923
6663
6448
6137
6214
4819
3617
8264
4606
6099
5845
6813
6025
5662
2554
5770
6706
4582
5664
5122
4698
7316
6353
18873
8431
6262
5670
5356
5487
5557
5727
5211
4326
4054
4968
6806
5278
4091
6068
6275
3723
5616
5278
4354
6847
4184
8875
6000
4080
5505
8067
5792
6988
8165
4177
22121
6255
20189
6278
4537
4688
5419
5788
9061
4307
5338
5368
5337
6213
6922
5533
4224
4535
7499
5231
4183
5094
14609
3927
9034
5627
6021
6949
7028
4914
6376
6744
6920
4766
5576
7554
4540
6165
6147
4944
6208
5132
4640
4847
6268
4172
6740
6689
6589
4787
5377
4678
3731
6056
6947
4797
6252
6572
6719
6896
4178
5624
5289
5260
6010
5288
4646
5454
4071
5846
9921
8318
8663
5744
5435
5731
4593
7172
4833
3918
7275
7205
5430
9591
5182
3421
3397
5744
10214
5860
4382
4389
5667
4060
10126
6379
5362
3896
7149
5873
5937
6887
7147
5563
4918
7794
4693
5660
5137
5125
4612
12707
3090
4222
3760
2486
5981
6398
5815
9656
4984
9828
10083
5945
7159
5650
6575
4915
6150
5565
5654
3632
4817
5135
7349
6044
6902
7487
6086
4677
4719
5887
6810
4470
5091
6765
5528
6031
5015
5400
6405
4245
5612
5325
5859
4862
20763
5350
5988
3731
10182
5112
5077
5266
8253
6518
3289
5225
6683
7154
4541
6154
3906
6525
4937
3980
2071
4698
4800
5542
69434
5695
5005
5116
6093
5883
4688
3426
5804
3580
4886
4750
5937
7017
4947
4353
5150
4585
5756
3878
6270
8068
4725
6829
5672
6874
6482
6126
5691
5748
3550
5587
7981
4667
4003
5369
11092
2872
4712
6767
6069
6470
6771
4413
5104
6894
4805
5874
5318
9423
5165
4034
6337
5184
4806
5958
7124
5522
3986
7248
5766
8418
7225
6880
4198
5030
4988
7994
5348
4629
8678
5724
7450
4518
4630
4707
4760
4839
4648
7762
4527
5448
5649
7372
5889
6521
4474
6729
11673
2702
9440
4792
7981
7624
4376
4756
6253
6025
5861
6204
5854
4329
9174
4536
4759
7343
5606
5831
7038
4569
5342
4538
4758
8536
7601
5000
6382
6017
5065
5517
4492
5966
5120
6512
6883
4854
7630
7183
6876
6309
7609
3707
4889
5016
5357
6453
5625
6591
7305
7231
7864
6091
6990
6792
6196
8902
7534
9835
7143
5968
5119
5294
4576
5242
5566
6762
4517
3989
5477
6461
4725
4654
9233
3437
10171
3759
11398
3861
5629
6282
4510
4563
5054
6504
6478
6850
5383
5309
9099
3842
6648
7918
4954
6662
5438
7717
6150
3393
6882
5755
9374
5052
6499
4808
4793
4071
6684
5337
4593
6203
5661
6147
6535
5969
6475
4369
4815
6100
9592
5408
11312
3502
7238
7117
4049
4804
4943
4168
6231
39890
6581
4769
5954
5000
7859
5749
5758
12251
7785
5773
8413
5581
4827
4096
9177
7331
6971
8908
5031
6160
4393
7323
6893
6607
13945
4074
4961
4521
5634
10270
7579
5380
4658
5561
6076
2751
6481
6076
4720
5978
5375
5613
4062
4698
4239
4305
7042
3751
4345
5053
5722
6888
9682
5783
4810
5453
5661
2616
4149
4572
5537
5043
5267
5608
6126
1820
4745
6201
3994
4851
4157
7881
5931
5028
7873
4145
7795
4238
7150
4187
5719
4178
5816
4830
9666
8232
6993
5271
7236
4843
5805
5143
5275
4681
5392
4933
9647
7013
4209
7228
4519
6033
10256
5808
7513
5463
6317
5024
8275
6235
9046
5877
4663
7763
7383
5508
8001
6846
4367
4069
6041
6147
8872
5048
5474
4927
5570
4552
5841
5022
8861
5417
20900
6153
5704
8358
6380
4529
5021
5718
5988
6310
4971
3851
6363
4878
4932
7240
8431
4701
4299
3868
5832
8693
7158
4500
6568
7699
8340
4808
6378
4186
4095
5573
5839
10282
7338
5524
5758
6238
4327
4707
6842
3540
6291
4125
4120
3806
4519
4401
4668
6757
6014
4363
3865
6847
5415
10038
9266
3925
5304
5504
5191
7292
5281
3985
7593
4343
6749
6503
8829
7150
7336
2997
4758
5357
6235
6335
2459
4787
19422
9291
7374
6595
3968
8796
6275
4958
5951
5900
6740
6649
6072
6017
2912
8478
4537
8152
7732
3943
4167
4427
4602
4814
4968
6010
5891
2795
5413
3954
5256
6807
9470
6973
4467
7717
4914
5066
5571
7407
5297
4256
5561
5554
5885
5119
8096
6513
5301
5588
4966
4168
5606
4308
4983
8085
5674
2579
7655
4711
4212
5986
8888
6481
3622
5232
4707
6717
4972
8087
5678
4442
6545
4810
4512
3845
4810
5651
4550
4786
3823
4273
9139
4236
4352
4104
3066
5915
3884
7163
6972
5866
7349
6462
6515
6386
5431
4961
5079
12698
6910
4549
5265
9231
8122
7665
5847
4754
4980
5239
4859
6568
5830
6106
5021
4737
5550
4091
7396
5958
5022
5111
15889
6363
4812
4154
7086
4813
5717
7913
3385
3832
4560
4946
3585
9010
5508
5929
5561
7701
5557
5896
7154
8185
4407
6685
6506
5966
6207
5523
10848
5773
6753
4531
7037
4851
5916
8415
6786
5255
3274
4791
7438
6893
7054
4508
5331
5014
4706
10858
4636
7840
10934
6186
4997
3629
5943
5560
9417
4260
6677
15771
4851
6791
8049
8443
7929
5243
4308
4499
5969
4388
4759
5965
6638
6388
6095
3830
7660
4508
5348
5236
6109
10784
7288
5075
6199
6568
6841
4917
7654
4609
6686
5526
40943
19485
5888
4171
8946
6499
4537
3588
5627
5918
7861
4810
5534
4070
4931
7263
7262
5536
4890
4893
6837
8191
4671
6495
6971
5289
5387
9883
6400
4550
5087
6499
5571
4842
4943
12893
4623
4632
7485
5774
4965
6630
6488
5867
8094
3747
5957
9188
5693
4693
6396
6429
4250
4553
4709
6574
4897
8681
5053
5022
5161
7315
6336
6413
5014
4510
6305
4679
3770
5413
5588
4739
6005
6576
4928
4993
4951
10934
6211
6154
12483
4897
8110
5796
4894
4987
4485
5039
5648
5145
5527
4248
5140
4491
9166
6684
6639
3132
5082
5307
10124
13170
6415
8691
4931
4715
6264
8230
11949
5044
5614
4926
6703
7628
6396
5589
4407
5075
6012
5783
6558
3929
5038
8414
4078
4470
6471
5048
4617
4226
5207
6950
4195
4914
5506
2446
5685
5559
4872
4768
4325
7795
6148
4301
4723
4832
6238
4559
3785
4309
4791
8769
6104
4845
5640
4383
6578
6861
3831
5142
5056
5493
4903
5803
6160
6242
5529
6191
5951
4904
6144
7937
6800
5630
6993
4800
5117
5354
5326
5064
20199
4779
4802
4807
7164
4657
5250
5278
5693
6321
4972
9355
6758
7096
4133
3767
7504
5916
6899
4836
6336
6025
4101
4848
9358
6490
8085
5103
5495
5503
9526
7905
4561
5626
4560
4994
4589
10043
6139
3954
3747
4069
2422
3879
5110
4612
5813
4807
3985
5348
4586
9043
5113
6363
4917
6623
5975
10993
5572
8805
6400
3720
6746
3771
4695
4880
5966
5534
4709
5900
6425
6353
12828
6164
20224
5305
4152
5530
8327
10030
4024
6104
6102
4818
6902
5565
6886
5824
4319
4786
6835
5922
5119
4444
8642
6550
4613
4835
5810
3132
2688
4327
7715
7843
6356
3717
2594
2669
5837
7488
7181
7537
4898
5178
5185
8034
5635
7845
4150
4630
4594
5597
5389
7278
6421
5377
5558
5053
6225
6151
6050
5016
6251
5429
6584
3621
3988
7832
5504
6593
5180
4533
5426
5886
5550
5175
12453
4619
5971
4724
6256
6944
2279
5722
5051
5643
2895
5027
4967
5598
4424
4012
5657
8849
4535
4620
7305
7323
7554
4777
6097
5200
6236
6536
6173
4456
5121
6056
4556
4556
6839
4721
5725
31494
5953
8076
4794
5617
16982
3993
5060
5511
7250
4163
6061
4669
6665
3552
5375
8808
5491
5704
17205
5555
38858
22165
5855
6618
5245
4373
7159
7316
4932
9571
8236
3491
5759
7558
6239
4828
4239
6963
6165
5564
5783
4179
5534
7100
6970
6132
6780
7626
6280
8596
10909
5679
6553
4842
5641
5117
6697
4947
5177
6124
5332
5170
5379
5833
8371
5577
7328
6566
5527
4541
5286
5065
4837
6060
5562
7444
6231
4764
4225
5759
9203
6535
4518
4797
5837
4105
6013
9385
4606
7008
10172
6870
5471
3120
4656
5144
11456
6838
6890
4912
5487
4901
5643
6345
5375
5316
5511
3846
6625
4594
8333
4585
6492
5152
8887
5976
5532
4613
5072
3819
4710
5379
7009
5176
6715
4962
13822
5419
4517
4317
5793
6934
4733
7387
6000
4426
7059
4909
9086
6957
5610
6062
4254
5280
4298
6353
5875
6573
4550
10090
5793
4162
4605
5751
6027
4467
5565
5588
4198
6574
6748
4357
8541
4998
2439
4516
8373
6672
4522
5047
6062
6568
5196
3974
5719
7922
4846
4138
3850
5111
6213
8298
6555
5976
5581
3872
3271
8966
5954
4975
7546
4969
8852
5287
7473
5109
6511
4728
7039
4393
6864
10038
7662
6434
6555
5446
5892
2166
6684
4606
12490
6657
5505
8923
5985
5044
6648
7174
7362
5425
7138
5899
5056
5643
5586
5792
6276
5146
4718
8898
5180
6165
3900
10307
5615
4174
3689
7100
5539
4717
8099
3825
5367
4960
7447
4548
5062
4718
4046
2847
5563
6564
5854
2832
4552
5741
8456
4885
5006
8296
6401
7081
5466
4987
5809
7224
5228
9909
8105
4440
10345
4945
7278
6101
5891
5595
6332
5403
7185
5302
5187
4142
7330
4418
11604
8219
6961
4222
5202
4408
5670
7484
4904
5895
6430
4491
3958
5798
10165
4901
5160
4698
7671
7328
5508
4704
7909
5692
8143
2903
6571
6048
8556
5037
3533
5935
6604
5853
3841
5592
6721
5787
6153
6079
6604
5496
7982
4655
6340
4555
3966
2432
4478
5196
3904
7750
7094
9455
7549
4726
7497
5680
7857
7588
7085
8206
7790
3540
5582
6364
4131
4532
6679
5330
4961
5084
5822
6767
5905
7662
4885
4893
5027
5200
8058
4397
4449
6811
5124
8979
4671
4308
8471
4399
4632
5437
5558
4578
5090
7021
5912
4482
3338
4556
5124
5589
3194
12333
5059
6001
4559
5866
9716
8526
7396
5690
6986
6236
5383
4543
4388
7958
7726
4527
6040
6899
9748
6888
4595
5615
3808
21962
6768
4653
5241
5889
4734
3687
6355
5626
3717
5379
5703
7163
4491
4953
7698
4155
5095
4850
7361
6445
4733
4542
6721
4104
6615
2896
4332
6234
4370
6243
5704
4904
4716
4702
4241
4300
4998
10175
3860
10145
8273
5036
5846
5654
5009
8802
8090
6202
7060
5225
9889
5634
5426
11365
5481
4601
5655
4634
8419
4753
5054
5041
4936
6407
5799
4333
4837
16095
5269
5060
6537
7641
5097
4527
5886
4896
4650
4949
6314
7862
4852
4940
5876
7509
7583
4816
7535
5455
5279
5041
5640
4533
3738
5772
6402
5596
6561
5003
4529
4631
6377
4675
4643
4862
5292
5552
7100
5004
10712
18219
7427
7966
3840
5819
7892
3820
5123
5169
3151
5541
6512
5762
4885
4760
4159
4452
4459
6342
4845
6529
5453
6148
7384
5538
4971
4853
4896
8195
4063
5839
2465
7046
4946
8554
4917
4536
7028
4270
5812
8345
4474
5137
5072
6339
7228
5247
4038
2374
7009
2779
5327
6920
5367
5680
6207
6267
4962
5319
6148
6120
3714
6988
4668
6141
4813
6905
9859
5170
4817
3347
4477
5227
5400
3763
4257
10923
6431
5975
5193
3918
5701
4134
4761
4414
5317
4663
3512
4344
5186
7716
5035
5518
4388
10527
4828
5366
6274
5702
17466
5572
6546
5905
4702
8185
5440
6452
7966
8979
5430
5908
7719
6880
5988
4422
7599
6501
5100
4256
5383
6412
4340
5775
8563
4777
4513
5785
5391
9715
6502
9282
6760
4859
13631
4094
3331
4274
5888
6448
5132
4557
8042
6485
4759
5967
7201
5419
8676
5819
9033
4866
4352
5374
8447
4337
3919
4913
4631
7864
4462
4020
7165
6574
5407
10908
4022
5640
21175
5681
4253
8767
4264
6461
2892
6037
8051
4900
4692
9682
10861
11662
6434
4724
12127
4353
6587
5628
9755
3635
4761
7036
5759
5869
4858
4658
4976
5519
8991
6059
5805
9733
6598
7621
7332
7129
6248
6137
5902
6619
5077
3810
5763
4296
3994
6552
4684
5920
5844
4153
5190
5462
4468
7417
4247
11590
4877
5851
15993
5613
4806
2738
4229
7055
4171
5503
7284
5692
7297
8228
5796
5321
5888
5095
4824
8086
4364
4457
4941
24506
5513
6365
6564
9930
9393
4445
5122
4904
5488
6171
5416
9151
7509
5556
6809
7902
5886
6025
5218
4720
4633
5400
5619
7575
5789
4728
4643
4744
4259
6034
9990
8622
5110
4161
8137
6813
5666
6643
3221
4614
12366
6828
5964
3889
5144
6098
7873
9912
4122
5337
5597
5722
5490
6689
4993
5640
6260
3875
7077
5747
7911
3280
4737
4314
4409
8691
5654
9228
5248
4646
6472
6233
4608
5403
6437
5210
4959
7796
10448
6298
7207
9248
5619
6393
7673
4941
5216
7866
7889
6035
7428
4028
5084
4827
8344
8851
5404
5635
7343
4954
4726
5449
305837
5409
7974
2473
6859
5129
5427
4366
4866
5393
5018
5424
5620
5981
17179
6193
7414
4416
5371
5203
7165
3865
4957
3404
4264
5928
5018
4588
5724
6372
6453
4133
8163
5367
6555
4897
8106
5403
6220
7154
4796
7725
6598
6120
4943
4820
7164
4866
4815
5208
4937
4995
6819
6211
5648
5667
8651
6671
5622
7515
5827
6816
11076
8194
4382
3999
9870
6082
6687
7642
4619
4031
8302
3906
6118
6018
9439
5183
4455
5363
5372
6031
13917
5285
4267
4465
6389
2657
5239
5696
8936
8544
5097
6437
5853
4536
3717
4500
5730
6397
7352
4402
7420
5904
5332
5643
7454
6143
5171
5251
4184
5127
4493
9649
6997
4050
5393
5493
3871
5054
5130
4557
4536
5189
4441
5356
5158
5602
5683
6648
4836
4538
4879
6563
5178
5266
7061
4836
5404
4580
9629
5913
6461
4952
4045
8739
5839
3350
4005
5167
5408
7386
5131
4879
4604
5218
6978
5552
7936
7811
5406
5884
4104
5514
5406
6962
4667
4774
4166
5440
5278
5414
6268
7860
4105
4445
4362
7124
5864
7861
5872
3494
5331
4330
3734
3929
8044
4991
5989
8137
3985
4559
7547
6719
5207
4932
3862
3857
5790
14768
9811
3835
5436
4864
6361
3759
4260
7123
6534
5383
3863
6051
7425
2543
5883
8820
7218
6689
5289
6359
4683
4522
4666
4980
6214
4771
5585
6705
6538
5073
4861
5805
8608
6324
5845
5350
13842
8271
5708
14144
6589
6129
4746
10371
6262
5345
5066
6509
20735
5019
5558
4972
25632
4721
5763
4934
38444
5982
6000
8835
5756
6015
6966
6613
5930
12574
5599
5159
5004
4259
5927
6976
5965
4922
6086
3987
3559
8519
2981
7080
4510
6454
8034
5361
7026
5032
5372
6762
4107
5393
4884
5561
6562
6145
5795
6709
4486
13081
6011
3775
5137
6193
6698
4080
4091
5807
6017
4553
6455
5065
3853
5016
4422
8198
8064
5107
6640
4813
3460
7221
6488
4797
7885
6483
6326
5091
3034
4451
4457
7771
8847
3054
7066
4614
5411
4357
5598
5253
6814
6838
7072
3344
5063
4525
17482
5941
5781
3987
5626
5316
7322
6153
7047
5136
4984
5755
5138
5328
5443
6853
5772
3977
4995
5691
6765
150102
5028
4579
4659
10915
6873
4536
5570
10223
5180
6439
4613
4112
5358
4087
5922
6003
6628
6310
4462
4576
6903
5798
4321
4331
4800
5883
6065
11773
4361
5062
9322
5284
4047
5591
8665
5735
5874
5109
5706
5468
5856
5537
6045
5573
5480
7991
7795
5786
4459
6832
6910
9152
4863
4345
5319
7912
5711
12008
4947
4352
8087
4700
7554
4231
4480
10604
5763
4157
6931
5661
4919
6217
6000
10179
8340
5309
5255
17545
5788
4432
4101
5237
5138
5556
4979
7003
4531
7946
8329
5065
7863
6637
4665
6500
5336
5121
4593
6254
4463
5517
5716
5467
4690
5671
10353
8034
4827
3808
6820
6059
7218
6739
4561
4430
4185
6500
5509
5915
8119
6076
6200
6775
6259
6547
5577
7049
7209
3375
40717
5301
4983
12195
6170
5302
7353
5428
23477
6961
6106
22007
4487
11456
7300
7069
4441
4499
6301
3485
14058
6432
4780
7366
4462
6380
7739
6186
6588
6526
4574
5011
3740
15766
4610
4428
3902
9149
63897
5920
7168
7045
4813
4283
5782
4791
5647
6800
2910
5836
8974
6748
5093
5931
5225
6115
5351
6318
4246
4902
6182
6828
8252
4531
5827
5892
7632
4669
6052
6201
6259
4658
4991
4523
4518
5904
4257
5090
7163
4592
6599
5435
6445
6783
9058
6516
6319
5017
5102
5427
5717
4274
6365
4843
7911
4251
6995
5705
4964
4877
9700
7227
7638
6392
5213
5646
6501
4783
5618
5485
7515
4261
5240
5370
6610
6959
4872
6270
5761
5366
5623
7736
5925
5151
9116
3668
8142
3124
4537
6962
6600
7777
4685
7266
5383
5718
5201
2669
3819
4152
6671
6406
4374
8999
4504
6394
4679
4556
3824
4489
5997
5181
5160
6357
5004
4427
4880
6617
5730
8316
7691
5529
8851
5181
5658
8457
5147
6281
5621
2648
3727
4842
7125
7160
6735
5085
4474
4090
5588
4765
8502
4608
5858
5686
4427
4430
6566
9660
7556
4526
5628
7150
6640
8096
6054
5288
6647
12526
5075
2830
4457
5612
5014
8633
5494
7726
9569
4740
4753
4929
7672
4323
5553
8156
5714
8884
5190
5220
7964
8126
6934
6792
5479
4236
4983
4771
5741
5809
4848
8006
10728
4698
4616
12266
7511
4186
12983
8535
11642
4573
12322
4747
4169
6294
5222
5316
5962
4933
6462
6849
5004
5634
8509
4862
5507
4528
5728
5635
4760
19592
7009
6135
5037
6087
6357
6853
6636
5335
3749
5582
6757
22410
6400
7355
4292
7026
4549
8456
5419
4698
3674
5721
5032
6992
4064
4286
7381
5090
5381
6673
5740
5662
6701
7374
5479
4591
5194
5126
4344
4597
7539
5465
5172
6111
6238
4604
5757
8101
5657
6195
5078
5558
5551
4560
4771
10530
5248
6610
5663
6483
9579
9007
5064
4519
5963
4647
4791
6234
4596
5251
6919
4991
4920
6746
10869
5564
5644
5327
4984
4616
9760
6235
5452
12568
6369
4693
9657
6151
6251
7135
5311
10326
4527
6014
5146
4288
4240
14701
5103
4824
3070
5751
7705
4713
7588
4468
4323
6031
18433
4913
5331
4325
5148
2700
6669
4615
5279
5957
4657
4457
6991
4837
5712
12779
6606
5683
6115
7194
6162
5824
6340
6618
6813
6011
14924
5158
15600
6312
6214
7149
9625
7185
7224
7154
6356
7474
4770
5747
4542
6717
6290
5098
7054
4651
5485
6794
5459
6805
6550
4295
7039
6921
7031
6960
6558
6465
5305
5615
5930
4838
9686
5610
5307
4626
5616
11383
5662
3811
6097
4027
6629
4941
5958
4495
5201
5340
7666
4745
5436
9370
5879
4099
4260
6564
4663
4195
5090
5240
6117
5146
6101
5772
6097
5070
4547
5617
4285
4450
6152
8259
5814
4838
5007
5441
4875
4546
6119
4260
7997
4390
4144
3766
5361
4392
4209
6382
7941
7301
4671
7059
4958
4802
5641
5637
5040
4519
4692
5236
6762
5819
5884
5287
5823
5959
8356
4270
11977
5203
4147
6749
5859
6199
6794
6757
5149
4841
5703
5460
6377
4971
5256
5762
4531
4532
5698
3687
7522
4257
4462
4048
6923
4283
7936
7232
4040
6428
5697
14959
4454
4632
4162
5817
5862
6531
5139
7638
4566
6062
5156
4800
7095
5825
4474
5332
5726
8740
5540
8412
5898
8856
4396
10312
6314
7121
5599
4689
3902
4589
7465
5858
7875
4708
6578
4466
7593
6055
5059
5951
3707
5408
11064
5007
4668
5095
4101
4939
4246
3665
3544
4026
7330
5066
5789
6289
6310
5626
5082
5028
4456
5339
6960
5533
5489
8139
7493
5916
5425
5822
4858
5574
8493
5780
7180
4772
4964
5037
7697
6175
5935
3607
6541
6202
5637
8078
4328
3877
5033
5211
5507
6380
6818
3859
4924
4620
4881
6338
7513
5674
5471
4859
4615
3630
4946
6430
5919
4800
8692
7545
4511
5642
6210
4412
4850
5951
7348
6865
5895
6430
4909
4315
7457
7206
5030
6551
3821
6527
2911
4732
5213
6992
4830
4493
5648
5340
11972
6520
5395
16189
6285
4599
8107
4617
6179
5787
7363
4648
4934
5234
5088
6299
5974
4745
4225
7244
6267
4726
6375
14634
5238
4361
5222
4216
4664
7197
4587
5058
6278
6176
6008
5294
6120
5912
3828
7563
4976
4398
6988
4944
5769
6422
5731
4908
4558
3497
3695
5263
21056
5248
5435
4560
5236
4604
4477
4481
4951
8310
5665
5149
7284
4743
6467
5337
5285
5572
4628
4256
20127
4529
5516
5328
5183
4994
6641
5934
5218
4790
4735
6549
5580
6329
7092
7345
6602
5373
8029
6579
5005
4317
5012
4890
6975
7280
5968
4574
7725
6736
5310
9776
4658
4149
4778
4807
5891
6870
6527
7052
8776
6401
11781
7370
6634
4503
11450
3821
6753
5811
8031
6140
6176
5321
6361
2007
5427
5613
7168
7931
5084
5510
6253
4637
6081
4032
5920
7047
4858
4346
8330
7327
4680
4505
9464
5257
4055
4445
6408
6774
5364
4477
5299
5072
5556
2341
5117
8794
4427
7116
4134
5207
6680
6549
6132
4747
4937
4347
6399
6097
5004
7139
5864
4810
5516
4223
5182
5941
6166
4779
4586
6956
5177
3553
2663
6182
13851
6791
5300
5442
5703
1589
23223
6166
5560
4842
14880
7519
5230
6333
16430
4470
4907
3097
4842
6040
9468
4944
4740
5336
6609
4209
6931
7555
3838
4793
6819
5372
5596
4041
6768
4459
6433
4709
5593
37607
4285
4362
5845
4852
5843
3736
5044
6183
6072
4593
6225
6271
3665
7675
5381
4463
6220
5360
5627
7244
5148
4483
4791
9558
5698
7634
5578
5605
3124
6591
5417
6436
7587
4985
7309
5052
5453
5357
3644
6122
7439
4300
4347
8156
9526
6139
5194
6324
4743
6575
22446
3823
5015
6625
4648
4735
4588
4840
3867
3768
7049
4436
7039
4467
7276
5470
5711
4288
3599
4763
9423
5696
6397
4478
8888
4479
4712
4970
10481
4838
5484
12275
7238
6302
6324
5643
9389
4982
5567
7136
5891
10404
3931
7086
8813
10518
4926
4721
6138
6029
6246
9140
4841
6258
5822
5075
7726
7166
5708
6214
6462
5747
8580
5413
4187
4570
4832
4719
6724
6204
5272
6486
5926
6160
5930
5545
6685
6843
6977
5901
5735
5041
6075
8448
4934
4998
6105
5903
6819
4998
3549
7181
4563
3356
4489
5416
8654
7312
5351
4402
5446
5335
10998
3991
5250
5465
4117
5624
6866
4059
5714
4538
5086
4212
4638
6291
2594
6343
5210
7114
5046
6076
5269
6939
5300
5146
7201
6018
8175
6844
4132
4248
6180
4926
8470
6383
7124
6298
4750
16237
7353
4345
6488
4230
3759
7558
4940
4839
8033
6163
4723
11956
7179
4716
4327
5092
4932
6110
4696
6675
5386
5988
4995
5055
3787
4207
5485
5968
7484
5505
5006
4709
2559
6430
5078
7804
6493
4153
8895
3721
4167
4672
9888
7306
4443
6864
9466
4109
6862
5142
5478
5849
4044
4108
7790
4677
6132
7441
4856
6674
4706
5393
5871
4687
6423
7977
6114
7165
5217
4759
3983
8196
4558
7076
7141
6547
6331
5614
4595
6529
6006
4364
6777
4683
4920
7880
4909
4091
7855
6850
5853
7689
8003
4367
5635
4799
6547
4433
6266
9671
5449
5475
6430
5003
6390
2744
4758
4678
6233
4736
5558
6035
5984
3519
5912
4530
6225
6174
5768
4737
6026
5764
6286
4481
5431
4766
7855
6605
4160
5137
4445
3670
4543
6913
4913
6309
5333
5620
6587
5557
6042
8413
5467
4610
5178
4694
6915
4854
4657
4724
5346
6223
5111
5153
4660
4021
9579
4801
5035
6571
4682
4375
4635
5384
4820
6526
5126
4824
4747
7230
5425
4331
4274
5069
7596
4641
5011
8337
5843
6816
5674
5561
4271
5626
4693
4029
5260
4408
5055
4803
4824
5217
5891
5937
6498
5421
5663
4572
5166
3749
9723
6303
5272
6246
4631
6186
4946
9098
4312
5689
5799
7249
4497
6422
4242
7600
4976
4872
7633
4184
8411
6107
7753
3918
10185
4787
8394
4644
3928
6123
6648
3898
5975
4427
5902
16774
3589
6513
4037
5463
4907
5108
5871
7274
5774
5695
5909
6028
6469
5326
6758
5996
4865
6495
7696
5437
5181
3806
4435
7775
8346
5259
4552
5446
5940
5159
6740
7431
5165
6225
2454
7475
5370
7117
5226
6307
3698
7649
3718
4910
11185
5760
6378
6328
4488
5511
3376
5507
4985
7262
5316
3947
6940
4824
6969
4211
4722
8259
5766
11084
5721
8379
7317
10027
4532
6117
8192
5953
4440
3014
6099
6524
8376
5343
5193
5900
6081
5739
5711
4696
7870
7458
4396
6103
4695
4229
5549
4516
4817
19029
5236
4700
5671
4375
6666
6116
6735
4898
3904
4741
5867
5376
5000
5651
4745
6202
5278
5541
6073
5302
4412
6499
5290
6082
4032
6893
3774
6482
3355
6747
3419
5709
4321
4933
5187
7282
4522
4202
7224
5234
5193
12308
5412
4561
6212
4586
7896
12500
9239
8099
4825
4457
5935
5942
7650
5690
6642
4740
4352
4267
5218
10038
5219
3947
5777
5309
3931
5280
6715
4823
5055
3651
4385
6108
5044
6298
5912
4713
6242
5607
20749
7023
4711
5770
3856
5155
5617
4152
5365
4513
5558
2796
7962
5017
6185
6905
6234
4459
7509
4254
5730
4576
5692
5418
6440
6411
4613
4682
4272
5831
4911
5355
7147
6975
5014
6747
4816
4259
5323
4087
5482
1796
12650
7666
4912
6185
4657
4272
9002
8519
5368
5954
5789
7031
4756
4220
4325
6097
9734
4809
4224
5035
8809
5780
5367
5189
3271
4375
6581
10679
6344
5157
7486
11783
5303
3662
4595
14874
4203
3913
6002
4877
2390
4945
7051
6644
7200
3976
6211
5676
6458
6737
5742
5568
7931
8181
5010
5510
4985
5271
9412
4717
6445
8044
5060
2520
7141
4665
7817
6597
4123
4448
6414
6671
4034
4778
4617
3586
5152
4721
6888
5786
7505
6194
6515
5241
5344
6129
5083
6073
5767
4987
5566
4709
5690
4540
8624
4625
5240
6426
4915
5849
5754
6836
8325
6025
3141
6341
6603
5612
5662
6142
5162
5711
4804
4527
4873
4420
4589
5280
4824
6380
9944
5420
6537
7630
5599
4988
5090
10025
5480
6146
4726
10073
4824
5572
11401
18233
4408
5901
5119
5006
7179
4427
7544
6185
5021
7885
3259
4890
9783
95392
6434
5375
4509
4775
6200
6092
8116
9317
6948
5153
5229
7342
4295
6827
9458
7604
7137
5555
4646
4136
4755
4082
6006
5223
14767
8050
3795
4700
4630
4962
8568
6884
5166
7457
5061
7076
5084
16525
5629
6419
5755
4964
5229
6470
11301
5565
6221
4655
8278
6583
5128
4562
5325
4875
5021
4245
6019
5377
9832
5037
4555
6956
4993
6848
5370
6719
7036
8428
3909
4384
5721
5131
5140
4937
10066
4124
6716
6223
3738
4722
6112
5302
4392
7460
5294
8126
6481
5415
5172
4612
6907
18422
5246
7609
4122
4771
7725
6178
4614
5418
4847
4807
7615
6915
6847
4415
6915
6029
4462
6328
5400
4259
5434
8122
3649
4378
15361
5253
4464
5545
8855
5159
5861
5899
3573
5107
6146
5815
4280
9000
9639
4228
8588
7519
20968
4787
7613
4679
5763
4281
5813
4703
7366
5962
6004
3989
5240
8455
5593
4840
9043
4574
6015
9356
3964
4951
3767
3430
6268
5590
6558
6194
6361
3644
6059
3985
5751
4991
5807
8564
5845
6633
5653
10989
3794
5146
6506
4040
4657
5036
4273
4801
3810
5058
3750
5530
5892
7103
4684
5416
5027
4109
8625
7053
5300
4892
9252
4462
4174
5654
7790
4767
9206
4619
4744
6123
4175
4499
5257
4508
6289
5337
4485
6011
4896
6055
22174
5473
5114
6987
5007
7561
7266
4471
4765
5155
5065
4626
6022
5071
7943
5063
6133
10821
3854
4936
6806
6476
5479
8175
5083
7564
6418
6068
4870
5007
11387
3578
5418
3683
9107
5733
5823
5287
2366
5309
5007
3725
4941
8591
6954
6022
6845
4382
5196
4600
4866
6644
5101
6480
5063
4444
5651
12541
4655
4628
5293
5732
4831
5942
6463
4672
5498
4880
4363
5768
7797
6786
7200
5171
6090
5112
6917
3787
4047
5595
9703
6994
4874
5891
4117
4854
4075
5900
5695
6892
5213
5519
4067
4091
10830
7798
7410
5227
7259
4769
5565
5440
5791
4526
7122
6434
5915
5364
4652
6228
5717
6748
4551
6722
5190
6921
5135
6026
6310
6201
5018
4071
4809
6672
5188
6506
5728
4506
5776
6360
1844
4666
5816
6500
5751
5283
5620
7397
8175
5826
10438
5291
4708
3747
5344
4069
5059
5063
5948
5416
3519
3981
6448
5592
6264
5349
4755
5236
4627
5923
6256
5356
5041
5261
5973
4144
5890
8043
4595
2538
5730
5026
8068
5233
8239
6522
4478
3768
6453
4932
4132
6943
5377
4448
7157
4007
4942
4742
5164
5265
4330
5571
9210
8060
5103
5726
37638
5666
4689
4373
3911
8188
4973
3238
4121
4810
5080
6574
5035
4620
5051
3546
5527
3751
3357
8509
6641
4277
5094
5249
6455
9437
6664
4334
7388
4982
6089
4443
5205
4940
5553
5689
5294
3706
4644
7639
4732
6269
452258
7016
6678
6653
4651
4661
4982
8399
5340
5036
6083
6618
5584
5190
6500
5398
5821
6381
6627
4794
11281
7348
5034
4260
5640
5161
5664
4272
6228
4726
4755
5352
6201
5272
10323
6190
5269
5165
5188
5706
6305
7268
8499
6722
5378
6462
7018
5758
5428
8530
4630
5509
5134
5874
5317
4578
3715
7195
4847
5915
6622
3712
5392
3875
6216
4351
7672
5030
4108
5998
6306
9854
5834
10371
5770
4615
5025
5514
4411
9663
6201
5283
5872
4276
4630
4722
4368
6555
3791
4418
4367
3377
5420
4787
8876
6533
5459
5901
5836
5242
7234
5870
5066
4598
4958
5661
4699
5344
6353
7770
7388
4117
4882
5420
5479
4468
7937
5181
5084
5562
7817
4792
10903
6808
4368
5669
16075
5331
5403
14733
4742
5769
3987
7517
5806
5156
11406
4878
4158
8144
3280
7189
5124
7823
5301
4714
4315
7947
5236
7449
8249
4626
4864
4461
6117
5042
6088
3537
5111
13580
9495
4196
4284
4623
4883
4779
4922
6184
5935
4081
5791
5346
5870
4423
5539
4696
7276
4866
16105
5261
5507
3268
4743
6244
4685
3993
6908
6053
5007
4284
3955
5990
12213
5617
3739
9905
5025
4950
5510
5140
4446
6210
5626
5582
3756
3967
9461
6517
9133
5905
6721
5867
6128
8516
6308
15036
6197
4510
4007
4700
5244
7007
5140
4971
4712
4631
6191
5287
4663
5715
4181
4535
3144
6010
4927
13391
6891
5262
10797
6379
4785
4003
7082
5145
7340
4510
3983
6162
7925
6017
5000
3780
6450
5016
5061
5892
4951
3165
14059
5015
4590
20492
5759
4355
6273
5032
4831
6070
6096
4215
5046
3954
5949
5948
5826
5042
5672
3974
3021
5302
4860
5617
6804
7547
4401
6594
6111
5829
5799
4772
5694
4718
4692
4903
4690
7121
4942
5058
4097
4444
4422
8337
4807
5210
6580
6635
5584
5709
6152
4894
4471
4999
6458
6224
5323
7839
5746
5534
4927
5437
7852
4284
5575
8658
9379
4151
4387
5147
9054
13118
4456
7869
5147
5221
4739
3282
3673
4959
11010
5562
4741
5561
4233
4897
4104
6264
6430
4842
4930
6231
4578
10231
3063
8075
5430
4227
4721
3960
6042
5784
6807
4185
4607
4248
4250
5546
5831
6707
7042
5340
10613
5102
4317
6533
5820
4507
3317
6185
6670
11487
5264
5958
5030
7930
5264
4215
4754
5753
6820
6631
5645
5824
4522
12380
6774
4442
7607
2557
4271
4308
7096
5483
5927
7520
6079
4745
5243
4554
5186
4928
5507
5433
5354
5745
5742
4209
8909
7975
5500
6478
7268
4448
3691
2488362
4130
8668
7010
3537
5994
4577
6191
23940
9734
4032
5777
5762
7084
5647
5255
6679
5761
8269
4285
3785
5500
6421
5790
4020
5082
4466
6000
5177
4679
5857
4847
4806
4172
4287
5225
8301
4682
4562
6471
6550
6179
6712
6166
6062
4185
4770
5117
8051
5011
9643
4976
5089
5643
5514
5132
3089
5974
4926
6503
5039
6504
4757
8891
6370
5809
7738
5698
4206
5903
3761
6527
5549
8346
4914
5371
4195
5433
20425
3065
4210
5434
4688
6413
4448
5188
4977
5462
5749
5800
4439
8986
4602
10802
7398
5896
4743
4816
5316
6274
6064
5838
5490
6047
4134
4207
7318
8445
7916
5822
10250
5285
5340
3669
7546
4930
5546
4476
4501
4306
5258
5981
4512
5242
5236
5828
5849
4885
6466
6067
7412
6233
5861
8629
10335
4479
6692
6157
4302
18046
5993
4415
7655
6285
9292
6266
5830
5707
4617
4906
5446
7100
2403
9164
5822
5857
5508
4608
4490
4541
4620
4820
6551
6052
4049
5702
4405
6043
5521
5197
5428
6547
3647
5139
2704
4660
4736
8862
6320
4552
6428
4793
5282
4609
5554
6073
5713
4533
4383
4872
5832
5223
4838
5846
4956
6230
5846
4515
9330
4229
5076
4732
4328
4908
5641
4066
4386
6146
3904
11023
8880
4893
6139
6798
5864
7072
5056
6217
4814
5998
5621
5105
5077
7029
3822
5393
5902
5858
4841
9209
5615
6078
6854
6225
4432
3138
5698
4552
4220
4904
5834
4925
4515
5868
4075
4544
8357
6669
4925
6733
3586
7410
4436
4156
4385
5199
9276
4338
4718
4827
7282
6865
4581
6743
4529
5575
6650
5454
4800
8860
4983
5794
6614
4831
11406
7781
5620
5503
5759
5403
7216
7258
4979
5772
4755
3968
5560
5515
7367
6068
4087
3802
6167
4541
6055
4766
4134
20364
5964
6917
5470
8038
3604
3503
4282
4895
7919
5021
10844
5536
6211
6645
4916
7677
3608
7357
5596
4815
4988
5206
5321
4150
5145
5036
3741
10271
4800
3888
4992
5190
5318
6948
5363
5148
4505
5697
6419
5692
4542
5474
5178
5651
5239
3747
4322
5923
6970
5836
6870
6803
4678
7207
6452
5500
7567
4939
5929
5078
3688
14499
6445
5674
4683
6220
4962
4906
5983
4840
7256
4594
15395
5893
5099
5468
5690
6124
5358
5942
8932
7014
4724
6241
6529
4507
4982
4161
6455
5589
5698
4429
6159
6217
4305
5372
5326
9883
5051
6255
4725
4366
3482
6410
8246
5044
6582
4394
6856
5280
2590
5069
4656
5872
6389
5973
6165
5395
6956
4284
5152
5374
5614
4438
4053
4304
4831
5386
4570
6519
5296
5175
4449
9804
10797
5619
5955
5717
5331
6193
7090
4357
4438
5464
4418
4482
9743
10103
7647
4850
5083
5073
6278
2832
5135
3555
4715
5445
4415
5529
6442
8068
5276
5375
82735
9810
4145
5643
5416
5414
7045
4962
4600
5478
4958
2257
2760
7467
6489
5349
4466
4266
5486
6468
5247
7276
4957
4451
5457
4114
10847
6528
4198
7286
6480
4974
5270
4838
6035
5841
7064
4762
6529
6234
4481
5944
4737
6867
8457
6264
4368
5477
5202
10635
4801
5292
5835
8476
5782
4823
4131
5242
6919
5036
4463
5435
4961
8817
4842
4403
5050
5258
4655
4340
5090
5790
6752
5069
5040
3663
5991
8259
9732
5291
5237
8364
5160
3968
8003
5739
9348
6173
5132
4456
7726
5007
4261
6725
5614
23165
8851
3879
5714
8186
23139
25987
4602
5378
5536
4620
6995
8481
5882
8311
7616
6058
5252
5093
4303
3992
6004
5137
4494
4225
5390
4686
7161
7630
3084
5247
4080
4935
11154
5446
4654
5680
8904
10248
6159
3781
5305
5030
4678
5738
4999
7589
11345
4597
2418
5714
2796
4891
3370
6302
4989
4745
5284
4441
5695
8026
6572
5822
5471
4854
4603
5173
7419
7471
5937
5532
4841
4806
4535
4344
9482
6541
4255
5037
6563
6554
5839
4650
5090
6060
7290
7221
4528
4775
8418
4367
4952
5852
6610
5354
3740
4241
6656
7034
5112
8868
5316
5145
6252
5627
5136
6703
4391
5518
4333
5191
3967
5955
5509
4828
9265
4915
4038
5575
4449
5401
5454
3817
5666
4293
8012
6171
5286
5149
4807
3451
5806
6057
4899
6689
7243
4460
5797
7380
4074
5146
5558
5166
4021
6705
7287
5892
4600
4213
5554
4692
5559
4418
5888
5736
4423
4884
3173
7794
4435
4852
6869
9711
5444
4367
5130
5004
6882
7756
4633
8110
5190
5069
3375
11820
4782
4223
7724
4600
4534
4720
5792
6077
7095
5521
4841
5958
8256
6743
5168
4366
5498
5838
4664
4663
4450
5097
4660
6217
4634
12935
5589
6536
6142
5414
6477
4405
5261
6313
9532
6711
5639
4652
9418
4621
5269
2423
4854
5803
5666
5305
5091
4266
4824
5005
7576
4305
4412
5184
6189
6377
21452
4930
3712
6544
8219
7933
5058
7080
3921
5435
7418
4977
6230
4939
4852
5890
4520
5721
4120
5330
6420
6004
5622
6273
5920
6451
5274
5090
2932
5549
4268
4851
6894
5011
5873
5329
9714
6848
5600
5966
4260
4966
5986
4796
4332
3936
4090
4718
9113
19770
5233
7986
6873
5470
14626
6708
3448
4587
4894
4347
7409
6091
4669
6241
8662
8349
5224
6035
6590
6099
12346
5642
3994
6832
4829
17589
4616
4541
8286
6609
5343
5172
5549
5634
5184
4811
4889
5833
18852
4816
4057
10750
4823
3361
8775
5546
4804
5629
4693
4501
6423
5835
5083
7279
5628
4337
5728
4705
5082
5330
7419
5303
5594
5591
4234
3215
5842
5886
5561
5406
6804
4736
4319
6933
5375
5784
4976
6659
5518
5557
6319
6373
5662
5131
5886
4763
5964
5233
7315
6760
4186
4961
5754
13652
4470
5297
7983
4114
4918
2347
4640
5519
5778
20203
6887
7054
9008
6426
6250
5845
4495
5399
3660
4789
4903
6815
8880
6110
4750
5544
3337
8849
3791
4991
4822
4281
4818
3716
3360
6894
7260
4324
3847
6162
4614
4291
5382
4999
5636
4179
5228
4423
5849
4443
4560
5542
4117
4097
5600
3927
5277
3917
4996
4384
4176
4126
5448
8020
5378
6315
6164
6859
6651
156853
5433
5420
6065
4383
1967
7155
5308
8841
5677
6119
7805
3622
8425
3554
5189
5715
5142
4128
4549
5921
5485
6253
7050
5572
4722
4700
2662
5044
6198
7094
6278
5042
4733
4539
4870
4094
4194
4597
4901
3998
5775
4292
4496
4955
4454
6618
8252
4111
4673
3380
10657
5995
4292
3574
8016
11559
2878
4082
4555
4823
5401
5312
4323
3895
5337
5124
7140
4116
4931
5039
10190
9132
3924
5999
6503
5676
6385
4811
4075
5842
5066
5011
8734
6020
8425
4243
4701
5462
4888
5632
5348
3593
4618
5093
5513
7349
5080
8576
4169
5522
5393
5154
7872
4689
4749
7579
4202
5774
3575
4052
10395
4504
5597
4914
6645
3374
3699
4775
4841
4079
10922
4717
4773
5349
4753
10710
3618
5896
5621
4842
8434
5320
5326
6117
4408
3719
8799
4688
6556
4968
5968
4632
5441
4993
4886
31199
5818
3805
4309
7488
5577
4455
4557
3922
7333
5264
5847
5879
5150
7230
4541
5646
5486
6713
5042
4859
4582
7422
4396
7159
6062
5652
6369
5699
3778
3660
5070
6913
4345
4744
5216
6745
5953
17131
5082
5910
5259
3919
6169
1041495
4136
3705
8374
22846
3678
5922
4238
4124
5960
5727
5366
7643
4840
6504
4031
7106
6016
4966
6989
5446
6959
4867
7488
5278
6364
5743
4943
4447
4393
5054
4790
4997
4456
4742
6450
5195
9128
5439
5377
7956
4040
4282
3947
7677
2954
4494
5223
6908
6324
4715
8197
4904
7268
4890
5333
4242
6478
4801
4113
4838
6229
6521
4939
5011
3729
4710
5888
3789
3279
5955
7137
4931
5626
3850
3760
8503
6354
7946
3950
6264
5057
4702
6166
5266
3760
5500
5443
4298
6039
6363
5228
5371
4400
5277
4536
6915
4846
4437
11456
5015
5261
3356
5282
4020
4588
4827
4957
21279
6121
5715
4200
4743
5875
3866
4897
9227
5636
6668
5441
5773
4117
3921
4221
7226
5647
4908
4693
5864
6679
4703
5742
4758
6292
4748
5640
5470
5802
5369
7386
5762
4832
9139
5037
4805
6297
4070
5265
3514
4012
6599
4617
6809
3974
4896
8264
5075
5684
1991
6562
7547
7916
3749
3550
5781
4425
4608
3429
7862
4515
6508
5496
5151
4479
5151
6395
7808
15263
6949
4671
4874
2968
4766
6342
3737
4865
3604
5225
4951
5072
5670
5840
5167
7458
6221
6026
5172
5061
6697
4299
5378
4102
2603
4222
3425
4221
4743
4068
4422
3784
4587
4575
8530
5802
3919
3840
5578
4345
5079
6295
8416
3607
5211
5513
3768
4227
5667
5056
5367
4606
4965
4107
6454
5349
7291
8610
4430
5101
4043
5172
5461
5058
4209
4176
5520
5301
5068
5368
5235
4824
5436
4500
5381
5471
5644
8435
6315
6403
6590
3380
5652
2189
4703
4582
5044
3839
2693
4511
6976
5072
6513
4885
5054
4898
5546
5907
4201
4134
6180
6155
4161
5699
4727
4807
5352
4349
4257
6354
3757
5277
4430
5181
8144
5846
4614
5981
4618
4405
4190
9577
4474
5137
5285
6066
3413
4345
3905
5245
4461
6024
5852
6268
9295
8052
4589
5617
7652
4555
5003
5336
5437
3901
4929
4847
4200
5048
4442
3529
4280
3844
5908
4296
20558
4799
5210
4844
3852
4163
6275
5215
5949
3568
5449
5751
4893
6386
7139
4013
5981
7234
4445
4485
6876
5645
5245
5307
7793
6148
4701
6143
5199
5009
5430
5575
2654
4467
5043
4715
5079
6086
10288
7634
6251
4250
4091
