319530
576255
558183
411786
410490
414257
387518
659451
534451
410220
560594
463651
638338
414640
499880
623713
586000
14078035
442836
1015985
480384
403588
366110
410108
421641
418463
523493
428672
448490
928561
520833
533629
473916
366027
328556
362746
764692
633895
352820
399074
339507
1268560
489476
528851
471505
497237
988543
409105
631250
545033
871581
594314
513298
631003
395603
338536
430624
338655
549948
624340
454638
356673
498330
768617
1016955
334790
633489
671609
412780
1018094
566151
830557
472525
320045
410623
453371
358545
530662
438522
641799
1086063
489334
531808
449153
461626
450030
933668
754698
502798
562251
663486
457411
515825
373894
497101
372333
318531
413853
462686
424178
1029882
427648
560835
1303576
1377741
722498
575469
499559
579672
2404851
1075152
558543
459586
359935
517153
436178
368326
412337
534929
453907
507038
414903
339139
498615
492433
655391
287948
404035
299349
411015
917493
679160
404422
430439
621748
478355
451384
418495
385027
450478
497529
385766
531311
876184
374518
556642
525328
650629
432755
495879
446744
388588
341196
429136
477516
460515
389710
491354
724824
305426
413489
435790
346325
481984
350196
584284
551889
505091
356740
387408
463602
674504
409759
835243
613243
541995
744890
470459
585178
573107
732784
766036
360616
301779
359548
1317722
518299
520354
563824
388887
465884
558997
405914
513494
491640
522144
476323
433959
360795
480672
822946
474255
521602
352778
423095
501985
335856
660569
393044
518015
352448
609496
422036
383497
1057662
373873
513998
380475
493554
414805
492788
615559
523283
597097
254710
466915
519348
496976
435761
467984
295811
385774
625735
465647
2194645
793899
390580
433547
394698
448116
522974
328320
578593
423012
642850
414302
385521
481589
518476
738059
437635
716803
413017
507717
813120
669995
462859
489614
455443
464602
473342
408574
410328
360975
398054
422172
1305685
404687
575544
443475
945485
423256
377449
733348
504889
346281
404767
606788
394180
597859
408874
422114
438665
377058
498593
500054
627294
576174
458985
599110
497249
547669
650340
484086
417916
492312
403307
414698
474998
655209
632448
593223
595465
450892
837027
369265
556883
410052
353092
453990
550401
484546
411387
382808
421404
650198
717405
941444
458640
409344
436668
537713
346255
613311
465896
514058
475724
445331
345954
572905
565256
382437
509343
364846
494093
506772
1287764
299647
410804
523807
580625
670358
423432
4266770
626028
381722
325377
667158
364175
500471
385389
442655
564947
397017
306752
462704
321798
416931
701379
665876
453843
2805261
446865
440087
426965
702537
300549
544223
424150
543450
459868
526074
541214
399222
463778
415302
739251
420583
484837
481005
462894
571339
654276
408019
439634
426830
425759
432567
630450
554258
442912
304992
350849
393889
422680
511234
613935
741385
706090
412410
314481
481666
521566
540057
498436
473459
4700548
432134
501828
507338
470568
610382
538035
397291
611421
293832
797085
518096
627040
821492
527762
563952
492717
610458
531769
278675
505212
652002
652851
8592297
450236
520714
520597
16638480
489770
406799
423031
530502
474200
499965
521057
392892
427464
622435
399444
492238
408650
452347
433599
596362
309263
904320
653566
668689
327555
328243
511789
395432
378988
848332
660558
417733
595624
861860
505576
425032
512469
488841
975000
530417
450410
430095
454804
512012
595891
812786
494092
356482
2168365
474194
462282
428441
481320
409539
488892
776998
498329
498139
432277
518441
650390
422787
428776
297639
641510
463833
464515
630153
738136
1006895
411772
589244
396331
402230
471525
524094
556901
452257
522277
462364
660403
462423
521762
421237
522819
376835
507546
461480
375995
426737
284550
867307
544982
594262
550037
446365
603018
490942
548554
708136
388696
363738
617105
398544
349304
2511480
573689
409826
486638
646378
422081
584436
531169
2627605
1065119
502129
482706
487455
395107
396620
460174
1687710
374382
427241
568141
516993
442268
346244
828980
602718
630464
624377
541182
291596
636092
727713
487813
431542
467238
478697
631378
360395
445419
427077
579185
459283
278567
675239
4475372
477608
494040
460803
735040
418228
466437
455267
1119948
419853
364292
563354
1039209
3056405
716990
408387
379765
653467
767908
399982
668357
386571
299136
403790
456324
509448
372702
371820
584291
288236
541405
319304
508187
3653887
473375
707520
371078
363415
451957
514337
405391
877101
445573
776050
511628
739285
333346
584965
556469
485496
522202
339005
302133
395792
434445
385916
363492
545248
415363
306113
297968
382446
511655
554576
408440
522267
463883
1919905
432704
419763
314580
389102
677097
312665
466523
463179
417608
394333
293547
359148
390483
671796
534194
498426
483413
600111
430267
395183
334953
398291
474715
400920
383976
425486
687009
329908
548224
407395
391262
911028
450545
473631
307101
447913
360011
440213
286437
400508
292162
386612
429959
483062
336775
539734
419920
448454
419194
467939
413756
767700
478293
673210
541720
858311
334596
424839
397809
559367
359425
506405
371492
1380774
543962
315189
314213
447959
382315
411001
654782
424544
648337
606097
389593
498870
390757
810371
504763
515112
299396
391150
437527
426515
318039
382445
576300
407026
344395
359512
554622
361491
301473
480976
503222
420832
426688
373740
451814
9142608
326418
373199
360500
629605
405442
450621
576052
809614
397559
337570
454010
431244
448159
384962
452440
558906
496600
1188140
528666
554184
636517
700496
417272
485453
551938
426591
459679
384493
341814
475788
398312
439755
351878
390586
397643
812001
449802
305617
458268
416568
395026
481613
720878
543508
391852
356982
485286
277551
430333
378731
358167
553875
424976
363603
436378
557676
655825
300315
689465
705391
559362
368427
545759
461889
283005
471533
261934
383711
816546
231858
440688
449776
482789
351203
698011
443285
318591
732200
485606
578627
896364
629822
483252
577911
461051
599945
599214
569947
442898
275719
396567
479908
436331
481177
516512
513640
432921
419463
352174
331743
496084
912509
796472
439041
663335
430175
518386
504154
641681
497717
576501
1201309
568560
445734
734119
565234
479484
395431
512933
336116
642194
535997
1300164
324166
473536
493764
1021900
612380
553047
470326
486842
1280698
384321
568306
1348396
368599
474251
438520
628098
606346
480941
406969
432153
476140
397895
440823
611623
591886
573222
379399
438265
338004
273043
861668
328521
534377
526941
378027
554276
386929
309950
485702
594179
391199
575455
2704620
709228
429091
1049256
421084
527754
372776
413954
422296
2940244
422119
522148
332880
409150
689510
399611
455441
510744
442855
407003
420465
369259
328679
890503
450913
462387
335295
478106
302480
496367
368792
483095
682360
436739
384295
465218
399985
358768
392537
422632
378394
490160
446469
470492
529841
508269
513170
501631
527650
649143
461695
374541
344836
427578
736244
364568
411059
326926
493885
309013
532034
356501
559289
460254
309248
564828
385043
328734
316495
370469
399921
339435
523038
441676
581929
409355
651070
1037741
457258
510169
402387
605174
444921
488265
451153
502775
414724
411136
419390
968264
552213
368125
485895
349517
646675
810692
571059
3207379
658284
401860
1054379
427856
404515
399845
472162
322707
419397
463293
600459
255390
488955
438472
469492
643641
362527
418383
579451
373303
469782
429190
388502
364587
395553
434989
503202
426811
502001
301978
626138
517682
617548
547941
543552
691214
946308
368720
383223
442832
490726
398703
410242
493721
436443
394356
388991
459884
540725
421748
406903
385259
479599
584789
486970
495123
402291
481384
519835
390669
654256
429564
485516
1717578
578528
412757
482904
249962
834222
322676
422601
395197
439357
265429
488808
335675
355717
402454
554950
382834
277451
439732
407607
494432
555124
446941
428718
383517
591652
304237
452052
460464
497711
403176
325921
396160
363016
384223
298251
492198
648825
846741
367032
393697
738363
495080
326615
322977
439284
439933
459098
429485
276725
491061
558554
408740
345713
389181
467433
415719
875567
335821
464347
418821
371315
333318
324869
402541
439523
260589
261320
458083
529649
502545
500081
388784
409855
399287
501471
428340
1533220
576549
454745
590805
400311
467870
881212
659961
305667
11817389
546279
426023
369267
393445
423140
560106
376162
319404
435720
404119
464033
346834
373654
319957
481895
813720
464475
372202
579299
357918
402977
290181
386457
294181
369332
260109
398353
433566
537429
399508
776729
468204
657101
301280
527603
301548
810985
308253
361767
447951
330573
454221
483432
553764
371291
278635
433252
291584
531114
460401
499666
587274
442959
370782
402984
363406
459282
410925
423569
386882
460559
399183
376278
697394
1449643
385657
391830
370418
748090
1422637
476672
631844
537029
1251959
473163
419703
461004
432956
597012
477512
402284
446282
391413
341182
414885
433366
656522
493063
699503
411095
397259
642441
371050
417602
957823
602920
675793
531258
491571
395814
495635
451503
1041250
377103
477241
485171
245778
385556
294417
408447
594874
313929
452295
384427
439855
534192
468492
344620
470516
355175
621979
304262
510119
399202
2784423
533677
534937
345681
767884
357724
296208
377773
412434
520518
420446
376141
460519
451521
439999
373124
411817
449879
400660
355808
404973
532710
527164
322224
477900
509116
592869
331005
502804
720254
717296
875212
393008
399032
353920
446829
393767
266066
527402
331547
441558
284074
360837
376919
374505
451934
454648
531436
257707
279060
521456
648940
290798
401225
353167
389079
295903
391848
272945
446681
688445
403072
394720
419579
293537
303606
279367
272812
469379
249759
522356
268723
362532
322042
388492
439551
483325
319777
415212
490798
492813
430401
452803
355054
295792
504114
421379
291864
494948
261020
526698
454815
533979
478535
437381
420214
465743
334354
306725
353251
465353
401490
387868
355278
520459
348065
428073
415401
458543
566614
389400
496422
350828
434029
577734
443947
380121
426765
336588
376924
415694
384070
352447
257622
382878
425576
416573
312008
398521
417910
383481
524840
455993
619125
354640
257083
411689
542631
427116
414360
382274
591072
454883
566799
415224
299243
396574
601202
284380
384628
429224
516890
648184
396683
341827
268981
560618
290431
422957
464525
337780
389647
426268
404054
271753
574856
660878
367514
379881
450284
866634
396420
299479
561532
498235
365389
377025
462992
345006
486174
470222
490366
577137
475381
553405
393998
395503
616531
918844
470380
383451
424789
372755
423823
374423
315697
550017
270651
406611
471758
395947
513511
465482
264097
326556
456935
759515
436655
309996
395199
405342
821080
623456
286044
314041
564976
312474
409084
347712
426050
449227
360339
314140
661756
316524
300356
358149
331225
516569
325195
406654
373697
404623
407230
430015
414842
369959
496526
405856
405666
524389
475597
505367
557856
723681
717508
412098
296254
480169
294311
367839
323166
468932
446601
615999
508463
455747
338110
331451
436770
607602
540192
468465
476123
297564
1059317
517140
322233
699546
431051
935795
444247
683234
390717
436269
507449
884499
358837
782970
422736
385856
564895
437344
412443
763772
7756476
511646
450375
453841
362739
478759
334412
669392
284457
353477
305422
624660
278561
337464
280597
2832129
324200
447579
371217
361637
870466
1459789
455695
546565
353706
1262341
362581
379476
299403
494314
472699
436264
487700
424562
528034
366596
395615
1281233
303235
550967
310560
436956
423347
375365
585780
493305
410215
345912
306269
458835
325128
395657
299132
375899
443832
507399
533896
1176601
580481
577139
485578
499517
379268
441321
497565
397599
372998
430575
274686
406324
379153
428211
325813
462852
438941
445779
473911
498541
485316
295820
1257845
521993
487479
406404
312089
402614
1010810
307971
309786
351241
416996
458677
299776
439759
407165
450236
427563
406227
338845
455072
497462
249337
297979
341663
402484
391538
261719
372906
288838
509268
289701
401540
648966
389702
422588
554398
531067
300505
662856
372198
447432
398671
540857
325638
325943
339296
275315
405003
451643
474075
395658
365668
267892
529618
587892
440265
544337
357635
438824
411689
346362
467060
1937543
298719
426308
430514
475114
553620
526851
495601
436128
368888
411832
476069
337546
631347
415542
503696
438524
483835
368797
384159
355336
315985
387910
369831
365020
389661
477037
442710
470699
381303
276686
286520
354131
676339
623120
376170
399317
617786
264603
410440
291895
430785
287704
268566
651185
384729
369733
335799
296771
458529
303428
269949
513891
423381
252476
439480
411126
432858
337517
337992
344008
553157
352071
489148
380080
534721
372811
505015
413973
352512
283166
666759
409629
643030
443563
487618
387496
370375
316961
678950
570216
473959
484133
535896
448516
427601
298482
363975
454342
450867
307839
441320
358592
366320
499099
438183
397695
418875
392277
300245
468419
310454
485401
686345
236803
410072
463893
416698
401211
825567
468438
487910
392486
485325
317600
445124
349041
396956
252947
375478
260741
256638
392720
368201
296190
344426
291396
480646
334182
380472
221997
299573
352834
344161
341711
389026
252392
377320
407728
305986
585561
393534
283928
394154
416005
354487
607959
384346
428561
360098
326637
431425
825658
409449
388494
407654
509369
360502
356222
387164
361936
450602
379137
375117
408223
267935
398442
350694
487229
404523
610923
481530
282835
320695
817602
321508
393728
576717
279710
393036
313534
396639
280430
259424
265602
384778
370725
487575
776982
453201
351619
258071
390558
430035
343682
646621
580152
373950
471358
363927
452497
405128
440642
412488
802788
591078
329868
775597
414959
312749
417823
497823
647984
339734
440017
424170
404841
429611
820827
354811
350845
399976
295997
436572
458324
377132
472948
440489
425674
312286
276133
669608
425060
396162
515561
375263
385718
428805
448852
495163
281054
435618
683943
524902
913523
492837
308719
366723
324816
426048
507804
287091
278062
387487
354557
404128
359156
601306
482064
378128
302935
474240
366171
459948
283159
301036
352499
359111
343055
545925
505120
285771
492707
503072
335173
485884
395282
421348
397903
448363
740165
490595
332860
351356
392196
514535
396168
315912
435863
422187
274509
356234
395713
445454
477694
600815
364703
281182
381746
650933
272327
286069
437741
295628
374614
440200
285255
328748
393489
327370
484788
403368
513392
441988
371927
1004910
377731
416307
356109
371038
261360
250838
407850
1048656
523561
398603
262420
418703
414021
368288
303979
449416
342175
380580
278747
445544
502417
389744
538822
308272
362867
518790
419315
538919
663638
547896
412724
367994
385040
468125
375005
410583
434534
349151
342703
443082
314233
475264
867935
587582
402383
481351
404635
358631
515348
424306
250005
392080
516640
558353
657856
292597
359483
395293
415414
415180
290858
528508
363788
468249
319889
321425
521802
370197
244745
432710
260425
401312
597944
371282
385891
605565
257784
377460
291044
362004
427796
495647
358552
264490
383957
328955
339693
3179700
471579
341826
405428
380885
424239
489670
301625
378472
415319
484332
572399
324183
447792
410006
428534
606879
552769
273534
273063
593437
488991
446801
395222
268204
368455
649541
422257
410712
281886
389172
294010
598935
309251
460887
421914
448349
409180
389998
315599
375817
325458
357253
361368
455050
418583
402384
315274
1442146
320072
353373
388248
459390
374767
574527
524912
422331
256712
432820
414853
478938
308304
509955
260090
341306
475274
336224
320193
478791
550411
548099
472932
1205568
266339
603635
404331
368839
497245
512739
384024
452678
483570
317833
367717
618518
964326
825762
359980
559373
961151
472487
368829
426806
430458
885509
1007526
524094
255126
371925
281673
362144
429921
419287
473943
341742
329824
427062
314910
390473
553566
382963
347549
322507
302284
393895
375711
350866
434329
689063
395877
384443
483747
401555
894669
406499
474482
337669
396285
425405
405386
442066
578795
461586
635810
345096
677599
658756
346372
381741
646966
272402
471908
313704
487886
321523
347328
999116
290882
435319
280768
400822
469453
439624
419908
396482
312559
456756
470036
272147
358553
576773
362052
373633
450652
345192
521321
337940
414725
301546
383547
349885
387641
301001
363924
325890
375535
403774
385113
371734
348374
344973
449786
403154
432072
356602
412204
466711
623851
4304376
397378
346965
323982
403554
444201
348602
402360
362597
326007
300867
314548
384682
540372
380212
387921
404490
374559
396650
330676
421387
276538
289542
369440
374175
444375
455561
417546
415081
542920
437623
232243
460113
429600
337254
472178
480276
476848
326565
390549
875610
340767
375546
286590
428024
317065
388248
557364
379196
325561
333849
427205
337888
459512
311755
500975
413584
423104
358086
363302
434686
316728
407006
480094
743755
385159
513829
2262395
403001
388269
362060
350546
460852
592153
409676
671934
600451
318666
360553
444220
450785
369497
445833
408730
446712
433197
452043
426985
465246
439509
492696
449311
419744
396644
307182
320377
359388
399666
328160
402374
434838
494507
571866
484531
817436
301085
420652
476139
842275
726180
490609
481163
473680
313157
375553
393666
427589
780631
441745
457738
475339
415441
451998
292265
459459
321547
467196
475536
449449
493387
342927
396143
1637358
486375
389726
430784
322829
462956
527496
731460
484151
620985
452876
642015
423438
381854
368837
398695
378187
501750
596313
402607
620794
445748
396496
421698
496472
1545184
463928
459124
648881
672766
540494
569696
395016
402157
490210
563859
471197
384285
426712
573377
615746
627442
508996
401120
848958
529592
411763
625423
581618
511943
670786
500307
448459
693513
357196
412397
443870
797355
592458
517841
573584
392311
435052
551282
510549
438581
788375
576233
494744
1152799
399625
427775
1398469
403651
528799
535912
439644
650370
533552
501058
407016
884204
385326
350497
484235
457320
386053
411191
373474
421893
374295
268127
415450
490940
504755
284187
528223
506836
308191
838632
461674
372925
428127
413378
351124
479042
625350
399033
415592
395923
368780
311123
542419
413295
633598
379978
314630
441373
580162
400376
709974
395278
389836
484203
417656
494342
462952
343741
435112
1018085
470849
298895
428967
327256
454631
270137
381187
382363
403780
515278
447061
532158
432855
886214
600551
367128
371463
327886
388227
328975
500260
365489
458669
463355
407557
800726
661056
395274
381794
496571
399721
2832927
329248
431508
281625
867143
612414
295565
473523
428692
474199
306482
329806
425630
407921
432893
343659
336789
400960
513395
507026
509236
898724
473400
383250
484691
575614
872550
510308
419523
605394
427195
441855
789815
459604
968103
714725
533986
349169
567127
567167
500278
541366
334535
369471
429268
758957
419132
340082
455282
403624
723284
722489
246722
319304
425104
427283
307190
372616
364628
382196
701683
624214
353712
733689
396611
416708
518377
432974
787791
619547
542988
400184
286760
455739
460455
724986
470380
623186
435615
544038
11815519
437569
345017
650393
573547
703073
423297
458105
529148
376579
429646
671135
587932
502173
548959
385004
385540
565436
380159
404158
448693
585652
450052
557702
446396
434778
435520
831496
366294
464103
696195
628029
431956
392878
689803
463096
352994
473902
462791
432805
400829
521453
248851
391828
340171
688789
422608
411609
427013
600275
538521
476987
440891
651411
464430
1200019
459331
470640
510231
539458
590870
484868
495514
611313
380724
305099
415219
312001
678690
440956
422104
447042
430667
451110
344533
767650
481332
339414
636446
441490
1178166
476093
540993
317805
381120
1049397
665033
558373
367404
608921
555875
527607
306984
385366
427861
665132
352655
480152
355771
481169
511193
336849
447872
661816
409003
489316
325413
625351
397854
476554
312492
356676
392836
587540
400583
289479
502650
721464
677799
411984
437495
435182
412998
407856
465623
572403
482186
466232
434859
564146
389601
293166
419486
1036328
367141
347399
492819
338360
398890
501896
700599
808158
346076
432356
403313
469136
370627
431695
930736
955454
539883
1162732
1303105
593722
458134
482928
439611
531232
334257
731162
823197
315383
410474
8194497
446457
804124
294153
427998
536999
346225
358813
495725
331427
365083
390791
340613
339592
475669
565469
369588
447097
378721
311747
374306
272973
470179
435232
387556
406453
364557
361894
566736
499811
318125
297625
340811
355435
312325
382071
331158
425774
554000
371733
289928
387792
324563
372930
320034
301190
338162
981099
2015103
295949
372993
235085
468511
1430962
293113
380804
476831
656576
221469
370939
445903
564609
391652
281763
366962
560827
399712
462076
496420
583508
392685
701255
462679
303028
1445301
294604
727757
348681
404299
908123
448869
523942
604250
362072
409106
306562
351061
438446
668012
745515
394601
525813
392738
430015
483642
874887
465876
348476
520988
545241
474756
954766
512985
437058
368684
345114
622137
471336
368480
448503
448619
376462
733385
505950
754276
470249
493801
400317
400682
641922
458470
650985
704627
537308
623535
530381
384830
364668
318880
302002
505607
456552
385762
312388
484322
555581
404198
465773
561812
474557
411728
1086573
292413
307482
383714
778073
388171
376905
363516
535722
649551
535232
361468
693038
375014
398584
618080
558185
363697
454349
401674
1045265
400395
387506
468945
434279
505633
766958
511860
416309
557726
439500
357150
505948
379966
652060
524289
327009
339725
331132
288406
429144
445112
387666
602207
411869
420748
3064292
660518
760480
695790
495600
556273
488371
347640
420111
552846
299419
332603
263988
312782
539846
688093
274076
490758
423628
558928
359043
574186
388098
371869
257903
439163
373794
380827
254780
540914
372282
388902
300233
412848
444767
406519
519462
271696
475043
322796
497230
420338
368073
452515
370610
493460
902201
558422
337931
418235
404945
595148
437055
445448
428953
460821
390912
486080
467482
396055
431865
651758
487462
361867
831605
425367
425669
480625
886057
458122
461354
467813
530987
345344
434368
2748837
427442
436256
454721
456782
741075
637222
562343
398520
435938
677848
532302
1196834
512432
497984
546077
600120
580883
381644
454201
385193
728350
475801
606933
488737
400098
372770
605864
448458
781199
495276
712062
391104
587234
443752
393473
371387
701886
381605
791243
624027
659754
760968
360075
799608
508593
623199
366551
390577
389671
375754
525326
477914
624529
377286
538876
449389
475649
809696
400629
441362
400123
442021
430450
506889
586589
746043
1037144
461453
452148
400864
526979
428190
855735
484159
573945
730533
694929
338883
429830
560348
433224
429150
407530
513090
1145220
326355
416063
364971
505329
453537
404418
471586
419694
439722
477731
1307068
454234
521303
589433
519734
606822
482010
831352
871660
816969
461724
374179
568788
534559
444598
499477
446671
420049
449930
445548
597231
476472
440680
519415
602948
513248
425378
510644
409924
701630
556388
487996
271701
404535
421295
384518
1092149
834906
371134
435048
460559
426776
380193
372356
552950
821675
369098
549602
3171184
412815
501858
439711
542802
427670
475775
379132
435442
421404
394486
421568
569819
298108
431412
375058
405924
423736
555215
507855
390426
870259
463226
428090
526902
618692
321711
486105
1020216
454908
442381
373610
411603
307754
777090
639139
477680
434830
469766
688654
538590
485265
619759
450249
549661
402747
417149
658735
534801
464440
389848
430758
468771
2811932
579610
704798
490962
336785
416014
374585
458970
1308123
463256
695917
680452
575761
698586
489950
411550
373029
525632
490008
489689
396579
544494
519851
597483
494630
778830
473214
405296
327999
563815
308358
619979
390269
667580
356209
422398
392222
663344
1529126
314729
352893
357744
464740
356591
385303
400749
304375
446000
414415
375579
643309
309392
380587
528291
408335
423821
259397
509947
420753
434277
672375
384683
513297
533126
614055
422431
425896
307539
409534
264070
528528
447299
353869
457114
314076
580775
402820
293755
300027
424377
365979
384767
402615
386203
414032
367677
452405
481082
275145
476760
424499
408017
342636
379280
371966
527077
370721
323346
472738
700337
425753
313123
415482
467162
599490
478226
465127
443658
421801
264154
232449
473530
475200
448522
240152
343226
383042
534220
367963
366159
352730
366759
339542
355543
440601
285487
358786
354895
233893
278640
320393
418695
352746
447103
335940
390214
675447
415268
295814
504054
368608
303782
535527
269321
452211
465411
328778
331847
405184
351671
427499
390652
436753
476162
461111
480345
358048
414271
327978
265392
490137
374133
409682
414599
405100
365288
376796
495905
527104
385613
271521
348319
485472
507003
513716
395653
432347
353090
750726
457093
431399
396085
401379
428739
626729
370848
557209
572626
784500
303433
418279
394900
400437
382674
250386
688485
626766
501391
354701
389568
406594
395319
762546
365060
400953
486208
407191
467234
887360
372651
600367
562503
1108734
454859
418189
377865
503750
362694
416108
368581
588853
358363
717639
436743
348397
353789
388453
746230
360400
466460
370959
411730
550924
329068
385061
416418
355554
527270
468944
389284
468502
483510
824866
381748
336316
399187
490013
350976
419315
491049
595744
427503
529006
363067
448910
549737
373869
294752
459982
634221
406129
402058
340248
427321
265951
744982
305931
826552
435768
355941
386269
481060
365521
446726
439715
338875
374449
406790
335867
384703
449536
388939
398699
303932
387097
395862
503338
489962
449648
352134
531851
407929
428128
503175
455897
358798
407397
502700
397558
302713
493523
337894
435013
370463
436035
345780
3163673
236977
251679
350903
303920
379628
345304
402059
237733
307954
426153
295208
291207
260419
512666
445024
366076
393398
413659
311379
219509
439069
466816
335352
467588
5703917
450145
335051
222080
396291
489221
369748
638863
370011
282031
295114
366670
322911
406646
414463
401938
363558
407447
453373
289433
868977
342306
419455
439196
387344
350497
392152
405094
891020
400091
365609
587319
721749
423218
325672
363754
350345
328697
518061
539174
704730
459426
357188
371373
347079
350199
414774
478246
362252
381710
311124
494540
340154
413862
309218
477950
358742
369331
432511
420927
332393
424370
906099
322035
495250
486780
433041
3700741
1150821
433857
462363
602899
411076
591662
502368
450078
453632
356946
312416
363326
401574
517828
529800
468735
911905
903502
339381
328928
392432
433770
343138
334843
676330
457333
384566
450190
359164
444585
220413
293137
376912
525299
285930
346693
391451
358025
265028
338960
267658
526859
413986
371306
244091
381753
258351
560044
431454
414099
257649
456539
306773
408233
358831
461986
609168
505606
283298
324284
452768
442816
466308
297702
633440
392856
344320
350880
475905
392519
261000
358272
369763
359906
372878
436828
381041
289759
355716
486582
386068
594893
355196
405360
409318
344522
296483
391758
349764
420074
425026
398288
373950
327951
287127
226275
2597705
312416
555052
433853
405438
368287
346711
308940
407804
406827
418252
311556
320369
317193
460706
360524
361590
255367
406239
435271
372873
385867
330932
401599
380074
355665
359142
445928
346122
645448
338109
1134867
339393
313746
248788
292224
383461
458710
384878
314697
515285
291173
248844
390044
493796
506135
315141
384257
548759
541119
450929
348285
309458
405427
422619
533809
605228
671930
359789
460041
445838
396058
237139
351757
380766
270494
297730
344343
396459
371720
342277
288478
308335
364423
346843
375673
455195
389523
414140
465721
778527
467653
416005
775165
367468
395495
429382
389983
413810
334827
624539
397099
427950
233574
358108
594829
342880
393613
528749
315948
350744
387164
276549
519794
341119
318678
313857
286213
286026
286906
255074
490579
764220
539843
441300
362391
269309
1969884
452533
672734
275850
497081
6186052
466254
424064
289457
364224
351303
471006
404365
393225
1237543
412925
318264
448832
555938
958634
479710
468208
518025
486591
411207
547316
633428
607825
561073
471303
634028
1948943
411358
505679
321352
448189
467344
681141
402893
429301
553856
689485
426074
408235
442532
399199
889329
4220148
474209
473056
442153
488132
402220
306824
366192
387654
734150
692273
328076
260136
500797
367301
492202
428268
570575
440283
285797
344264
267100
391616
414966
422753
564102
362870
374784
665194
411439
394634
551034
465291
388154
301582
767040
326978
420983
649615
810686
644125
357071
744124
443205
570925
1014191
310460
370755
299239
481608
532483
447366
501472
355400
385686
529036
387682
463414
623627
418288
437669
493915
732584
370651
387575
419445
389955
398461
478445
440166
386532
638469
616427
365187
450846
388772
632343
377064
403042
374629
1689244
414531
510402
422464
404328
490627
330126
526632
272053
512225
381250
456054
383742
426663
607984
354801
646542
634824
342732
862612
323688
306656
295012
390687
292876
515605
331892
437614
411948
733719
353612
246784
583737
368498
408964
406521
326274
351352
327816
369436
325181
421969
430317
561445
318408
2009079
405253
376064
409944
399075
409845
245177
301450
348668
1179820
407443
482974
558422
490030
769380
486137
412770
687333
462822
618879
437859
370880
331325
441678
445422
514245
1792235
420984
650537
444006
542451
391912
494215
370061
376196
346166
2525461
467486
368351
425234
471275
540566
509395
371870
564451
446076
379192
734439
635158
383336
297547
334579
388301
491222
449086
864190
300354
373543
376191
362817
279715
533779
413884
339903
401485
457641
278546
370194
430483
489048
419404
373721
445297
466212
401518
599569
560015
369367
525875
368019
314543
407461
503378
385805
277610
269327
547290
463936
698278
352519
856380
353628
430935
651023
512017
359429
531930
530692
342398
530633
329256
301393
481494
298666
278669
257630
248206
382230
584373
339614
536595
655417
310168
381887
395409
416834
327625
301557
302401
374937
422698
412862
413651
657403
544007
478330
386674
536535
387481
524450
331272
254544
1241377
388133
391259
512354
481832
534241
429986
640759
454968
456881
374894
435132
665143
3657442
532980
383415
368442
595686
392166
312512
446601
302302
285845
493924
416241
392001
387250
503238
392442
401774
404859
532399
413644
240103
386237
252105
545793
532382
435598
414422
362008
444963
839849
452241
419077
473022
435384
382132
313960
364248
412691
285150
570179
455023
400618
500732
696608
397434
434434
392649
603145
526128
366872
344978
406561
360022
485810
392098
411637
401192
461289
799231
561922
460090
420480
471873
399169
405745
420017
320114
428378
456227
449520
414614
416227
649253
433884
492284
305206
404927
410673
339380
428984
443188
337750
445374
390281
442689
435082
695041
397290
541364
327483
395545
579807
412242
440962
333766
653309
531990
859981
409114
2872616
487202
462538
382439
486099
1499359
836383
366736
447819
423760
492225
754437
324731
375855
354705
422032
1810175
457647
480024
430951
447514
360206
454777
375179
412767
441480
366395
345717
625767
470895
375075
705223
543183
363259
397963
446600
377111
403245
427348
456363
481481
378384
450543
676498
667298
405736
379332
398992
520224
484083
468024
336783
1002951
400358
624462
403115
457701
350039
525523
323143
374704
413728
763296
482226
347416
342634
391700
337668
688053
456731
295794
524120
369503
520032
328574
482725
532043
341706
613812
526941
436149
442539
338687
477121
370283
729994
720787
435427
313365
415601
627069
353729
403389
502922
607454
507665
431750
410830
803171
392280
263416
495811
528026
420391
538069
489872
460281
591719
489710
525431
391340
294065
390672
402770
437220
403154
396139
432934
425518
459530
286560
345402
329575
576767
455869
376731
430976
578324
569285
406626
455761
397611
337838
405685
466468
432159
2206177
314462
413049
444272
283403
611579
362872
396206
505187
446349
438959
485919
463029
304904
794325
1487313
456980
753563
572525
591655
271728
472934
476273
295832
437061
412385
281240
379140
381804
292984
383279
502384
301129
429193
384576
324699
399828
356824
333602
445685
510948
290201
334768
487472
334945
745399
298972
390375
840914
458372
493256
1065006
380191
420264
375870
449488
259493
399423
447950
3407431
471310
291416
513024
433236
672797
427484
527968
845842
492636
571529
1556285
648261
937912
366776
637304
1205540
253693
277757
418760
556228
285239
455672
456979
341179
681754
305608
528174
636326
420934
455029
450936
312565
342404
400780
511937
424663
424509
357407
359495
373773
424158
368584
649794
469623
315533
457346
509485
390505
1522368
432391
322670
441817
1694563
443343
527599
377030
790573
441555
452360
412373
372669
509200
492914
399351
446222
1382338
834435
397386
366376
1285703
450538
427777
332438
330107
324791
349804
404756
472554
395922
671762
619339
456509
715490
473820
458099
347258
438917
456351
543574
592949
378005
933173
312670
560318
351547
482308
397916
576534
775038
594347
405430
285540
262249
424951
380478
354046
313854
666354
459832
667437
397758
375732
385198
443022
432388
615973
441243
397969
362670
483942
456772
376538
413103
465316
389893
262382
496360
405634
502900
408519
512836
1526141
318195
328134
443345
329547
625494
498774
424265
392437
473547
658234
287061
362411
367495
429795
265795
393297
880957
5795591
418986
1397896
413638
532875
439259
479709
471154
377946
603602
345678
350611
300109
334885
2362452
504778
397174
571563
466276
292575
444925
238933
463395
421353
419781
482685
412706
604861
461757
613601
442137
393034
429276
417083
450994
418180
514775
678876
394105
413314
413650
526441
373948
394342
631491
475800
300015
312364
417366
525625
445356
442259
410060
337346
716100
417819
438270
387993
281664
438060
285429
513391
439724
473232
454814
379798
353045
367075
496933
465471
416888
422763
389257
380506
500403
412153
391269
470537
336067
541888
456320
460133
788632
464560
674557
476814
414939
531170
383530
483134
443013
584032
334666
362299
436447
404633
638565
391921
359945
528948
567053
565893
410613
456795
386759
465151
425862
825720
620255
394760
340168
491441
293246
275849
421421
517259
330869
584225
583889
440294
510325
452983
448649
320802
537578
533793
498473
540256
326124
798441
385980
374930
309124
424939
511460
330123
402998
423500
308292
498268
310597
636185
347893
648145
479911
412741
526160
390355
443667
784158
529308
784866
281048
474351
472729
511595
254504
399974
444260
527766
436175
405325
542828
421807
568525
556070
409347
475516
325451
702313
539333
348358
464243
497637
512564
2433537
460196
384429
452210
515451
813294
595169
507530
418935
612218
559265
356881
448788
275689
558007
570572
427925
343517
468309
311697
720340
271651
502411
339661
637693
396844
546669
551419
319071
548597
461156
482629
503329
417366
371752
629901
534502
569059
299447
954540
341239
252705
427049
417467
355832
515658
342434
455873
563105
540903
397931
400565
283351
292399
411787
525976
434021
599921
381732
566983
349229
450362
379919
310310
504044
425777
368480
394515
359198
433403
528506
318145
511138
335973
417824
418883
386114
559888
486433
369435
547728
519828
2261149
865408
575871
448794
391463
468727
1143371
738643
576322
441920
1175773
541817
442378
561004
516934
488919
476129
486890
420282
507298
359415
950845
503332
456272
427959
295499
354216
460379
534880
437978
529860
598668
599582
508575
666862
427779
487110
356669
598256
408969
655154
747062
732278
950806
381633
449072
351420
588681
560507
375083
559169
655086
355646
1294749
263293
415529
489901
392630
387940
316877
374948
267522
409926
534227
555125
476390
550484
465955
376401
350576
725002
428922
725193
368875
433438
651066
379127
466501
434637
359876
623388
432635
1479434
284715
475256
450102
689749
450910
510207
3186142
422161
408536
379666
384085
514523
500239
661736
395675
816446
363701
556850
414565
261410
427635
463276
368740
248450
475263
375283
437260
417286
420258
386903
3960034
562745
442667
477622
2051772
370415
405010
680115
454911
429858
402123
325782
468075
428980
473923
717925
470392
496728
716295
616104
424494
442058
1085736
425189
469184
444925
474133
673302
291727
471342
574160
393235
461768
657017
400405
673449
564034
297320
514633
504378
866089
586878
432539
681223
376143
380215
496978
460329
395746
524778
821344
408579
521691
443056
360786
1403314
359984
367822
426832
433113
530935
615998
429505
470840
388140
364418
294892
430560
363780
379679
307754
343911
583785
316889
399083
294220
291852
387239
386172
349591
395378
326335
413822
480333
288881
389706
394647
336127
354210
311112
642817
423989
389246
481688
390756
533810
551626
496805
502167
758638
1590918
382099
440346
447882
333246
416510
384685
716295
566319
270123
566105
660553
494058
476896
836205
617406
505303
431712
554030
386563
921377
513104
510414
808364
376342
360655
688631
457600
513834
539974
513656
746220
515565
1147373
1068994
399449
478668
874505
374542
406284
2255441
481965
409260
890273
821758
507636
491693
394376
10494264
440967
525413
451929
380312
621560
406032
534143
612481
617694
631693
611314
501762
417183
294708
501310
372620
330809
578454
548794
625942
546410
463274
420710
346890
479407
683595
1226959
362697
501463
422963
453873
547799
328368
546468
516237
302977
416483
376859
493956
358119
368126
384851
366983
419372
440770
494831
515336
385501
938743
567470
394235
429558
322526
566466
324000
360244
462217
326282
624130
389784
530339
435983
423939
558926
508810
399123
318314
530275
780799
500059
750397
422098
460077
779031
463589
690432
428489
481097
312249
369394
513031
503590
563264
659019
308218
700834
466186
425695
365861
382918
316856
437821
455631
386223
495011
352755
471781
611330
446647
352544
503287
497421
589783
458616
754229
374949
385354
463578
480788
574292
459417
592106
520136
426464
433500
636253
570294
391296
483269
698553
374831
477735
441912
543271
833235
451143
460370
459219
350091
449166
474825
534274
384947
437133
405828
414822
631252
387600
412314
4851308
564813
573724
591973
633255
528006
421336
614526
448039
495705
661934
385912
490749
408341
412519
423576
273393
541415
452943
513554
386087
463454
393912
461308
476857
432043
573601
583956
412451
397227
508828
762497
826183
542872
436124
1156881
497132
574800
438960
584131
364570
437715
486441
463141
450122
644191
404198
437329
301390
442066
456180
498711
363734
460244
2085630
496820
452937
546403
338084
510826
437091
475214
490102
452669
505614
510422
493023
579638
488622
379893
347010
545998
587608
515446
484394
446800
416305
447965
476043
435003
669923
405142
616669
344129
537944
473649
418725
464555
1499678
295186
653148
545928
402628
581666
813090
720213
412547
425577
287778
429634
480185
443004
436122
408477
614921
532178
470560
461367
306259
536600
355272
454448
1115445
789395
414064
606047
480015
529718
403791
511892
379347
465297
405822
470723
345659
507006
435391
638718
392952
926592
684967
481916
446818
713163
466513
466101
312040
412945
407927
428092
436544
392330
394630
468718
368620
445160
436994
450805
385789
380002
392228
428404
462572
426251
378791
446952
393915
394199
461601
452361
301179
483931
413327
744482
412391
392008
291815
532974
491521
460423
388787
399355
441992
316880
354242
829305
463846
1160606
431129
531413
657505
468572
474269
453239
429735
490260
396913
330578
712354
573098
2774472
507776
485252
738103
892233
553402
493024
544378
1136448
453402
373867
549765
419581
306886
560856
503266
451094
679437
520626
491969
440278
448671
524825
420882
627912
576031
591750
467061
434522
929775
454033
321489
415041
499825
465844
657927
472829
865960
427999
397563
447066
455895
367402
386030
4367008
413757
793365
399481
422498
663742
486055
346966
405659
693057
565783
590631
416185
371987
553845
898896
507398
885042
945310
380836
415013
829204
419744
428049
517927
495822
431834
314099
407896
469430
793900
364308
421109
427675
419528
516551
372149
894581
451609
402659
1377643
541651
1019764
400957
462124
483750
459803
456798
458002
517400
452387
258664
434863
521108
498461
308715
540027
437019
793484
467339
584264
381259
383200
348766
415285
410136
456750
483430
661964
407194
471232
559537
432115
392052
306874
374234
505172
281938
473608
677138
481364
423856
624525
576116
477520
346042
399106
525892
685238
740724
701614
519894
672082
471829
659520
402970
495023
516855
454681
482784
790825
436313
436252
507334
420476
472759
474324
1343259
565040
679413
422496
499451
605013
390202
523224
485510
386196
439664
460894
426338
478198
433757
624568
561368
434213
406278
468648
1218011
840109
686090
870924
534796
397216
482082
351292
483531
711044
510038
670956
300545
398113
784714
492813
666596
545783
889054
462998
470315
520658
538908
384520
500737
533292
877856
448802
783936
742009
475863
363262
463743
450091
703266
368604
289655
468254
569478
565587
608748
1222993
527377
535752
1578129
602695
407901
424501
690908
434763
304229
425712
575800
1047668
462336
545196
549213
347280
547064
731705
634916
429378
538295
428829
412912
817267
1767505
386303
458876
415582
542151
502032
511229
361976
406513
414281
458369
406603
548009
395814
376717
556782
418276
372085
350162
410017
421973
456957
443431
420720
557082
427773
601294
284655
302341
515716
756242
419041
518769
455383
446994
574084
387441
497632
589606
486563
716989
476528
379842
329355
3606588
364048
494800
411226
488179
474217
430453
420959
416100
508452
599454
414459
487842
453837
441478
500227
428302
427328
507674
327857
368345
670756
539557
641433
516503
407524
358163
501544
528603
331236
406757
560316
621884
508529
480385
410441
569332
437526
304674
436640
452014
545645
444270
526044
504735
488335
490065
450459
468354
277202
399329
524723
342822
359007
477471
443186
551862
480747
427214
356005
692160
387093
579276
341296
495533
511678
397656
543097
1129796
459174
413217
564527
293602
542678
428635
458430
487245
312189
479573
530704
378059
666296
283979
627765
537605
374207
450352
522668
423916
371694
442717
739904
442932
443321
327406
643092
369790
430100
478262
540978
357684
419021
329013
612340
913821
589142
429352
301332
519736
396932
472957
586221
451111
462485
440634
426621
456997
423439
308507
432411
408965
459677
554458
404074
420199
738637
253129
547904
402324
356417
356708
324550
319099
353589
492028
405317
488784
274627
386730
639520
399504
336568
308497
257607
416098
499115
304447
339635
462916
373155
337027
302571
436467
404089
507448
385945
383856
328583
416134
393272
480064
367993
327656
443659
367544
399447
586444
387527
344883
378568
454168
445528
469672
417306
474097
364759
453832
385779
304151
404297
458598
410361
391591
417442
479145
395312
260484
441532
457593
385565
341400
471814
388950
386305
464890
400840
262802
387059
416834
436128
447626
477119
364895
303348
858855
406042
471145
574220
421259
409273
367926
7093075
380558
368293
399575
486977
327212
434399
448441
320577
446189
550886
757821
477650
538277
2861348
376212
342098
391609
465171
428134
457469
426620
451684
393735
333299
508316
390579
268954
249647
329957
1107301
388103
490525
487555
387350
382210
408040
514157
407999
443209
488746
474244
506615
394077
989341
283515
305980
245792
254634
431706
314150
441637
343385
595353
576232
321992
439917
373933
285536
390046
405932
449323
365181
306731
396747
480426
450185
483886
358953
398510
387332
926559
372700
331796
291208
376078
383001
2099430
277842
335535
472676
401747
340873
449636
483227
529513
402612
381318
600101
365225
366886
326577
437683
415848
627466
400042
493683
518144
281605
276788
411427
411841
416745
405068
400444
305220
383857
377868
271396
256768
381723
429756
344534
467580
410994
288059
456726
538304
506377
451998
312174
287351
426181
460319
406683
450889
403024
358529
377443
356978
424623
654053
415394
400725
492336
574720
394369
576099
344028
439398
281632
409515
375750
380975
635040
385988
413074
530038
321221
336629
320987
350685
370766
433286
375941
493621
263193
346125
407987
366805
378054
383466
381447
237530
411616
462861
363255
447011
364806
337498
417606
853807
742881
957576
446423
304750
276566
602415
343228
349617
263552
605724
312680
461458
303909
303134
333270
307006
324822
479434
461988
242322
582560
538828
389880
384511
443055
344235
370666
378928
915316
381803
370645
674212
440308
405486
257463
389484
234475
377189
1232002
480866
377359
428241
363029
329348
283439
393047
550009
686217
397233
441093
416554
423691
371369
413976
471731
473310
471863
295032
627716
387803
327960
619529
296121
472217
588169
355836
336482
321699
457679
584206
460745
411648
524093
517475
381707
523809
269658
519361
362771
1540011
396663
431523
502107
369627
345166
1878520
371647
411019
375665
422001
395806
455758
1758614
723163
245518
424307
346349
512733
455142
497622
364278
367873
463929
391079
452936
440283
534116
652774
520564
286321
373694
308677
667237
708503
317111
375405
655747
653428
365887
496504
390172
402915
561995
469919
479019
350737
280836
415999
370828
436696
324630
441231
361647
344897
456126
349634
292079
699919
1149341
567983
346310
494373
473680
750194
269396
655426
244485
275769
482183
447703
373884
549897
374484
436331
654970
503798
554137
459931
296851
684923
296755
375898
428621
439977
435501
426317
523496
394634
519710
443346
372061
432104
415114
336278
351044
552317
361456
571864
358710
499016
306593
514013
403751
417650
457440
360134
337992
419537
335710
390204
360268
444217
408722
313836
289714
309227
542968
382517
403916
303886
262494
403583
343544
646158
323704
326436
250557
449925
1135318
386477
325121
405368
490425
552005
376584
382663
395314
554762
284426
413079
334987
370503
438252
603987
328156
327096
403864
250564
421252
470708
380641
440299
388374
300847
394641
336284
330901
493705
398559
288880
290378
317349
286950
338025
412336
477472
416329
478775
318286
577657
496528
560220
472469
395766
358233
442712
353903
404951
439243
932021
826143
643107
570733
512814
372007
295326
307700
542264
490374
521375
470892
317112
467742
412478
312376
316952
344415
456214
302726
529552
411212
405141
670163
334060
484782
275807
313079
355111
397249
346777
366339
504672
362068
367541
320494
300961
383221
404479
407178
343576
268375
1325922
462353
340938
296047
403140
408669
471909
523196
405647
294562
373488
432120
460312
336443
464184
406065
374567
345011
275197
384111
539175
406721
467918
374379
344335
336385
658850
497974
537193
428896
472793
503543
438646
344113
443669
303469
287432
454788
481582
322006
366242
341235
282259
300493
318215
440097
488132
433865
506722
439165
429501
547988
301499
258242
343268
315418
300048
311269
430909
327402
378941
356414
347643
394240
345643
303383
570547
421475
351947
419566
427387
321402
366842
293623
290874
443158
382734
297922
500623
331728
379262
514710
366461
287106
339246
337388
580468
491100
294549
348463
383192
510830
