182961
163758
156987
171907
107471
157247
192189
134943
184968
178690
134812
130775
235383
246219
115765
127377
155374
78454
86776
239726
988764
127261
190792
95043
409027
257055
115311
139031
173545
191891
167590
100955
121729
94957
79376
93217
108091
106396
135855
99588
273615
125983
114924
157122
93707
101920
141821
105388
157807
125768
321283
136485
138957
172456
117537
283587
169152
275597
150081
85462
111704
138356
244584
151280
164049
100179
110233
104306
226436
605188
108503
118126
171664
146284
135030
134851
95172
93109
118276
161804
129092
155330
511487
121111
163502
134207
81189
257771
102995
129807
134882
149421
162737
110478
100675
113214
179103
130021
203357
222476
85258
92373
211487
92057
92875
103883
138720
104300
112689
124244
133293
138940
131419
2092335
96264
102874
220908
147003
89255
112587
140614
243628
81970
68691
124814
120211
264030
95566
202847
217994
176325
148139
102651
95419
102547
239310
114942
72651
160586
152923
196371
129844
228299
100276
106813
104171
98492
91127
94164
134931
99082
77006
93113
143224
122788
127513
123087
163263
143602
253623
129788
78337
98241
114685
100782
128657
211730
110264
128035
129315
135217
158026
88673
153059
105178
74872
92496
223085
132810
173318
93499
177459
114852
282833
79552
125302
102785
103868
109777
104429
137836
151258
224429
77013
108778
142487
121605
109910
91828
179478
77571
89453
64821
82607
84104
77029
69909
190568
69225
100034
103350
92192
85506
126444
122985
105509
101450
134580
146036
124835
155153
106134
114041
130434
102107
151339
119345
124913
233162
81206
101674
188984
108962
103515
95503
121137
107056
292450
118982
129358
134580
93473
135458
90862
126918
185730
109201
195709
107053
175877
108302
95876
401154
103614
105652
114488
77066
173667
107233
75222
145276
73171
127580
129408
85328
140553
76556
103266
112609
490421
93699
121105
98481
211246
116352
157151
84531
467675
129899
252677
136663
142849
113976
132906
384751
168503
197934
94163
106923
131475
184653
200348
104249
163263
193631
102377
92180
116615
197236
190310
83059
434655
106800
178096
341216
106295
147770
117974
108819
143971
138889
151725
106332
103547
132236
101575
99599
81372
102949
113518
285119
162904
511292
139350
100383
136122
163739
152799
69090
95885
469243
2713974
546948
124549
146974
183281
122438
157793
113310
273505
71879
124018
57193
119450
107212
132624
105727
111094
120343
371730
106515
102303
129757
89376
195287
238410
171128
151615
1665427
151545
1080161
159530
129357
119657
156582
114759
137487
126065
131647
118847
85483
92595
451497
171406
107990
279169
11025918
366673
466743
99608
116293
96060
125676
93952
84142
112292
119445
187427
96643
104454
93201
174319
151590
104328
201206
210537
96535
88215
116778
136142
267246
121075
63173
93297
635316
106116
1073510
106682
126457
187262
184132
582004
115494
79688
169975
128968
123079
127323
554792
292001
213600
107537
165522
336235
180455
109504
99361
98553
159296
132353
130221
102927
639249
369776
110244
124850
137976
187798
172528
114138
74517
80471
118238
134222
170649
129984
77427
178120
155752
100882
168444
209952
126385
346341
142979
157500
96343
103827
132183
132422
96265
143687
117403
97738
104379
115744
565438
138446
123301
212595
421504
265003
90231
118452
1263145
170154
175171
469273
109447
124216
215319
93733
146868
92274
103935
107984
102871
114286
167925
107241
122512
101586
152790
92630
77308
103167
122380
157150
160151
141462
176695
111882
130996
77227
93372
114775
267189
116498
116946
74829
133491
100959
239461
95977
85477
86142
94250
106390
134517
137827
111605
132424
134432
133341
285356
152856
108443
81730
104058
109340
130492
110973
114947
84530
180300
125950
200515
129584
115967
105389
93847
661929
78086
168403
115703
123917
99304
107000
109677
121895
182893
136072
96882
87411
221921
137685
191531
114254
103184
130715
147141
84904
100556
136470
112695
163157
139631
130104
149024
122793
144700
124328
161924
88344
128212
181603
113646
64759
106138
116268
85342
107190
115432
232967
133569
156483
139549
143291
145326
88826
98796
139473
126722
75378
94702
131329
112549
107585
107320
107032
116048
102242
112558
122233
123120
128545
124208
96502
119555
96899
306557
225477
118910
91906
95158
93078
78587
95152
80625
137389
88080
155179
74106
124450
120478
97911
108805
85078
125318
135524
164218
90746
85661
107840
112242
104805
81080
91117
87084
125354
78838
81009
71956
85131
83898
74428
83256
91535
94803
74506
96255
98525
135519
92737
205273
77060
104237
71084
