6526
5216
5533
7122
6744
6937
4441
7443
6742
6502
4201
5889
5202
5669
5867
5575
5845
6730
8996
10849
6575
7211
4489
6168
6509
5084
19450
6707
6931
7481
6585
6968
4017
4615
7774
9151
5016
7551
6620
3878
9177
4933
4589
8363
6422
16437
5749
6418
4315
5736
4374
7791
5265
7651
7515
5863
6666
7975
6909
9743
6776
5633
6412
7419
5222
4764
7793
7854
4548
8100
5088
5856
4868
4643
10634
8585
4786
7893
6542
6129
5084
5784
4947
6178
5658
7888
9890
5467
7693
6538
5253
5914
5971
23491
4877
7598
4415
10493
6304
5881
12620
7695
5533
7541
7392
6184
7773
6098
6015
6031
6787
5841
8183
4802
7794
4814
18140
9335
4853
4862
7217
5347
4514
9129
6740
5866
9784
8834
5901
8285
6198
8862
8760
6450
5002
6342
4880
5357
4442
5619
5221
5676
9539
12122
6639
8134
4550
5368
8341
6373
6682
6121
6990
9320
6401
6399
6290
7004
6902
5289
6019
5739
9244
5642
4750
8626
4762
6976
7312
6724
6991
4205
6082
6864
5432
5603
11708
7302
7835
6928
4788
5369
9077
9533
5226
6229
6796
7172
5251
4624
7332
8669
7339
7089
6222
5616
4018
7302
10456
8249
7162
8094
9602
4601
6405
4815
6106
6877
6462
10120
7628
9571
7637
5932
5860
5944
8744
7735
4259
5384
5355
6097
4555
6887
7320
6092
21126
8383
6756
5116
8956
7713
4785
6024
6657
7345
5305
3793
6039
10304
9192
5535
7755
4594
6269
6951
8050
5409
5748
7068
7165
6645
7459
4941
4834
11542
51366
18748
5424
5889
4437
6490
12075
6427
9511
3636
4426
9475
7969
4962
7776
8985
3745
8076
15110
8839
4766
4523
5337
7048
4804
5888
5607
6152
8748
6116
6830
8743
5128
12129
5003
7051
11367
6502
6073
4678
4383
7630
4669
5855
5776
7219
7088
5627
21172
4365
5246
13920
5268
6810
6369
8784
5300
4328
5556
6573
9218
5090
9375
6336
4887
12904
6840
7634
5090
5976
6161
6232
4680
8764
30821
5249
3951
5279
8171
6533
4621
6001
7203
6029
9625
7572
7227
4178
2542
8438
6070
7273
4241
6373
5920
5916
4065
9787
7872
9130
5979
5899
4322
5354
6313
5866
6271
2760
4743
6490
8041
5624
6296
5764
5973
6010
5017
10099
5079
7084
3806
9586
5477
6047
5841
6821
19801
6433
5986
10166
6524
6373
5715
9203
5516
5201
5149
4768
5100
4619
3561
6750
5510
7323
6675
4669
9704
5621
9016
5538
6933
9030
5034
13125
7859
6672
5073
10070
4579
6074
6562
7844
4518
6372
5347
6065
5538
5715
8415
5981
7576
6923
5578
6692
5605
6460
4918
12607
9548
8122
14232
7353
6224
6704
4514
4766
13566
5429
7351
8636
5338
7444
5874
7016
6425
4902
4162
5192
6824
5319
7725
3668
5849
11578
5322
4705
8001
8485
6230
4534
8833
8989
4872
8714
5217
5609
7894
6803
4961
3835
7264
4517
6148
5433
4811
5190
11763
4740
6774
6491
4498
5866
7274
5879
4690
7165
6059
5898
6661
7653
17546
6230
5641
5375
15960
3526
9090
5174
5789
5089
6713
7386
6378
8537
3864
7527
5254
12021
6194
5809
6188
8917
5079
5939
6733
6578
6519
5224
22137
5640
6230
9022
18607
5921
5152
4420
6357
8270
4282
8253
8665
8256
6116
8016
7134
6387
9609
4257
10106
5950
8564
10604
12487
6452
9666
7613
5448
9634
4712
4787
6382
7988
4463
5719
4561
4109
5013
4647
4859
6961
4929
9967
6360
4455
10348
5443
5997
8912
4815
6991
4887
4850
6065
8649
5812
4350
8331
14583
5817
4572
8221
6879
7100
7781
4797
5258
7587
12006
6687
6154
6551
5697
6865
15395
4875
5114
5382
5567
5231
5221
6107
9009
8493
5644
8089
6202
5217
6682
4888
6722
6814
6652
4569
9107
5119
5989
6346
6248
5219
4219
4620
11658
5533
6406
4699
5347
11402
15356
6133
6166
4603
5505
5612
14296
6376
4633
6420
5379
3208
28524
6342
8014
8819
7739
9320
9464
6245
5945
8503
4847
6459
7553
5488
6393
5590
4955
7008
6257
4266
6338
5066
4741
9982
7702
5152
7513
4436
5750
5046
4120
5669
5359
6833
8370
5226
6205
10138
5743
5946
7699
6250
13624
5205
8756
5247
6570
8342
8420
5159
5100
4910
5746
4915
7805
8230
10766
7661
8988
9548
8540
6075
7027
7464
4919
6061
7149
6387
6088
6441
21685
7719
8643
6392
7297
5916
3560
6055
9180
5611
6407
4803
5578
6115
4566
3170
7644
5040
5690
5522
7925
3127
8622
4568
6717
5769
4838
7843
6198
5957
10193
5592
5869
11161
9199
5943
8615
6229
8221
4542
5131
11200
6003
7299
6294
5233
7569
5709
7311
6793
8354
5881
6035
5904
4588
5117
4832
4967
4619
5926
5927
5516
3956
5314
6818
7183
7264
7483
7241
3861
6892
9166
5099
14515
5152
6363
5428
5361
8623
5205
7415
5679
20520
4852
7034
7553
5512
17890
6736
6646
2387
5853
9093
8192
6446
7069
5785
5316
5286
5762
7503
3982
5218
4461
5951
9008
5104
8709
5043
6128
5903
9498
6164
6053
5446
9763
6192
6312
12735
4553
6832
16913
5417
6307
8528
5282
4447
5223
4635
8908
5960
7032
7588
8245
5053
7030
6360
6270
5417
4647
5148
3901
8957
6456
5405
4804
7442
9680
5945
4381
23151
13015
6159
5071
8203
5367
5982
5075
4776
8406
8700
7161
9515
5635
8304
5174
4639
5136
4621
6717
4575
4570
7589
6300
4941
7083
5496
7146
6277
5624
9007
7574
5723
7156
7953
6276
6715
7411
7504
7645
6236
5518
6161
4554
5498
5974
8891
6856
15121
14760
6305
7786
7026
5485
9258
7711
6785
8107
4475
6477
9563
6447
5977
6562
11243
7302
6032
2762
7586
7033
6501
6808
5950
6487
6324
5521
9040
7516
6147
5622
7142
6303
5958
6426
4611
4160
6873
4566
5184
6392
4650
5376
8941
12020
5070
5586
6003
6145
5461
6578
6495
6498
6118
6162
6732
4754
39391
4973
6494
8929
5968
6167
6243
8416
4992
6078
6782
5815
5813
6863
4516
6990
8081
6155
6541
8117
6363
9084
7769
7489
5349
3590
5000
4985
5171
5700
7204
9009
5555
8555
6981
6518
5298
5028
21243
5119
5668
5452
5229
4565
8752
5968
6416
7050
6491
5085
8404
6051
6326
6188
6134
7513
7207
5452
6964
7098
6153
5324
7150
4206
3521
7729
4897
3951
5596
5342
7438
7397
3906
8268
7779
5528
7148
7079
7135
15661
6605
6528
6459
6876
4446
7874
7158
5613
6309
3501
7727
6623
5656
7742
6450
5992
5249
7948
7561
5080
6140
10805
5952
5687
5149
6241
5903
9131
4824
18779
9765
4488
3984
7722
5956
4449
7675
6052
7081
4529
6584
4869
8106
4637
7722
4276
4333
12024
6447
5975
8348
5132
5903
6486
5620
7149
3919
6044
6523
5014
23832
9861
7026
5288
9166
5616
5416
4789
5630
6417
6117
4796
5802
8819
4970
4798
9019
6249
3890
8044
5572
7328
5136
5352
11408
7915
5821
6463
5009
6696
6555
4782
8426
5026
4128
6637
7807
5679
5895
5295
5275
5778
6853
6004
19495
4193
6762
8560
5262
9136
12105
5890
5957
7637
6486
4698
6629
4864
8729
6261
6487
9244
8354
3577
5096
6679
8373
4962
4612
4400
10804
6598
6673
8276
6329
6555
5717
8771
4408
3411
5941
11786
5601
7955
8090
7663
5295
4670
6317
5886
7008
6735
4738
7159
5610
5655
5345
5375
11897
9433
5691
5231
4500
5396
7658
10246
3926
6544
4698
5785
8561
6905
5745
5714
3350
4948
9729
4972
7289
5480
5369
5143
6672
7629
6092
5113
6603
5236
5859
10353
6627
9928
4818
7096
8667
6212
9128
4992
6716
6273
13129
8549
4851
7159
6273
4993
7854
5351
7322
9776
4386
4627
5588
8811
5141
5533
5160
5498
6600
7700
5102
7071
4523
4423
9970
5505
5397
6364
7660
5952
4794
4717
4416
3901
5970
10152
5468
4885
6986
5923
5095
6841
6292
5675
11320
6225
3861
6387
5066
6397
6631
4824
16988
5872
5894
9593
7397
5199
7501
9206
8024
4462
5562
6743
7059
6640
5781
6213
4763
5288
8063
5382
5510
6677
5195
5023
4684
4924
7718
4925
7438
4826
6626
4980
8898
6785
6014
5957
7162
5430
7431
4829
7482
6773
5553
5823
7174
6547
5776
8760
5282
5542
5482
6800
9549
13515
8284
4827
7721
7990
7888
4237
9251
4290
6173
6924
7911
9323
10920
9445
5888
8189
11390
5146
7651
7074
7979
7792
4996
5207
4737
5125
5775
12301
4387
7792
8300
4388
6016
7850
5561
4630
5608
4609
5373
6281
7210
4621
8210
4620
5180
4909
9639
4399
5203
4625
11029
6737
5196
5570
23636
7247
8557
7422
12420
7407
4830
7884
4042
8837
8723
5426
5031
4192
4985
4795
6564
6479
4828
3930
5742
7636
10844
4335
5635
4616
5577
5958
5597
4410
6568
5392
9516
6902
4758
5140
7540
6907
5132
6828
4106
10108
5094
6015
5646
6183
5206
7844
5930
4699
5718
5435
9572
4686
6667
6426
7270
8436
8295
7764
5888
8564
5911
6261
7770
5075
9031
4951
7198
4505
4814
6998
5278
7062
7818
6798
6853
5070
4791
6444
2504
3820
5087
4509
5954
6494
4946
5342
4267
13960
8339
5824
5631
6377
8421
6216
5911
6578
7041
6573
5403
5110
7990
8164
6044
4872
7484
8847
5743
6375
7801
5865
7002
4369
6446
6618
6162
8767
5104
6271
4140
5303
10142
4029
8229
7100
6876
3935
7620
2666
7980
6581
5687
6754
5789
4932
6124
4377
6465
4270
5941
5595
8724
5398
8841
11329
5325
6963
10251
6001
4844
9270
7860
7126
4969
8614
7249
5344
8691
4775
6843
7118
5795
8865
5360
5253
3874
6333
4122
6111
6748
4413
8557
3937
4634
5380
5339
5319
8875
5975
5477
8386
4544
8058
8436
5717
7065
6559
5220
5477
5937
6296
5214
5607
7127
4947
5079
5833
7184
4456
6340
5967
8239
5107
5538
6066
11139
6987
10542
3850
6033
7040
8977
3739
8855
6469
5169
6781
5347
6909
7917
5119
6789
4748
4657
8181
5352
5249
4681
5836
5344
9302
4890
5207
9522
4639
9406
7656
9271
4712
9281
7207
6736
6459
6182
8416
6125
7395
8209
7542
9224
6259
9099
5661
5547
5863
5018
8771
4025
5369
5895
5218
6932
6366
6074
5922
7014
5186
9093
6731
6673
9877
5337
10599
5721
4784
3835
6896
4816
5981
6038
5495
6925
5265
13155
3522
6546
5502
6442
5077
7231
7011
7330
5375
6124
187508
5909
6469
7548
4853
9409
7060
4941
7095
6098
6543
5430
3961
4614
7705
7232
12064
7375
7113
6536
5843
5817
5513
4995
7275
6131
9065
4282
21421
17114
7241
4793
6261
5064
5308
3678
5580
6902
8954
5453
4976
6286
5161
6035
4517
7300
6284
9039
5982
21376
6620
4548
5748
6871
4151
5308
6768
4287
3155
4940
5897
8458
5525
4606
7280
5984
8149
7657
5530
5277
8596
7384
10149
9905
5344
5568
6579
7635
6716
8956
6461
38179
4899
4308
7450
7221
3956
6237
6022
7277
7231
4387
10568
6567
6517
9143
9951
5174
10998
6180
6621
6699
6659
7012
4899
8528
6375
10839
6647
5810
7690
8229
7155
8056
3516
7666
6112
7950
8280
7709
6240
7928
5504
7469
8165
9032
12238
7030
6367
11643
5741
5817
10864
6869
4681
12061
9482
6789
6154
7808
5228
11010
7701
7686
8204
7227
11554
5439
6057
8021
6795
6776
6909
5497
5986
8499
6030
5514
12919
6146
7283
5586
7275
7381
4816
7007
6524
11933
4976
7526
5130
6216
9128
6697
6858
14891
5081
6880
7308
5868
4434
7577
7660
5915
6815
7261
6653
11078
5851
7875
6042
6284
5278
9788
4970
17425
13892
6282
10343
7901
4932
6204
6900
5679
5214
5033
7831
5361
3465
7808
6579
8801
9476
10215
6656
11764
8127
5876
6783
9173
5528
6069
7099
7168
4947
5785
7033
8699
6398
10274
5230
5788
6089
6580
7318
5418
7120
14257
5806
8214
8325
7234
6425
7260
6884
6485
6776
7886
5864
11513
6939
8526
7167
7966
10186
8021
6054
9082
7351
5828
5909
6256
6759
6997
6898
6114
5797
3648
8052
10159
9500
6854
6068
6183
8548
5338
7762
6552
9887
7139
6705
6217
10223
12474
6272
8137
11004
7107
8536
4977
4606
5849
9352
6210
8711
6801
4596
10357
7307
5545
9915
6309
7159
6032
5835
4962
7924
8361
4215
6239
9806
9791
6790
7192
5914
11462
6576
9332
7663
8043
22146
8576
7254
8276
4505
10854
5670
10612
13476
8231
7280
6635
6708
5299
6348
11496
8533
6186
6814
4182
6698
6898
13401
4608
7051
7028
11194
7049
9068
4060
8189
7059
6413
6902
6121
8890
9583
6538
5442
8169
9649
7056
7799
12821
7668
12942
17120
6096
5680
5611
5688
4265
6716
7005
11173
5398
6337
5645
5783
6511
5387
6541
5914
12247
6326
6654
4863
8850
9201
5416
5963
9481
20271
5814
4528
8394
6333
5375
6535
4174
6318
5989
4138
5094
7281
6805
7570
7169
6376
5264
6466
7060
5422
3822
5383
8401
6373
3316
4578
4935
3921
5124
6877
3541
6030
8122
4683
4692
4598
6822
4838
10269
5550
4472
4637
4712
6187
5916
5071
10930
4535
4631
6572
6435
8498
6089
6615
4676
9604
6131
4925
4369
6389
4615
16138
5781
6019
6001
6343
4541
6748
3064
2652
4880
3885
7415
7032
5404
4986
5922
6525
5876
5015
5811
5618
4742
5160
4509
5123
5417
9305
5950
6547
5438
18759
10090
7155
8458
7266
5864
10363
9542
8437
7395
10443
5706
6210
5167
6257
7187
10307
6211
6517
8242
7202
11101
7857
8199
4512
2459
6192
7797
4306
4180
6579
7456
5827
6435
22613
6656
5908
6387
5318
4750
4495
5483
14532
8085
5681
5958
8427
6699
6552
6691
7161
6715
3797
5997
6135
4694
6219
6170
5373
4650
6885
6711
7493
6916
4992
7945
5796
4918
5760
6571
7853
4026
5937
7136
4856
6498
4650
6907
5693
5506
4415
6407
7829
6041
7778
6159
6055
7345
4971
7573
5692
6236
7131
4154
8735
5368
6184
5925
6234
5778
4915
6432
6240
11993
8642
5308
11253
12167
13157
6851
5352
10886
6696
7075
4655
4368
5047
6680
5209
7113
7751
7713
4276
8272
11519
7339
7965
6675
4497
2600
6096
5897
5459
4822
6120
5351
5551
7304
5282
5418
5167
7753
4503
7410
6380
6968
7077
4763
3631
5613
5031
3910
10066
6753
5987
7785
6553
5186
5940
4962
10081
5311
21378
5688
7348
5666
4916
8123
5875
13044
5851
6201
5450
4776
8567
4460
5379
5257
5024
7433
8369
6180
4509
5683
6985
5018
7709
7916
6072
8055
3318
8254
6418
5559
7950
3589
5193
8521
5062
5099
8907
6587
5586
8314
15619
6526
5416
6201
5642
9713
5035
5899
6699
6303
5612
6478
7692
5536
3897
5181
3914
5777
5605
7239
4824
5629
6454
4928
6794
8098
5551
5699
7829
5312
7800
8118
5863
4417
7480
3746
5174
4304
21987
8095
7183
5850
6097
4830
5032
11208
8064
5750
8972
6673
5712
4325
11735
5119
8021
5418
6716
5233
5513
5125
9534
6758
7147
5121
8853
6696
6099
5021
9438
5876
5135
6789
5801
8542
6312
4868
6204
7172
7773
6991
3549
8683
4033
5206
4607
7058
6633
4990
6569
5919
7674
6682
4800
9247
4607
6200
4570
6119
3497
8596
3639
5325
12009
5702
4581
5361
6857
8129
5237
7484
4272
8249
5573
4437
4529
9549
6934
6372
5333
8147
5349
4625
4948
4926
5700
8313
4874
4768
4951
5137
6099
5919
7331
5781
4022
5005
6811
3746
5372
6416
3551
10884
4934
5006
6460
4630
4086
6175
4971
5685
4872
4978
5113
6096
5735
4046
4081
10676
5208
4856
6787
4742
4943
7746
7021
7144
5011
4657
4942
4316
7843
6140
7280
9099
6722
16247
5143
4643
3316
20919
7311
13439
7140
7051
6445
5827
6341
5717
3446
6525
5402
5150
6824
5039
3783
6860
5350
9334
6087
4636
14184
5109
7945
6966
4345
7567
6522
5170
5319
6972
6034
6659
4466
15438
8465
5056
7790
5279
4708
11503
5320
7307
7284
3765
6595
8577
3996
7700
4661
7103
6420
5450
7782
6002
7211
7153
7027
7079
4670
5060
4268
4058
5273
6210
2636
6445
7038
5770
8405
4569
5046
7084
3846
6777
4769
5844
8443
5280
16706
3135
8245
5252
7069
5383
7203
6660
3634
5290
7919
23417
6079
7185
8061
10161
7229
8212
8014
6281
10230
2815
7182
4360
6264
6741
5369
6869
4782
7109
4874
5861
6337
5538
5838
6645
6426
5368
4754
6385
5344
6396
6148
6596
6600
4525
7404
6990
5118
5755
17590
10013
3815
7163
5755
8763
6187
5362
7160
7542
22073
25718
3835
8540
9936
5596
5930
7047
3327
7878
5864
6019
4557
7770
5615
16457
6159
4186
6594
4829
5718
6440
5657
4997
7127
6582
5307
8500
6252
13345
5926
6099
5493
5476
5721
4645
5832
10683
4508
3834
6684
4876
3803
4705
4130
5745
5273
5530
4361
5539
10884
5054
4283
5346
6967
5780
4399
7473
2807
8198
5542
20634
5600
4264
6610
5753
4060
6049
9988
5066
10175
7443
4721
6470
6100
5321
6280
4686
6372
5709
5553
6219
8393
6651
4188
6322
6159
8304
9201
8891
4379
5720
5520
6129
6386
3988
6979
248771
5086
4402
4913
5279
7761
7069
4857
7090
8880
8683
8304
9565
7329
7996
5701
5328
5855
8080
8533
4923
7901
21506
5291
4628
8736
6485
6553
9130
3910
6736
5952
3309
7337
6212
4623
5949
12695
5054
6684
7971
6520
2163
4884
4250
7264
7505
6388
5599
5026
3737
5923
5250
8735
7303
5091
5683
9816
4415
6599
10325
4695
5297
20778
6173
6835
8459
6962
8676
3903
11108
11042
5920
4628
6579
5168
7288
8573
4775
5390
6729
5509
8894
11468
6198
5514
5269
4721
7092
5468
7393
6842
5994
6832
8577
6441
5857
4704
4890
5294
5724
5125
12350
6605
5032
7281
5357
4616
6280
6748
8260
7335
4389
5497
8147
3732
11097
6929
6581
5780
4646
6943
5113
23980
5243
7063
10006
6443
6772
4851
5227
7917
4432
10453
6241
6923
7831
6758
6563
5673
14389
4383
6052
6811
5443
4480
6037
5369
5595
6497
7279
6202
5629
6070
7284
4996
9982
7444
7098
8340
6616
4451
6177
8634
6652
7898
7026
5582
5635
6596
6152
7640
6083
5159
9835
4962
5833
5411
6646
4453
5229
5440
7800
4958
6415
8546
8194
6457
5922
8937
8000
6093
10826
8285
7767
6537
6226
7812
3439
9272
3806
8887
6081
6015
5764
6602
10271
4099
6390
6663
8059
4846
5999
8605
7601
7137
8520
4461
5017
4855
4108
6533
5857
7205
4923
7282
6777
7270
4655
4959
7369
7143
4039
7557
5323
11208
6322
6670
5988
8056
7141
6078
5994
2765
5921
5241
4932
6192
7349
11518
6637
5899
7090
6132
6187
6323
6168
8180
10544
6493
5867
4997
5468
4759
4835
4532
7903
10408
5975
7016
4121
6141
6286
7998
4529
14985
4666
3491
7505
4840
6371
5394
5909
5739
6764
4890
7011
5982
5337
5831
5585
5232
6927
4560
5910
4493
5179
5637
7268
6139
4572
11799
5067
4478
9543
5803
3642
7657
4264
7719
5453
6991
13186
7540
7996
5766
5544
5162
6617
6507
4023
5806
6022
7622
6964
5535
4970
7716
17431
8715
7431
4304
5511
7721
5564
8943
6031
5377
5591
8494
5367
5434
7503
4525
6729
7640
4683
11918
4267
17390
7158
5069
8350
4534
4595
5160
7962
4572
4182
5470
6776
8121
8747
4016
9316
5662
8003
6458
5960
7440
5511
6168
9364
5064
4798
4276
5835
9656
5142
7416
6596
6035
4565
4980
7791
4658
6358
8875
6221
4219
7771
5799
5602
5220
5920
6652
6187
4853
7293
8398
5042
6022
6113
7054
7793
4511
4311
7157
5971
7201
7169
5493
8039
10791
4610
4808
7310
4982
7174
8271
7423
6310
9064
8138
8061
4963
4721
6356
5326
5368
6409
6663
5738
4378
4686
4968
11967
5696
6659
8220
5790
5235
6476
5838
7471
4798
4823
4638
7129
8374
8609
9240
6010
8206
5919
4560
5815
10959
4450
18406
4974
6200
7170
5615
5725
6337
4785
8761
6183
6079
8780
7016
6569
12359
5474
4957
6008
7444
4616
9110
6987
4320
13664
6346
7030
6323
18930
6034
12130
4499
5140
6343
5188
8059
8151
4735
7199
6671
5637
4935
5304
6428
6665
5725
5067
8385
4888
7913
5327
4417
6173
5204
7241
4129
5759
6238
5953
5875
5371
50563
3823
5982
6158
6256
12129
4118
7563
6856
5571
3911
5983
6516
9242
5371
6618
5432
5806
5755
6911
8147
7732
7587
4803
6488
6436
5598
6795
10476
7157
24584
5702
6261
5659
7199
4833
5389
7761
5166
5714
4868
9460
7340
5732
4962
8779
4860
9248
6656
4104
4221
6047
6131
4009
9905
6003
8135
4830
6075
8369
4809
6419
6415
5612
5885
7991
4204
7008
10266
8267
8283
4655
5261
6256
4961
4756
8841
5499
5902
5398
5224
6746
7574
4803
6832
9360
6214
5145
4726
5477
8687
5891
5132
6487
7059
6606
6877
5452
6151
8053
3912
5963
7749
7670
5773
4571
3512
6314
9792
5124
7769
6037
3624
4553
6661
4573
9133
9521
6265
5852
6799
6072
8086
4718
5485
6920
4651
5026
10654
4990
5949
9688
5427
6162
5958
5409
4696
6067
3865
7297
8939
7928
7620
5850
4869
5994
5209
11526
6808
5231
9802
4953
4358
5017
7642
4258
7240
4721
7420
8068
6506
6575
4809
5244
6877
6857
9322
7068
4306
6738
7218
7304
7073
7449
6948
6546
6411
6364
5366
10545
4258
7543
8668
9844
9370
5861
4726
6095
5137
4473
7299
8528
11377
4604
5868
6543
5020
4151
6441
6651
4114
3308
4448
4717
6473
4170
8391
7005
6858
6395
7852
4946
6567
3683
5441
10216
4703
3607
8112
5877
5598
13449
6619
9126
4891
6361
7939
5917
7979
7082
5694
5151
12940
9035
8237
8823
4747
4516
6939
5217
6614
6426
5593
4801
8419
6074
8396
6355
4771
6817
7268
8940
7260
8660
8223
11041
5083
5206
7456
4663
5827
6849
4503
8215
7842
5121
6343
7441
7062
9801
5448
8228
8093
6245
5548
2985
8252
7275
7431
6258
5481
12113
5392
9658
9460
7562
3490
4670
7036
7773
7587
4429
9830
8688
6529
5493
7054
5953
9375
5501
5010
2938
3925
5104
3515
5088
6172
8346
8086
3961
9319
5730
20370
8542
5065
7161
6304
5985
6747
5302
6283
4345
5162
4628
8017
4050
8360
5320
5839
3814
6428
6383
4762
7057
4568
6631
7873
5442
4927
3734
7917
5167
5534
7800
3198
4867
3887
8548
6187
14877
7510
6109
5832
8538
5725
4148
8387
7584
5804
6856
5759
5359
6142
4178
5240
6130
4230
8402
7131
6721
7326
5708
9949
7414
5494
5882
6209
4662
5132
5266
3839
7510
5330
7445
4803
5738
5886
6155
5767
10402
4557
6778
7006
4106
5333
6856
8263
5535
5246
8142
4861
7157
4386
7489
4800
5603
10093
5376
6652
5795
3563
5686
8459
10044
4830
9785
9546
7227
6930
6171
3713
6674
4872
5612
12232
4217
5693
9161
3492
5777
4778
5047
6259
4383
5742
6946
13172
5618
5016
6750
4990
4272
8045
6506
11212
6827
4432
8401
7246
7567
5297
5451
11688
8058
5954
7882
6933
4439
5901
5643
5885
12158
5669
5582
8139
6078
9382
7027
8041
14953
6236
7636
6737
4666
6317
6161
5435
8526
6706
4206
7261
4609
6101
5647
13193
5776
10417
6682
6555
5567
10022
4495
4860
12496
4052
10931
6365
5775
4520
6484
2201
6088
5969
6090
6852
5872
6782
6232
5047
7887
5793
6909
5939
5393
4602
5501
5500
5868
4466
5075
4373
4463
5800
4236
6192
5115
9394
9261
7426
8820
3802
6412
15111
4588
4155
5699
6745
4755
3856
3968
6260
3894
4958
6347
4084
5117
6507
7556
6682
4747
4441
6457
10509
5103
6807
7823
5107
5932
7584
6274
6984
6363
5997
5395
13403
5023
7931
6048
5552
6213
5723
6601
7641
6775
7013
9422
6382
7245
4604
4492
2223
3925
6276
7226
6471
4375
5536
5286
6083
9044
4382
9374
5170
4534
8128
7318
4658
6139
6390
5534
7482
4891
5017
4578
7692
16341
9109
8275
12045
7121
5369
110742
7503
7866
5924
6608
6529
4582
6990
4819
6285
8293
6502
7768
7452
7099
5933
5474
6306
5304
8335
6733
4649
8598
9622
5063
9364
8627
5337
6203
8032
4318
6992
5051
5737
6939
5561
7110
7260
7439
6104
5489
22246
15545
3843
7076
5500
7266
4157
5750
4861
7356
4388
5164
8753
6410
6008
10436
6069
17711
7471
5205
8299
10453
6390
7223
16958
3106
5446
7419
4792
7546
9359
5425
6714
6123
6294
6529
7077
6474
6604
5548
20258
4838
6308
4768
4614
6047
6127
5363
4336
4507
5148
4609
6299
7133
6525
11967
5117
6196
10439
4534
3945
3842
6477
5556
8477
4493
5113
6596
6763
6648
4924
4513
7436
6698
5903
6311
4537
11041
6167
7959
5695
6180
6297
5019
3714
4509
6166
3087
4637
6257
5165
5399
10826
5107
6548
13098
4509
6507
4416
4795
4271
9424
6175
4931
5132
7714
6210
7366
7610
3937
4455
5092
4601
6872
6744
15644
4301
6529
11356
5942
3930
5975
4823
5408
7478
4573
6163
6074
5742
6675
4847
13412
7791
6903
7323
6296
4193
6023
21462
4906
4934
10412
5296
6345
6100
6838
4884
5151
3856
3040
12230
5931
6681
5279
6389
10374
6311
7672
5682
6381
6593
4868
6244
7162
7053
5842
5887
6079
4232
5213
5821
8414
4798
5077
10478
3680
6119
4178
5775
5396
4772
4802
4835
6860
5309
7039
5694
8228
8646
6036
4615
4537
5614
2936
10596
5487
6960
7062
7008
6049
4466
5978
6727
8278
5255
4496
4381
6546
6710
6766
5029
5412
5306
6630
4970
4898
5935
9397
5328
4381
4954
6612
6865
4501
9329
5211
6062
6010
7013
5064
6894
21072
6873
5686
6969
6623
6591
8973
5810
5067
8859
4616
5822
7494
5718
4612
7065
6709
4968
4639
8059
10155
30746
6836
7127
5147
5834
21192
4746
8055
4142
5933
4333
5795
6794
5784
6611
6892
8598
5471
4257
5544
6529
5725
5549
6807
6765
4322
5125
3609
4883
5340
11011
6081
4708
6102
5666
6415
6328
6838
5733
6557
3490
9435
5124
5927
6168
5598
5231
7472
4329
7750
4634
5615
4464
7057
7079
7577
5363
6070
7489
7610
5318
4251
4936
7320
9013
6303
5233
7842
4508
5139
6973
5648
5650
10304
4846
5699
6030
5091
4166
5468
7102
5128
5954
6498
4897
9379
7910
5044
6575
6045
6217
6712
9042
6768
5021
4935
6721
4411
7819
6792
4701
5083
4921
3978
5260
6911
5265
5327
6867
6425
8754
7078
10628
8383
5094
6063
9974
6155
6942
4497
6620
7370
4844
7717
8780
4347
5528
9403
8378
10038
2586
9376
6772
8829
8728
8317
7908
6073
6349
5863
6718
4259
3728
5612
6278
4047
6693
7768
4536
7355
6990
5643
6492
4739
10372
5845
7406
8861
6054
3328
4453
5284
5886
6325
5942
3970
6411
5731
4708
8251
5273
4657
7741
4625
4497
5108
7084
6195
7098
5130
4956
5775
4713
7855
18560
6133
10182
4440
6367
6571
7136
13679
5233
5660
5958
5434
6273
10096
7343
7110
4766
6752
5486
5384
6670
4366
5499
6223
6917
5318
6977
5432
6369
6798
6381
8057
6638
4553
5537
4980
8111
7223
5877
6386
5419
4951
6643
7052
2512
4499
4490
5613
4387
7299
8230
7191
5306
8467
8616
4333
12378
5691
2882
4687
6792
4956
7929
5438
7025
5649
5209
3177
5708
6105
9609
9247
5076
5487
7683
4807
9677
6386
4715
10419
5205
3575
6314
6501
4584
6929
4642
9102
4061
7190
8037
6597
6269
5324
4769
6533
11065
4726
7333
7946
5283
6571
5161
5986
5816
5173
8126
11307
5414
7507
4614
9738
6094
4116
5628
8700
4741
6599
5017
4533
6372
3484
6261
4822
5771
7412
5212
7443
6372
7523
8833
5850
4486
7717
4657
6476
5185
4346
8178
4535
7056
4877
5198
4611
4797
9717
6505
5626
6571
7523
6149
5509
11589
6123
6309
7868
3158
5666
7116
10439
7024
5482
5032
4413
6037
7196
5808
6935
10475
4540
4227
6597
6464
3686
6714
5022
5291
6551
6183
5109
9286
7102
8955
8999
6997
7346
8934
7343
6763
6354
5946
8205
6520
6511
5760
8088
4730
6484
4349
6623
5085
7315
5883
4810
5907
7759
6006
5443
7188
9554
7343
8026
5186
6105
6588
7678
4407
4945
4860
5400
6405
4386
5839
8319
7549
5025
4984
8304
5084
5609
5050
12820
8997
4821
5858
8116
4249
7008
6486
3783
4483
3961
4427
4495
7427
7141
5010
5986
5003
5950
4876
6196
4892
7219
5843
8332
6077
4763
5203
6473
6139
9365
2944
8333
4811
5980
5548
7346
6648
6478
9629
7988
3492
6763
7107
6860
7497
7154
6469
20764
5111
5744
4445
5452
4486
22112
5232
4846
5410
6960
4368
6038
8139
4632
7226
3934
6204
6279
6458
7081
6106
5782
4576
9209
6538
8524
6340
4402
7616
5959
5870
7828
6147
6465
3719
6861
5767
9859
6482
4247
8719
4577
6908
5085
4692
7193
7014
5491
4375
6541
5863
6153
7538
7144
5191
5434
7689
11252
4445
4999
6910
8957
5654
5025
4707
5220
4542
5697
5750
6107
5578
8642
5954
6484
11224
3951
6059
5439
5484
6193
4596
6653
4075
5270
4991
5454
5889
7675
6725
5169
3938
4718
4902
6064
4357
3888
6307
4682
4316
9453
8663
26978
4163
5551
5431
6415
4505
5292
5147
6830
5200
5070
5554
9411
6400
5039
6071
4752
5384
8239
5436
5737
8006
7215
6545
4968
5917
6985
4022
7143
5532
8499
5562
6993
5479
5226
2600
2782
3965
6597
8741
6582
5462
5371
7489
14092
7080
8372
6423
5145
7535
3334
5995
10816
4849
6418
2966
5833
5866
6218
10736
5324
9611
4439
5990
7100
4588
7013
6659
4833
2852
10390
5066
8561
6385
5838
6381
5494
5913
8163
7131
4971
5698
6168
4877
5809
4776
8543
8098
4538
8861
6961
8040
3670
5647
4471
7550
4619
7154
5874
3446
7403
9281
7156
5703
5654
3997
8687
7482
4390
7647
6027
7057
4384
5359
6545
5709
5509
4347
4890
7208
8703
5263
5494
6965
7477
6214
5529
6971
6231
6885
6583
6424
6914
6364
6056
9867
5092
4411
8885
6627
5050
4706
6502
5049
7292
4442
6293
3668
6952
8353
7642
6441
5773
6249
6141
4759
7693
15451
6657
3705
6331
7226
4751
4538
4850
4643
11833
8452
6494
5543
7529
5311
7341
6113
6926
9523
6838
4805
5925
7301
4143
10122
5500
3677
4545
7328
6803
6514
4885
10396
5805
6051
6107
7382
6991
9715
4735
5793
6943
10843
3947
4443
7020
5275
5733
8828
5469
5040
4326
9845
4412
4653
8143
10889
5580
4638
5010
7087
6209
4830
5074
4493
5236
5890
4176
5898
5779
4169
7099
5284
5558
3892
5271
5403
6611
5673
3846
4512
6611
4328
5499
5632
8891
6168
5061
7173
6003
5554
4919
7122
5785
8862
19701
4193
5511
5132
7347
6149
8040
8174
5125
5337
5489
7874
6688
7371
5545
6594
4969
8962
5381
4680
7073
5418
16277
4924
5833
5441
7540
6283
5999
7120
8253
12660
5088
5510
5023
7548
4656
5312
5553
6230
3581
7536
6977
6158
8403
18225
6913
3741
5947
5316
4418
5417
6021
6625
8098
4778
8167
8300
5150
7656
7157
3669
5498
5939
4813
5627
4583
4773
5076
5306
9930
5858
6312
6307
4348
4465
4825
6075
6119
6989
4881
4974
4261
9879
8848
6967
7889
4481
5269
4869
6120
5259
6538
4576
6150
4662
4468
5861
4629
4790
4538
4781
5449
4768
5069
7664
5178
8545
5918
7306
8886
6367
5043
10479
7955
4827
4107
6547
6612
2564
9107
5483
5989
7205
4562
6956
4620
4834
6505
7085
4658
4133
5203
4735
5493
7388
6302
6230
4327
5996
7196
4319
6104
7848
5394
5663
4364
5460
6778
5475
3992
6388
4928
5325
5213
6410
21166
4394
5354
9120
5384
6424
6876
6656
7531
4859
8390
6160
5158
7948
9604
4474
8364
1893
5449
4190
5003
3645
11042
6084
6153
8590
6470
7448
4430
4863
7151
6624
5484
4927
6944
6280
5926
7267
5441
6461
6618
5166
5822
5081
5262
4936
8222
7815
5728
5471
5515
5721
7309
5976
6945
4656
4347
6486
38226
9008
5976
5786
4861
7161
5612
8062
4148
5936
7006
5378
4302
6528
5261
5245
5806
7339
8160
4591
9422
7463
6469
6850
6529
5253
9171
5633
7342
6777
4535
6406
4900
4407
4086
6606
5101
10071
6186
4398
9024
8675
6140
7896
5737
5612
3919
8030
5149
4615
5015
4885
3853
6651
11134
4543
5485
6737
8233
4497
6177
5460
5533
4897
5564
12189
5473
5935
4765
5444
4634
8702
5853
3594
3464
7686
5921
4666
4246
5300
21799
4914
6053
5753
6407
5056
6049
6119
6279
5573
7120
7726
6961
4795
3647
5386
6571
11107
4123
4900
4920
4570
7008
5266
5210
4998
5394
6707
6639
5748
5965
4423
6788
6888
7110
5728
6123
5592
6814
5669
9806
6985
4495
5045
5612
4654
4327
4643
7009
4909
6257
10155
5393
5311
12055
5145
4496
8206
5233
5927
6740
6447
6704
10065
6203
5940
4567
5142
6275
6408
5350
5186
5622
4915
5572
6360
10493
6919
8760
6135
5375
4586
8405
7597
4589
6591
5591
8683
5862
2697
6805
5807
4284
9578
6765
6774
7888
5580
5335
9281
4830
5075
6208
4654
10207
4441
4219
4554
4425
4991
7116
4955
5404
10105
6165
6372
6501
4930
4447
7131
6736
10126
3753
6187
6718
7084
6054
5114
4925
3324
5676
5584
6463
5858
17351
3783
2866
4596
20888
5187
6646
4328
5204
6928
4095
6462
5981
6631
4052
3668
4356
5132
4118
5797
5048
11994
5221
6572
4992
5058
6230
4975
4778
4568
3798
5506
6177
7492
5367
5972
5933
6180
7300
7600
11288
6753
4940
4211
7057
6472
6137
7528
9001
6197
7212
6175
6692
4331
4738
6777
5041
5409
6566
3994
6083
6913
3736
8286
6177
6222
8598
5235
5869
3764
4800
3126
7621
8651
7317
4226
4912
6379
3769
8331
6162
8790
8381
5802
4004
4957
6883
3924
4332
4962
5752
6814
7258
5135
3348
8472
9709
5548
5232
5587
4816
5838
11087
5062
4829
6673
6528
3601
5946
4235
8034
5761
8292
6544
4997
6783
3726
4089
7564
5724
3981
5258
8400
5862
6104
7543
6817
5541
6075
6139
6036
6247
6789
5523
7168
9099
7110
5295
6233
3976
6256
5731
5374
6289
11591
8852
6308
6176
6646
5567
5665
5198
9560
4771
4472
3509
6334
7525
14234
6364
6241
4095
5035
5320
5448
5460
6133
5695
7468
6636
9869
6427
4771
6527
7267
6719
5179
5477
5828
4624
8621
6418
4878
4526
6506
6533
3786
7807
5112
4887
6412
2995
5181
4949
5458
5036
5344
6524
5142
4989
12592
5334
6173
10080
7599
6976
7937
5527
5470
4707
3787
4853
4132
4408
8070
6051
6337
6147
5181
4232
6837
5877
6513
8066
5577
6201
4472
7845
6034
5941
6836
3945
5589
5284
7116
5930
6486
13089
4669
5793
8304
6714
5502
3293
4575
5247
7465
7167
5985
6161
6261
4884
5007
5486
3390
8313
6458
7312
5367
5006
8660
12280
4995
5601
8512
4681
5842
5957
5176
4104
8106
4970
6356
5062
4385
6360
5890
5774
7053
7017
5879
5228
4965
4673
6990
5612
7044
7695
7075
5225
4840
6167
6343
5485
12426
5927
4639
6797
8637
5528
7581
4456
7010
3320
4939
36612
5332
4654
4673
10029
4648
6744
6439
5799
7743
5237
4512
5222
9086
4961
6511
5043
5551
6766
9616
5605
4957
6214
6225
4782
6993
6416
6995
5157
4782
5769
11944
5304
5235
27834
6542
5347
5454
5285
4414
7357
7821
4675
4290
5209
6229
4875
4935
6180
7271
4848
7994
7567
5093
6355
4248
4148
7632
5807
5424
7227
7934
6055
7833
4187
8785
4042
7741
5239
6525
6005
7429
9728
5871
7007
3598
5339
10028
6058
5285
7636
6463
5217
5797
4241
5573
4879
7751
4671
6872
5249
6043
7252
5229
6567
5099
6233
5739
4467
6370
4534
5464
4677
6326
5373
4923
4921
6795
19393
5810
7071
12448
2720
5543
11694
7052
5007
4199
6371
3561
5586
5952
8950
5003
7947
5760
4582
4884
6647
8563
6358
6915
6017
4965
8478
5601
4218
11511
4264
5641
9173
6819
5110
4462
6456
5748
4981
4454
8921
5840
5846
8551
7331
10544
5465
5009
23331
6646
9608
4674
4888
7254
5216
6446
7554
5985
4849
5674
8196
4142
5652
5459
6106
6637
5252
5925
6564
4752
4844
5440
4303
8319
5922
6733
4964
7608
6725
4106
5103
8128
7073
4761
4495
9319
4619
6240
3733
4975
5497
11050
9950
5969
6803
7079
8973
7739
5606
4369
8438
5031
5857
5810
5934
7534
7136
7531
6952
6896
7188
5078
10774
7691
6603
10379
6062
6411
5886
5254
4013
22599
3788
4438
7224
8632
6028
4381
7462
5225
5781
8101
4881
4427
8783
4810
5136
4968
7273
5934
7088
6202
6525
6573
6160
7288
5391
5405
7000
11738
4737
6115
5171
5676
5122
5382
5394
5884
9636
9493
4559
3989
11006
8255
8090
7281
3248
6515
7058
4312
6647
6301
4708
6793
4684
6982
5621
7461
5675
4458
4892
9951
7751
5448
6718
11616
9146
5160
5025
4599
4534
4280
8649
5317
4423
10004
7674
7853
6230
7301
5989
3704
5142
4752
10793
5509
3892
10615
6577
7380
8466
4811
4989
4330
7475
6990
5011
3801
5559
7293
8278
5848
6431
3929
3837
6938
8749
4458
4566
4936
4990
5353
6122
5344
6244
5256
6932
4215
5070
6905
5927
11347
4850
5886
5753
7996
6380
8416
6802
6973
6947
10483
4645
9429
4817
4395
7725
6376
6740
5457
5152
9485
5740
5448
8348
6626
4943
6560
6537
4932
6514
5615
5722
4713
5803
4789
7190
6300
8094
10376
4670
5777
8119
6622
7363
3995
6417
7126
7588
5168
5258
7230
6657
7388
4715
5566
2306
5404
7881
5534
6785
6090
7656
6357
5361
6315
6567
8814
4556
5686
5614
7076
5724
6932
4957
4015
2578
8214
6342
10362
6600
5459
5387
5517
4674
5338
4031
5612
6279
5345
9847
5511
6006
7863
6031
5296
7459
5801
5659
5748
4595
10019
8283
3718
16064
5775
7825
9464
4845
7147
9277
4645
8352
5976
8014
5539
6568
6230
9140
5013
5131
5805
6247
7355
4845
4882
6720
5162
6343
5936
6308
4418
6558
5144
6907
6329
5007
9348
4523
5182
11072
6562
5665
4266
8334
4564
5548
4890
6068
7846
5399
4439
9506
9569
7864
6192
4877
5417
7768
5301
6258
6185
5269
5919
6778
5402
4275
6141
5354
6018
7531
7792
4710
4994
4247
8423
5569
5828
6927
6746
6218
5971
4278
4800
6811
6760
4987
5440
5824
6513
6230
5992
6483
9031
6246
4988
5330
11997
4956
5545
4527
12021
7701
4894
5015
6261
4401
5632
3724
5371
6474
4675
4847
5337
5584
5985
6270
5246
4852
7902
6229
5745
4104
4381
7147
5891
5622
6303
6064
3991
12456
5800
4623
8269
5312
6262
2942
6038
6596
5332
5282
5044
6290
4674
6912
5287
4587
8801
4648
5113
6972
5481
6118
6390
5093
6792
4103
5334
10870
10253
5986
5535
5355
4732
6076
10167
8174
6662
3865
5927
6154
6016
7271
6073
7703
6166
7744
4815
13428
4174
8340
4459
14526
5598
6826
5371
6334
5189
4086
4205
13557
8538
6658
5984
6096
4529
5792
6387
4727
8267
7674
5518
6735
4297
6969
5207
5613
5071
4503
5218
8830
5142
5456
5530
5324
6349
4780
5421
7670
5036
4782
8623
5714
3897
5125
4828
4841
6257
5930
7421
3881
6338
4475
8560
5330
5515
5461
5182
3016
7110
11047
7252
4573
5383
4805
5320
6530
5748
5956
8204
4733
5752
4665
7410
7744
5672
5842
6016
4371
9791
6091
6502
7017
4722
5697
4745
5130
7710
5814
6341
8094
8476
5062
4237
6055
7742
5491
7262
6607
7703
6451
9933
7827
4724
5875
4676
7663
6926
6827
4989
7067
5179
4847
11031
9974
5348
6122
6536
4991
13014
5339
7589
5207
4462
7943
5925
8571
6172
4623
6534
5275
7855
4586
5560
7102
5559
11027
7384
6599
5218
11397
3112
5510
5247
8104
5271
9108
4979
4637
5302
9852
4048
19950
10175
5033
4726
4020
4268
9290
4399
4971
6840
17437
5037
3725
7143
5295
7794
4750
6293
6624
4527
5895
5565
6656
7021
5834
5430
5578
4954
6071
12053
4122
6434
6028
6668
4943
6919
4585
5525
4826
9595
4964
6698
4812
7138
7203
6271
5277
5245
6136
6505
5093
7619
6126
5996
5870
25232
4387
5851
5269
6153
6728
5715
5232
7614
5046
5664
7030
3971
5057
3949
6909
4486
7540
4151
4982
8375
5147
5650
7927
5669
5372
5269
5286
8529
4852
5203
7201
7162
6945
5114
17118
8998
5219
5746
6924
4391
6392
6254
6054
3708
4689
9697
4507
9409
7049
5965
6839
7386
5282
9413
7108
6090
10391
5943
21165
5893
6113
6863
3301
6374
5834
4681
5684
11568
6787
6043
4823
6028
7083
4544
6550
6840
4998
6671
6788
5386
5375
7352
6842
6504
6340
4973
9836
7708
4657
6415
6104
7306
4210
3834
7547
5283
9663
5209
8185
8127
4547
7200
5739
8446
4210
5842
4754
6922
8625
7645
7575
4908
6679
3809
10603
7156
6660
5959
5024
7659
5583
6741
8083
3985
6757
7279
4464
5738
8594
5389
5490
5621
6034
6764
5924
14565
6841
6781
6763
5335
5995
5927
10164
6897
4645
6469
7524
5733
5537
4628
7584
7323
5058
6896
7096
6621
5382
5558
4122
4735
6147
4861
3448
6274
8991
7995
4554
6935
5146
5500
3346
5644
4343
5792
6736
5217
6449
4608
6556
5224
4508
6752
4545
6170
4681
10378
7061
7214
9245
7119
5168
5551
7049
4568
14416
6921
6209
6293
6624
7327
9646
5761
6033
7555
6139
6013
5467
5620
9800
4325
6193
7273
6345
4188
10436
5096
5603
5118
4206
4650
3419
5307
7106
5026
3964
4455
4324
5446
12950
5834
6559
6665
5986
132531
5423
5072
5426
4313
8704
5015
5627
3782
4807
7847
4103
9714
5189
10623
7219
5656
6694
7160
5656
7378
6341
7589
4053
5745
4069
8383
6083
8774
4703
4127
7151
6893
5696
6915
7371
5677
5461
7553
5033
6290
6755
5007
4888
5874
5882
4746
5909
5130
7445
18516
6288
6831
5604
6475
14264
3831
6188
5416
7450
5978
4253
6601
8113
4306
6159
4904
6137
6461
6717
3402
7910
5792
5608
8442
8780
7212
4808
9669
5182
5460
9190
8155
4209
5476
5340
6629
6234
4201
4293
7941
6070
9214
7091
5234
5273
5871
3308
8895
6959
5842
5167
6206
6503
7333
6437
7310
4292
8253
7452
4599
3740
6946
4558
5844
4203
9908
6131
6198
9886
7872
4201
13512
7361
8493
5832
4889
6929
4658
8429
4482
5378
7322
5826
7955
5312
5491
8086
5355
5892
8022
8364
5604
4380
5050
4088
6371
7633
7176
5539
8090
4186
4940
7492
4320
4433
6063
6984
7640
4067
5725
7249
11698
4070
6744
5986
6563
5475
6309
7460
7943
8482
5127
5066
8279
6782
4718
5467
5845
8527
6665
8875
6205
5280
5642
4720
5783
3776
7004
14983
4336
5035
6576
7958
4439
5979
7993
8361
6109
7103
2930
6755
5727
6155
5622
7040
5868
9379
11644
4179
5633
4273
6314
6573
5545
6773
4016
3485
7140
6182
8687
8221
6638
6760
5906
9544
5499
7277
6931
11861
6546
9648
6612
6617
7564
6593
4104
6304
5743
5514
5766
5866
5859
4212
5039
6721
5747
3560
7004
7238
4709
4849
5660
7264
9898
6123
5533
6573
2597
4771
5473
6496
5261
5004
5205
3800
8269
6367
7287
8096
4887
4494
6421
6645
4441
7133
6694
12012
6683
5741
9163
6018
7400
6752
4033
6335
5870
10095
7052
4047
4249
5165
7103
4753
6171
5500
9141
6045
3934
6377
7637
5275
10446
4760
6135
20138
11180
5749
6208
7498
10350
9815
4352
6088
16819
10301
6736
5068
2718
9525
16135
3831
6348
6899
5412
5065
5059
4487
6590
3055
4770
6564
17466
8422
5174
7951
6585
6326
9619
5635
6447
10315
5315
5971
7351
4293
7369
6400
6174
9689
5803
5411
8610
4983
6884
7383
5896
4836
5595
6449
6125
7768
7312
8363
6396
5072
8664
6352
5678
4602
7027
4720
6432
15931
5977
6929
7164
5063
12228
8570
4712
6437
5334
7321
6875
4605
6474
8960
5740
8659
4523
5422
7392
8102
3585
11671
4835
5489
6796
37203
6884
6619
5686
5801
6494
4946
4898
5883
6023
6851
4868
5805
6296
4728
8496
7159
4928
11078
10982
5610
6600
4706
3942
6729
5280
7099
6831
8268
7717
5863
4493
3370
5098
5139
5885
6753
5834
5984
5172
8317
7157
6377
4298
8009
8093
7339
7283
7526
4777
4866
5077
4420
7898
4552
6475
5605
4914
6341
4685
4152
6674
8763
5524
6218
5697
6055
4964
6475
6983
8222
9965
8836
9117
7974
9455
6949
7226
12134
8511
5754
7291
6154
6112
4889
4751
4265
5312
8766
9359
7637
8335
9788
6261
21159
8764
7955
5504
8919
5521
4431
6656
5145
4372
7485
4629
5345
11678
6662
4997
4424
6370
9151
5815
4616
5490
6471
8312
7551
6891
6202
7853
5995
4796
7596
5402
7850
6890
6257
7299
6035
12518
6299
6016
3682
8860
5099
5595
6395
4603
5172
8476
7344
4143
7427
7896
4749
4611
6293
12045
6484
5326
10199
4426
5395
6537
13875
4400
5524
6738
5936
7884
4820
7950
5695
3978
7064
4656
4813
7186
5011
4907
5968
6143
5367
8415
14132
6660
7202
5396
4753
8203
6213
4898
6404
5663
4628
7664
6525
4287
7035
6510
9292
4964
6452
5681
4631
5484
6283
17869
7783
9111
6975
8869
7382
3682
4695
6103
6808
6154
7501
5665
6461
5094
3726
4260
4531
5747
6139
6181
4480
8560
5404
8556
6169
5067
4349
2451
6117
6519
7321
5476
4427
6728
7914
4462
4016
7226
6749
4469
5166
5386
5430
5105
6831
8363
3541
8114
6607
7941
4887
9389
11030
5927
10751
6491
7171
5408
5475
5316
4500
6899
20420
5784
8231
8637
4843
9478
6030
7571
7078
6042
16422
6302
4661
7617
22612
5138
8029
4870
5073
5905
6826
6236
7059
5720
5222
7034
6205
6356
8810
4732
3018
4981
5028
5205
5255
3930
3570
4552
4585
6082
6434
8293
6568
6443
7525
5486
8413
7002
5995
6835
5826
5235
9856
3797
5002
6576
6645
6014
6527
8188
5620
7602
4832
6995
14871
6565
4920
5151
6220
10082
5382
4962
7784
6669
4308
4209
4719
8451
4802
7101
6587
5584
4695
3561
6736
6160
8810
6832
5850
8051
4580
10041
5187
6522
7784
6653
4557
3827
5703
7749
6360
6388
5556
5089
5228
6209
6229
5223
6786
12230
4972
7002
7933
6521
7612
6336
7406
6025
5220
6019
8244
4679
5518
3945
8006
4625
4868
3545
5841
6835
7488
4531
8794
5039
5089
7770
6665
4508
8024
6414
8352
10489
7808
4304
5076
4323
7381
4570
5888
7328
5514
5013
6789
5109
4437
8426
4999
5916
6810
8825
6865
6401
5937
5896
7415
4973
7897
6466
5309
5017
4808
5652
6692
5180
6813
4541
8077
8699
5948
4727
6113
9512
6964
6689
6471
9338
8532
4811
4944
9834
15742
3783
7563
5373
6193
6292
7606
7833
5618
7601
6104
4197
4804
8570
6445
5961
6379
7459
6089
2548
4736
5784
9427
5373
4427
9954
4968
6643
6823
5042
7441
4872
5168
4995
4317
6544
6996
4471
9470
7154
13922
5942
5518
6970
8097
8446
6363
7091
41404
7168
7490
5853
8174
8171
6528
4488
6463
4977
8812
9347
6251
5985
3609
5878
6318
6328
6258
4772
8634
5839
3959
6623
9263
10715
12440
5198
5205
6083
5565
12719
6611
5255
8365
3599
4822
6668
5334
7682
7822
5219
8647
6851
10505
6853
7043
4547
9412
10332
6482
7354
9463
5148
4606
7301
8985
5980
5145
5327
4271
4677
9194
3884
4596
7090
11677
4293
4324
8791
8155
5271
7222
5668
6787
4151
5275
4850
11269
5344
5191
7552
6123
3775
8251
4498
8587
4245
6758
5802
7655
5935
6767
7720
5556
10171
4730
18493
6509
6208
8133
7400
4909
4291
4762
5483
8503
7236
6794
7992
7188
4623
5083
7226
5410
4287
7914
6111
8278
8316
8596
5181
6920
9523
5991
5132
5183
5747
6404
8039
5955
6580
6671
6192
4707
8435
4099
8704
7533
5550
7608
5045
5852
7712
7613
7296
7392
6540
5244
4929
4133
5940
5346
5434
5382
5343
5143
6783
6902
5193
5761
7286
6278
5289
5986
8082
8387
5799
6057
10551
5285
6637
5716
5703
24199
4906
5533
5373
6909
6152
5361
6867
7073
7086
4819
7458
5050
8538
3584
7206
5606
6410
5559
10974
10216
7706
6848
3231
5911
7680
7395
6911
8243
6799
6713
5253
4126
7038
5535
6619
5800
5072
4679
4397
3778
9952
6667
5241
4172
5627
6203
6651
5967
5984
5729
8233
4994
7037
8740
9070
5515
6837
7559
13038
4212
9588
6576
4898
4792
5081
4825
6030
6992
6065
4387
6930
22883
6002
5765
10101
6330
5785
5652
7650
5042
4899
3333
5807
7365
7396
4475
6578
7063
6308
6237
4981
5059
6846
5917
5738
7673
7963
8232
6313
6372
7530
4996
4153
10723
7186
7265
8213
5156
4790
5214
6551
4343
5020
6444
4653
5832
6782
5168
4916
4394
5933
5403
6230
5177
4436
8840
6482
8832
4579
4163
6131
6870
5873
3999
4149
6010
5147
6885
5549
5497
8907
7971
7539
5011
6224
4538
5747
5783
5278
4292
29063
7057
5246
9882
5698
5154
5385
5861
5860
7024
5365
5377
3156
7952
8213
7098
6136
4098
4913
11016
7248
7401
8166
5632
4604
5962
6098
5930
4656
5598
5163
6401
5156
4305
7966
5192
4060
6620
7924
6584
2277
7855
4206
7236
6735
3943
6200
6020
6303
3420
5086
4871
8306
5577
12464
6831
9163
7093
7011
8466
6123
5420
5807
3191
4249
4718
5233
8079
6148
8427
6172
6297
8913
4692
5926
6099
5994
12964
5644
5644
5599
5387
6494
4805
7049
6163
4734
7107
5316
5554
6302
7149
5404
6136
4841
3830
4955
5236
5474
6616
5546
8447
4099
3707
4966
6102
6459
4801
7046
5002
6189
6622
6333
4554
5681
5200
3738
5546
5208
5566
9713
5030
4821
7395
4789
4719
6821
4405
6137
11246
4643
6403
6940
5041
7515
6087
7155
5222
6622
6483
5414
6651
8325
6119
19793
2383
8266
6648
7150
7717
7267
6481
9305
5552
6811
6595
5917
7249
5853
4684
6086
6621
3761
7753
6236
5861
10759
5108
3599
4714
6808
5350
7455
6271
5354
7669
5849
7649
7802
5734
7067
6209
6584
5904
5373
5839
4451
6605
5970
8504
6319
4350
5290
7745
10031
6570
6657
5411
7451
9852
5879
6219
5465
5795
6287
4929
8228
5730
5219
8651
4788
4891
4039
9441
5409
5157
3268
7681
6292
4410
8218
8813
4583
5166
6238
5774
7789
5371
4047
4175
6333
6438
7755
4774
6701
5033
4500
5964
8972
5138
7191
6868
6201
6403
26174
8125
7260
6020
6842
7414
6129
4816
4946
10897
5143
6078
5255
5086
8858
5600
5942
10973
4640
6721
7766
4580
5323
8727
5520
6000
7957
5983
5260
6605
6750
6592
8122
6690
11563
5299
5101
4263
4889
4871
6897
7169
7545
10917
5332
4577
8056
4850
7943
8877
6627
5139
4266
3908
3768
7424
4526
13372
5150
6895
8109
6086
4639
7020
5135
9875
7123
5075
13174
5265
5672
7063
6516
6861
7637
5626
4776
9929
7307
5353
12614
8742
5991
9391
6141
6883
5213
8982
5352
11670
6426
7093
5196
5637
5642
10070
5762
5526
5868
6777
2683
6468
8491
9195
4395
4206
6140
4745
4289
6268
6016
3803
7394
6541
8965
7488
5524
4707
7753
4767
14889
5791
7070
10789
4549
5294
7614
5780
6163
5556
6195
4835
6408
5080
5849
5987
8625
4848
5274
3537
6481
6753
4470
5334
6687
8158
4236
7000
8728
4988
8893
4581
5786
4840
9521
6298
4049
5511
5983
6867
8699
4816
5811
6329
5065
4880
6925
5663
6444
6968
8464
4893
7603
10024
7494
4128
8043
8313
6170
11312
6807
5943
8247
7526
6824
5668
6203
7437
7954
6973
6037
8499
7364
7121
3945
8571
5882
5802
6057
4953
4841
7063
6771
5309
8268
4672
5723
14366
4866
4926
6851
5392
4979
5741
6724
7321
6907
4676
6194
4639
6881
10918
19386
6705
7286
5112
6460
7832
6718
7186
7946
6970
6587
4493
5617
8455
4781
5541
14677
6426
5211
7055
8873
5310
5709
5549
5637
6557
5865
15174
4824
3470
43642
8994
9084
8570
5658
6656
6797
5311
6052
8436
6815
6446
5096
13528
6181
7264
7249
4207
6074
5316
3333
4754
6424
5464
10994
4907
6687
5442
4820
7633
4301
4459
5917
6419
7602
8307
6582
6556
6268
5212
5505
6570
6346
5921
6768
4528
6048
3816
7229
7168
4662
11466
7119
5016
6805
5065
5919
8385
9447
4892
5278
4362
5640
5664
5872
6782
5840
6430
7107
7284
5068
5944
6150
7922
6889
5382
6957
9615
7244
5269
4083
4911
5691
6190
5388
8343
4834
6292
5075
5495
5509
7967
7497
5627
4862
3162
8229
9369
5156
8318
4954
6124
5200
5694
6197
6693
8847
7860
6066
6874
3857
5425
4809
10336
8301
4253
4542
6754
6518
12471
4339
10879
6857
4450
4302
7249
5482
6336
6853
7479
6999
6651
9842
5671
5358
6521
6924
4788
3787
5452
7125
5635
5791
7148
5958
4479
5475
4444
8169
6141
5351
11192
5853
4263
5092
5659
10849
7090
5015
6631
5213
4500
9592
6017
5276
4852
4390
8835
7982
5571
4514
5759
10085
4878
5864
4506
7518
5183
4184
15921
6491
4563
5895
5407
8074
5450
9258
7837
7216
5836
4503
4818
7110
4839
4535
5636
5271
6151
4969
7453
4719
6417
10045
6293
8557
6164
7834
5677
5891
4512
4698
7795
5153
7395
4965
7868
8177
4918
7988
3055
5753
3964
4736
5656
4513
7252
5058
3759
4570
7418
7990
3840
4747
6182
7348
5605
7394
6474
6236
6889
5637
4762
6410
8094
7356
6388
6553
7950
4263
8875
5714
6437
6696
5966
5229
7462
7223
7486
5615
5543
10156
4701
5666
6274
6151
6130
4818
7051
6128
8651
5068
4430
4353
6429
7228
5052
5737
23524
5241
7669
4669
4347
11559
6343
7425
7086
8507
5427
8965
8193
4543
3020
6846
5196
11489
7646
5436
7106
7799
6308
6853
5126
6859
5545
11726
6860
6610
7337
7621
5029
6631
7452
4811
6976
8583
7177
6842
7212
5399
4604
5448
5207
5563
4647
5855
2809
4553
8885
7208
9176
7738
5752
11275
6218
23828
6126
4306
6756
2653
7402
7077
4609
7488
6889
9856
4688
6487
7673
8455
6081
6799
4616
7772
4846
3986
8421
10693
9954
7346
5049
8364
5906
5063
10028
7894
3958
6260
5307
4881
3376
6544
8295
6032
6742
5863
5964
3956
9633
4514
7220
9464
7268
9860
10924
4671
4320
8008
4771
5339
6134
4617
6172
6180
5564
9357
5386
9530
5345
5629
11018
4228
26376
4715
6307
5946
43769
4552
5611
5996
6765
5386
4898
6173
7137
5368
12764
5310
8102
6321
5953
6985
7380
6563
4438
19785
6748
7486
6145
8008
11061
6468
4619
7635
8412
4932
5587
5231
6840
5105
4514
5573
6722
4864
6458
5735
4788
4780
3577
8331
4813
6057
5760
7978
5932
6131
7298
6778
9788
5460
6233
9248
4692
6229
4586
6820
4886
8525
23598
6708
7509
4676
14556
11997
7248
4912
6477
7623
9910
6227
4875
4229
8935
5107
5401
6939
5874
5352
3959
6718
10094
9172
3823
7692
4581
4154
6608
4426
8375
5287
5326
6806
6277
4563
8487
6070
5623
5020
4317
6928
6903
10310
7051
6018
4392
17741
5081
4529
5438
9960
5784
8678
6633
4561
12555
6011
8939
7452
6567
5915
7564
6973
5176
8466
3466
6526
5196
5090
5826
7622
5992
8364
8895
6091
5083
4982
6470
8389
4687
8931
6716
8219
4656
6488
5542
12829
4726
7228
4761
2606
3049
7009
5976
4652
3814
6990
5295
4745
6184
6151
5293
5815
4352
4801
62625
7282
7116
9364
4394
5184
6028
6236
6696
4140
6869
5257
7972
6641
5688
7022
6161
8762
7093
4317
11609
6568
4129
6437
6445
3867
4176
7932
7577
7680
4778
8144
5624
6010
4449
6535
6396
5169
6160
6264
4438
4605
7481
3180
4971
6235
5815
5917
5287
7923
7455
4918
9363
5161
7277
5855
6244
14851
8641
5126
4940
8203
5285
6178
5329
4853
4011
5448
6263
4825
5080
7664
8562
4365
5940
6628
5236
4415
6155
4849
7787
3981
4296
6975
6451
5454
3787
5703
3802
3845
4577
4734
5608
8889
9065
6733
6798
4696
7836
6679
13404
5080
6809
11120
6203
4598
5352
5592
6629
3234
4671
3829
7047
5750
6490
5224
6443
5769
6324
5034
9667
4809
5649
7658
5005
6202
6460
8743
5449
4424
6257
4036
8775
4916
5301
8888
6032
4187
10891
4660
4819
4432
7783
4972
7023
6099
6955
5038
26540
13925
4279
4423
5005
6729
5731
3861
5642
6377
5485
6649
6904
5203
8365
5695
8856
6962
3268
5886
6464
7549
6763
5757
8976
5024
9455
5663
5513
6497
5079
6250
9221
6702
5055
6339
5727
6677
10734
4896
4088
8200
5794
6520
6532
4902
7157
4828
5381
5061
7033
8652
7100
4721
5141
19769
4973
5128
6584
5439
4695
6860
8132
5899
7821
4620
6080
5357
3606
5913
6916
8710
6730
8884
6364
4967
20612
5498
5935
5788
4730
11735
2424
7789
8641
5544
5763
5111
6446
8696
5344
6075
5483
5156
3836
19301
8955
6988
5762
5325
5843
8970
3746
13482
5328
3946
4965
6664
5778
7575
6291
5793
5736
9330
6215
7856
5798
7097
7491
4485
6452
5319
5075
6497
8270
6211
5655
6104
6215
6248
6771
6555
5101
12052
4548
4774
4981
7345
7794
4177
4370
4524
4482
7335
4846
6168
7872
11225
4940
4647
4877
5088
5624
6045
6327
11592
7390
4535
9366
6069
5067
9178
6390
7685
6436
5805
4515
7060
4556
7751
5471
6137
7040
7037
4907
7632
5412
7236
10137
7961
4658
2726
7371
5202
7513
7109
7094
10584
4131
6294
4711
5562
8319
4578
5428
5795
6345
5208
15755
5457
4868
4865
6716
4253
7731
7540
7187
8615
6459
6908
7595
6721
6113
7991
7430
11383
5761
6779
6505
7454
4316
6904
3045
8308
11225
5425
2956
5644
6939
5090
3796
6570
5833
6064
4586
11608
6806
6425
6047
8547
4986
40450
6572
4838
8063
5614
4177
6246
6513
6966
4851
12610
4722
5163
5820
6677
6401
7516
4674
5781
4316
5396
9999
6341
8820
15580
6390
4837
5590
7019
5440
4208
4611
6360
5982
7106
6106
4417
7248
3937
4214
10773
12354
6988
5166
5088
21968
8396
6174
4126
6065
5383
7746
4494
4264
7113
3604
6567
9476
5001
4491
7677
5779
5554
6726
6045
3441
9045
5026
6998
5537
5240
2670
6716
4917
9592
6902
5478
5290
8438
6336
5771
8630
6224
5381
4317
4716
12549
6345
4478
6418
7419
8489
6519
7836
3787
6670
6546
12942
4679
4232
4319
6920
5334
7597
6640
4606
9558
6001
4974
3828
6997
7493
4643
5356
8767
6613
6820
7760
2520
7172
9065
8157
4035
7680
6574
5497
4984
5323
10533
7059
7632
2335
8041
6322
6280
4531
3500
5828
5343
5037
4039
7079
5885
6239
5146
6031
5157
3925
5002
6607
4105
6758
5965
5589
8847
4743
5115
5982
5911
4775
7988
6683
4861
10060
4362
5488
5227
6803
6651
5629
8083
7931
4210
4693
4170
7422
5153
8672
5034
5616
6232
7603
16002
5692
4615
5585
4974
3868
8915
5286
4249
7677
5307
4913
6095
5097
7137
5132
5276
5326
3975
8369
3736
7291
4583
6020
7949
4869
7382
7216
6843
5385
5533
6640
7001
4925
7990
15053
5797
4683
4784
4680
6328
3924
4058
5090
8317
4886
8233
5967
4927
9390
4015
5684
6261
7555
4590
4274
5111
4851
5492
5557
2545
5291
3542
4116
6004
4837
8358
11036
7582
5478
6187
6968
3616
6496
21891
16691
9334
4738
33452
4940
6298
14380
6234
5881
6928
6167
13404
8677
5379
8843
6303
5071
6237
5220
5017
9862
6232
4478
5448
5897
5074
6333
20490
4785
7283
4360
5818
5367
7953
8439
3605
5154
4404
7783
3890
6719
5480
7139
6599
5042
6918
5483
4481
3866
6609
24718
6229
5257
4830
5498
5887
5793
8777
6276
4969
7497
5133
3604
7817
6166
5609
6753
8307
4451
4772
7818
6691
5583
5423
8522
4425
3196
6401
6589
5960
5042
5764
10189
5536
6342
5036
7425
5061
4031
6717
8375
5784
5846
9990
5776
7342
6436
5974
5497
4188
5912
4719
6843
4533
5273
5417
4614
5299
5962
21653
5723
6226
23850
4473
5188
4912
6521
5067
5466
4530
4612
17392
17073
5456
4518
4610
8018
6027
3803
6299
4966
6749
4926
4697
6240
11191
4481
6303
5064
6054
7010
4953
9432
6207
5824
5549
9577
6031
5204
6066
5864
7148
8420
9097
5387
3695
3955
6460
4540
6317
6233
5852
10722
5282
4609
6811
4521
6246
5666
6410
4942
6056
7191
5043
9510
4765
5678
6237
4491
4989
6234
7024
7800
5947
5315
6027
6204
4296
4358
5089
6635
8929
4863
14563
5402
6235
5946
2685
4061
5956
7569
4186
5131
4819
10138
7033
5200
6669
5765
4540
5938
4616
22621
7543
6401
15480
7423
7454
11144
7658
7898
8481
5404
5593
4762
7697
6834
5550
6770
7651
7529
8347
4348
5869
6161
4998
10364
6145
5524
19444
11768
4672
7022
5069
5811
5465
6566
6457
5840
7033
8791
5950
4889
5353
3339
4808
5994
7073
4835
5500
5704
6102
8587
7642
5855
6410
4829
5263
4033
4455
5660
5399
5059
6323
6236
7140
5038
6728
7950
10764
5299
22538
4446
6698
7960
10821
4458
5222
7715
6176
6454
2609
7030
6040
5242
6986
5844
7539
4349
8399
4406
5071
5031
5815
6549
6221
6564
5902
6070
5075
5425
6813
6124
6343
6042
6892
7078
7049
6795
5875
6312
7981
7221
7351
9208
4368
7250
5483
6407
5068
4338
20053
5332
3185
5903
5764
7035
8330
16417
6319
5752
9125
4947
4703
10894
7940
10659
7069
5998
6502
6800
11285
2991
5123
5154
8159
4487
4246
3980
6001
7827
5146
5555
6260
9354
13860
5799
5971
6529
6881
8655
6348
8794
6602
5966
8825
3847
6665
6726
6607
7058
3770
6538
5550
5194
8554
5201
4621
8580
4830
8945
6030
5411
7790
5481
5179
6324
5365
5528
6651
7404
7139
5340
6826
8404
8723
6613
5638
7032
7896
5711
4789
6243
7781
5665
4877
5125
8599
4141
7000
4480
9023
7464
4393
5000
5487
6288
5709
4844
16297
4584
7015
8542
6608
4819
5567
5725
4959
5078
5892
4826
6777
4525
6996
8985
5565
8288
8697
7964
4504
4654
6527
5169
5984
5979
13416
10239
7351
7560
4659
4821
4944
4879
5486
5466
8369
21157
5507
5805
7978
5637
4097
4143
7930
5020
96254
5155
8048
6463
5639
5296
8958
7416
5821
9274
7128
4112
8032
5549
5711
6009
7229
7042
6285
6945
7609
5041
7419
5542
2880
5577
7258
8622
6157
8569
6007
3660
4595
3419
53437
4905
9782
8989
4748
5462
11349
5440
9731
6770
8678
8806
4935
6070
4480
11568
5764
5916
9514
5625
5558
7467
7474
5579
5272
4836
6803
7920
5884
3186
10154
6136
4935
4383
6107
6560
4890
6552
4968
11002
16626
5456
8202
6934
6786
5431
5714
4993
5265
7111
8059
5019
6397
5777
4473
4286
7004
5947
6270
4411
10764
3964
7856
7215
5181
3598
11380
5725
6574
4389
6761
6244
14250
8685
6488
5785
6422
3462
4934
19713
8254
6396
4161
5480
6161
6200
5680
5222
5849
3657
8352
5337
8474
6736
5587
5235
5711
5737
6011
5607
5223
4071
3980
8410
6874
4240
3904
5752
5629
5089
5383
5903
7333
9704
3552
6144
10179
4253
7414
6942
10738
4400
7363
6336
4833
5538
11028
7777
4447
5732
5474
4567
4317
5418
4675
5481
6066
5173
5886
4497
5760
6337
8227
7381
8170
4087
7159
6022
5417
4066
3979
5636
2842
6167
9649
6551
6988
5508
5619
5738
13628
5500
5792
6946
5826
2871
5755
5144
5656
6728
5645
4763
7157
5158
5070
4314
5999
6125
8128
5364
4735
4503
4657
8960
4085
11373
2922
5484
6727
5203
5229
7322
8032
5151
4885
8958
8235
4461
6432
4718
4496
6906
6499
5743
4833
5359
7323
4792
6615
8946
5415
7329
7695
8122
4574
12647
5810
14244
8489
6312
5074
9382
4841
12656
9858
6113
7208
5631
6765
6073
4830
4880
5377
9475
5488
6302
5923
5400
6560
5067
8976
6351
4393
3974
6723
5090
9608
3563
7265
7211
4922
6039
6366
5510
6266
6519
6394
7360
5063
5637
5473
6096
5787
3766
6533
4772
9386
6527
7590
3343
6554
4439
2442
6781
6624
6593
5922
5616
7061
6886
2604
8149
5687
5102
4753
5682
9499
4212
4674
9099
9097
5270
7245
7942
4975
4839
4910
3507
5315
5151
6456
20443
8770
5598
5450
6439
7916
4498
4806
4057
5091
6002
6612
6200
4407
8970
6299
5909
5400
4598
8837
5032
6961
6435
6118
4893
4148
6412
5661
6064
6360
4501
7147
6915
4782
9843
5048
4804
7658
11141
12880
4347
5140
6865
4715
7125
5046
8170
7008
3095
5385
4966
6232
4468
5510
6344
5786
4930
6727
6201
6922
4861
7693
5114
5548
4662
6273
4454
9635
6151
5005
6252
4469
4359
7033
5664
4311
4681
8055
9355
7468
6562
4296
6796
4908
7849
6595
4142
10892
5855
6122
5141
5858
6516
4860
8741
7045
6982
8123
6669
4800
6948
5944
5060
5506
3726
2424
4729
6880
6532
5288
8156
8203
5233
4832
5229
4643
5252
9207
13392
8686
6006
4538
5802
7230
4245
6014
4192
5881
6303
5025
6357
6934
6142
10292
6434
8377
5694
7286
5933
5335
6096
7714
7765
8019
10606
6770
4319
6432
10638
6640
7447
7034
6216
4903
6179
8354
6582
5969
10681
6028
5638
3020
3698
4702
9735
5537
6084
9141
5930
4016
4250
5895
5975
6890
6219
5244
6093
5237
6080
4528
9336
6839
2883
6453
3856
4369
4355
4627
4718
6133
2236
5898
4448
7945
6519
6541
4808
6305
9879
5439
5796
5843
7331
5298
7420
3932
4331
4862
5677
7321
5869
5454
4514
7579
5285
14528
5453
7218
5439
6681
4757
14680
4775
6172
12351
5026
7798
7264
4750
7701
47407
8386
5366
5408
5854
8149
4631
6838
10718
7924
4308
4944
5140
9816
8041
7646
7024
7414
4494
9341
5126
4774
3975
5078
6673
8734
6150
3999
5704
7408
4399
8209
5983
5857
7793
6048
5988
7603
7613
5026
15706
6097
6006
10143
4080
3254
5090
4834
5967
6404
5309
6170
10010
5346
12129
5210
7188
8742
7930
9387
4597
4656
4615
6456
6545
8641
5650
4015
4755
7959
2571
10131
6962
6953
5540
7428
7660
6260
3374
5606
4979
11018
8317
5079
5295
5933
5314
7497
5632
5546
5528
12671
6767
6804
6008
6504
5930
4490
5869
6405
7086
5369
7273
6348
5558
3415
4637
5928
5652
4200
7753
5925
3667
7044
6318
8797
4107
5249
6276
6612
8691
6717
5480
5727
4625
4353
7698
5147
5049
6596
5316
5285
6112
7713
9472
7012
2712
9017
10992
4429
8095
6755
5260
4515
4828
5267
4606
4945
6677
7598
5321
10992
5844
18805
7152
9064
2354
9507
4584
2554
4841
6966
7111
8897
7414
6453
4822
6447
7360
5351
4091
6781
8086
7101
4401
5906
7151
5026
7037
5687
4859
5578
4719
6060
6545
6360
4466
7081
4728
7337
6405
4634
6200
6558
5468
2655
4063
6102
4665
6117
4890
7132
7279
9420
5456
6497
5545
7020
5542
5675
5876
7308
5668
4616
8472
7457
5118
7268
4618
4200
6253
6381
5796
4274
6637
7526
5233
4689
5364
4421
7000
7757
4760
5003
4395
8061
4472
6382
5802
6621
7114
5968
1342509
5944
6619
9021
6343
6345
6980
7103
7123
6921
5827
5697
5861
4753
5939
7485
4338
5477
3324
6442
4543
6621
7870
7450
5749
6277
5663
6601
7462
4837
6839
18468
5383
4755
6550
5932
3237
3561
6218
7464
6781
5010
5013
4023
6488
6142
4807
5984
6241
5671
5614
4898
4321
5594
4706
11749
4332
7501
9937
6593
4203
5541
6657
5936
4444
8168
9767
5608
25050
6438
6667
6737
3904
4634
7014
23774
5760
4818
9243
7132
5422
22116
7410
6650
3749
8771
3827
7681
5406
6549
4108
5544
8695
6773
5495
10557
5775
5228
3223
6188
6948
7701
6971
5972
3423
9121
3722
6409
4263
10129
7786
5688
6966
5821
6523
5836
6141
9245
5788
5443
12240
10481
5838
5247
5747
4710
4835
6860
6049
6955
5951
3962
4292
7768
9193
5409
5785
5611
3276
6245
6861
4916
5489
6571
6039
9513
4785
4987
4791
5405
4166
11022
5772
6313
3560
8841
6862
6524
6292
5191
6099
5655
4784
4823
5805
5759
6828
5486
7669
5093
4674
6151
8223
9338
8053
6484
6889
7164
9817
6595
4888
7997
6924
10006
4958
8107
7731
5458
12786
5998
4941
12448
6601
6699
4117
3703
4904
8215
7182
6191
4928
5716
6458
6831
9109
4673
4715
6416
4384
5557
8820
1950
4249
4748
6365
6394
6344
7274
6070
4932
8219
4400
5729
5016
24442
4952
5112
6733
6243
4608
17477
7517
5831
6258
6562
5884
7707
6930
6067
6932
6535
5753
5646
5109
7768
5660
4573
4525
4497
8337
7510
4682
6392
6401
4625
5219
25080
7084
6128
6240
7738
4597
7259
6639
7912
9713
8250
5456
4777
4354
7242
6125
6420
10125
5957
3720
5048
6378
4793
8535
4595
3365
9179
5295
7013
5477
5745
21878
5990
8055
6037
4675
4183
6773
5186
4907
5463
4686
4493
6026
6077
3959
5082
5329
3951
5558
5956
4683
9492
3836
8700
4847
6420
10060
5040
4737
5172
5709
3627
7060
4151
8931
2758
4091
4856
5267
29474
5604
5232
9709
5074
4957
9549
6363
4646
13427
9021
7482
6087
4076
5057
8041
8935
7346
5291
6309
5142
6958
5445
6429
4815
6032
5835
5729
4537
10976
7191
5236
7631
8099
6009
7063
5152
4318
4822
6160
8061
6577
5094
5257
7083
5184
5202
4736
6546
12890
6652
7000
6140
3545
6092
7692
12722
7449
5863
5014
7899
4459
5083
6309
10235
7735
5183
7122
8022
5570
4696
3956
6931
6171
8480
6047
6978
6819
7487
5440
8545
5012
6528
4926
7244
8219
4187
4802
4733
5355
3998
5751
6562
6465
4555
4736
6411
8532
5926
6573
6874
5636
11688
7448
6332
4610
8848
5322
5052
4945
5119
5742
6750
6297
6047
4688
5728
5891
5631
5877
5666
9862
9786
7912
6299
5361
2871
6483
5010
4661
4483
4628
7547
6085
6467
5769
4958
7034
5568
7874
8841
4639
6696
6529
7683
7397
5068
7068
5680
2281
6820
1110216
7845
4616
8811
6386
6949
7064
8880
7020
6794
5510
4601
6423
5183
6412
4045
6208
4860
7805
6384
5157
6117
7869
7578
4972
3814
5593
3368
7780
8914
4526
5875
5171
5039
6741
4113
6997
4473
8080
4316
4973
5178
5560
8709
3543
5610
7251
5864
4706
9294
4926
4644
5134
4931
5946
6556
6684
8906
7323
4818
5284
6311
4376
6436
7619
6406
9013
5368
3713
10219
4448
20962
7365
6527
8542
6223
4384
3907
9546
5873
6389
6066
4808
5242
7609
6365
9637
5452
3903
6381
5069
6636
5835
6638
5007
8458
5769
4322
4730
5279
5761
4294
6403
4850
5164
4619
11157
5152
6073
6838
11151
7524
5972
4844
7704
6448
6834
4763
7729
6816
5022
4548
5801
4630
6401
8807
24134
3843
13664
4815
4570
8271
4535
5070
4698
4760
5787
7448
8115
4917
7072
9596
6287
4377
5936
6453
5973
6583
11272
6288
5595
6253
4800
5473
5673
4998
4064
6606
7769
4240
6230
6746
5452
6121
5883
8483
9743
4465
10500
7215
5129
5459
5117
4996
5648
5888
6611
7673
5162
4799
4526
7396
9210
5854
4728
4960
4912
6907
5242
5168
4702
5002
5282
5486
8473
5084
6571
5105
5488
4987
6111
3698
4017
6598
4660
5331
4652
5087
7223
7121
5979
7194
6205
7115
5440
6770
5094
5459
5735
4911
10173
5390
8205
6297
5180
5533
5563
4915
4869
6966
7199
6545
5975
4426
4638
8103
7557
5052
5106
6754
5257
7073
5164
5145
5394
7656
8874
5480
7115
5294
9078
5656
6508
10547
8132
7071
5433
5228
6132
5263
7983
6270
5607
5400
4296
6959
7603
7985
4285
6065
4863
6975
5984
4487
10078
5112
5241
8775
6150
7359
6589
5899
6065
7480
2471
5924
23013
7020
4650
6930
6962
4454
7825
6851
6379
4578
5723
6530
4476
5239
4705
5320
7304
6259
7365
5346
5319
5080
4256
7351
8356
4560
5741
5241
6443
9089
6462
5070
7592
6158
7449
6196
6937
6576
7726
5050
6445
7873
5114
8761
5799
5658
6624
9162
16927
5186
6321
8180
2764
5181
8022
5601
5983
5773
9900
5490
5080
5572
6330
4777
5805
7527
4522
11908
9547
5419
4853
4721
4868
3675
4979
4510
5949
5596
5458
9612
5172
5134
5561
7934
4503
5322
5136
6138
9436
5978
5647
5341
7581
5754
2701
7736
20954
5840
5301
7999
8121
4764
9073
6416
5106
6120
6891
5977
6382
10113
5541
5694
5959
5373
4180
9102
12924
6124
11267
8186
5453
10999
10227
5433
5958
6569
6131
4370
6364
10240
5723
9278
4639
6292
8129
8681
7096
5868
5425
6187
5290
4842
7109
5027
7516
6133
6663
4536
9166
5010
4186
7760
8444
6742
4921
5433
5195
7177
7140
7204
5654
8516
6308
7491
8860
5060
5560
5885
4748
6767
4505
5049
4584
5863
4211
6439
5012
7732
7102
5437
5422
6107
7588
9454
4799
5222
8178
3972
6200
10599
7055
6995
4760
5573
7228
6201
9667
4917
6092
11110
5721
6908
7400
4353
4783
6626
2677
4384
3373
5668
4457
6597
7481
12241
7125
9079
12802
5404
6551
4593
6529
5378
4707
5718
7540
8392
4683
4764
9478
10505
4315
8520
6447
8524
7167
4588
5446
6452
5512
4668
8277
6852
4709
7720
4737
4595
8567
8125
6713
5585
3970
8283
8192
4633
10151
4566
6599
4685
8509
5578
5848
4717
9085
5607
5018
4643
6181
7497
4288
4351
2534
4512
4772
6233
7781
5790
6084
4781
7316
6766
5555
7108
4644
5048
5971
5566
4688
6955
6421
8394
8388
5637
5556
4150
6673
12489
6740
6790
5586
9173
5501
6872
4668
5401
6697
7322
6339
5285
5578
7346
6162
7084
6949
142078
3703
14354
5515
6404
3819
6776
4492
5299
7038
4770
7134
4782
5059
5528
5177
35044
4675
6651
5903
6939
8355
5737
4087
4866
9444
5461
7845
10896
4634
6366
5523
5952
5333
3234
5165
5380
4544
4625
6094
6090
4844
5965
5387
4485
4185
5737
8374
11531
7113
9251
6463
5944
4584
4763
6713
7446
6526
7289
5028
4752
6895
4434
5537
4877
7296
5341
5755
5509
5904
6410
4301
6158
4638
7150
11454
5530
6256
4666
5330
7055
4931
4142
6074
9816
8634
4667
10221
5007
4967
5089
4795
13784
6982
7458
7190
4314
4911
5309
6264
5351
7035
9059
6516
6428
8929
6434
5832
5692
5184
5407
6898
6755
6997
4841
8246
4720
8855
6546
6560
4617
5606
8821
6282
6853
7478
4950
3712
14641
5853
5888
3817
4894
4307
5428
6439
5259
5879
6494
7620
5995
6034
11399
6687
4207
5087
5157
5619
4321
7008
5707
6331
5771
4854
5026
3758
4089
9158
8706
6395
9876
7639
4375
7752
9170
4490
4750
4672
6567
6377
5049
4614
5049
5528
5844
4363
6797
7564
6422
5626
4615
6416
8931
6383
7165
8087
8341
4809
8118
5907
4012
8606
5728
5955
5246
6332
4546
7135
5113
4996
4194
5161
8326
12239
4906
9493
4581
7189
4020
5325
5940
9041
4883
4978
5830
5215
8106
6161
5906
4451
5408
7026
5050
6233
6269
8976
4200
6428
4847
6070
6546
5241
4748
7853
4342
5960
6921
9199
6815
5401
7232
8893
5943
5574
8041
6636
3939
4844
7098
5837
6199
5540
4644
3916
5773
5430
5784
5759
5633
5560
3040
6085
5769
5135
7628
6389
6595
8492
7340
6802
6074
8076
6204
4972
6468
9563
4909
11129
5353
4949
5837
5512
5368
28434
8087
4642
5002
8721
7461
5674
4027
5516
5613
5857
7078
7319
6933
6249
8639
5671
5469
6771
4677
6457
5860
10195
7398
6716
6938
5962
5506
12428
8852
3934
9886
7286
6938
5482
4639
7129
8256
8006
6262
5546
6209
5377
5732
6671
5779
16407
4395
4136
5841
18919
6576
5224
6443
3230
9113
8226
5375
6588
5699
4707
7427
5277
4462
10328
4858
4961
4734
4586
7707
5391
7099
7941
6076
6108
4479
4898
6104
7685
9674
6307
5028
5103
5386
6103
7766
13894
6682
7937
4898
4418
9384
6634
5404
6415
5286
7278
6929
4640
4940
7683
6882
6142
4902
5212
5255
4865
6677
6549
8289
4667
7714
6435
4774
12819
6206
7203
9494
6459
3670
5494
7206
3700
9174
7192
7695
6754
5167
5358
4678
6417
8084
4961
5481
7652
6375
12258
5682
6652
6885
14438
6110
8000
5864
6910
5462
6535
4680
6974
4536
8043
6952
4877
3959
6130
8224
6104
6468
4385
7032
7834
5035
6146
10153
5992
5291
6640
5532
5156
5959
4048
6964
4375
10672
5975
7397
4488
5395
4349
7820
10987
5783
4904
3972
7114
6302
6322
6105
4053
5920
6865
6178
6572
4039
4583
4753
8457
9957
5889
7446
12970
6525
7072
6035
5383
7021
3817
4989
10327
6209
4968
5030
8104
6820
6516
4027
5650
7900
5437
5968
9125
6650
5038
6037
6529
4560
5176
5075
6073
5884
6614
7690
4758
7499
6292
5946
6633
7525
5544
3504
5834
7356
4659
9707
5918
4635
6832
7079
6292
6530
5241
8444
5667
12125
7930
7983
7756
4511
6332
4963
4794
6463
6678
4893
4170
6319
8908
4850
5512
7855
6517
9602
6181
6260
6250
7044
15501
6253
7347
6304
6003
8062
4230
3155
7707
5167
4578
5023
7929
4985
5049
5278
5668
6903
9701
4561
7164
4123
4745
6698
6911
4870
4882
8798
5271
5727
7309
4819
4809
6498
7062
6897
5765
6265
9557
7325
5179
6396
5180
7269
5103
5131
6033
11859
4724
4362
37959
9442
5475
6439
5795
6094
5322
5487
5453
5302
23327
7165
6321
7398
6770
5074
6739
7649
5148
9252
8169
6973
6903
9612
6158
4410
6435
5593
4651
5793
6752
13376
4790
4854
13106
7407
5054
7212
4855
7426
4941
4910
6240
6655
5889
5940
9660
9693
6464
5833
5256
5406
4418
4445
5885
5346
5842
5464
5059
9283
6763
5164
7240
5671
5902
8223
5307
3780
2371
5053
6734
5675
4964
7628
23064
4604
7061
7351
4766
5424
7102
6946
7014
5837
7093
3847
5727
4617
6722
6182
5549
16038
5194
4623
8340
5584
6916
8096
6788
6920
5352
4912
9851
5205
6137
5350
5751
6203
9610
9016
5004
7299
3978
4501
6543
7004
11385
5876
7343
6979
5223
6593
6306
8465
5813
6048
4150
7328
4929
5528
7372
3676
6193
6871
5000
6257
8284
4986
4807
5139
5307
6817
4456
4949
13007
4653
6398
7532
26961
5930
6376
3688
41800
7308
2875
5329
3669
5045
4242
6605
3967
4989
6020
4816
4570
7937
6323
5902
11795
7231
7456
6297
5095
8006
8693
5198
8460
5737
6368
5868
7351
5218
8619
5993
4682
5088
5414
7521
3938
4803
6529
5505
6863
7255
7302
6962
8303
4801
6064
4752
7823
5733
8653
4724
4746
6836
5919
4947
8107
9985
4653
6768
6245
7292
5056
4623
5540
4775
2806
3556
4893
5907
5522
6779
5324
8136
5773
5674
4991
8298
3937
6255
9771
8184
6476
5210
7881
3454
4561
7778
8925
4583
4513
6366
4879
5840
7705
4367
5679
7536
8043
8087
4352
5359
10241
8317
7252
5257
3947
4736
8622
7130
4767
4328
7012
17570
7062
7258
5117
6001
6728
5143
5472
10315
6677
4234
6328
5762
3953
6160
6676
7390
7019
2881
6472
5590
7365
11290
6961
4776
8466
10690
6086
4806
4745
5787
4028
5158
5281
4798
7238
6771
10134
7533
12567
5029
6855
7818
8350
9583
6311
4214
6256
7742
5994
5187
7169
4896
6332
9387
4002
4756
8203
6250
38813
5121
5006
9634
6458
5160
5593
6693
5773
4247
5558
5253
9081
4433
6956
5255
4131
7730
4683
6292
4911
6208
10130
4770
5239
4916
4916
5168
5226
5966
4677
6067
8056
6161
5311
5251
5405
6956
7596
8977
5625
4763
4123
9240
8690
7792
5245
7553
7911
8218
5017
5930
9803
5017
9014
5305
18959
5331
17110
10267
8769
7844
5632
5989
5996
4625
9086
3565
19387
7850
9363
7651
4287
5984
6634
7270
5332
6932
9737
9754
8171
6866
5565
6798
19229
6271
8919
6254
4885
6614
5899
5099
6988
4876
8500
5061
5498
7391
8080
8764
7902
4864
8124
9499
6494
6219
3212
5997
5140
8033
9148
7021
9139
3874
6141
8053
7250
5793
6455
5556
5395
6278
4124
7437
6021
17840
6002
5116
5066
5109
7278
9131
7076
5744
4845
4529
6396
4202
5120
4671
8466
4760
4180
6103
4929
3886
28034
7915
5577
7119
8172
4693
7014
6220
6389
4419
5528
4990
6458
5621
4582
5020
8896
7634
3983
3810
7382
5903
6971
6237
4956
4222
7670
6985
6364
10583
6003
4243
5981
7207
7025
4400
5569
7291
4811
6460
3838
4897
4979
9994
5894
7131
5786
5974
6135
4538
7957
5073
5194
7300
22653
4654
7581
6189
4531
3642
5866
9414
6571
9044
5462
5482
7544
5023
4218
4468
7699
6042
5264
5635
6599
5067
5734
6278
4474
5865
7983
6619
6909
6498
7778
6150
5735
4754
5874
4542
5263
6761
6978
5596
6874
6196
5441
4648
5103
5485
7520
5868
5737
9572
5365
6290
5040
10074
7835
3331
4066
7039
22501
5619
7883
5527
9100
6169
7332
6519
4959
8759
3755
10044
5871
5137
6058
8006
4980
6429
4646
4466
4907
5920
4934
5751
8054
6553
5274
5154
7919
5999
6246
5592
4652
4139
13634
6982
6187
5804
7770
6125
4667
8015
8856
4713
5466
8618
5151
6201
6539
5214
7408
9421
8165
7098
4412
5232
5281
6253
5777
4388
7322
6504
3482
4664
5618
7333
5083
5565
6533
5093
4686
3549
10238
4774
4219
6134
10104
6178
5172
5690
5613
8524
7932
5672
6811
5590
4843
3058
3358
8605
9323
6295
5720
4000
5762
6485
4616
9132
10112
5484
6308
7267
8442
6422
7682
5759
9255
6468
9399
7218
7874
4720
4886
5968
5717
4712
8922
6019
7456
6114
8997
6773
5552
6643
8958
5627
4455
7133
6554
2422
10352
5282
6262
4420
5449
5414
9166
18820
6634
5834
7226
8899
7411
5511
6155
4876
7349
14505
4563
5825
7787
5786
6359
6091
4738
4999
6774
8509
7432
4207
3281
4296
7145
5108
8737
4718
4669
4001
6699
7957
12297
5490
7060
4552
5228
6965
6071
6900
4887
5070
4366
4873
3919
4800
8393
5189
4045
7887
5882
4791
7706
5859
5090
26391
6116
6542
5787
6341
5297
5395
14031
5586
6209
6641
11163
5069
4938
5545
5486
4846
8665
5826
5012
3924
7403
4575
5905
7595
5992
6887
5085
16355
6645
4703
3548
3657
11130
8876
7689
7573
9900
4652
3749
5642
5381
12179
5690
5611
6404
4748
8102
7187
38219
6120
5737
4351
5511
5299
5780
5746
4814
5185
5150
5019
9106
5889
4387
5589
7721
5717
9549
5164
3519
21018
7379
7340
6110
6757
4564
6970
3848
7418
8008
3694
6467
5553
7205
8873
6574
7366
3989
6272
6577
6353
5280
7529
5195
5683
6578
6871
7488
7137
7087
7125
5701
5618
5635
3775
5166
5392
12528
10201
4818
5649
6543
7647
6695
6394
3325
4009
8250
5394
4376
6291
6968
4957
7722
5765
6197
5783
5423
6338
3958
7250
9927
8347
6124
11724
5432
4319
12075
5077
6229
6794
8813
5724
7784
6088
6781
5959
3818
5091
6506
7101
8247
4489
7995
4519
11138
4038
7084
5257
7435
8135
3385
8077
9011
6132
5982
6183
5170
5941
4067
6884
7172
4473
6037
5529
2505
8121
4921
6182
6637
4867
4982
6483
5828
6021
5081
12262
8216
3346
6925
4270
5096
4809
6032
5180
6314
4360
5129
7396
6682
6424
5401
38144
6255
5100
5949
5641
8572
7998
6468
4692
5282
4483
15516
4462
4612
6701
8321
6434
8255
6328
5014
8435
6254
6627
4576
4315
7481
9028
5764
6911
5596
4731
5409
7001
22451
7565
7514
5853
6895
6410
4321
6034
7912
4256
6101
6047
5475
4725
4759
5425
10541
7117
6394
6616
4807
11406
5901
5777
7693
5649
4740
5136
6314
21199
5000
6385
10196
6846
5470
7928
6227
6774
7991
4520
7289
5220
6392
7345
7907
13067
7877
6698
6226
5291
5318
6022
8211
5309
8581
4751
6452
4681
6462
6718
4607
7607
6259
5729
7001
6212
9684
6714
8252
10452
9416
7507
6976
7849
8592
8325
8233
11504
3570
3555
7472
7010
6038
6018
5427
5705
5976
6179
6826
5329
6854
6434
8830
9151
5998
10071
6675
5433
7786
6070
4288
5112
6841
6213
6556
7899
4942
8468
6792
6926
5707
11230
6168
8575
6781
2923
6064
5420
11822
5755
4797
6770
4986
7917
6530
5467
6807
4945
6001
4757
6876
5675
4216
4464
5272
4198
5526
3745
5541
3463
5787
8824
7630
11940
6204
5358
4677
5847
5602
9714
8615
7218
6973
6287
5907
6742
7463
4954
8027
6260
14210
7281
4102
5650
5117
5398
6000
10456
6876
6536
6854
5110
7759
5137
8586
7164
5570
4828
8254
6754
4830
8639
4393
5652
6772
12851
5327
5614
7504
6027
8195
7942
4652
4480
4745
5070
6735
7191
10417
8142
7081
7271
4526
5497
9372
6106
6458
6928
9037
4963
8964
16657
7950
5780
6517
7241
8438
5866
8903
6104
4234
6047
7362
4285
9125
3954
7843
6052
4839
5105
6682
6098
5446
8219
5420
6362
4835
4217
7798
6770
6487
6750
6925
6142
8372
7647
3928
3438
6100
5790
5046
6805
6679
7268
8108
5647
8758
5517
5284
5337
5621
6211
4712
5139
21558
7700
4429
6713
5319
6069
7197
7100
5717
4600
5512
7889
5442
6417
5729
5724
23708
9360
7531
7791
5343
4382
4802
7899
7056
5527
7018
5764
8239
4867
4709
4813
3455
4742
9752
7278
5488
9408
6767
7657
6849
4996
7679
4275
4742
5244
6175
5296
10280
7230
6327
7774
16841
5740
21713
5627
6614
7987
5749
6222
6852
5846
7946
6239
7297
4393
6963
7270
5166
5537
5188
8035
3800
6074
5106
6376
4936
6354
5511
6764
8085
5831
3618
6857
5697
6928
7097
6344
5538
6579
5583
5848
8404
8970
14047
5565
6257
4908
6211
6649
5244
6434
4780
8917
5418
3727
4101
7460
5140
7844
7057
5778
5640
4152
5005
4992
3911
5942
8018
9697
6070
5778
4825
7445
4354
5354
3608
5805
9503
5003
7615
6839
5587
5455
5900
5371
5302
6707
6573
5738
7769
8942
4867
6096
6482
4338
5339
3558
6559
7168
7207
4449
9103
4707
5668
5334
5919
14890
8375
5261
8311
4733
3981
3281
5191
6969
9243
4719
5873
5246
5155
5741
5806
10711
8014
7914
7105
7900
6615
5281
9622
4597
5125
6986
5981
4549
5369
6597
4548
5766
7704
7987
6571
8242
9213
9296
8692
9749
7030
4342
4991
16838
6699
5923
3305
4515
7080
9293
8913
4593
6949
5558
4646
7309
3316
9262
9338
8297
8011
6503
6540
8202
4089
6863
7959
3906
3824
4450
6719
5072
8170
9686
6301
6960
4161
4522
4993
9818
5942
5192
9422
5417
5649
9098
5594
6258
4878
5150
6942
11106
5787
9718
6519
8489
6096
5713
3413
8068
5166
6116
16606
5196
5095
5707
6777
6515
4669
4892
5931
5053
6797
9912
5663
5243
6344
6754
6064
6236
8512
3756
4294
7334
5159
6406
3498
5361
5726
6721
7448
3952
6835
5157
3705
4805
8939
7605
6634
5420
14818
3748
7317
5330
4556
4361
4468
5754
6024
5886
6835
6007
6025
6181
5889
4666
9680
4778
5131
12564
22146
3991
6543
5581
5054
10291
5946
6283
4742
5598
6639
6133
6078
4702
6173
5857
6917
5208
7491
3484
7926
4918
5504
9069
5396
4939
9489
6094
5139
7282
5506
8681
5561
11007
5858
5325
5042
7181
4575
5324
9708
6185
9204
8012
6651
5948
7151
6659
8795
5314
4581
4430
4612
5916
6842
7011
7828
6038
4654
4148
4650
5300
4683
8076
4453
4388
5978
5770
8557
6174
5251
13313
4716
5848
7715
7450
6993
8627
5710
6663
7326
5217
7658
12475
6701
7882
4747
7024
9787
7010
5364
7828
6733
8059
5589
4225
5581
3671
6897
6886
4744
3831
5439
7877
7150
6702
5807
3905
6018
8196
14575
9749
6544
3618
10320
5094
5128
6688
7024
5789
5118
5141
5248
6746
6878
5078
5965
6000
5104
8249
7620
28831
4840
4823
9480
5770
7452
11133
6305
5951
10464
6010
4589
6424
6264
5449
5766
6338
9960
9580
5922
6433
7129
7097
11695
4300
5674
10607
5441
5664
9151
5354
7995
7230
5708
6009
4762
5002
4962
6537
5006
6384
4339
7719
3859
4828
4790
3355
3244
2636
7631
8836
6228
4608
5354
4702
6224
5153
5303
5603
7806
6562
8112
6144
8138
6734
5628
7570
6789
9008
9821
4833
4043
6166
5300
5859
6364
4479
7462
7430
11488
5571
5728
5741
10461
7265
6801
7837
5811
6253
8247
5360
5698
4665
6273
5156
7010
6585
4825
6720
12005
7659
6194
7712
13443
4577
14785
5844
9021
9889
5879
7441
4345
5139
5323
3970
4593
8643
5575
9874
6166
4338
5916
3978
5963
4597
7331
11013
6511
6075
5262
3807
6320
11784
7084
5559
3712
2660
6423
6377
6490
8137
6633
6042
5622
5045
6168
5649
4617
5201
7955
4437
4656
5868
5865
7842
5142
4488
6778
4831
5174
10306
4745
5931
9368
6662
10125
5208
6777
7712
6003
4131
4400
23214
5895
7668
5740
5798
6276
6489
6224
5249
6016
5184
19578
5055
7053
5295
4837
6062
8448
6034
5593
3167
4816
5219
6020
4026
5393
4354
6198
8537
4925
6076
5619
5175
5580
13635
7327
4934
10908
8393
6204
6405
7327
4442
4891
7821
4398
9020
6566
5848
6283
4117
8291
7364
5600
6741
5199
5299
15076
5244
7348
8735
5136
4885
4239
9434
7229
5816
6280
12987
9347
5648
6668
6406
5190
8322
5584
6133
6791
6908
9121
5556
6884
6581
10726
5471
5093
4387
4861
6017
5554
4734
9481
6936
5133
7309
6000
5389
5623
8928
3940
9584
10670
5608
5119
4612
7010
6557
6347
9324
6969
6737
5071
7543
4578
8907
7028
4423
7122
7680
6633
7399
24349
7558
8422
4913
3815
4352
7164
5213
5470
4656
6022
4704
7818
7668
6123
6227
8209
9459
4971
4535
6137
4304
9109
6818
7539
9114
6698
8083
5724
8334
6629
11107
5250
7559
5884
3163
4450
7311
5647
4421
6937
8309
5653
6566
5023
4673
4926
8146
5062
6847
15173
5526
6273
11542
5990
5613
5989
6095
7075
4557
5625
4492
5660
4820
5540
6823
4650
4325
5767
5428
5109
9808
7585
8500
9077
6331
3480
4298
6557
5200
5883
6379
4836
8073
5919
5182
5076
7486
4098
7808
6953
4234
5537
10847
4609
4690
7755
4255
5826
5167
6282
11185
5201
4490
6387
6187
6794
6854
6501
9724
6871
12654
5359
10374
6091
6645
5930
7534
4382
7782
6314
4215
10050
4960
3866
5528
4181
5469
5575
4759
11246
4823
6302
7495
5096
9069
8725
3953
28265
6069
6471
9468
6156
6280
6713
7905
9344
7574
5275
4991
5624
6901
4869
10294
6785
4264
10408
5663
4821
6130
7124
6396
4382
6691
6050
5085
6751
5979
6734
6799
7333
4562
4357
10243
3869
5089
4455
5067
5695
10735
7006
4603
5974
5371
4858
4231
7061
3985
10793
5247
3333
7491
6902
11923
4457
7665
4508
9303
4382
6243
7805
5424
6578
5907
5076
5322
6364
6817
5280
4718
7508
7502
4805
7751
5887
7069
10228
6998
4973
4169
4130
6082
6185
8259
6738
4882
5067
5467
5399
19495
7419
7579
4677
3668
6207
3442
7845
6300
4907
5419
5931
5970
9865
7791
4119
2373
6108
8804
6437
5279
5460
4381
4412
5543
7507
6155
9580
4349
16765
8953
7933
6799
5343
4793
5586
10712
6557
5399
5767
9680
9429
6279
5323
8299
6688
4424
5543
7854
5871
4663
6769
4885
4754
5660
5012
5719
24765
5214
3872
6232
12572
5040
7294
7736
4162
6040
5664
5617
3434
3345
6705
4781
7502
6855
9455
5517
7878
7998
5728
5482
11563
6654
10369
41772
4931
8781
2010
8313
6092
4159
7147
7875
5613
5312
4160
4381
4990
14444
6806
4797
12380
6929
4936
13547
9745
5211
5698
5275
4613
7107
7743
6617
6289
5692
4819
7467
7971
7183
6597
6097
6812
4412
4101
13239
6134
4290
11129
5851
5768
7784
5857
4223
5997
6693
8781
7333
9273
6069
8500
4436
7394
7043
4377
13826
5360
9875
6533
5829
5270
5026
4659
5825
5103
5443
10294
6668
7702
5746
7130
6427
9436
7027
6132
6708
5848
6230
5107
4962
5292
7924
5671
5279
7429
7660
4244
5814
5129
5352
6929
5117
7954
6381
4219
7105
4692
3671
9243
4942
37499
7589
7136
5471
4986
5124
4586
5084
6547
4861
4865
5750
6083
6073
4373
4290
3855
6400
5672
6141
4433
5334
4966
7021
5056
4835
5713
9083
8367
6612
5151
4948
5497
4935
5363
5299
5520
4989
5327
6552
5987
5682
5903
6797
5720
9114
6109
4369
6430
5315
5849
11561
5135
5958
5289
5167
6625
8682
5107
3986
4655
6258
4927
4384
5336
5505
5691
5262
8759
5766
6674
7476
8496
4589
8586
6547
6340
10819
5541
5094
7882
6447
5279
5576
6845
4796
5005
5473
6825
5690
4311
6393
4422
4483
6145
6602
9399
5964
5191
4825
7431
4595
6947
6085
6603
6105
5354
4644
5648
4472
7104
4507
7223
6407
5263
7193
5709
5030
5014
6535
6064
6876
4894
4482
4722
8203
5965
10503
4524
6216
5974
11589
4090
4834
10029
5276
8199
7640
3664
7156
5106
7003
5520
5971
6868
7623
4475
4691
4571
6334
7059
5325
6066
6293
8411
9407
5284
5667
4131
5149
6194
5181
3137
6186
7155
5030
6396
5588
5667
5346
4833
3695
5486
4097
9268
7836
6584
5322
7748
6934
6858
4946
7235
6288
8445
5918
5671
5042
9103
5362
5033
10158
5971
5467
4193
4612
9106
7202
6924
4174
6992
4875
4249
5133
5789
4733
4412
2932
5496
7610
6968
8823
4100
9258
5675
5422
7212
6425
4483
6024
4089
6053
4441
4651
8353
5438
5265
6365
6655
4409
4859
6699
5633
4855
9185
5686
6626
5854
7366
9330
8454
7245
4542
3926
8350
6066
4795
7584
5374
2961
6027
5221
6524
6011
8376
6585
7681
6689
5100
7907
4415
3434
3449
6930
5914
6194
6962
9228
4767
7059
6915
3250
11964
5984
5303
7576
7208
5118
7740
7248
7560
6712
7264
4360
4331
4999
4704
5053
6272
6626
5638
4942
4047
7754
4976
5134
4894
6566
5917
4985
5248
4916
6396
5071
7087
4755
6255
4734
6563
4568
6786
2651
8251
7592
5043
4194
7982
5051
8234
6580
4740
5218
7229
4018
7333
19934
6367
10412
8773
8762
5475
3932
7520
6687
4743
4343
6562
4728
6423
6884
11393
6236
11895
6418
4671
5231
6755
4729
4779
8399
7578
6565
4641
5636
4222
6015
5638
3991
5747
4259
7091
5931
4633
8067
6037
4509
6863
9003
6549
6616
6145
7067
8318
6969
5038
5624
7996
4890
5740
5336
4936
6256
4597
14547
9930
4906
7047
4992
6298
8389
5000
6124
9675
6722
4319
9072
3636
4792
4812
6537
6431
4827
4481
4901
5067
6462
7640
4581
5868
4202
5636
5229
12566
4743
6846
4172
7571
5982
4804
4339
6402
4370
7889
4467
6549
4761
5319
11616
4475
4413
5077
5335
7787
6605
4774
10178
5197
4313
20395
5390
6497
4295
4734
6719
6378
6508
10099
4388
5162
4641
9573
7546
5505
6698
6359
7014
5058
5653
4560
6932
7003
5282
5971
9387
4833
3870
6407
5682
5887
11800
6807
5826
6777
9131
3402
4924
8637
5637
5997
4594
3629
5389
4999
5842
7969
5203
6827
4790
6890
4486
7393
6483
9194
5929
6655
6648
8106
5346
5504
6961
4216
4657
4713
7364
7192
3070
8123
6337
4887
7433
8016
7565
4986
7369
7842
6315
5264
6439
6385
9059
7026
5940
6702
5146
6980
9414
9470
5440
6679
10373
8399
4235
4323
4431
4094
6163
5847
4639
5500
8100
6971
5259
4325
6121
5313
4120
5536
6398
4125
6362
6253
7680
5927
5199
4435
4802
6489
5243
7663
4781
6784
3847
4704
4898
6658
6430
7551
5158
6028
3705
5606
4448
4487
5042
5411
8681
4594
5314
9104
6929
7806
5922
6288
3550
6194
7787
6525
6010
6293
6482
7277
16689
5507
4686
11463
7274
4584
5065
4590
5726
7603
5263
5302
6171
4744
6433
6011
6523
7146
5527
5738
4790
2538
6078
10542
7052
5839
2140
2758
7235
6254
4649
6637
7209
6340
6381
6571
5437
5637
10189
4405
6234
7250
6454
4550
9493
4304
5092
9402
3753
7492
5708
3968
5718
5541
8602
4427
5561
11445
8511
41353
7194
4862
4296
5690
7617
6925
5907
5620
4220
5681
5161
4988
4447
7948
7804
6890
8804
4166
6945
4590
6945
7042
2769
5593
5364
5789
7318
4722
37277
6074
5749
6653
4763
5387
4394
5498
6648
7733
3641
5349
4968
4696
4627
5075
4546
17894
5159
7086
6462
5358
3875
4981
4259
5989
7408
6244
8113
5353
5166
9310
4484
5535
5551
5208
8916
6779
5897
8102
4975
8104
5320
6146
23250
4292
4962
7279
5997
5956
4649
6400
4832
7560
7168
5957
8620
6430
5312
4081
4290
4534
4704
2786
5783
4947
6936
5315
10117
5119
7555
7174
5745
7217
7073
6531
6330
6814
19783
8986
8692
6269
6104
5941
7295
6454
5979
11261
5388
5874
6440
5109
5416
7829
6189
5219
6287
9343
6221
4584
7473
7057
4832
7757
5404
4192
3450
12027
4453
5004
9742
5665
6419
5396
7767
5406
5095
4561
9013
6253
5089
7434
6448
6299
6244
4207
5114
8789
4368
6336
8124
6376
6071
7179
7141
6132
6173
9149
8781
6977
9934
5765
4301
5049
9420
5072
4968
9548
5655
7341
4485
4861
6538
6166
6873
6073
8589
5208
7391
7968
4843
5789
4683
7856
11883
6652
7722
6403
6426
4672
5462
5547
10005
4141
4759
6218
5743
9341
5018
4885
3427
5110
5649
6902
6956
5547
5547
6362
9212
5848
4399
4077
5572
4566
5445
5038
4901
4988
4722
8943
6728
9479
6514
5109
4855
8985
4789
6561
6632
9449
8944
8329
7842
4264
4228
4986
3697
6965
6885
5080
5150
5207
5731
6632
6235
8607
8581
3767
5838
5146
5543
7456
6562
6692
5913
6056
6072
5509
9190
5179
17052
4756
8495
6211
6295
6709
6299
6830
5016
9367
6412
11119
4485
5415
4879
6657
7117
6567
6491
5080
5828
5243
9540
4683
4741
6770
2352
6240
6608
4442
4836
5180
8231
6939
6885
6527
5303
6990
6202
5075
5602
6049
4720
6485
8508
8033
4947
7921
8769
9062
6918
6820
10367
7056
8210
7304
6305
7719
6346
8544
7064
6480
7649
5968
7087
3705
4975
3825
6674
6532
9177
9361
4662
5916
6038
7289
5449
7481
5317
6011
9203
6421
5086
3293
6551
7212
7248
4354
3236
5148
4525
6721
4846
6955
7143
8153
7059
5526
5422
4485
4381
5755
10706
4362
5303
7093
5220
8123
7676
6325
11500
7902
6269
9758
5226
5092
5142
6106
4688
4913
5919
8907
21977
6989
4683
9753
3252
3660
8630
6849
5742
3835
9231
8316
5929
5296
4517
4451
7146
5973
4977
10232
5088
4756
5521
8473
4843
5953
6135
4960
12240
5670
9088
10208
5452
6147
6359
7239
4786
3965
6502
6864
6750
4820
4521
3677
5289
5949
4557
6140
8267
6250
5949
12077
5222
5101
7260
6788
3786
7518
8386
5804
3686
11514
7067
5508
5860
7851
6087
6472
5216
4492
5793
7018
4222
5488
7307
6480
4162
7637
7068
5395
6419
10324
4838
4672
7968
6609
5098
7101
4425
5611
5153
4323
5209
6625
4873
5579
4259
5151
5841
4253
4904
3805
4915
5564
6245
6242
3412
5400
5703
5348
4195
6979
5171
7404
5832
6413
5227
7168
14830
7343
5934
6351
4252
4529
6314
5485
7115
6070
6107
3830
5260
5300
7053
5335
3568
7744
4939
5592
6689
4938
6161
11008
2794
4778
7906
4787
5314
10062
5781
6200
5535
4469
5153
6823
4740
5568
16754
8081
4715
5216
5137
8495
5983
6155
7078
4236
5225
7457
5243
4602
5249
6937
5608
6996
5178
9291
6464
18768
7214
4970
22217
6055
5709
5916
6222
4468
6290
7492
8393
5446
6228
7788
6236
7630
6086
5415
6271
5236
7824
3554
4216
9093
6283
5053
11052
5492
7740
6366
6385
6410
4707
5921
5836
5906
4579
5635
5629
3755
13162
4928
5637
10893
4580
5740
5946
8504
4058
7687
5077
5225
5664
5528
6352
5952
6811
9879
6835
5140
9109
6408
5286
6832
5820
5310
4525
3792
6393
5276
6675
5689
5262
6822
5468
5060
6074
8593
4677
3794
9475
4509
3611
6759
9346
8103
6793
5885
11814
5225
4186
5774
5247
5252
4901
6127
5751
4415
7398
4078
5956
7309
5818
4814
5248
5965
11659
9382
5878
5351
8932
5262
7706
3962
6981
6922
7810
6782
6874
6311
9778
6164
5092
6303
6281
4999
3817
6414
6390
7385
6603
7509
15985
3882
3442
5619
4355
10676
6675
17170
3942
6075
7031
6397
7152
6812
5453
6978
3940
6114
18025
4219
6839
4785
4517
13178
6166
5894
6312
4363
4360
10306
7690
4969
8537
8909
7018
4913
5012
5485
4762
6519
4976
4365
5884
8909
7382
5753
6569
3569
4774
9881
5291
4517
7545
7949
3376
4570
7045
6664
11947
7980
7153
3777
5866
7701
6159
4866
11066
7006
5226
6717
4539
5055
3708
5667
5689
16411
20979
4717
4371
6307
5504
5266
7145
8155
4506
5286
7233
6304
4050
12187
6812
6261
4933
4566
4745
4615
5810
6381
4692
4897
8403
7557
6390
11721
6210
5549
7423
7857
7543
7594
4131
4841
4129
6826
4917
5552
7287
8669
5618
5088
7401
6100
5715
7968
6625
4873
5040
7357
4545
21017
11353
5497
10574
4851
5029
4847
4569
8821
5664
6087
6349
5851
6662
6859
3563
5588
6727
6468
7933
11777
5963
7388
4141
5952
4361
5875
5047
3636
4715
5899
4971
6942
7458
6001
4196
4849
5151
5556
13603
5723
4667
7571
5189
6789
6307
6705
4400
6055
5834
6249
2592
5386
4714
5928
5501
7572
7847
6429
6103
6864
4763
5410
6523
6358
6716
4164
5790
3920
9615
8237
4547
7748
10191
881515
5739
9070
6354
4417
4008
3049
5228
8428
5457
5387
5750
6366
6716
7976
8752
4862
10633
5516
6996
4881
5182
14613
6729
5861
5471
4410
4799
4148
8148
8832
3866
8951
14266
6035
6279
9392
4909
6775
9264
5639
4584
5413
5236
7386
7760
5974
5969
4498
6743
9083
6187
5858
5190
6031
5949
6947
5625
8197
5358
3853
6249
9820
6888
10175
5373
20755
4790
6301
4383
4971
6631
7574
4294
6775
4674
6047
4965
8654
6874
4890
9555
7325
6165
7613
9102
6050
12944
6143
6729
6840
6913
9991
5586
7228
6986
4718
7753
5664
5609
5440
9874
6879
4632
4096
5038
4928
5443
5185
5514
5943
6605
4760
5195
5246
5766
4902
6360
5586
5461
6351
8493
5671
7745
4710
5449
6547
5337
5959
6227
6979
4476
5299
7418
9626
5400
6352
4407
7399
4067
7816
9299
9001
21456
8625
4681
6686
5382
7741
4303
6212
5944
6333
5638
4596
4353
6442
5133
7038
7259
4723
5955
6179
4662
5833
6323
6403
11916
7484
8983
5551
10484
7498
8430
5141
5004
5262
6195
7038
6044
3260
10165
6947
6645
5414
6441
5830
6294
5361
6729
8346
25650
7148
7586
6925
7562
5506
5502
5803
6786
5049
7297
5957
5390
7811
6092
6085
4930
6971
5603
8976
8489
5004
7135
6961
5479
6693
4433
4853
6488
7721
4808
3740
4720
7915
5688
4402
5933
5680
4793
5775
6057
6338
7759
5948
5484
4526
5525
9417
5951
7075
7426
6422
2819
7591
6310
5270
4746
8813
5308
6426
6354
5856
6267
5787
5814
7946
8008
6640
10158
4841
14120
4292
9629
5794
11002
7273
8734
6326
4630
7195
4614
5375
6643
6087
8028
6740
8895
4968
8718
4598
6343
10843
5988
5641
6335
9396
4640
8857
6010
5671
5626
7157
5034
5819
5914
10221
4927
5095
8110
5318
4730
11165
4149
5407
7148
5984
6013
4752
6282
6088
5085
4531
3995
4270
5737
8116
5522
8560
5942
8144
5647
7942
5584
4183
8131
6172
5584
3893
6231
5316
7641
6700
4909
6903
4682
5565
24208
7159
21196
6406
6635
4079
7848
6279
5294
6166
4348
10159
4809
6526
5834
5151
5355
4623
6294
5211
6189
6328
12580
5481
4460
4605
4949
5550
4435
6695
7643
7136
5980
5436
5559
10644
6248
6828
5108
7182
6753
7178
4274
3823
8899
6408
6569
5492
4296
4960
7880
4823
4743
7691
6936
4125
6120
4690
4596
7494
7357
5700
5556
10568
7687
6413
8812
6650
4337
5248
5894
6535
7407
5165
7033
5649
6707
6402
7123
7239
13812
4319
27832
6064
4476
3152
6192
5108
5915
6428
5219
6473
7057
5774
5563
4727
5311
4072
6569
6425
5899
6192
13251
7115
4831
3611
7196
4954
5119
5459
4977
5564
8097
4977
5105
8321
4224
6646
6602
5482
5612
4706
7032
6740
3886
9828
6350
6148
4655
6323
4421
5293
4081
6993
6658
4706
7197
5677
4641
5831
5435
5245
5581
7551
6074
5092
2796
5137
6132
7018
6939
4076
7919
5278
5099
5201
5388
5599
8832
6596
4618
7493
8504
5322
5447
5050
6267
6017
4835
4290
6044
6261
9373
8218
3678
5930
5981
6332
4852
6492
13671
9332
5771
4692
4108
4709
7271
3925
4430
4656
5425
6148
6056
6231
5639
7221
3797
6741
6744
5479
5481
7502
6562
5098
9728
8365
3115
7577
5644
22013
10668
3864
5682
4554
7364
6257
6139
9882
5482
6168
8209
7064
21817
9252
4998
5522
6144
7071
4948
3649
5491
4880
4055
5411
6017
6064
6386
6094
4643
6619
5775
5581
4847
4972
23452
4495
8531
5605
3900
7395
6623
7424
6532
5130
4297
5521
4349
3929
5408
6569
8192
6983
4310
5499
5058
4550
11405
6790
4579
4717
8187
7307
8448
9944
5404
4832
6579
4679
5288
3515
10072
4882
4990
6790
4919
5133
3958
6784
5479
7549
5968
8108
5899
6507
5177
4933
4721
9470
6759
4118
5218
6298
5836
8942
8310
6379
16800
6264
7038
6214
5004
6294
6604
6094
5829
5319
4110
5612
6989
6602
7417
7964
5228
5479
5316
6634
8096
5355
6355
4672
6253
7348
4529
5427
9452
5668
5390
4264
5393
6863
27130
4902
5822
5051
6587
5381
3554
5298
7552
4751
5678
4974
6397
3975
12501
6739
4631
10166
4871
5776
5238
5505
4078
11279
5606
6045
4518
6285
5923
4089
7063
6736
4504
6821
4756
6326
4662
8097
5410
4899
6450
9497
5504
4672
8804
4987
6267
6601
6080
5208
5153
4394
7533
6341
5572
5774
6256
7179
6132
4469
8469
3729
6306
10086
5719
5227
7171
6884
6632
6046
7782
6842
7348
5755
4246
5965
4000
6378
10089
7072
13138
25022
5501
2946
6128
4693
6147
5020
6401
6426
6810
5206
6392
4166
6667
5628
6404
4686
6815
4119
12855
5869
4217
10250
6248
4855
4816
5089
5107
7849
4853
5132
4480
12252
3505
4770
5423
5619
6142
4654
7548
5881
6159
10090
5783
6174
5236
5459
7596
7308
4569
6940
4829
6780
5000
5639
4800
8042
4704
6668
6741
7461
7227
7613
5755
7193
4692
11723
5546
6085
3517
6747
9517
4984
5589
5573
4803
4847
4702
6310
4661
6704
7122
6003
5315
6659
11331
6424
4729
7047
2299
5085
5178
4590
5815
5618
5316
5112
6459
5385
8442
4515
7266
7520
5379
7469
3406
6996
5901
5894
9821
3928
6866
9943
6458
5382
4637
5780
5719
4621
6926
10540
5530
8541
5784
8581
3785
4857
5179
9848
8106
5555
6110
5791
4989
4749
5539
5757
3739
5150
4736
6611
8452
5832
4396
3897
10740
6034
7161
4257
5677
8492
3872
5945
7180
7706
9910
4852
5130
10193
4882
5432
6548
5577
4992
3755
6796
6192
4888
7522
7815
7088
7881
5082
5678
5705
8015
6764
8284
2603
4825
10779
5953
4486
6528
10895
4507
6198
5051
5503
5656
6111
5934
5035
7793
4197
6008
5905
15921
2596
5063
7779
5386
4679
4327
4642
4971
4978
4686
7743
4436
6960
8112
5079
5539
7834
8023
6049
5134
5749
4400
6512
5024
5603
5313
5062
5639
7476
4583
6349
6233
5794
4555
7728
6585
6557
4481
7603
5162
5079
9811
4645
6355
4238
8829
4452
9051
5579
6082
4675
7492
6246
5827
5314
8076
4767
5186
5447
4283
3962
7860
6551
6501
6792
6118
7108
21557
5695
8522
4195
5173
6759
6421
9263
6360
4582
9112
6288
8759
5486
6770
6637
4943
34936
5648
6218
7121
6818
4794
7197
6067
8330
7819
6039
5329
28984
7223
5039
4042
3990
4058
5024
7743
4614
4419
5417
6754
5721
5887
10369
6397
5890
6103
7679
5724
7999
6044
4667
7947
6120
5809
3573
11934
6276
4751
4980
4965
9981
8123
5350
5098
4682
6791
6274
7806
6362
3722
4186
4446
5432
6245
11376
9488
8199
9858
5676
3920
4966
5720
5431
5480
4477
8397
6123
39122
4618
4615
6629
6534
4445
10297
7545
4827
9551
8313
9121
7004
4991
5688
6542
5563
4986
5129
5905
8020
6793
12607
6690
6619
4654
4568
5087
3589
6035
6055
5274
6944
4450
6141
4745
5207
6201
5187
6740
7651
5560
3366
5794
5311
6991
4380
5635
6218
19126
5547
5255
4650
5285
4630
6661
5738
5713
8491
7025
6532
6283
4032
7109
5678
7773
6123
7584
5904
6078
3340
24840
4660
6730
6175
7796
4353
13222
3852
4179
17349
6690
4791
4567
5489
6791
4904
6277
7530
7977
5152
6389
7159
6532
4931
7591
7859
6404
4616
5712
4089
4421
6996
6125
8170
6162
6600
4864
6476
5346
7577
5979
4580
4986
5762
6012
5685
4288
7011
8064
6402
4467
5657
7285
5689
4459
4628
5632
6629
7864
17680
6720
5273
6576
4330
3798
6915
4422
7937
6454
4415
4313
7007
7895
5863
4937
7227
6316
4851
6112
5861
4223
6520
6637
5700
7180
4487
6939
4731
5655
11312
4253
3766
5624
4836
5065
5568
4747
22521
5897
5613
4494
6559
6083
6888
6986
4501
5212
4750
4853
6342
5834
6285
3150
5323
3017
4565
7556
7732
6716
4604
6497
6643
11281
6388
5810
6090
6288
5713
4581
8187
5336
6062
4282
4383
5577
6263
7602
8246
5362
5472
6306
6898
3739
6580
5595
5737
7649
5760
5712
5346
11261
5250
6698
10059
5222
5728
5197
4633
9797
5916
5819
4376
4536
4565
7037
5349
6464
5399
5474
6236
5567
5468
5923
6911
5962
7489
8443
5769
2931
5916
5696
7418
5242
8486
9118
5376
7048
4777
6339
6191
6715
4257
5361
5948
6441
4578
4856
7642
5930
13688
4854
5862
4476
8854
7630
6655
6003
5519
4976
4963
4688
6420
5953
6176
7122
5108
6149
5302
4782
4527
6644
4486
6043
7105
5644
6587
5631
7182
6662
7564
6070
6774
5486
6075
5197
6663
10035
6274
4393
5302
5682
5460
4036
7997
3528
5885
5006
5853
5134
10144
4628
5145
5477
5010
5840
4286
3362
4328
4836
8875
5171
7060
10529
5132
3858
5832
15879
3716
4330
5560
7100
3909
6248
7849
4997
5589
3495
5772
7513
5999
7546
5883
3826
8383
7674
6460
7420
4735
5551
5973
6929
7650
6904
8139
4287
6400
5635
5024
6086
5055
7380
7806
6598
6934
4406
8955
4888
6790
5551
16440
6323
6563
6621
9590
6020
7956
5085
7293
6602
6453
6704
9826
6542
4719
4913
4541
3798
5505
9088
6413
7148
5136
4550
4511
9857
5589
4814
9115
4396
7251
5861
7135
7687
7419
7802
6020
4882
5140
4312
4703
4516
8472
4378
6536
7046
11530
4540
6314
7579
6074
22697
5147
4477
4058
6339
20468
6320
5214
6731
11799
6162
14483
4916
4881
5899
8046
10093
5236
6307
7392
9723
4877
5954
4262
5528
7958
5880
4099
7417
6705
7115
7810
8098
7821
8504
2567
4517
4923
7893
6416
4696
4667
6969
5021
5271
7359
4276
4577
11574
5330
5001
6349
5881
5580
11786
6303
7177
7182
6547
8452
3718
5425
8134
6455
6124
6912
4537
6563
8639
5120
5130
7538
13030
5960
12653
6970
2532
6990
4128
4584
4464
5200
4798
3774
6521
5322
5756
9144
6127
4406
5883
9758
5205
6243
5609
4803
7229
5036
7651
2706
6720
4904
3738
4471
7105
4387
5447
5932
8735
6329
9418
5743
3750
15053
6017
5507
3637
7614
5808
9761
5702
4890
6128
6042
5011
4503
6361
7008
4781
3944
5772
5395
6489
8570
7366
5160
8171
5012
6042
3106
6902
6860
5533
7659
4749
5377
7356
6649
5259
6371
5709
7482
4909
10493
7216
8545
9406
4184
6849
4949
2206
5082
4667
5899
3841
4059
5956
4299
5958
8024
11691
5615
9241
21988
5769
4693
21022
7292
6032
4826
6810
5446
3665
5236
9574
4801
4905
5213
7022
6360
11893
6436
5308
8615
5635
4805
3142
6443
6440
5374
5980
6362
6550
7636
6885
5032
7564
21901
7024
4834
6103
6290
6885
9628
4806
4219
5649
21004
5378
3709
7372
4740
5385
4352
5859
7977
5350
5752
4994
6048
6306
5597
2506
10196
5182
5691
8424
5167
5057
6955
5958
5050
5048
5982
5927
5464
4902
5386
6539
5207
12834
5958
5270
6110
5260
6111
5012
7336
4134
4929
4963
6552
5386
4023
7033
5497
5046
5247
6246
4572
12695
6199
7705
7150
6269
5651
5177
6129
6711
5723
4774
6981
5100
3957
5326
7207
4027
3157
4909
5872
5136
6548
5601
5394
6633
5164
4447
3505
8740
5012
4033
5264
6641
6261
5482
4880
6092
7413
6674
3802
3812
15963
7162
5375
8932
5086
4633
4306
8027
5900
7221
5441
4069
6999
7648
4438
6518
4106
6417
5216
7267
6600
6158
