34466996
30335367
36525001
23857361
24175748
37835853
16662180
31008705
24176238
29543601
39758112
32666088
38347451
27832860
16091993
15098144
38763526
26768617
36438205
16143015
16788660
17030301
17205392
19066590
19274813
39182839
13796853
20839827
31230920
50732608
65990827
19957046
19354662
16833932
24510431
14260492
25469834
42954133
14896305
13786878
31319998
32428275
11812170
15802440
18681684
19004093
12797137
19627828
37591644
16557255
12946698
12454095
16398303
15532063
17674733
16064360
33336085
15854952
16461239
19163140
17434604
15283961
15716012
14303747
35495753
17510664
26955530
12905615
14500486
18294066
12982382
13751175
28217021
14606414
17294163
40451806
18318103
19640264
21692543
17115654
16379836
11009945
20276264
19244236
18204026
14607689
14345183
14278200
16341698
14680743
14607859
12722964
15547913
14290191
15359313
31593121
34294671
12538772
15807154
15213974
11723404
14936459
25743560
18533397
14344606
15010409
15696582
19264608
19885248
29015712
12076408
16452364
16971661
28681168
20089639
18477184
13497565
13863350
15604559
14985857
14589423
14186153
17383696
14971738
12305960
13245593
14878912
17630512
14025273
17268063
14162482
14345927
16752522
29688889
30934789
13625109
12395159
16510815
15898925
12835082
18823414
32025824
32678782
15729839
12731592
15365020
19883264
17926850
32470460
16057334
13138607
29923260
15788170
13286324
20575631
25604808
14406335
19355702
17744644
25305001
14383556
30940734
13020040
28729084
17946467
13125115
15912642
11595254
33706808
15436900
12479883
21357720
12542605
21799223
23201665
12369401
18745298
17522216
29899639
28346475
13702622
18491228
12244333
15973760
32166032
22551693
14426348
24629974
16533945
21799590
32221495
26678397
14743911
29468677
21082961
14446186
13022358
31212961
13731562
17464885
22478496
13090015
18167485
32545123
13658518
14417159
17966046
21723749
36137294
32145395
17120361
14914028
14302840
18113527
14418898
34718403
17334280
15948834
39065935
14472313
31690415
14340916
22468925
17248051
18955636
19131143
16499964
25728598
34251122
16662037
20039632
15290395
21398136
21476486
12709256
12892638
26851679
30412951
26307621
23228788
30004255
13986647
13102997
26487642
10827647
19495344
16186811
16099662
12538237
13406095
14489911
26318700
15098176
21231702
13979277
14911797
14690846
19232166
14253792
15662522
13731273
14707305
12828561
15384803
23956183
31340073
41417842
12858011
11006924
12264242
13915987
11211676
14407146
13982410
16831857
21643941
14806252
18546134
16367971
12959951
16088970
12048294
36294203
17118716
28946135
12084400
11725294
42690627
18842101
16620941
13322072
12795252
12126616
21084484
24660506
18646836
24574088
13675819
49526333
28380692
13538941
12140975
13956129
14842347
20713802
32863376
22767980
14800952
26422446
16716591
14729457
18899355
22521554
36502986
21792378
14067393
13997161
18948012
14293077
15250430
15629979
16850971
16948448
18228704
19136638
30730444
19910309
38804554
25040178
21486837
14678641
14047329
36055212
22484080
31833129
19055430
13453837
16963478
18094923
13703291
12626770
16078394
13387875
16730128
16127857
22185908
13123682
49808194
19558391
13643050
13351977
14432822
11962893
15573562
15019010
12249758
12322059
37792143
12902594
19073399
34595020
12639187
47680955
41713098
35089523
17094699
15788945
24441272
29338018
33438743
41995938
18603561
21469381
20345683
30257532
17951766
60665580
35161286
35907795
26506755
14244707
14845695
13148000
14491633
32977603
27149900
16710660
15653847
11291285
12373425
34958370
15530989
48251282
31990457
12886114
17391703
17428752
14501575
20704838
15158365
17443491
15052193
25554235
47813850
17511763
26422334
28722965
45241069
15300067
13312983
29356765
13327477
14200212
21275139
12071468
12822218
13772147
32791018
22961407
11084963
13701682
17872853
16692965
16493048
21541415
19856320
30786071
12902339
15768250
14528722
10908813
15072117
13138337
27408678
12662305
21404312
17717026
25616456
33650637
12467483
23090067
12174583
13979586
18887015
28941635
12168477
11837964
19534448
14131427
17097376
16963285
11437858
12437110
23088677
18664604
40062939
15845958
34556790
21294118
33344420
15450210
26309610
22247808
30368207
25709965
12683754
18545603
22705353
13947352
13952734
15602429
17376936
13842293
25474202
32170095
13145145
24325018
23912361
24722898
12122440
13124939
15278033
17987901
34457089
15342276
15529349
17563911
13817764
15032087
14402530
18106684
14392988
14525297
12133331
13074691
15658312
11831051
19979847
13157462
12204656
10676359
11084326
12269109
20060569
11038226
14023288
12699590
15537031
16216163
14694821
14673597
12685338
10778932
14417566
16953231
14909304
12422570
14307804
12081369
11042326
10682779
10879784
14022070
16146311
15511380
14773195
11374067
12670049
13766375
11340476
12896179
11719868
14371611
13760634
15083932
11476181
16013978
21309600
20587890
14745081
14345681
12237005
17896774
11502023
14668404
15115563
12715676
11941257
11079195
29049610
13538998
16985401
20692029
11276176
12150044
12224276
29101089
11272647
11874391
13162488
12173294
12218417
12376511
15077819
14583415
20610958
13204718
11345602
15804662
11706519
11973208
13868684
14800719
14698226
14291486
11230530
11497971
13338364
11929074
14249969
13345151
12057026
13292983
14209411
11817599
14012871
16782533
13919286
13225707
11602172
15804190
12129101
13973987
11137215
15791840
12257173
15201537
16402716
12920567
11653195
15236258
11819599
13188423
11162358
11476240
12415152
15360945
14692424
13476058
30656116
14274374
11399238
16041665
12908678
13362727
16137259
12031307
13664678
13904129
12594746
12213321
33491313
11007360
26379364
24285045
16300747
17050835
35204183
12791566
40043373
32179866
16722010
23734145
15244845
19355553
15005174
16341162
15389257
16721055
14578934
11821753
15682067
14747351
16304997
12874102
21284907
13689188
29029658
14077278
14208179
13393850
14034238
12287938
15410216
16793922
15063277
25990277
12559011
13342711
13545055
13555421
17170726
31462453
14907369
24162009
16350030
23924286
18242476
16634951
19545472
11989553
18070760
14392373
12522156
20142744
15134396
15343241
15069774
14711034
12574699
15528245
23063358
31578558
12704978
18642959
12163064
15913474
19650255
13945936
15742935
28546901
17387237
36104706
15387666
18640872
19259583
13660661
12538671
25116586
12263848
12776933
15232703
23415333
17123978
17134787
27596784
12782247
20481132
16302799
14620855
19841760
16604424
14267456
12189894
14957605
14855049
29101494
16371214
23542032
31349916
27633680
12232275
19784653
21323597
14881490
15063585
18034112
14927243
14016978
13980936
14413488
14958045
14460489
15386005
28715712
14253154
15129418
22937569
13292273
10872987
17545315
12351001
14922194
14532226
16283162
12397476
12768960
18004254
13265071
13148403
14419288
13974936
10793775
21179248
13070015
15234898
14360788
11384794
13264790
13400361
14252214
17450559
11847216
12399764
11129387
14752482
14919749
12962514
11253957
14308578
10811226
13349784
16804902
13260430
14088717
18258805
13124362
12256486
11583732
14473159
14074155
12194128
11882089
12759463
14332340
11213689
16484897
11543367
11774195
17094206
12234167
15963286
13321291
28337907
14151701
12644516
17859832
12406423
11233297
14338209
11230060
12649150
12806780
15447803
12459626
14380731
13670719
14631076
12421039
12878710
11351451
13455002
14464499
15127032
12608278
13032539
13107577
15457749
15403046
15340745
14466494
10823069
24555100
13054910
11222957
14630696
16030354
13071477
12564756
15063030
13105792
14162257
15015291
12726181
14351882
15746994
10993582
15176365
12296433
11433135
11767384
14672744
13625480
12088875
13296158
14245474
13671466
13969489
12258673
16844898
12010461
11081683
11327418
12494946
12257729
15401670
16854019
14471972
13442675
14219541
14013144
12155250
12531780
11150076
15012645
11327036
12515141
12745670
12027228
12603500
13120537
12229748
14689753
14305422
13344877
13957853
10485796
15368352
11743015
13563573
11925240
11027922
13540020
28188183
13945651
15265223
12113315
12455509
12367760
12515241
12095649
12624575
11037148
10752610
13270932
26562720
15905911
17725899
13736973
14091847
12179502
12298949
28640332
14772483
11758848
12667744
10951916
13151171
12620206
14803575
12308385
10344176
11869783
14328596
15613149
13819323
14035788
16083098
12915631
12497148
12205420
11059801
17756267
11352105
15084484
14448342
13723262
12846148
12531868
11607967
12223929
12070138
16810765
18849984
14437224
14405241
15133537
10858195
15071363
16034395
11645052
11444230
19380098
18458507
26306353
14594084
16023704
12519009
16423106
17332495
14936359
10708736
13098987
12681703
14885040
10747486
29117915
11813001
12688829
12837086
13644387
10487156
16009425
11985306
14163440
17697354
14343608
11038736
11798477
12990470
13191829
16710995
13782464
14290573
14924614
13048199
13055098
15213491
14454569
15222964
14276970
14105411
11304515
11008432
13139972
18887151
17745200
16711273
28518536
22267947
15021725
12789696
15187914
15041082
14067766
13287469
14192935
11747266
11207938
19838673
11728623
11730649
14410292
13427456
16372892
15239351
13360090
13858258
11845397
12284412
14294903
12491951
14161096
22121519
14556541
23373198
26653755
31605317
13095185
14500391
30982884
21358987
14653133
21914012
12677480
13789601
13065822
13323602
13105544
16466372
13089892
13023781
16828113
14450301
15500862
14946329
14773094
18995100
13211477
15047451
12775956
14224572
15165954
13027679
15933127
17534712
17141300
14088630
15987371
12505733
31300582
15035700
14338905
17779014
13338794
25723252
11004569
13141875
14316386
13386660
12526334
14325632
17434591
15173669
15296536
13166906
44461419
18241303
21449933
29346003
15090597
13331655
13077929
32717246
23159258
17672489
15811715
14565040
14029929
32318474
18131961
12341919
37904562
15535025
13655950
15032815
29225658
15761779
16694296
15127415
12366811
13735564
22843221
13928846
13268184
14478266
16623079
30933098
13637045
19352500
15900135
14175462
14070985
15978654
15074154
17600607
15107284
36364357
16661980
13678798
27344654
15383558
20631156
26332797
14954962
13967029
18025637
15551500
15664837
14841816
13123848
12393993
21816083
21052472
29770612
31536728
11837829
12903501
21552067
14085275
18213361
14738447
13240102
12679875
14289478
33777414
15327976
23099313
25158835
27266173
14644171
17677530
31416528
43444940
15096442
11985807
14471345
13697695
20626916
14728027
14300358
12230322
13569806
15966185
24239913
17057472
11316555
14496071
28283122
12953347
13489082
11735551
14903356
18132852
38199794
17979286
18955318
29161809
15591853
31819435
14317990
12579295
12500352
16324593
12289606
14744054
14248067
12695724
15601033
12361625
13883005
11970632
11647686
13295988
14767276
18660499
13432851
12906125
13028869
16842102
17836840
16671111
21336774
19438684
26344707
27617546
16804712
14608369
12458419
12936841
13893795
13919879
17584661
13406807
13291113
12280133
13879087
12695127
17012014
12346794
14919149
17078408
18881595
13942651
27181871
24842218
15418558
47055458
18247619
12185799
16575843
11326546
13599673
24735561
19840186
17176266
15984695
18870612
16403489
11508295
14715504
15068272
13107676
14718261
21477859
41875156
16747475
17266898
14119572
14381573
13805709
13819042
26941670
17434557
30715471
12560352
11960856
27495002
19330837
12485311
13765911
14648192
16102340
18320494
15444270
14576381
23162480
16777177
35302936
14966530
15730657
17398045
20364415
20984564
30621492
13796966
15095166
15732178
15400866
17907145
14529758
14940889
15190811
20147732
21659333
13252724
19721560
11495198
15071110
31878513
13626688
14139433
12476998
25089482
19374156
19460280
17234462
19230631
13073692
24739295
20481199
12778779
13680027
29220806
13656078
11681438
16680436
12755809
10909568
15829817
15613567
13917383
16019716
20611413
16615941
14757820
12572587
18699744
15477852
16007746
17147622
15651682
23351312
40107286
22251580
37185956
19841570
13712020
15018544
14981145
12828802
19268803
29589865
14144102
12675717
14866737
12561971
41907292
12000434
15810601
14386496
12068226
52337404
21665357
15678036
12632584
12909816
16087167
56533838
11868612
14299735
12111620
31315415
15107426
11916089
13852856
19820934
14959691
31361023
13208872
19912537
12435240
12142656
11612117
13977936
13994305
12272535
11152366
18090809
28750644
11437715
13514010
13645038
15306672
16411659
13295554
27849863
11541457
12613095
12970227
16455460
37428241
13636699
16333112
20971770
13869098
13983729
13172225
12244369
12096684
13246461
12278564
13579671
13148833
13536340
39481430
10905172
31270548
12747019
12788191
12858348
13769450
32581666
13649239
13062918
12994259
12753098
12450520
16923574
12860708
13480387
10555482
13931447
18312760
13275758
12492091
9670986
15039808
14628526
11015234
14150861
14703126
13757699
30455337
12981244
11233432
9669877
18265849
12365471
13381424
12961262
12254181
11280606
12799957
10718928
12872016
12569210
12556356
12828352
14722086
12380858
11439867
11435144
11730981
15017982
12888853
13705789
12542601
14239793
15543764
14665018
10879402
13031107
10458693
14123259
12930199
21588825
15841773
12676764
12097580
14836492
13202803
13849590
11761995
13650552
9899227
18151627
11256723
14342396
11717712
10026360
9045086
11916852
13187421
12580667
10845496
15338524
11880893
12104738
11639908
13729107
13208182
13099652
13010284
20119775
10470016
12205986
13636545
10904233
13008661
10366252
12622847
24914227
12933910
11383349
11358919
12694311
13391303
16770862
17334193
12118527
13042645
21889413
19644422
11735617
14126169
14661608
11279821
15927987
11471295
15051841
11479943
10581553
10633778
14754303
14171330
28610205
12262081
14918985
23917673
15940822
10610114
10259420
16376282
14492978
16544555
10010686
13714405
10319673
13143260
17522874
12069134
16067616
16203428
23500084
29537476
12302005
15649499
10945285
11775184
13859826
12704208
10322235
11823178
31019478
12451607
13208132
13186701
13394756
9954966
13023286
10028528
10401901
13555500
10559946
13905337
12030472
14317083
13441337
11949732
13044029
15570587
12205748
11703707
27510711
11400530
13158927
11514529
12710989
11728043
13110804
11000845
12962659
13967622
15614115
10842117
14588189
11917110
11149787
13376440
12592596
12065407
12263123
16991259
14355394
11297372
11747697
11943941
13976568
17131932
15210306
11603315
12480651
18170379
12789704
14697858
11131865
17644350
12088058
12975795
12844101
11823084
15372310
15134734
12707512
16658380
13626943
14202415
12213120
20397260
9964212
13597604
12265533
12514238
13432005
14807352
10306954
15813871
12798245
17427790
12515580
14690189
13643561
14797907
14465612
11295340
11649381
15094081
11331990
12495451
11334921
11027045
14951172
10535307
12168024
9807924
12519894
14329985
11450509
11149974
11838309
10473629
14177490
14404143
11826797
11579554
11718218
10255797
13497931
14156138
12036760
10392947
11168895
13816919
13506919
21408334
11534588
13519378
12532370
10587142
14304837
13392285
30470726
25316300
14423112
12969353
10303132
14046988
9908447
9571853
13867737
13042440
14945497
13503555
12133653
14648127
12493821
10355064
10713733
10915727
12476108
10626497
11203815
11091479
13725974
9692273
13015293
11251763
15113411
14498676
9526492
9909475
13219120
13504393
20018914
9331639
9801802
9205812
12796263
8459569
10042826
8837160
10303382
11704856
11481171
9998038
10079214
13761787
10069900
9067981
9885129
9267306
12031762
17721966
9059252
10989869
9568959
15712372
10956739
8595815
12051029
13418228
13698004
11473374
11210052
9681108
10796614
12450954
13109656
14672160
9808958
10154702
12442334
13611194
23272263
10348315
11219199
14518131
12903557
9787781
10570646
14387621
11194863
14521396
12913614
18533538
26154907
20999002
12562319
12741089
11550818
11943712
13227332
10544679
14483669
9882663
13719483
11769186
13827001
9965196
16305906
12192665
12549923
18826931
13700092
10120995
10025816
10421607
11633677
19422809
11166323
8708500
10464657
10840720
9006928
10984089
14310571
9522711
12993264
8475484
10932055
17617911
9547715
8958657
11044760
9447612
11620206
13115331
10910126
9579163
8240849
11560363
9714334
14441035
11025166
12612501
13795141
10476607
10521767
9905630
10339722
9880939
9905567
10046028
10113437
12939973
10603753
10907809
10737544
11108635
10740916
11234135
12144777
9647067
12774845
10300596
10660480
10228567
11548271
13104152
11104721
10038168
11221410
28250658
12159481
10096712
12318026
12909348
27139022
11797165
12162396
10615915
13030743
16849987
12994199
10738440
19008000
11329190
11312096
11916291
13819150
9953598
11789912
11087134
13006693
12681344
10694473
13575249
10088931
11435889
12409669
8968479
9929371
13601481
12409131
10710963
11990627
12515902
10330949
9614229
10870959
9933223
13920645
15844220
9340407
11839854
9367284
17225334
13278736
9525820
9424041
11702711
10515536
10081625
11443358
14600425
13029156
10217571
13343470
12730051
11707034
10315382
9009051
26813916
12213159
8972909
18874858
8779721
9610916
12146871
13388888
8764230
8673088
9890106
9410034
11343206
11092834
9416600
12055821
10294726
9800160
12653843
11747810
9175583
19063335
10860858
12612669
12813798
10961002
10508641
9888368
9369633
17783731
8980082
12855154
7870799
11100514
9393373
8984537
10173629
10584113
8314406
9210564
9645827
9380556
9559369
9218851
8663675
9383517
8294135
12120711
10265173
11973975
9170420
12022631
10861732
8589956
10067835
8781809
8384403
11587194
10476181
7927809
13902754
8924227
9338194
10062113
12474806
8723317
9308565
9060826
8016804
10692117
13596662
9090869
12026873
10259931
8659271
8784808
8636773
9571599
10895913
9523898
10844114
8077380
8091651
12545661
9120469
9174763
11365499
8432197
9846684
9906886
8950723
10609560
8608022
11808129
8842278
8825585
8352107
10629662
9805961
14182547
11678678
12112973
11611140
10136591
10267068
9852071
8729095
10226384
9419304
9691075
9160560
10675249
7506078
9136537
11444167
9866976
11755786
9163595
8259570
8624541
11685022
10918082
9014967
10697724
10239174
9501192
8704617
9429930
7492733
11690323
10658570
8549027
9309959
8861026
10219124
11855213
9128505
13146491
11496629
12401373
11441975
14009028
10929788
10816665
12903482
10923125
10586648
12871074
10508813
9832747
12558606
12182509
11068727
9006655
9542776
11143751
9589050
14274246
14020600
12108987
11148118
11541617
9223785
10212721
11768821
10565977
12138133
13289707
10007726
10958058
10877572
10086875
9391230
12185186
9454161
14445068
11058995
12573429
13470829
11435412
26434757
12970811
10340827
12536856
12246661
12538375
10286217
13064673
8881832
12873843
9016545
10839428
14203755
9162555
9777743
11762840
8416395
10725996
8833143
11468038
9541486
13323482
8948549
11847426
9261092
9293536
20277125
8759841
9763140
8459408
12089758
8036882
11289885
9530872
10696134
11998780
11246308
10716662
12169948
12040696
11940441
9803576
13210717
10176536
10616854
10741050
10012243
11805780
13021532
11446449
9362013
9531497
10638289
11385056
12545151
22790245
10460922
14415441
11096725
9079484
20584526
10933000
9570056
12272413
10497126
10928921
11160092
11883102
13440472
12105236
9883641
10089661
13134141
9749175
10109092
11863589
11087766
12888854
11601705
14569359
11420332
15656560
11376845
13006096
13378604
10487743
10856900
10492759
11362547
14256179
11791737
10289416
11261800
27535877
9477785
13460700
11588432
24232081
10074569
11118120
11595331
13672931
11373242
12969272
10304508
13536972
10050847
9371873
9600765
9673089
9908548
16353416
11619698
11998324
10061597
13481209
10035357
11456517
11176461
9262445
11445719
9881154
13654940
8979320
10918606
9785682
13515424
9736167
9797884
12721563
9665590
13074355
9842431
12782041
10687516
13572902
9561291
11294327
11551409
11308704
11292001
12579010
10257569
13907334
10005107
12354043
15022337
13949679
10297300
11449859
10009076
15492662
11198223
13032821
12731284
10457465
13297775
13724952
16456975
19582564
10021138
12161348
13632671
10569838
15491230
23669584
10582842
18394198
10300369
10923998
10070992
10878585
13661021
13408088
13143504
10184548
10707118
10700416
13688451
11525898
9694649
23267560
11788275
9251625
8865519
10086953
15289768
9306257
10402374
11308378
9418491
10357162
12891836
9463879
9036651
9128649
11875456
13619248
10002814
25621643
8977800
10208757
10244122
13055088
9794636
10103678
10814998
9449855
9823658
9481914
12215252
11499227
10644735
13410400
9832359
12600814
12206708
12253015
11727020
13167338
10078546
10660411
11580533
11062448
9776217
11381429
30349187
13697242
14654809
13917286
11012944
14180031
10335757
12949512
13494403
13873279
10361044
12883797
9829952
13066533
12665683
12118967
9216845
9636700
15939169
12553358
10943399
10661302
9326951
12284293
11177393
11038798
8541989
11447858
9792014
13262975
10245786
8570135
9736033
11510806
9959451
12102912
10589149
9628454
9551307
10361064
10739187
10728177
11954488
9464154
8218072
10949729
11741323
9381347
8979295
11421721
10022207
10194889
8508551
8375884
11423225
8674869
8462549
10217396
8986068
9891196
10272910
10482351
11230097
8566209
12334228
8982786
11134783
11487164
9138832
12018324
10264663
10891331
25194126
10456195
10302530
10958663
9538470
9969014
10289272
9515083
9671954
8874526
11200264
12960990
9993884
11289107
10272849
9217872
10459849
22128517
11399106
23150715
11376632
11431809
10699895
9310261
10915015
24575483
9406625
12654692
12314706
10754665
10584996
10133545
12206688
13393504
10541896
10519253
9129915
9735790
9108650
12367923
10144271
9720735
9820532
18103466
9450516
10356891
13614223
9847513
9884787
10767111
9973962
13347351
18277415
13558653
27605231
19872597
21402337
12167207
12929796
11010946
14722235
10211657
11578352
10808733
11138376
12970996
13311720
14790670
9581645
9860189
10596935
13643405
11998645
10964211
13262702
14267635
15251497
14553477
15205045
10580967
14310110
14641301
12998759
16048704
14994956
21546724
11689411
13362747
15511464
14070419
13726183
14651508
13496679
15161747
11643859
15912670
11911841
11551181
17641388
10360073
14873438
21865021
14959396
13837555
14983464
10357940
10711407
25182655
12099213
13887998
12057637
16350660
11159928
14171336
13081825
18373773
14017307
13602543
13935866
13670684
12515094
12778225
18326745
13919896
13880583
11574622
15865021
11698350
16406219
11372926
18544867
13952036
14598851
15010052
12487628
26025597
12723158
17665469
14201544
10406742
12952245
17272663
16258590
11380543
12604521
18708074
10941587
10128685
14600554
13083047
12282178
12462161
11815554
12372684
13901768
15703576
13613942
16639217
12420363
11363150
12384815
13622972
21108412
12217614
11831958
13922924
15457727
13229028
15399023
12439662
16594227
12061466
11119261
11711424
10919971
17586880
12453378
27138491
24219185
11411064
11142210
25077619
23387183
12408654
17021164
17658486
13342958
15643961
14381382
16638229
11071921
14418594
14752288
13018106
15424300
12770663
34718170
20581641
14095948
25966234
13943117
33197980
28612691
20092350
14666411
14578774
14671247
14885231
16068880
14913211
11560618
12763945
14902406
13221208
23140284
17763674
13709364
13559369
18512259
25800713
14334075
15256945
14791827
21026616
13847606
21540127
11649821
13946224
13521284
15500628
12309891
14297423
13165084
13893957
15097041
12556333
13633009
19412290
16461077
13673447
15416415
14075719
12916542
12362259
14355132
11258942
13562917
17161700
13475158
14122145
10969534
11361201
12388543
19592797
12133127
11771666
10335253
11289154
11795918
10642902
12744049
13301736
15393577
13321581
11078486
14565804
14619276
12173003
13782413
14742243
15806240
13602290
16842922
12743971
11485030
16108097
14131059
12749539
15400724
10769684
12517908
17944729
20940105
19703949
13302687
13992091
15741797
16710283
13702697
18626145
13251623
15100678
17131588
15015909
18210409
21730832
13743950
18573253
13633197
19459020
23675842
17169186
17840748
11599581
16420028
37324112
28762461
17232130
15931077
16067506
15265632
14533233
15536821
18323810
12800343
22464484
12939282
12509898
15684262
13387748
11450957
11358314
11409827
11965682
12784918
15057720
13426752
12879268
14875254
12033368
13399274
15869092
13187537
11572046
11586642
14656801
15103558
15222270
31879456
14954446
11704487
31113651
18912622
39215911
16754395
39661650
14527046
29900282
14295257
15979275
13113447
13277146
16485941
20008704
11647394
14817982
27855070
30267367
11987945
17076764
15742205
13894140
20295220
20852624
14187406
13633410
13547998
18804701
12410729
11333384
11159205
15892740
13233348
15630322
18498115
12629461
12917537
12694360
12751392
13554138
12994377
15116681
17156620
15604882
28252653
31939935
12176508
15894306
12855181
12460512
12241122
11466639
19869062
16262546
15390091
11892534
13206935
25023603
16472320
19697131
15270746
17653067
13972030
18351992
13251724
18635853
21089375
13814694
12892027
15715648
15105051
12343861
12619071
12654923
12238951
11527746
15801497
20461533
16235378
15736241
14670318
22096279
37397643
12689144
15011109
12879135
15685615
17728625
15304605
40085678
12735766
15171920
30183600
16716807
13358356
18355429
13096652
17739221
15452269
15409393
16256743
12795150
15871187
13598409
14870850
32897299
13209680
13275366
16651488
12139534
12284701
14445821
33994157
33141007
14921836
13018515
16318251
15550734
14276068
13453117
13068130
12895585
14049045
18575132
13919304
17045828
25926689
13054641
12910829
15333144
14377927
19679800
15111479
15495281
11653726
11625867
16090728
13178285
14287552
12821330
11722195
14322710
11864983
11039393
11982282
13264165
12344427
12976680
15217643
27108199
13104750
13872276
13072291
15478338
13313099
12027083
11339157
12302516
12812829
12559132
12517294
16250337
13681090
12034387
12390752
13298494
11709642
14920001
12636090
12267366
13524517
15414251
11965510
31711856
13690222
14048194
11303207
14505051
15908921
14495351
12533626
15719143
16369036
13013819
11501195
12834599
13464017
14118856
13361240
11552752
13896363
17443818
15733383
16210221
12647978
11495210
14463903
13898397
14728134
13905903
11483383
18400252
14027435
12122903
11908210
13840250
11559731
14097239
10776384
10826365
11321009
12118465
15568628
13345339
12076437
12281782
13277389
14267739
11810770
13992804
15180846
12639356
29465667
13916028
11374957
14343973
14303159
13529719
10941165
14005012
10720637
12403067
15053561
11627168
11871181
17492965
14779639
14343841
14939558
14640035
15137812
23468962
29572844
14155172
13817026
17131031
14908310
15501218
12284130
15636789
14211882
11010189
14621170
17164116
14062593
13507765
18808093
17054491
13195082
15282748
14009195
16596589
19805281
13953098
20986822
15272032
16694759
14224314
28006727
12048651
11104582
15382454
14760627
16387920
31571159
14668795
14983542
27951317
11827300
12866728
17053645
13146140
17150374
29461206
16518431
17215459
12390035
14746534
14546427
18362053
12288300
12887473
11770967
15023526
15937495
17240846
16386267
11880761
13758663
19676533
19826184
13374412
15572804
18391445
11857849
11348722
12546794
29606117
12776211
15998432
12879051
16074005
13063846
14955557
12572190
12393364
13081084
18377233
19885562
19775383
16549286
15070651
19934345
14294278
29799157
35204269
12775213
17870080
12393990
16136163
12251439
25782447
14516803
17292692
14048822
15225897
14711548
15691968
12570989
14346636
13313324
16933770
29789107
18951348
18467017
13946438
13467022
12948448
12026171
13179361
15628485
22019201
12308967
13814627
15783413
15386312
17394794
11686034
15506054
14134383
12146183
37037297
15088470
13523408
12055318
30951283
15964738
12369549
14610647
14608017
15000150
13717388
30146946
11011077
12606373
13996154
12875584
14577433
12870435
15295894
12285435
16730642
45365065
12004700
12438508
14130856
12617606
14815366
15626592
30357693
12938896
14112590
11228297
12754883
19737060
12508756
14836430
40114162
15190492
16636828
13432206
30098670
37076003
16627220
15243727
16003326
14088865
12319612
11071547
12693682
14272939
14029220
16654117
13632143
11581503
16857311
23851859
13600045
16139442
19142805
15910775
15493575
12964369
30078044
14767553
33529695
27492436
13338247
16904356
11471340
17795384
13868550
14950335
17386703
19185302
16427703
12698893
11696093
16377802
11573602
12392860
16524271
12705998
16580608
15887751
21790085
14046991
13183089
13823506
11235507
13195255
15484345
24489732
18253236
11688323
15745191
15125330
25723345
16812108
21769190
15284769
14695299
13229638
14011362
14529743
22743330
13467793
20673861
13014144
14141659
12101026
15009481
11641734
14603577
19670450
25159844
22868920
11657481
29163136
18151984
12042365
32015288
12146220
11550931
15038312
18520499
34526347
16556742
15844059
18007203
15748057
36353696
24033276
19814486
14320690
15897510
11532752
31893070
16278946
14243529
15432230
12077440
19276612
15486921
28249019
12551208
31755604
19108601
19801025
15043806
21161172
16344969
13206880
13250032
36110603
11850699
16476329
20218886
11995530
18366749
47894411
16166712
18414228
17466671
13544891
17955375
18715996
12141732
40075014
15254861
17093183
15141516
16291923
32611948
29603109
15423261
13692392
39507005
13707522
11749439
13095967
35013586
37994276
15304560
13316060
26610751
15588479
21539602
21467484
38816748
12927057
13608896
14273525
10654064
18483695
26678290
18023981
16238262
23877104
15435891
25502494
40853361
36648676
24850917
11330134
15009950
27475889
28395692
15958393
13754858
32920071
45186760
27618566
34790586
11621438
13490381
32697175
15221179
27691661
18860334
15686042
17196888
17131262
39239138
13991737
15142249
29819440
50101095
16727168
13096779
21095850
18262626
19554120
18015446
13892164
17989020
29292645
27519170
13846791
21794317
12235556
38027028
13496296
17408111
30445004
27468535
20034888
23144157
18226721
15167271
12436935
14108021
11362392
13535386
14353679
15270104
14024548
15715546
39890468
10937717
13109617
12855415
17845561
27301612
18749678
19288572
34850872
13878103
15496515
33113878
24548416
17882109
16232113
14136432
14972621
30549037
12089985
17175120
14739129
17680876
12458810
24007383
15063706
11846007
22124168
17435085
14577352
15946113
41299635
17485137
17188524
10149223
12888354
13305371
14399035
17062267
29142443
36032141
22245035
12091239
13041798
20074927
17393812
15699374
20404382
33673513
15714516
15384890
15329239
15184728
15466621
16944344
19122827
14873778
35272016
11453853
21673049
27406212
14075116
13617384
22327039
14014518
31063858
11048819
17365681
17796117
21015899
23306859
17466916
13520585
13768351
14537893
14864469
13616608
14999710
17512934
26646463
37956210
12506080
12740040
16237467
32481951
13351032
13850555
23425302
20608002
28260690
16518462
14338693
32029148
12770577
13601325
27210406
14071034
31270312
26637307
12040976
16215137
16234336
17209223
15964992
24234187
40138930
13280256
23768557
19252235
14400960
13600160
28391949
42164263
13228607
13728228
13429799
29199253
23656539
28248058
18696310
18243535
16380271
14945814
13207195
12205504
37571070
15443751
28099432
14962371
27849713
20270458
14597013
17142292
12072644
14091220
12413460
30835884
26503160
14259426
26510221
13491549
18795002
11871515
33680722
16442656
10641813
15928885
15231998
11954185
12150112
11827757
15690813
10476432
12990277
20149392
10948175
15937501
13097367
13972504
11748677
16313603
12066245
12917030
15770317
14636565
10426817
23914290
12431605
11912497
15065225
15594298
12949438
16780599
12122660
11945018
12926365
17009348
15609458
13092743
34253584
20534521
38902745
24811480
15276908
28836229
23115606
11992010
19590327
13628469
12226675
28985664
13940494
17144805
14298924
12037808
16078199
15037887
11127938
9632591
27178567
19549553
15512413
17357800
31726838
41121854
14480274
32545440
13224896
31523230
12485448
18909956
15948866
12893691
16897379
14970682
20045046
12236665
12907963
11396447
12163063
17794280
16801430
10279787
13875195
13837973
29919343
13295347
13077903
15295315
14557964
18131603
11667575
22071767
12550102
12553553
13251321
14562096
14680514
14032985
11255708
17638816
11550093
14132157
12348936
17077610
11940782
24902294
11503587
13668019
14039536
23111928
12385303
13856317
14203116
12024640
30190259
18693599
12606874
30266018
21971047
33299166
26632219
16064902
11616199
14929540
14696940
14338380
39559975
23871497
14199744
12547666
10369821
13138815
13797502
16786253
13308802
26518956
12731873
19386149
16404558
23379778
16145674
11913497
18553143
12326700
14504486
30672695
11814565
12827626
15373425
14856220
14653606
12186494
16346661
21934959
26541866
25738777
31320095
15418379
16031325
13617105
11759032
16208199
12726234
12635296
35176998
11744379
15874320
20346433
17367517
27727045
24015440
11789611
13022785
11042892
13460805
11093141
14592025
20549886
14291351
13560057
11141526
19586040
11055187
45716347
11000515
10765093
10433880
14409422
13380434
33763252
10374862
21291436
11692680
14275246
14964575
12991851
11762644
13904893
12092431
11468929
18949972
13927881
20299994
20367588
16338077
13929857
26050919
19167980
26472556
13227469
13540393
16952292
11047993
15446203
23941881
24171693
11635486
12772345
33799537
11590630
16873581
16047159
11371527
13743442
13414888
12685555
12972957
31808254
11646045
14029210
10818324
14158028
21311275
15733575
12930227
21560353
25094256
13106780
10129456
14627055
15912005
13463077
14760910
14744095
10087210
14768830
10425593
16292986
12813404
15576177
16782675
11414515
17217702
14563870
14173460
12228569
12142194
15659178
32537311
32206708
11853169
11464785
11033610
17233048
19157187
19921394
15245646
13255741
11269520
26114023
25676580
10039011
11058253
16097809
15328140
27054294
13402297
12976061
11929758
34751258
16195086
19401883
13748650
17801017
14182825
13974239
16513364
32044461
21966973
26255151
29109880
13524173
11291890
21671787
15629705
24292917
15864546
16510904
13332500
22070747
14727385
28885058
16786901
13593516
15937697
14597691
10726843
11247439
18643202
14835692
13281152
11649808
13578530
13119999
11892866
19332184
11077666
15193723
16541454
14423508
10589504
10973223
14157340
17383401
19281050
12806527
13663310
12635833
15668020
26699950
12334091
12076076
15629546
11510518
12542937
12543254
11609369
14387997
16359930
31214034
16795365
15357973
10844235
12308851
12982159
32329354
11064729
14505955
12939895
12717435
13037938
11449470
12416800
13767028
16842678
15642630
14569956
13514767
24585794
16209997
10457280
19249646
13890514
14585981
21571050
12666523
13583683
19099879
13232341
12582172
13998260
23902972
16268952
13514775
40114802
15118350
20001148
12871700
22936196
11613775
16440052
26650433
14172401
16177421
15684279
26060408
12282246
15789308
14855546
26041652
15198153
11941896
10468087
13772087
16894151
16719410
13860161
18282764
11438451
13592575
12068725
22612982
29232703
21368464
16751547
15506446
39300168
12808953
10154151
33036121
11849779
14175331
14798933
16968064
10403111
16705542
12579494
14939297
17117832
16858005
11520053
40437724
25581447
16492773
29384706
20814936
20782433
15998354
13632510
26947094
14910640
14532166
13759235
16056933
14056944
11579565
11306773
12319749
12140487
13610871
13911247
15107285
12875551
16145642
14917189
13970543
16431347
30411762
24624214
24394191
32841787
11036612
12254362
14707331
18429364
13663575
11087397
13430374
14504943
21083801
42559267
36762507
10223975
34268232
21007595
12699060
10928428
11657887
14228333
13665939
27197195
13792226
15998827
15827661
13881380
22138518
20250627
27481350
20841303
33576095
12574869
15607728
17962456
16161291
15874266
10935061
19931022
30078548
19014608
27012435
12051545
19758313
14446724
16844585
16288140
15892848
41611342
27857589
21083914
17515748
11347917
24180948
30791833
13853487
15866190
30106638
47868454
22577227
12602777
23916619
30326881
16355462
29362982
11941102
15549495
31103991
30595949
23422642
14741110
30514709
38132654
27924055
20085928
46100068
16392426
50080752
34632305
18071584
34987987
40082300
19904562
18425672
25129915
22223691
16602689
29209667
28454393
14107884
14810524
30579837
22342126
33100714
14696387
27664718
20652524
16417013
17336155
30392228
19113362
32974525
30347962
32458881
24488729
15307452
14160878
39297989
11733498
15902926
17938681
35044976
12014279
15567486
13851458
50456995
19350081
27214770
24345937
44279826
30493826
20750561
13906788
29728381
16251151
18411364
15102090
31623167
37147935
60162497
12710000
34537858
25948545
32597379
22105247
46193252
25553816
27189956
18324119
21422305
29662312
29690064
21184273
12761019
15361098
24287316
13934885
16438885
14055962
14437773
17269840
19106189
16097425
18510790
14856934
32999931
41577016
39623250
44997077
38252466
25902137
14588666
23017578
13330135
14140632
17296408
34957164
19391384
33319198
11961924
16223392
14565280
27162971
32151805
14331392
17463642
53459343
15776368
19092260
42476555
43103923
14066617
35916924
14627751
20128549
17155571
18875696
31047146
14222198
17579293
16249936
26787037
10782657
27221360
13653968
15113699
10688415
15392066
14494432
10373341
12781136
23105450
16050762
12561252
10565887
26643510
15579902
13675185
12619250
39546621
12468728
29748631
14568169
19297619
13139178
28503369
13867843
16975024
12857142
15018659
16986632
12602061
9891587
20679575
13108458
14086986
35744817
33552160
12975597
63630072
19498947
21160848
24346355
11278681
36482357
15781714
45876862
21811526
21528845
22411535
32270280
15127883
11019674
25218840
22518180
36593822
30671364
19662228
16445927
24155538
15090685
13961300
16658541
12883337
17283448
22998058
22078749
16950128
15217733
12042790
15642447
13533967
38862861
14760266
28589726
31781808
23520272
40230822
20131881
33818069
12856892
15213907
13217412
15466088
23542991
12327450
14366268
10549930
11333996
18319849
11885290
12149934
11626232
42036090
18406785
26103486
16003683
15881925
14511472
14972691
15012018
23634939
17968603
12275175
15157468
13205929
19183769
10888871
14051865
16526731
14437341
17354591
13713107
11092845
13262484
12193695
16517015
12227923
12018482
17357199
14192899
12808822
12550224
14167791
12749174
25922801
11771991
61940385
43940109
13101924
15728774
41987600
25543099
12517511
16707995
29488201
35581909
30399528
25770254
11221563
25350463
15919382
31256207
14032088
16250740
14764936
27222250
17496673
10337610
10455825
16257631
14286411
14172014
31554228
14273037
12715133
14021445
13975783
19327636
14619901
12700303
16366112
13126768
29982540
12950865
28925533
37451795
15374285
13317096
13707857
14629099
12462819
11721802
20126038
12723924
13162790
32291409
15520472
12812307
14048842
11390638
30181765
14898205
17633708
30902210
10142609
14651025
13893718
10737285
12469705
13844272
14986739
12332733
10675120
12589887
18664585
30931017
29432721
13354213
16089365
13750534
20343409
14556442
11630683
11299835
30517770
37763539
14426155
14573563
29961498
32844917
42125453
14012746
31461063
12321423
14553754
16731760
12965042
12611392
13098205
27104057
27860472
10670471
16497284
21322526
30395836
15478933
39285588
16232997
16281519
12799593
12801353
27171613
29624993
29837785
15215406
26207778
15103029
13988411
12840339
39284482
22766814
12710835
13466692
11720584
13355100
12203769
13912165
12066357
33229616
14314193
13654294
12249267
12668626
13370939
27602724
12321509
12722313
12689438
12198424
11429215
29638217
13759404
16202719
12794073
14255614
32538273
23383220
16720376
11395869
15677471
14682366
13300213
12717525
14293219
12811376
25050630
12796041
12222592
13673743
14468856
21601119
12240028
15281550
10409634
14462722
18760141
30013376
15285764
28822720
19417276
16217693
15344621
23307911
12170151
14516547
14727600
18023685
13787920
16525627
17048375
13753891
19455645
13249588
12649089
11570341
22211471
15078611
12311502
14145931
16143347
12431661
13015717
21735735
14446511
12744986
11151941
11972161
10481174
10139087
14692190
11673440
14244345
19611276
11357422
31345474
13044403
24213186
11042642
12850545
16889305
11990121
12084088
14508324
12328593
13650838
11646599
17686173
15551322
13729946
35142859
12401417
11070900
13029071
15091128
12611816
11752251
10830343
12014399
10859433
14897194
13956698
10525991
11702208
10953660
19901412
10688504
11770156
10774776
11422487
12171205
14804869
14182196
14298724
12787971
22866848
15525243
12941138
14731238
13956262
16502269
16355854
11148363
12923557
11373139
21077489
12141140
18278089
11773350
9713692
13120068
10936077
15799888
13462494
10501656
11662450
14746482
11301046
14288014
11502986
21394548
18521214
10314258
13447802
11339612
16757823
11711810
12234833
11494219
10392308
12270590
9886583
11087815
23100031
10021601
13448726
10925697
38609738
12077336
10530730
12632374
13804975
13169264
11456238
14598847
17969422
15765696
13450770
11164352
13055231
13497900
11899038
13411433
12293083
15128667
14211803
12215736
12862056
10724982
12396516
10854773
14304650
13271075
14170746
11667476
13909184
17838860
12900576
11385869
10866739
16607388
14676997
11986710
14446325
14130105
14541601
12461786
11389413
14549748
15078405
28077086
14740480
10330840
11292925
12600140
11758874
14263382
16695356
13535048
11236519
10834488
11282387
13907222
13630075
12323367
11570161
13547299
17744229
14488724
11760055
11992514
14687267
16111385
13421011
10659737
12603654
14879068
16205011
12771358
13750046
12320625
10407929
11653576
11468295
13512394
13521564
13595835
10096588
10307625
12449037
11156635
12192468
12424733
11906531
12325634
14698188
11059187
11604856
10551503
13540206
11361679
16518420
21655780
10644759
15762389
14040719
14830185
10588003
13062065
16170494
12142824
34717444
12666463
12355594
10303649
15349172
17965273
11459903
11588918
12555990
11490036
17109450
13354161
14210501
13645378
12015705
11085592
26748842
11510703
14093588
15592798
17736664
12843201
11260062
15906067
11448064
14066906
12841029
11568998
12193645
21219280
16641701
14294245
15513771
11378354
14107765
10640516
12464855
13790744
35788834
19899490
11537749
16542169
11761449
26848010
14492164
14224778
10535344
11903432
14861880
13438962
16019116
14485024
15664513
11148683
11270049
10326752
14371906
14176215
12630043
15636173
15444676
11474245
11317974
12742717
11891220
13294110
14822397
23095783
11832656
12857603
12540886
13595175
12150122
15999765
10551306
12827718
12885457
10302629
12204105
10115649
11617877
25688254
16009720
10909146
11554722
13128178
10624414
27746236
10430843
17785320
10991906
13338881
13578564
13981812
13639426
14135494
15904395
16122278
13856949
15002549
31578558
14469426
11314270
12085454
27574011
14633465
12599265
12061393
27659611
10453389
16049232
11216063
11232753
12943103
10895620
12998315
14615085
16835878
13824678
11757195
15497424
10522992
9971797
12607862
14339854
13018715
12692979
13120141
10871890
10920119
14994302
10106407
17665915
11460645
12384464
14880636
13363114
11945096
11519323
18315941
12087832
13223229
10032991
11341442
10386955
15264501
15272299
13115471
11506012
13706598
19355640
10837122
13530550
11407764
11107732
12460125
13159285
12473798
18626542
15883162
14197911
13312941
14032924
10997745
13039046
11324630
12514676
12018367
11784339
16468730
13195414
12084569
22239523
12530129
11094992
14772891
11225999
14011178
20678530
11370560
18535801
14885138
16828250
11263975
14373540
12863343
12018414
11981164
14467947
12128994
12241803
11743724
13828015
11511497
12616354
11630824
13239056
12140442
16155355
11063740
11711053
12402015
13593977
13436994
15342139
12270803
31956175
13960059
11367740
13047222
11818823
14866838
15349149
11081876
27747201
11214227
13083916
12776522
16326079
11555895
11736201
11579651
12772090
10635793
11888304
11732372
12145647
12186215
15448391
13029978
14411872
11658740
14860252
11462076
15710985
11941706
29230898
10246199
15858882
11900899
13901486
15842812
11417301
14665578
12835434
31617052
15986475
11408007
11929133
11723617
13867831
12685922
11613582
33884333
10976435
10432085
14727965
11562982
13604577
15591665
32066991
13584886
14551433
13384040
10766968
13555100
13746478
12645389
21931279
10242975
14834852
16260716
11200800
13749197
15255958
11477549
21426316
14044687
14666624
10156496
14785207
16833077
10934946
15832321
14397505
16539530
14735326
10758867
14340263
11665962
17574118
17791848
11435958
11681674
10973443
15561868
14659084
13035048
11989589
11265995
15180255
11699037
13921048
11996457
15563941
15938357
11472079
15178660
13608297
13721146
36250123
14711759
14130908
11334022
13682726
14981801
27445984
16309019
15162510
14938403
12935673
12357481
13053396
14052944
15203367
13179650
11776321
12092631
11233565
12100533
14873868
11490295
14096217
13252241
11929075
15771247
13176518
20177390
22406426
16309416
13256050
13481880
14622013
14606985
12358583
15411253
11432946
10778425
14942765
14668455
11692196
14014519
10984593
14050249
28476767
12933502
13471587
11546605
15507008
12899389
10235565
14338125
11201674
14886746
10856258
13741501
33020617
11189386
12414935
12897193
13592608
16484716
12314497
10611103
12924392
14720213
13914410
13335577
12807215
12733862
11231665
16088526
11186145
12624723
15808291
10895194
10341341
14010406
16191097
14789816
11372356
18830775
13516086
12515661
21889101
13506610
14744688
13435145
13082006
10711907
13699353
11258851
14349059
11049138
14003672
23092859
12789244
9586173
14139086
15272469
19682200
13477791
14018217
20476318
12604426
15028638
28935516
27823862
19379296
13138557
13932469
11975100
22388418
13149073
11221211
14253392
10813505
11558662
13117421
10820318
15382042
12597207
15311973
10847675
14709466
12424745
10524283
12968913
12606976
12249676
12381212
15251738
11528875
11698951
11243547
11973276
16729748
12902583
13378033
11320697
12575111
12704370
11208791
11803418
10274945
13064603
15511556
22410916
13663288
14642319
15077404
11402525
14445210
12709790
11630725
12869254
12491907
11319051
13147666
14125172
28507897
13327607
12515242
11587016
12196420
13829790
11772610
13974690
12901655
12024262
13782732
11391133
11167257
15461269
14479898
12232125
14751960
10877886
27049055
11396365
16116648
12015512
14637147
12359267
13503931
11954097
12151243
11919663
20987502
14204454
11437959
13840383
16190067
11651788
11916117
18553894
28479347
12089236
12598590
12077057
14130641
11939138
12180093
12314623
15769357
13640462
28703428
10307989
15867679
10850754
15043163
12860250
11117272
13768283
12381548
15347486
13173567
21722363
12164988
11157924
24922824
15218068
13610379
16857980
14500182
15775333
14868255
12366901
14652786
13022200
12373939
13692022
12970154
11634561
13774289
17564353
15433210
13268625
11574028
14875985
21204587
13291726
12338789
15051945
16483396
17728320
14202928
12444800
11714658
11904825
34228655
13771211
11990264
13542041
12777217
15455311
13367708
14416490
12611233
11476903
11779403
15392272
13263270
19624294
10780641
11750078
15280741
10174426
33031441
14128427
17905235
14509637
18127400
13774501
10482388
13056210
16161254
12010848
14645580
18738190
13309917
10631313
11890862
10984307
12862502
14922448
16340131
14797474
13970358
11698460
13156291
14109636
12965898
12619753
29424093
13306572
15269239
12518569
11754790
14358857
11048795
24540096
11610183
13928489
17558170
13781739
15023683
14092966
17022250
14202429
11718425
13836321
14027930
11161582
12239340
10527203
15814709
13404557
11048560
12600196
14246652
15521508
12854908
12419776
16478442
10029706
25166309
15932652
12385981
10753110
11634630
14828219
10074435
15789578
16213099
11056639
12897853
11639843
15418633
20273433
14320953
16776507
13308253
12814755
11696001
14968235
14179935
15014357
16110064
15808623
13229597
10582685
12193673
14773749
11685706
13853595
14461108
13545917
26325497
12332432
24636238
12195315
12453665
11457308
12924760
12445433
12304663
28782937
14624716
17387091
28577451
14069379
15102609
12003067
11390790
19943566
14509176
32608983
15059812
11447836
11295464
10819169
13975122
26621730
11950888
15207647
11445586
15736402
14799166
11650212
12360266
11418083
10631277
14240909
11148286
11594517
18118114
10733327
13029525
11497012
15077968
10961982
15467597
14137410
10682367
15564345
12969148
13876925
14975064
12593210
12282019
13077923
16729233
15334115
19748377
11925952
12658037
14383820
14187563
11487350
12018816
14605050
12989767
11528198
14305466
11649086
14172161
11743663
13180469
14884328
12567977
13489143
14796622
14487347
11200767
11986467
25237904
11460538
14978377
12185695
12567366
11185720
11094172
14329086
19476586
14159469
13861440
13036534
25652046
12597868
14832772
12149292
11677516
14122842
12010994
15240058
12360676
11927136
14028853
12509314
12577726
14446278
12225384
14085920
14848883
14483825
11269412
11027776
14848739
15337443
13599489
11362769
14907396
12138650
9902801
16618772
12737195
11697793
12881698
15190686
13151479
14020706
11585960
12350357
11985224
13584151
14062297
12024313
11126245
11814106
14657846
12004528
12798418
14271278
12744463
14949589
16596342
12299098
12788743
18300549
16424485
27688170
11411370
14112241
18247708
11957916
14016737
11054475
12367686
12787868
12469139
14130064
27443573
11958312
17554292
10087952
27805092
16164287
26724210
16641185
14807188
14919336
15534439
14203515
13764462
18886059
14203343
12428932
37548975
11834700
15033813
37541138
29048140
11145162
11796115
14330699
14779781
13554409
15752747
15471959
14752865
13449913
12544261
10921042
12255677
12867494
11458688
12587227
13181444
14085075
14738588
14669249
11598818
10617669
11628623
12785953
10471378
13233202
14224280
13715386
12660727
10949719
13852656
10333584
17750500
14165937
10531359
17359566
13197199
13294265
12828747
14502891
15601266
9565787
11183080
21058853
25395421
9735736
16683206
18026947
12143348
28739598
10501976
17042800
15588151
13286131
14600732
10656702
12978708
10573337
12743630
11978409
26478459
12628111
10704423
11187314
10939233
17472573
9249309
13130525
13631944
11341652
14802236
11066239
12448178
10673101
9606382
12384203
10682128
12194925
10164082
11613585
9747897
10538482
10239700
14776201
10159028
11946672
14964485
10974009
12433986
23099874
9898394
12402233
16184001
9623133
14839993
11382697
11061443
12726133
11709358
30838561
11506269
10311593
12060405
14475907
10850539
10646461
12194805
14912772
10892019
11211656
12274517
10933192
10081481
9722974
9833196
9796107
17016424
9965615
9526980
10525516
11222885
10557682
11903839
17109222
14112819
10134000
9526075
12458184
9720875
13250592
12783918
10098902
10502639
12499639
11829134
10825171
12067427
12801802
29144903
10304065
10126258
10802469
9987407
23225338
16320131
9661636
11072182
10810153
12595749
13577910
13491109
15581522
8485979
10537632
13843562
10368301
15082051
13234703
15390378
12762535
11162956
26265610
13179818
14118182
10282559
13612421
19587234
12362101
12729128
12611851
17419955
21563653
16950878
13689324
14401946
11703398
18206561
18604856
18312261
12512144
14430831
12466954
13980265
12838589
10322500
13254437
14016850
39962902
31046943
10424639
17668039
15635110
17628791
23158821
12140354
11343766
15142290
11009231
14101826
10580422
13337230
14118660
17324056
13868126
13099730
12199076
25923108
15243637
34460802
15796102
17107234
14140894
13845394
11993695
13067138
19110621
25211021
17383949
34254154
13113414
13252929
12509314
15418525
11577697
14137612
14602261
13484984
12134157
13037300
14468665
15359839
11687372
18669240
11074728
26137609
12004158
13352438
11976515
13795949
10652185
11601072
14745743
15972310
11644575
12902687
11761012
11412388
11993788
15442644
14057097
11960145
13455723
12593858
14683110
13684915
14180999
17749898
10547421
23738864
14508992
10815671
16199385
19470816
27576477
13077751
22571390
12996216
16096945
37214381
17919983
17125213
11516056
12875436
35002668
17517274
14692946
15181839
13003878
11653041
12606585
15626342
11872701
11993302
12723011
11078053
11237935
12938800
22822147
11150688
11068869
15936085
14870555
13948231
30083205
22797166
16907628
13052407
15450267
14411652
25372867
14888989
9716259
10817787
11037209
20379332
12013423
19077524
14193853
25067300
21513265
14332610
13872855
11865928
14085020
16233056
14298136
11163567
12058571
13722464
11518109
14676105
14448187
13847010
14218467
14025488
12701538
12572794
11466125
11264987
9915910
10067572
11474012
10920259
10876961
11983025
11767124
25694630
14192802
10592689
10784220
13358405
14090272
13241405
11600930
11557292
11362369
10532395
11099013
12055203
11061259
13560812
11703387
12560430
13313887
20513424
11050068
17852708
11052935
14959441
22064616
10781136
12891818
12934502
10627794
10433517
11720128
12444254
14160402
10910046
13521451
19081162
18148156
12067989
13117366
24239666
12335513
10926783
17944349
12039699
11862404
11934422
11026792
11926508
10990343
15598526
11970093
10834836
13289092
11429044
9887914
13202838
11811492
13061176
15063232
11837325
12000853
10358041
11120894
11883308
11229919
12244111
9904494
19630827
15069933
13381766
13381826
12293037
10891032
11574398
11543759
12632049
10904452
12705079
13501894
12543779
11133209
12621580
13340493
12026461
13399320
12031581
13030902
27726654
13880131
12957724
11278179
14660828
11052870
15345242
13100520
10867687
10729396
11740342
13414134
13482431
15598277
17536178
12938338
12531562
10102412
10315072
10737255
13491329
12701320
10586381
11113521
20093756
10797797
13477524
13297269
10599351
13811720
10912474
12058068
14536370
18609910
15479125
12502130
12279341
17119491
12017904
11354271
10715012
10380125
12187416
17341199
13449060
13104312
10216571
10144778
9773875
11707369
11559567
10190885
11408594
9957015
11006498
14190376
11540216
10211242
10179510
11342574
10023105
13895564
16203433
11652801
9778833
11167952
12967143
12068669
11760045
12759832
13597943
15517072
16096192
11361320
13146498
14254125
14406329
11040926
13891589
13869514
11928720
15057931
10794077
12735237
11162738
12040027
12087784
11924942
11951335
14074680
10184284
10388950
11805065
9020057
10758111
12842358
13148675
17229492
10554633
9475778
9346237
11799833
11984305
9193527
12890384
16714842
15739117
17341618
10567475
10953191
11728042
10434260
10459278
11982478
13098670
14909612
22306347
11490263
12309605
12269195
10176628
12262272
14125690
12499908
9762651
10274033
12027343
12019337
10186749
11817440
10585628
10506605
9924294
9948362
9890683
11557267
11601414
11093142
10213002
9571942
10930919
11058655
11128233
9649329
10541865
13186641
28403401
9862634
9817144
10991195
15176066
9446876
12214475
14135761
12923244
11182480
12477002
10187843
10503709
10690972
13780492
13768459
11036841
11836093
11791243
18308915
11184131
9815839
11798795
9975033
11280049
11819760
13070529
23167475
12577029
10226752
13300663
11572990
12265987
11734032
12994540
12997367
12286822
12605957
10715173
17202474
15921159
9913496
9238467
10510773
13107018
12421644
9943953
10788317
15628395
10623266
12006575
11517232
11614031
14061272
11290174
12874653
9986092
10040692
11849910
14208608
11958613
11113439
12945028
12844490
12306907
12792361
11424302
10437898
10767422
11247443
11009005
10543072
10081648
8618571
10049289
9090731
29589468
9228537
8187023
21993360
12279278
9984788
12675781
11328830
10321349
10793577
12353953
10157936
10736756
10696427
10203476
9280700
14035920
9379585
11583954
12963577
9770785
14443231
11849445
11437355
12809040
9328630
12859599
8780440
10959772
10284081
10366955
8392324
9074640
13033327
9013556
10221786
11703429
11279445
8860820
12083385
10818284
10125645
11220835
19234867
11806080
11175788
11899401
9255085
11721300
11998286
9444720
11914223
10210699
9939729
12408436
9470699
10032726
9631199
9437187
10433193
10738954
11180516
9799764
9593096
10633606
12099682
10187521
9700383
10037476
15812459
27377310
9033934
8564957
10337474
11256513
12176488
11221178
9230215
9081212
9662814
26118520
8006963
9692855
12801109
11105727
9676501
22099847
10309193
11407796
11412471
13537017
10840543
8791642
13108041
10135277
9090566
9429560
8500982
11131701
10333861
12107458
9425106
11752539
15086898
8853689
9137297
8784066
8871972
10739636
11133102
9069656
9115617
9014383
9911196
13645471
8891348
8791663
9704298
10461681
11778723
10134517
9336474
11947890
10828173
10059130
9239207
9816788
8365441
8303292
17637465
9344734
10872217
10881909
14783144
23298476
16871919
10540067
22376540
12292003
9846271
8472266
11342275
11231250
11630386
11285684
9328082
15984663
9858409
11430180
9884843
15820813
9030504
8684061
12093472
12025255
8087365
10423519
9748966
9647033
9568773
12228939
9112415
20617319
11970430
12504118
9357188
9923883
12780800
10118738
9380955
10690859
10355018
11995097
10868627
12342467
9558498
10345381
9190001
12108005
11142321
13785330
12431273
12190030
12530579
9548697
10107492
12090110
9903608
11144244
14245522
10792688
10192833
11652766
8590004
11815649
11604547
11981693
11336371
10266063
17267500
9680546
11144164
12540674
13943570
12642225
12462464
10063845
13014204
11909513
15317827
11610831
12216837
11346472
12847462
19391167
23717704
10260117
11033388
13352191
11809383
16248821
11066256
10506192
9740400
11005179
14297229
11340186
13107934
21615945
25728406
11838193
12358222
10938837
15302704
21535231
9836582
10734791
9222743
13446088
11883139
25057735
10914033
8928225
10149289
12814452
10611009
10434476
11169033
12745910
9854662
11694015
12978273
9724654
9021419
10331505
9636618
10390215
9669079
9650641
10813055
10560005
13213830
13301887
11366405
11575734
10131867
12589878
13012891
12510113
10476703
14280702
10367141
11098242
9711036
10376811
12809554
11216772
11658566
13162281
10565351
8390744
10102275
10520463
14232621
11815921
13440011
14434088
11929504
10350303
10284287
11810811
15055418
13064298
9892557
10879755
13571208
9231958
9439577
9963110
9613892
10712959
9107570
9607859
12525110
10457577
11794670
9905719
9707216
10322570
9908436
12930902
9951009
12346854
12290384
10677145
9264164
9569970
8629666
8655667
11666153
11592252
15457551
10671566
9042457
9131491
8923656
9969078
9026883
10901404
11216122
12114224
9681057
12355673
9958150
13477016
9296242
9852798
8930722
11897257
9642791
9320813
8158454
12132141
9052305
10280549
10313360
8944307
9488299
8457408
12878686
10778418
7609228
10065383
8179350
9329640
9062027
8647814
9564669
8644643
11469950
10293770
9273299
10404277
11716058
10506109
9439098
9110923
8597041
9188076
9984471
12767647
10192402
12105093
13844592
12901428
12315360
9836325
14529212
13165976
13457853
13752763
12745052
11754184
10000227
10189818
10033084
11138276
12627829
13142826
9074503
10454275
10225976
9885678
8876883
11104934
8518022
9150933
8175454
10552970
8798669
8496264
9882679
9340547
7670477
12076544
9045747
9387281
7874344
10945934
8468313
7293326
9989759
10015653
11449348
9338384
7659794
9286063
8424991
7897671
8491321
10262098
8464285
8431074
11315766
9411577
11099224
8674023
9064472
9726404
9018844
17366056
8360004
7975035
7843844
10809591
8476877
7987280
12204476
8163580
7609130
15974066
8162489
8516225
8503980
10531587
8985426
7897286
10516182
8412372
9531469
8704835
8518189
10454524
9261245
9273630
7127780
8818789
9292642
7842590
8608058
8412425
9215915
9939362
10628710
9545317
8636051
8630849
10101321
9362915
8700531
10585727
8792124
8675908
10595205
10535040
7209058
10306187
9668330
9104046
10370537
12541752
7774636
8402148
9992632
8239828
8310109
8990939
8446580
8116683
8890658
9610161
10252985
7602913
7707566
11352102
8647966
8278125
8801870
8601875
9650618
9771970
10113353
8099171
8717809
10039126
7479183
7749172
8263470
10121597
8439195
9881852
8447066
8041018
9524242
8671081
