45836289
47621623
46219861
57169249
50508152
45990820
46276192
46301341
53719343
45903773
46493237
45429807
46020477
53825703
46196686
49552349
46063457
45976002
53115212
46052530
45922427
48247159
45957565
53466797
46139815
46099726
46099041
46008253
54535264
46112026
44592575
47301362
46276973
54491480
46416483
45928453
46026680
45827061
53350082
47310061
52269090
46078003
46702351
53092461
47429648
45940819
46094664
45834722
51389184
45698577
45857838
45717348
47221467
55341015
45968893
46842163
45633948
46209805
53535710
45848369
46009217
46190086
47454130
71301491
46073543
46099236
45697342
46704923
53670569
46557481
46336955
51328787
46237966
55966690
46200139
46276102
46087859
45979427
51741974
45079215
45915357
47065462
48802980
53278356
46056394
46060545
46218875
46574949
52283265
46107955
46306129
45606219
46057436
53014008
46002929
50622341
46551388
45958804
52671666
48837635
46938523
46029870
46408493
53920669
46011422
45937678
45901414
45752597
52255230
45661224
47130532
45822924
45969315
52897356
46208502
46275288
45974106
46053781
51842943
48993790
47031181
46058109
45951528
53637619
46102616
47560547
48201689
44819012
55270346
46241905
45684597
45792604
45949255
53305673
46334510
46004496
47796624
45700723
52424812
47688176
46065748
46144727
45898475
51624938
46348018
46066232
45925370
46285694
52431695
47311749
45881659
46830078
45976219
53099039
46611520
48104577
46240559
45749877
52001470
45923616
45841694
46396100
46199418
52463583
60340709
46108810
47383276
48570558
53746404
46196468
46260764
46868573
45957755
53171713
48158027
45980447
46059737
46491889
53145333
45992276
46268454
46297830
46487740
54101750
45886067
45105420
46001919
46673344
58466405
46318261
46378189
46093005
45774449
53232352
46739683
45469067
45937348
46724604
52939279
46176029
45750832
46102123
45911512
60904467
45934303
45984029
46021312
48191292
53268000
46339011
46266860
48763518
45993390
52297387
44767524
46141398
46769289
46081492
53118084
45863242
46092279
45900063
46472666
52386081
47239625
45842377
50597248
45871536
60689499
46089884
46347013
45735659
45908268
60421830
46079052
46229031
45745571
46126601
250443792
45765413
45996975
45947567
45811290
51651863
46013472
46465154
47375853
46404469
52362241
47276418
46430231
46206899
46436588
52195137
46206249
46624612
46083588
46384514
59787209
46368311
46151321
46042864
45935994
52185601
46407050
47054837
45995741
46021439
56398576
45991592
45782540
46081271
47229562
51953938
46374724
45884195
46279105
46300162
52074225
45933331
45871279
46304404
44808923
51959848
47194502
47361945
45891365
45975949
51689901
46262319
46030303
46267927
49237526
52308283
47187062
46133609
46107611
46045611
51911392
45726133
45939627
44769149
48823032
52342821
45942047
45848754
46392304
46096373
51786901
45800345
45812266
48910960
49770920
54568945
46235002
48531431
46012961
46162574
54269501
61750142
49852961
47468264
50904003
53954549
46065166
49536854
49174443
49315260
60480124
48957944
48525335
45974157
46283149
53379285
46841886
46211653
46149365
45950880
52494787
45903749
45156845
48292610
46969892
51713460
46084482
45920669
49478026
46694924
51695848
46036375
45867906
48489409
47336618
58479937
50609609
46320541
46293452
47125076
47046442
249293704
47971534
48657780
46094283
51772187
46497723
46439237
49461787
46091646
50550949
48493459
52459111
46824461
49479452
51725061
46883821
47937663
46335837
46262481
50736706
45826351
46137710
51457259
46081295
51787233
45971446
45763940
55302077
46348119
47430195
48885349
46433862
252341803
48218390
61124505
49425587
46512088
46231648
47823352
65326957
45932713
53016668
48956183
48708264
51771007
46122227
45794872
46068223
47328262
50899283
47996109
46879741
47084720
50072700
52463146
46376569
47011965
46601268
48430505
55934785
48426550
48916554
46434561
46522492
51684130
45645627
45746563
48087165
45081743
54726500
49278652
47154760
46014333
46247945
51842587
46671018
46391294
46062986
45211754
50990998
47071197
45982488
48751451
47580513
51986140
45905295
45922928
47368235
45903347
50912371
45778192
46133802
46362809
47512993
51722130
46589404
45832344
48743422
45618392
53609028
46104890
55384621
48186074
48486777
52450770
45907439
46350975
45747272
45831482
54585714
46850988
45941934
46053702
46150578
53824883
46233550
49294791
46040732
46770369
53315217
46057287
46087480
49095637
48805112
56012318
46099460
46720442
46055429
46475512
52097534
45975062
46261602
45893867
46014114
52039856
45979664
46939278
46394152
47509579
51731971
46455571
45839950
46323075
46155497
55932142
46393444
45789629
46417677
54122595
51835194
46196981
48637594
47827137
46455444
50726698
44693186
45903515
46589723
45969731
52034967
45996418
46269179
47031910
46889435
51207807
45852135
46832226
47285295
45906604
52934572
52258877
45933811
45858093
46327405
51379568
50514133
46398539
45995863
46763259
52266892
46019533
52162671
46056896
46630937
53360337
46257617
54160425
51370036
48009482
59525913
50735432
48192870
45852849
51485805
46468176
45954473
47153748
47216344
261954019
52505929
45705689
48252160
46132480
59975796
52958259
46450517
45924841
45725583
45955163
56768642
54250010
46043077
46840588
50585934
46070511
254520423
48029103
46287135
46097437
52056850
48523566
46971473
45843427
46270756
51601449
46960772
45788337
46351376
45710285
52609511
45890109
45685909
48180397
45964779
50534644
51765972
45737285
46175657
46312210
51945744
46085884
45908573
44887453
48756168
53447819
47346244
45993479
47892138
46101010
52322192
46076391
46029399
45831962
45712257
51682045
46366584
46003925
45853372
45788352
53438467
45761457
45853457
47159666
45889598
52121154
46164605
46156338
46370487
48162897
51870022
46624987
44871713
45704327
46607675
58572908
45982623
48626451
46580562
48331997
51862783
46325380
44975953
45780104
45722323
52381978
46031628
48027028
46044873
45996717
52268415
45855936
45913495
46244931
45551677
51912560
45960080
45844544
45927638
46007988
50402658
44685889
45954384
