21948650
16090
31727143
25141
14606
19250762
19347
23598
97755
29026
18465
23800
21370
15692129
32479
27346195
14348
20672
31023
115975
13955698
22615
23469
16774
17793
21876
18627
19634845
38671
18150
141731
14331
12525990
15331
24507839
22454867
22192
14863096
26688
22481
99214
18596
25568
16831
16709
20710
20552
23668
29349
41976
14530
195608
12233242
17283
27947
22736
32485
35682
26036
11982942
10407
20334
83851
20446
24825
20412
19844
28642
19074
13125
37584
79272
11541083
10570365
25163
33520
25859
32708
35097
18345
24726
26838
19460
124734
18231
31654
14903006
12940250
23250
23629
25275
19133450
25288
255171
11823638
38118
24201
20074
45621
26226
35117256
29533
22006564
26479
181428
16957864
14812
23484
23796
23346
35526
25247
19525
31867
148504
15339446
21286
25458
33734094
64326
43078
24411039
12605592
16885
29410
89814
17136
20939437
39491
17463
23130
24599
15338
12565
13489
103312
11796
29084
10582
24052
11879
19499
21946
16461
17069
23976
104884
32786
65144
18909585
14036815
13958188
24270
20349
25024
29724
18515482
1911077
28965
33768
21710661
16748
20167
25081612
44130
28549
43491
19234
154263
23921
11146746
31234
25297
37806
20154379
26665
22047
24193
16546787
28349
28281
15665892
14023387
17690
15038
27653
26239
37925
28112
91745
25862
19712
15974092
27905
29162
25025
22675
35700
20457180
25036
4835943
29078
25715
12858
13485
26526
26893
35768
12196
24702
21580
4137485
29539
21060
31636
36023
28804
17935
41433
17455918
30966
169360
23405
13294645
16004360
16031
31061
14757961
28236
33916
17954
32388682
24120
22407
16608
13786317
21818
13191851
27165
28864
17119
32354
126620
13436509
15398006
21375533
37066
20385
30014
23329
12077801
22837
139452
15701768
24032
32990
21212
32078
25093
12022591
38583
27346
142588
25822
21873963
12384680
27228
11128125
20203
19202954
16358576
31558
29053
145277
19877
19394
39510
11177834
30336
58911
13434
16604
20423
30694
137692
15463
39393
22360
34662
19283644
52116
24094
32905
35907955
12918472
26426
30290
27325
17372
19575
26094
12862623
30356
24745
54310
180739
19640675
31221
24802
25630
11493209
7935
28579
13758
17605
123694
27007
22755592
9814308
22527019
29321
20819
13748231
34895
37433
16375088
41509
27464
37844463
31527
13959319
15994
25747
33018
20032
26249
105338
18950917
21278
19637
26822
43769
24665
28179
13362136
25177
21991
136730
20529
14712
18267
19405
45018
53643934
29342836
17305
16788396
140040
31061
15873
15595681
30578
26918
20703
32383
21229
20076
25058
147629
10432
20520
32359
21441
17600
16274
13420
32779
18777
197961
20719
35658
19017
27589
29821
39297
19381
16943
19558
45591
103409
16835
14253918
22966
35639
19314
21250
28262
21888
21458
23704
135350
33703
34454
33084
31169
62598
38265
30246
19294864
28844342
27083
4292809
23385
34890
31191
27070
28151
21647
36505
15982
16727551
481081
12424902
21128
13505
45798
16669
18610
17550
13900797
14010
21798
130269
23688
19230
16589309
23472
16103
23509
18713
20291
24544
13317677
12762
21993
21930
33606
18550702
20456
43426
39131
37038
18361
106066
19819
33196
19197
24575265
22740
54862
14972
20642
15805
137780
35959
15646740
29103
17622
27343
27372
27279
30488
24957
89871
17428
15725
27295
54950
15859
18492
56764
39072
30621
25732
148075
12329
19959
35739
19834
14008
26285
28149
27018
24640
129819
21643
16234
28736
19265
27360
24270
21406
12249
18570
23473
4548338
23053
39616
23770
18277
19508
41685
23939
27659
25862
91388
26531
19887
41190
17661
25724
20611
34254
17760
14682
36674
99798
36311
15819
22956
21796
29920
19895
57425
21086
25608
133111
16551
50092
17146
22303
47019
35919
16859
38921
13651
140117
25104
35330
25864
26933
35106
8077
44505
9987
29026
16909
121682
21841
29887
32628
34327
30524
19277
20568
15285
20308
230333
21959
20393
26491
31036
17237
22586
23472
19130
15233
114208
32830
34534
23933
13103
16329
29980
152211
23797
29143
25233
3044296
15960
18687
22810
23802
16369
15852
22427
22789
25387
17176
79608
19315
40574
32307
39875
26677
17729
72211
21717
18489
120887
17998
43929
29192
29332
10014847
22168
33058
32314
20457
185889
16673
29768
22819
36220
19283
47247
21134
38087
45742
26008
163648
31211
34417
41762
23241
35239
18391
35982
15720
19867
22797
200853
30877
14589
14711
22848
29901357
37092
21392
14648
31768
4783583
17171
24157
19166
20034
9975143
22139
21650
24355
17323
26897
81655
28546
21635
21891
16073
26300
18592
34314
33335
13068485
113142
22985
33508
22681
15498
23723
25848
14474
24060
31544
144175
27155
20657
30028
17428
48502
18126
38567
29562
16782
33904
105025
15635993
27584
35920
27349
21771
16802
21469
24017
15522
34944
12850188
37849
25961
32546
18281
20029
23844
45898
31273
34340
28544
119887
31588
18495
23916
23759
19182
14117
21233
34547
18837
184036
18899
10874
17010
13936
11863
20374
15576
26881
20315
90307
25020
21068
24947
12673
18743
16515
33079
29495
18559
26253
236446
57527
24807
20808
19891
82439
17910
21626
22416
21537
2135891
47634
47285
22695
17511
13484
50927
25680
21867
21270
36194
219595
32869
26649
43891
25821
36343
74875
20831
23752
27866
114191
33389
16221
18508
38866
57856
20817
19019
14630
19438
105107
32774
19116
15240
18176
23367
21359
21174
17582
14419
18187
134417
16281
19806
15054
18497
14596
13260
45100
38653
16891
30713
108017
10496
36885
170446
19215
35918
25269
26520
14720
17602
128376
9806
14012
29825
123320
19944
29077
31067
29888
611068
132862
22430
21639
40926
25802
31424
18349
22303
29390
13142
34127
178896
10041
44754
25796
32267
26750
27632
33398
29014
33428
16578
1243420
21393
57010
33325
22069
63310
27484
29790
13959
40710
31493
189727
40848
46104
20583
35266
13859
31531
39065
34777
22290
136642
32200
36810
26005
13306
35163
33758
36930
16023
42238
48962
193991
33011
38411
42494
16000
30812
27136
22500
32868
23093
34591
120762
34951
21465
23386
17359
21657
41339
20276
25803
19401
19128
151120
25742
31854
27719
17139
42743
21798
23144
16802
38056
13255
167098
18754
27139
24778
26346
25064
23984
31545
25863
13173
21021
101891
16926
34177
19113
34875
16351
21554
17649
40310
57165
29915
177880
20861
17431
20998
23558
22938
13936
33857
39312
23490
111662
17037
30171
13493
28852
26887
21606
40385
27622
18048
18374
142299
41260
16768
33176
26054
28018
25940
19527
25167
20230358
91604
18543
35791
35288
20450
29116
13151213
17148
25088
25835
19895
111955
13667
25161
26863
22556
30902
11663
9597080
17462
63387
9541522
18151
24863
27257
58493
32760
22459
16825548
27015
21627
27846
148761
105244
20831
23170
20296122
40354
26264
17955388
25530
23611
13560969
30831
28411
17360
41440
11737
37460
18869
15270954
33829
35172
187556
42160
22025
36724237
15563
10912289
28255
34486
33619
17051444
165710
33744
26613
24415
17793
17301671
21756
16541
20320
56571
25667
127150
17477
31556
23087641
44768
21170
18127
30058
31540
34997
14654
127116
24328
31072
25693
13086
19508
16747
21800
35219
23628
31482
97024
30328
32521
61823
26274
29822
12639
23197
30417
17655
36656
184066
111947
22719
33345
27289
26391
15649
23843
18666
18296
18328
115032
12476809
15670506
20160
23888
10899856
29939
23009
29025
24754
159646
13584562
28632
29212
16664
12958
29641
21287
24812
23433
162540
34064
16140061
18355
22158
14252
21457
33670
37878
19748
27222
78539
10057319
16626
13119586
22663
18261
33930
13100722
23007
24828
2847858
11399120
22723
16259
34393
19946
41183
28018
19215
25244
14712
1343573
38041
12646639
54720
27686
18814
11655443
29308
19344
11003911
191534
20752
28401
20544
25030
13641
11925209
22977
13839
12264
17985
91130
24232
27695
17309
23756
34821
32053
22234
23365
29253
30162
78659
11002164
69355
19059
18432
19447
33797
16916
45343
43977
28019
84410
16678
16481
29645
20284
20177
17139
25728
16535
43340
29616
166652
47204
30058
45856
33427
19031
24615
24230
28246
13988
22756
139343
17177
33987
18739
28626
30560
15166
29399
21445
19302
27987
180449
38317
13512576
24663
18371
20764
26475
25646
28771
17811
13609
130952
24798
11468975
31996
70118
13858
35043
31644
11175341
10214598
159025
17750
40774
17636
13083556
23045
16260
31078
16387
18235
12448161
19366
15831970
54676
11915599
28620
16035
14956533
19912
13114253
33403
93821
11401106
16207
43478
81203
32873
42859
39386
26898
33109
18199
123717
23431
30603
18623
23003
13619
25779
29351
28760
9729
28082
970088
32556
23909
21344
13263994
13660
26462
25566
43043
86730
24575
77326
12850253
18141
26385
10943496
15603
17679
37783
14307207
23776
113227
28208
28041
17110
15783
10706029
20022
20432
21635
24619
123329
20015
23947
36796
26527
17968
18829
29512
28321
19358811
19448
111593
25125
13531464
21966
26055
12284
22430
12925
31019
16433
121788
15166
19431
36003
11181881
21842
10883155
40142
28220
26511
13105
108526
9426916
9579659
9960217
26498
29073
17732751
31459
13785
15338
109495
30092
14425
22081
17480
16334
15295
13419
15384
12540
14065
10379827
13128
15661
18834
17412
33589
21214
20115
16379
13512
21212
140166
14420194
26901
20498
17171
16266
13611
31187
25938
13167
26622
114132
15301
19862
17410
19217
26168
16575
20848
56399
21600
16013
122204
28517
32117
14997
22180
19370
22960
22747
18377
18065
100688
15129
31874
29764
21759
17197
16774
26031
26365
17266
87028
14424
19714
19892
35424
32569
14816
15935
19626
20924
98808
207789
23436
19962
30475
33121
15819
18064
18841
20441
14384
132660
19473
16442
34146
18517
21092
20515
19241
41569
18407
21848
84147
9513
19058
14377
31188
15420
21049
27701
17405
24405
22494
96435
8387
16843
20256
18614
36061
23684
20309
28234
1563400
157757
29204
36744
20555
34278
33911
35322
33311
79075
21182
17927
3346181
21772
34765
22431
20849
42671
17339
23058
21804
36375
33355
168797
13954
18386
21328
10374
11005
15084
28637
18943
35779
4535024
23802
17563
29040
26453
29677
16065
20840
18066
24799
22552
141614
27147
15385
19792
24432
31667
23392
23490
30696
41186
124691
15717
31795
16731
16740
19364
10185
22474
18295
17568
165897
20857
14634
13662
27619
28285
17527
20757
21630
22860
11129
102261
21796
26155
19508
19895
24526
37623
10406
18988
30023
32104
2259511
33385
16976
22772
13756
20348
35886
277596
74832
18708
30000
147354
18247
28544
16502
22461
11499
23867
40130
22572
17310
24585
107074
21839
33301
22372
12987
30514
15083
18122
15102
21311
13874
153296
14739
14737
32097
11394
15107
22226
33039
27986
11820
34306
163985
37356
31249
32821
16546
19356
40976
35193
29552
38043
4078594
18368
20543
27715
39805
14445
22580
28040
21519
17508
84864
18694
26250
13414
25720
50142
9914192
28299
12472
14592
47465
123555
38299
29494
25186
16233
16968
38566
29620
26892
15750
95479
28563
16658
24946
23855
23675
23971
27109
18897
18232
23902
83305
17648
29779
17296
21644
37525
17742
21133
16764
13651
141124
30742
11752
15312
15901
21222
20879
17318
21902
18774
103303
20464
22282
17029
22751
18171
16189
18611
30121
36670
21146
104090
15219
22295
12595
20179
16826
31121
27333
33138
18536
17226
91511
16373
18397
25940
18223
20514
19090
16759
15399
25201
12694
100031
18548
10446
22162
12294
16416
21464
12887
16316
30667
120878
20342
21483
65355
17397
18471
24819
19807
24897
17323
21345
95690
34735
12247
23286
19213
32700
12654
20343
21616
21907
18348
95853
34065
14368
18188
17220
15803
19101
16588
32974
18213
78493
540915
14825
10964
21471
32845
15445
16958
23000
17752
77273
27787
17959
18197
18611
24242
16219
32725
40188
31692
50349
94572
19635
20507
20785
15611
29835
24351
25320
22743
32812
102094
38186
22502
24464
12883
22114
22805
17414
13781
14599
16459
137093
30348
25531
17944
15503
16669
24130
18029
25014
37381
81921
19142
20387
18246
42591
33805
33901
15256
22311
17902
14318
108724
30623
20773
21821
18288
28473
10932
40417
17544
17537
110797
14811
13997
21471
18120
16927
34843
22575
19450
14741
24602
184917
18696
17981
19336
11495
25469
24555
15834
16297
15353
108824
29417
12457
16419
31504
18073
13231
24278
12780
41167
16480
115443
23757
22663
19993
22148
19331
15773
17789
13737
18084
12265
93154
30409
21660
16177
26530
14349
18638
35895
19345
19681
78722
21826
25694
18200
25478
17876
23667
26961
21108
22520
16599
94910
29360
15157
27491
12232
16407
12596
15815
33947
26243
131449
19266
21377
25426
14029
26704
16293
17532
13155
15731
17758
129370
13832
26468
16136
22834
51954
32502
12426
20594
18810
77857
17291
18848
45307
18701
26322
26160
20388
27274
21354
36845
92988
18677
30380
24590
27567
22264
52478
21335
16221
43405
35126
124806
19187
21800
18276
27920
21324
31252
21163
23655
26363
104481
12652
23344
8149
21505
16572
12618
21338
21118
19104
15016
87267
23982
14767
19587
15310
19222
18133
9330
17645
17523
124734
31994
18933
21259
16500
24841
24468
23437
18000
14996
26568
108176
16477
29255
31673
16989
21298
24562
22379
16573
20714
106055
19151
18603
16423
16677
16507
24124
14554
15681
26281
73727
28276
19138
18941
21012
16907
21794
23407
14445
27342
22946
106767
30227
18349
24013
19344
20708
42692
19678
15982
626698
111732
24505
16372
71129
21434
14197
23978
23744
16992
18117
22919
123639
14122
14995
16038
13455
27414
18202
19497
27982
20144
96147
24334
30197
15635
21255
16782
21034
10016
18029
17981
17149
118733
10930
18548
10181
19374
16637
16371
22506
25969
19031
160776
16663
23316
19736
19454
21043
16845
22606
18680
20224
25684
151904
15698
13576
23031
25926
21999
24146
9828
26197
23197
96039
18900
17717
15972
21394
30469
56319
16536
16847
25992
21799
132681
13759
14931
17529
19273
18791
16969
15818
17973
15027
14652
109469
28722
18050
32120
20571
15746
16569
23668
23835
18216
24760
83300
15997
22731
20650
18788
11614
21042
14014
17375
19184
16019
141617
20892
12104
15110
13947
90644
19893
16992
17332
26773
130709
25456
15087
11897
17290
23117
22948
19608
19580
27749
32220
114349
30614
18448
23033
29304
16445
17457
15115
16949
23781
97930
24592
19469
13896
22261
36662
12270
21641
9521
40014
86709
20134
27680
17262
17898
16904
23346
11187
33252
20388
37786
154950
20082
17974
19431
25012
18706
28039
19756
20275
25306
15137
176880
16892
21032
27515
36177
33899
26903
31243
31637
20834
12180955
19119
9052
30811
11481
17059
42338
13482
19221
36069
41260
332251
20970
29464
11306
16329
26260
16830
18470
20340
12227
22412
179673
36880
17579
24304
15793
22396
26725
27712
32155
16191
103609
20242
21261
21966
45028
20068
39633
31153
16691
36811
24856
128108
25247
15929
20744
14993
10083
17671
40845
21712
20969
112535
42857
11331
11605
32217
16741
68636
39108
16099
29808
83464
23357
36516
20588
17063
17735
17277
21256
16961
13706
20198
122678
27312
25419
22309
26943
23066
13833
22299
17679
17528
116023
16532
19347
23059
14905
41897
22019
55199
16005
15792
17219
90433
31235
16506
20726
28478
21462
15411
27530
19171
21408
18239
92952
28262
28511
21907
26837
19205
16801
12467
18648
22417
107992
23028
22382
17472
17558
15291
19706
13959
21307
22908
18877
126198
9594
300095
16439
15844
18531
22626
19434
19155
16737
17266
66974
18176
20436
15035
18062
18120
52889
10024
17599
14872
21016
142512
14608
21691
19128
28709
10013
19260
21155
11161
16452
116855
18096
20965
28109
12134
29485
21039
17056
22062
19570
29410
100165
23069
19595
15320
15376
18222
43766
25002
23745
29856
24710
97010
21225
18650
22205
18644
21468
24246
33688
14353
29177
32148
98153
23542
41280
20833
23251
27219
23002
16261
23512
16841
135576
24483
35434
24474
18606
26144
22820
15351
20456
19902
26072
350318
34792
18651
13707
27062
19561
38746
28115
11200
19241
24152
164246
24820
31201
13833
22917
22428
25406
13169
27853
23411
96755
28847
30136
34799
25580
12556
21506
31803
18590
9012
2940659
31657
29799
30522
18871
16774
29616
10477
26351
20967
37106
138740
24152
14731
16267
40406
19377
36031
13825
15642
19395
124359
19665
21273
37223
24233
27188
21283
39748
24577
26112
133047
28487
22502
18103
11770
26056
24893
29221
21039
33248
27253
133027
29427
26180
17834
33340
16268
36437
20059
21739
23850
18174051
18284
14016
37115
29312
25642
30284
23569
12535
37710
23601
123220
29275
18466
49421
19446
26828
37060
18458
21804
20770
134218
27807
41298
22696
10336090
17348
20578
68491
26468
12979686
32299
143072
36493
25753
23160
17520
28580
30684
27070
12025961
17105383
12423944
14185926
21757
12937516
20303
20351
22737
10322223
29285
25624
20412
2625030
29357
22906
29367
30257
11568609
16861
23314
22326
21397
17686
131563
31249
33647
21525
13484
32449
9657466
23850
25007
32969
163493
35515
13276
18565
15598
19562
23652
20100
27592
43205
80471
28552
20594
19162
28965
29179
24152
31034
19145
18766
17964
137954
69830
19457
32892
21758
41234
35448
28355
15387
25003
17492
130979
19258
31626
10734
30895
29973
16800
29242
60561
35323
15365
141921
23916
22977
23120
16891
28390
17250
13441
44708
19067
3189062
33903
25291
12135705
14434
9662
14096887
19782
67801
27275
25565
156284
14158372
25157
19398
26806
24719
17895702
13875
37423
920614
113379
36576
28999
63083
14924
12757922
33847
22903
38725
37667
16652
163159
34312
10903485
21072
20535
30793
31323
13779916
40539
16612
167374
27422
38564
43771
24696
29699
31423
29721
22896
17641
12651
138428
33111
18583
32761
22979
29148
31685
21199
41761
10385944
185672
14171434
18305
34333
23159
19477657
26026
9910
13787
19642
75457
23855
18607
58701
25058
18275
26985
39111
23025
42608
49974
104235
14834
27845
18495
22913
23139
31431
39557
43390
29770
28918
158360
20867
25590
17628034
19117
25913
21522
14235639
21774
29225
22669
17011303
28865
21656
35273
28989
52546
27154
20040
40295
22765
10749
16409415
11840577
20142
20321
25560
11758366
35512
14920
40414
27710
28313
15354955
32277
31799
17900
35293
24532
27236
47468
156126
36720
29152
174973
23270
29670
21033
27159
42155
38575
30458
20698
51620
194828
19220
26650
24737
24901
23316
28436
43605
33845
29486
33258
150950
31292
36211
27898
12724707
25789
11885659
18345
11791168
14112
30415
91695
35069
25737
31594
18386157
29764
53881
15249
11854563
10430294
31063
110848
30859
31401
33252
25859
15920
10705632
36461
21573
23899
28814
2841673
23543
44907
24253
24696
18950
32424
173781
22056
12081
37178
145227
29608
35981
35460
15442
22058
31322
20519
20113
23791
39354
139197
21364
13649
44549
44150
13884
15860
12053
19700
12173
20162
100397
41078
18550
14088
32207
19441
27986
24432
24061
19969
23552
205142
25523
29375
13253
16361
14122
29460
26906
13703
30013
198351
23888
26591
21011
25091
21898
16872
18838
35732
22445
128569
20064
39353
23489
35572
13872
21628
21117
27452
60103
15420
114259
31998
31156
18166
35285
14932
23137
33467
29806
14078
23223
230699
17795
20041
52183
11898320
28618
42043
23305
31600
16785
44703
408055
16950
16036989
37109
26534
15639
20304
17083
33678
16850
45855
384560
24832
27428
42514
25214
22779
22215
31564
19080
41380
935026
14219414
50811
20658
26500
23683
25083
22835
18689
21128
32486
3772870
20915
26705
31719
17459
14370266
25028
26423
19271
42572
11186004
22766
34247
43287
16611068
29622
14190062
28734
27066
35089
38395
119251
45324
25730
28816
27012
14896
15366
46876
12144762
46346
144919
22449
11195193
37688
44693
19869441
24997
51621
23588
17922
177897
43236
14076
34667
40382
17458
41000
15078
13167
26537
13579885
21973
27608
39021
15017213
34561
28968
12620565
28605
21462
13744339
16527681
11531650
29507
29485
21937
30423
31892
12513414
11551271
18667
13191
159552
22621
25055
34009
12222426
20410
64641
24647
26882
28570
177532
16996123
19298
18028745
32771
35556
28365
11654189
34181
27863
16411
107361
23418
14502658
19958
20945
16145
12823610
35305
32234
21764
184383
26963
15961
24620
26276
16874
13497
24164
23528146
15715
110360
15675
36019
26810
15645
15399
12365603
17094
11709182
12076640
21555
111811
23101
20766
24792
30073
131138
18058
29272562
29011
18401135
111561
23687
23770
32406
32756
20574
27119
41337
34082
29161
20748
12831527
26788
21306
40558
13510
66799
16803
26059297
23321
19696
21637
26780500
19154130
9847
20714
34594
17721
30384
31323
26166
16932
34885
152896
34372
14649
19797
18122
17640
13280
16019
23698
22430
51797
167441
19017
36627
22281
27181
18989
29528
20482
26566
11264
29272
304450
7710405
24012
41730
27096
24109
10979
20971
30253
23457
26138
232957
10977
36054
34447
2475701
23710
47003
26973
17921
10862
17472
109603
15382
16181
15204
27302654
19898
21431
29767
27838
20913
27446656
13951
16325
35795
21294
16275
34311
37626
13851086
17640
23694
11109816
48499915
60596
14026
35327
17973
34871
12007558
53542
22167
22824
109478
20215651
36090
31789
31263
27419
12552
28150
21497
19069
22820
414443
16819
13417958
21653
24819
11758141
24789
25697
12187530
26743
23353252
20885
29371
143491
20585
12433854
19056
13409613
38920
15651
24637
107441
20298
28986
17362
13702
38379150
38175
36149
11788889
26142
39417
245045
39549
39712
21433
30305
19913
15005
12147084
30735
17295
99993
23024
19939
16006
35752
37251797
36831
38211
29045
23287
20098
140008
17589
31405
26029
15892608
18363
26137
21700
26043
27593
207975
15341
35011
20723
18133
17578
27544
16308
16237
38636
16335673
15740
24415273
18648
20197
21782
31102
22107
12413
16576
22770
112128
15767114
33240
29975
38606
24413
17869
27964
17483
14994107
30351
29915094
19752
12656057
33369
24182
15363
19249
22526
20558
23664
19075
128192
19063872
13018
25683
20994
18297880
25664
18975
20237
8613
116760
43398
13509
15208
18118
15574
29574
13807
18501
18359
32131
27936889
36977
26406
16694
36596
37190
12815
20365
18576975
23349
22377
104668
18441
19551
27668
43104
17713
12169632
38915
14618
16955
25171
146106
31559
11814811
19243
20569
24484
12824141
13667145
32917
29858
129259
17323
38105
20018
22257
29585
22929
21850
20091775
37310
17756999
26576
17113
25014
13420803
31282
22093
16335
19450
17774
22385
125519
14509
9360515
17996
10575
22000
34319
17796
27649
17559
108987
7947
20823
25597
28859
17467289
16831
33772543
23632
22307
109437
21030
17105
12053505
14179
12505542
37811
21414
37613
18123
16569
17700612
41240
14653780
21078
10900970
25453
33259
41256
14451
16261
25620
113007
29340
16652
13417791
20067323
24644
18952
30105
17193
16493119
21367
159908
23425
21665
27654
16922
56217
45118
29524
14896
28674
22707
557643
18009
24033
13893
18356
10072
24412
19568
37718
18612
9872376
25351
11397
25256
29742
18773
24861
36725
22476
13536
4785284
17923
21240
13749
24659
22326
23006
22203
24126
19157
23864
180106
33779
10846
19166
16590
52923
16820
16176
25286
21923
17172
3574810
27529
13640
25305
20390
13849
26349
23114
40501
26852027
19056
122030
12151941
14296879
18002
16127
15481
19990
15203
21661
17147
16760
110567
20229
20823
16762
10068
24277
8935
28217
30677
14010
90086
22668
24958
11485
20990
25100
31507
18188
765013
27045
120255
23511
24138
33421
25184
35220
20573
25397
27423
15771
17871
85953
16413
30155
28770
18114
32813
9471
36126
15614
30731
130561
21780
16438
31237
58933
21658
17923
41774
14063
37524
55443
113637
21159
22656
21474
20788
18066
33910
28628
14802
40767
23642
99619
94816
17648
48344
45965
16968
570736
35932
12401
22838
73830
13234
25122
37697
17417
26936
24259
19208
30299
32532
135394
40447
25205
40515
21965
32362
18560
20740
10708
28805
54276
2227955
10667
33576
18600
21536
27460
19650
26275
16178
13305
20894
110679
14198
28979
23962
23525
15977
23543
18368
14296
20939
20282
87632
46831
20676
26075
13196
13005
16381
7306
24515
13836
30032
108567
409532
15191
12578
24935
22142
22827
32328
15549
16580
29596
147519
35556
32427
13563
14510
42089
17434
13176
35379
24578
128344
31330
24285
14686
23101
25754
24614
15413
27109
16117
33447
2740578
21384
26375
21597
35893
18576
18431
21476
20701
25567
26000
89117
14047
27029
38528
26412
34848
34379
14151
20535
14288
20145
93670
35940
32248
22672
18635
46504
20871
24664
23580
21301
128473
21263
33969
50729
20214
25348
19208
14730
22772
24628
34768
139958
11576
15837
12494
19445
27560
23829
25009
27518
40044
256654
13294
22911
29470
36351
10813
12969
46567
31904
26200
17384
144261
22875
13314
25970
36108
17383
11021
19967
45834
15211
15065
86955
14015
48767
18483
18438
16648
19874
23081
24088
13734
16044
174715
25651
25397
20983
13685
29930
24185
25573
28233
27983
81813
11614
15311
17283
30736
26627
14009
27573
9541
14644
18547
107750
27463
19872
26516
29509
13686
19889
16362
216331
21265
162975
12125
44309
25034
32063
28430
43867
14488
31500
26827
25918
117693
21046
11565
16095
16013
23830
15962
22558
18370
19585
18751
98257
11916624
11391064
31760
23066
16578
17855
26587
18347335
19380
74864
26145
18749
18136
16738
8950
27056
27165
14845
29395
18855
130879
15864
17395
12965
31920
19887
16392
11382
21494
30293
24854
157033
21113
20309
11467
24824
46781
28380
13081727
23631
29458
21643
207808
13373
15925
29089
30677183
35047
30333
30493
19605
45034
19637
96513
19947
31217
18871
32506
20583
22474
20520
15320
14724
24577
136154
25313
11114
27540
21019
18838
11665
11711
41037
34291
20953
161801
14717
11436
21315
15522
27925
16190
14021
40378
29855
71845
17478
16093
21979
20374
19742
35057
15994
17852
12990
13659
104525
33146
15837409
26074
18240
12603
21663
17121
27264531
29352
68040
25882
21016
13951
9097
26971
19158
31871
13553
15082
11884
99974
15601
22671
25763
24825
27510
21941
21898
18816
21968
29532
3989823
21071
69030
17661
41219904
32637
19641
61953
23805
25017
18077314
28377
18650
18161
13388484
23534
51292008
18822
16978
16859
15492067
112755
36746482
20735
18183
13578
20524
15552894
13451
16315
15421
15539
15874649
13175
23258840
15643
18557
30622
30643275
18562
19640
14220
72145
38347
11506488
41979
36186
21103
13307
27050949
17411
28644
21414
159379
12053
23725
17617554
22499
14298
11180627
10815115
11361
22582005
31291
65597
11393824
31733
51506
18988049
23690
14399990
14013
14091
20932
132701
41276
15548
26998
22213
15176
16322
16166
21111
23491
21569
128918
14978321
18385
11596
16390646
27139929
17399
16477
12646565
15672
2628976
19120
28085
17887
27751
15035
23373
32855
22893618
40076
15118395
16064
16470051
20251408
19054
15972
25845
19546
36437
28003
18864
89639
30344
23821
12780518
12178
41418
21848
24770
31735
17119949
22344953
20194
34817
20556
17384
32232
22410078
19327394
17060115
12040815
15770
142633
13741588
13900
13348
15368
20400
36923
14784
16601
18326
165751
30093
18497
35053
23384
21314
20678
19741
16056
17174
28597
120167
15889
11167
22495
11997
21049
10776
14092
36910
30994
94556
17732
15187
11856
9877
11966
16420
20768
12947
12292878
18599084
180700
13780781
31782
13046904
23348
15616656
20642232
16438165
28291
20792
114273
13424
15382
14220
29831
28326
14702
25288
22658
25354628
28904156
12919460
11800130
32889126
15470
50648
20517
21323986
23881
17447
14990
23814174
35453
14530012
18236
40628
17615
12960277
14056202
60648
17369
17513
81982
18592
12620
15780
23853979
21712698
23330
9337
17367
30967
24155
81062
18745
389774
22452
12469
21731
13008
39034
28860
13511
16463
198159
18387
23534
11861
36965
14599
20987
32048
21779
21279
125508
15297
11600
7849
12909
16547
28801
13927
19587
25512
24084
320708
19911
11951
24414
22763
16166
25956368
9454
11047052
9808622
16197449
10523
17158
15406
52593
15280
16565
18167
17527
14211
15290
149457
14451
14376
18636
33328
14323
24373
22944
9756
19583
94110
24384
33704
28471
13258
15907
25874
28649
15202
13705
19376
99895
7657
21422
15602
15657
18218
15903
17366
11255
26814
22112
2338825
23802
13536
16515
21135
13909
35794
19272
20422
14619
22370
87924
27609
25364
29863
14917
10904
18439
13892
12316
21071
16296
167044
15058
14777
14488
22892
13662
17814
15427
17681
13270
152990
20745
13531
12458
19156
20697
23901
31010
22068
18368
31480
12371703
23387
18892832
21779
13029
22197
12681
19417339
17536
26183
24405
15632576
64725
13767
18484
23403
13815970
8980579
11579
22768
18576
23568
100811
19025
17538
10243
19468
13582
11093
20841
26904
18715
7358
133299
26554
18593
9867
13853
22154
21018
18103
31779
32867
22768
108646
23444
21265
19738
21424
14819
20291
25038
13099
40600
89337
25835
9101
15054
17900
22994
12421
30776
20253
22649
29734
141372
28227
23501
13333
10824
13021
26039
19504
19868
21979
97626
20119
25166
11868
9754
30332
33519
15690
18413
12155
17194
123928
48105
21829
45152
21500
23449
59121
20895
16329
12992
20818
82795
17390
25828
21725
23825
16976
16948
19215
27401
27832
36581
119490
32153
29991
14083
40884
11282
27418
19243
17192
15773
78386
29609
18956
23770
20844
32067
13968
28398
20919
21912
2081628
20352
25736
32030
23288
26391
23477
29036
13624
13847
25015
179816
55246
26431
26578
20321
10952
30370
14569
16475
13291
18290
153525
14895
15406
18504
12815
17448
24478
30287
17224
22199
30811
182809
28859
15618
17517
20422
19145
27215
20697
11021
15774
139071
14280
20990
25079
22546
15340
18428
40075
33163
25774
129282
8191
14619
28960
32957
22996
17350
29442
21484
28960
158161
30993
24108
27765
18080
19734
16672
14167
13953
11457
21976
145072
27594
16773
12301
11539
25830
24918
13274
29073
29722
147828
23515
11442
20107
26020
14204
16320
17510
20387
23960
32944
2484659
12122
19201
24216
17318
15952
18215
15525
31134
30748
90129
23015
32845
18050
21291
30407
25593
21326
11809
23958
145762
38024
29453
22469
36870
19150
14749
10900
19483
33385
12695
143995
43602
16258
25271
21050
26544
25257
33461
21347
25133
20212
186757
18372
31834
28717
22976
21957
26270
16011
23590
23970
105759
13501
10791
11200
40341
25882
24148
22458
18327
18027
18968
161045
17946
22459
20888
24301
17501
11301
16705
14657
22285
177239
23628
24699
40278
17363
18331
30785
20976
15685
10595
125755
16533
17908
23095
19005
21821
31026
13312
11363
20663
92645
35842
31818
24565
30890
22833
13601
24012
27036
22191
13679
117127
22831
19035
20236
30861
34959
18265
23292
30793
21146
143920
24789
15207
12441
15644
28192
25571
16716
21433
18716
29659
113508
9926
25833
21014
18692
30900
16161
13166
19321
24212
24658
123240
42925
28823
20288
25385
22399
13622
15954
37369
18339
127389
30838
19139
26317
20100
14571
13526
14520
15180
19547
33938
132564
35214
27764
26036
12364
28268
25447
19512
25611
18734
135064
17801
32949
39600
25109
31250
17442
17794
16811
31402
23603
98327
26509
12155
23616
26070
16995
25985
13544
31473
20046
45497
132050
13360
20686
23606
23140
23945
30372
35344
17512
23383
114123
22265
32142
10985
10364
26814
14141
18145
11707
13567
67517
20699
11395
29863
20541
8755
28749
17004
69762
23306
19997
103595
17234
11588
28185
22752
27731
21655
23235
33962
22063
16665
92924
17523
23431
28961
16146
24902
22447
25479
28207
31446
144249
57371
20533
38955
33178
21005
19628
82695
22029
12557
12354
136845
25977
18165
22531
33353
19923
21785
17095
18973
20712
2802606
18148
49828
18284
24108
16508
37244
22816
16348
21730
112250
23765
25259
9102
23540
15904
26584
12949
21264
15945
20173
180462
34582
20072
18887
13444
17942
27314
24264
34173
17011
152895
20994
16846
18546
18689
15299
21045
26880
21080
20995
102659
16862
10103
24767
25664
34344
16921
48413
18785
29189
81673
42807
21406
24828
26601
30900
20653
26239
13931
13135
19988
177225
27775
24025
22604
41017
50346
16088
23637
29761
29199
106728
22057
24384
23154
31901
19512
25449
17509
28934
30956
30010
115170
51637
27090
23168
25027
33889
25787
23437
18207
29130
18050
154274
25817
39123
21156
23910
34948
23061
30560
53307
26033
25002
83025
19502
36016
14446
41851
26919
29004
30402
20627
28508
19344
86254
18581
16424
34632
30913
36258
12585
15159
20781
18322
121120
38024
23566
14482
24216
37903
21061
23342
16457
10804
26521
162901
14146
16613
28872
16659
11693
12827
25133
13943
19937
17482
211431
17789
27669
32209
35851
15348
25658
40382
12945
15325
99849
18970
32578
32206
27546
19582
24400
20477
29001
36931
157170
26955
41826
31269
22917
9709
22383
12205
19704
29397
37436
101698
17414
14142
13141
20563
29179
18359
13303
26344
23559
37211
161058
21311
9917
16544
18730
30482
13314
22309
23469
21175
101511
32651
29093
19751
22188
12202
18791
25968
25378
26532
102678
27071
23581
18650
24271
20644
20848
20429
29560
28578
31286
106643
21227
47225
33171
23591
37901
8904
15638
9534
26013
31484
140154
29637
17196
13081
16932
8207
14054
23185
12375
31118
39239
162293
17171
33837
22685
26501
35813
19886
17464
18385
33085
83708
48781
27395
19856
11452
28134
16295
12765
18227
14941
18226
138710
21495
27902
36119
24627
16076
22618
41949
37589
14392
168451
50617
19623
7975
36097
31962
13129
14981
15652
24665
29179
101426
25584
26622
21429
32796
19301
28389
31759
24848
36495
29743
82997
10312
18661
15800
23184
25582
35885
22383
15989
26445
24752
189164
21651
21930
16146
17044
20674
33636
28804
10990
14537
105245
19771
26705
23598
19734
26603
15038
12006
24270
22180
13794
190451
16340
10888307
23749
34134
36843
21793
28091
22329
23206
13318574
22518
29140
21346
19474
15112
23801
26788
24101
20966
32236
123022
22594
11640
26448
21583
16611
15617
13404
32654
20647
96560
23096
18117
27987
26240
34687
17109144
22491
35095255
16918
15150
164754
20884
20819
11962
28086
31879
15656
17013
18506
38212
161585
21634
27955
15159
315288
29481
17422
45692
26607
26514
6812797
43764
22582
28267
48506
34292
18387
27591
30942
42263
314684
16701
39899
27538
18092
30275
28203
26417
15979
16750
16366
156625
27351
28308
34631
69525
34527
31245
20241
18043
31300
30723
142603
24641
23583
35493
21081
19541
37899
15672
27767
11024
162840
20705
11821
31706
24516
25349
29679
19535
28087
18175
3594433
25071
41577
13428
15591
29466
14345
15059
31279
35804
9224
101381
20409
19820
13442
21762
16875
27770
41015
22293
53159
15298
142218
33495
22586
7939
31645
57976
20545
16739
32341
21504
120720
22835
18192
18595
19274
13213
11880
15346
23353
13556
22690
93028
13834
17762
27882
23476
31520
26500
21406
36148
13389
85618
37493
19377
20760
47378
25848
21771
22411
12723
22651
51007
78581
30813
23586
9736
27902
35883
24367
12463
23498
32758
24118
167133
27141
31065
36853
22133
23707
17787
23506
12704
18917
35995
2974156
14448
14208
16837
36904
21276
28710
26427
42307
12471
119012
36909
12936
38335
17584
19603
13356
19935
26539
20249
91700
26598
26377
29326
142235
25805
16727
35987
16416
42492
31206
105558
12579
14390
30515
22734
28947
30255
34738
19130
30446
16082
104902
18887
33101
22454
19377
22550
35471
27797
21625
25483
35080
274355
38347
19013
21861
21710
18130
27855
24555
23881
39795
111727
51432
27252
35199
33105
19907
29218
15143
26104
10379
21006
110555
23676
20375
15835
19348
23165
24680
29241
24404
27636
122668
17498
35489
30796
78897
23350
19498
78589
22922
29963
159724
15358
14678
19496
35266
33794
39808
10093
21538
11965
3044208
21112
22046
15324
11576
22914
24036
23248
18136
14745
17574
94832
25806
25529
41633
27240
29037
25651
28381
13859
23743
111571
17048
16177
33954
21298
48700
25103
30259
17689
22748
25184
100973
14650
19864
19980
11955
19758
12735
19459
33105
21814
21763
76739
10633
16638
24694
19014
31049
21970
42928
17045
34105
39223
163213
26288
21417
16860
20806
11321
24480
35117
23920
12941
22257
110175
13045
11062
18227
17605
11713
14942
18586
24103
15145
138693
17154
23579
26240
13574
29349
18955
20792
19063
30007
109997
25626
36312
18287
21567
26353
26304
29600
16511
19927
23490
121984
17142
31013
23320
23151
22616
30561
20630
12608
23108
37295
98023
10686
13291
23428
35134
18775
57420
34006
27493
28301
21479
126487
23770
24343
23725
37247
12338
25412
14689
13381
20521
21745
110569
11670
25589
20023
25477
13643
23977
62270
23013
10634
68303
24882
19484
22096
55584
26702
18253
31237
23952
32468
12618
163702
22400
38299
14733
23555
30008
17715
19723
15946
19920
102922
16571
9491
21794
14164
18613
11336
31124
20739
20446
2395558
13060
15571
48180
13995
20719
22515
14620
22824
18041
24363
95026
26976
32210
18494
19219
10748
20916
29406
39116
18535
13134
89913
19176
20469
21855
23663
32255
11427
13024
20052
21043
87686
19636
27204
17662
20597
18938
13157
23734
27193
19603
34192
116158
17892
36907
37681
40390
20980
45374
34189
13601
19931
22387
184674
27958
19100
22961
11994
20462
16869
16826
17945
10991
21658
108565
31809
15606
23244
22762
27517
13931
30036
23746
14039
135782
18304
13354
17361
12867
26566
22648
39910
34224
294193
2371983
17055
35687
41682
37976
26957
13884
22517
24196
23146
28917
105808
23526
35964
13867
20109
16350
14550
22939
18472
17529
15427
106769
16316
16368
9618
12603
20411
18888
37768
41267
14201
37262
118295
27085
11057
39615
14202
50303
15072
10378
15186
13821
715107
17379
10342
14776
24366
22733
18997
20896
10482
21296
16933
139159
9866
17294
34100
28755
16526
7462
22192
75697
18917
200397
8563
34929
20979
22052
20921
28864
14662
26768
17750
24883
103054
21430
27875
54436
20093
26019
10006
134362
38206
13249
26407
122051
16418
42798
35703
16647
18610
38119
13358
41672
23380
34279
2676847
50550
31400
13891
13311
79400
13653
28368
18983
30497
25491
97142
18378
14513
18093
21384
25441
15201
18242
34869
21590
126937
51220
10898
34843
17171
19134
42524
43694
17423
101789
6953904
14594
31029
12090
22295
20323
27251
13777
22686
23973
18239
107616
18575
19603
10447
11808
30349
37739
13772
28573
29233
114486
23310
15308
25597
8437
21178
17684
16983
16237
24834
19402
124820
22281
16620
17207
28005
15297
22457
42818
18847
732540
115924
25872
28172
24310
23755
24711
14558197
18490
13042
20774
125624
42520
27333
28666
29017
26465
18430
21788
15630
29088
34854
149812
33792
12244
19915
23455
18911
18200
26030
29323
25803
18392
105437
16097
28513
15349
22866
23088
20641
34273
27036
22432
32012
141300
16625
27101
26904
15274
20498
18692
13217
16126
40111
18906
90133
14752
24151
17638
26129
16541
11753
17958
22445
20510
16572
110941
15574
18017
12611
8598
11673
10910
36482
24437
20453
69255
24818
15428
20530
21947
17074
29594
32282
26281
26729
14263
162287
16414
40065
16404
17377
28045
20814
27714
37611
19306
37808
106085
14134
22016
22083
11778
14157
47607
26635
29311
15486
14551
116548
21035
15222
23879
18103
14611
32880
22852
17614
19773
90022
18260
24935
19390
14023
19788
17018
18169
13809
37175
112486
16183
30122
15154
24043
16129
27614
20942
22018
20450
137100
20465
10617
19159
21162
18643
11889
25958
19879
19318
2184201
25278
33925
15382
17683
27171
20191
17988
11359
23274
18811
118605
12539
9569
10718
29306
24264
15444
12885
11284
17457
97808
20986
16141
20533
28650
24196
19991
29063
15620
16612
21994
95328
24183
15233
17480
18805
16766
17898
13568
24210
20567
40288
150915
14907
22678
19824
16570
12897
25883
47873
23842
22182
15851
135006
21612
24715
32624
17275
10603
13391
21278
22772
28253
3294675
21627
20365
12724
19704
21930
20613
17662
14138
32490
20127
92485
20335
11547
13279
16322
17475
24745
12162
14294
16637
88560
18394
13966
21613
11828
20402
23364
18019
17574
16324
15822
89928
11138
24136
20476
14125
13649
16000
28342
16558
23518
79055
25393
31450
24991
13437
20748
13665
12342
24075
22542
177906
16837
26043
26819
24429
11817
14631
19799
40671
19988
94072
37356
15421
17146
33000
26609
30412
14346
23629
24363
22421
77227
14954
20226
14077
12420
31281
17857
15013
28742
17369
96564
30597
20463
15828
19566
11895
16205
14045
16274
20248
151882
15659
25873
11314
17458
15766
18165
17857
17282
18891
40900
131041
28476
12980
26621
12293
201285
14964
18158
20053
18289
120282
15634
19037
14776
33150
22799
10870
19129
15442
17367
87170
16404
16633
14664
8851
22459
15910
20542
18699
16199
126929
24490
16956
21092
25026
16327
29373
23393
10916
20306
18223
98023
14073
15536
21164
13671
18825
27769
19914
14771
13876
90841
18625
19524
19001
18605
36171
12432
18594
17135
24483
95427
16024
29657
19414
17943
17459
20543
23315
15245
14660
92740
17634
21922
33325
25719
14749
15451
15717
21189
15638
17010
115963
22627
13834
18240
18041
22016
16804
99781
17835
20328
76574
18157
42996
20079
23160
11740
20907
14040
25775
16550
13823
106803
15546
20366
20635
17412
21055
27255
11498
14889
16294
112736
17025
18888
17781
17046
21351
52756
16636
12389
21463
8975
90388
18240
15069
27529
24329
17325
16198
25044
19677
17730
27441
120536
16514
22863
12400
19290
12974
24317
9767
22755
20801
21072
114475
18062
26584
14814
28094
13142
29151
31826
10790
23380
21595
132657
12315
40992
19344
14766
16682
16464
17999
24945
12160
20952
96984
19085
22623
14680
18803
31415
31952
17325
27047
18535
19850
411075
19936
18394
19032
21530
16528
38471
16733
15315
21879
31367
172547
31549
13428
27446
17608
21958
13017
20931
20987
20438
18233
110593
11413
21681
18687
18417
17436
20184
10304
18704
18108
102768
15687
19191
12388
12474
25453
52382
21942
25719
26032
40371
103539
17876
18692
15841
15084
14207
15035
18353
20518
15773
97321
21815
17614
17364
15369
22323
14160
13877
23491
19454
108571
28893
43029
18755
16420
17856
22891
16241
12467
15040
21433
108773
18718
19477
20557
20377
12214
33677
16409
11448
14120
21380
86401
14379
17409
18911
12601
19442
14970
16248
12900
34996
25078
82566
16207
19540
14180
16489
14609
21531
11132
17564
14724
121506
24977
18328
22226
19588
16508
27195
22816
14302
17230
115935
32542
15920
22925
24361
22506
13417
13637
14444
17040
39354
81527
16403
20072
16085
15043
13683
12251
15358
15039
15530
15769
90199
22172
14939
30540
13412
15200
18926
28301
13843
13127
119030
18748
19340
12938
16140
16202
15394
17073
13430
13127
72297
252414
17318
16243
158606
22091
19701
24739
17806
17623
15137
73986
13318
15031
18368
15448
15410
13736
17295
13109
17601
17141
83976
12886
13882
12757
25247
15886
14503
12308
21538
19189
16632
90303
13996
13561
19040
13365
23792
16807
19724
18610
11086
10639
103434
17815
14430
18489
15795
24154
14954
18822
18330
14206
15308
84298
14307
13680
12338
14396
20240
15905
14004
15791
16255
13674
206728
13238
11425
14719
11274
19275
13992
20343
15428
17661
103106
18071
19121
14197
14519
26772
15192
12294
12571
12308
18757
118795
12000
16045
13035
18049
