368664
383454
716897
538547
438728
413997
398219
474706
364554
411819
399149
465136
421882
530034
435893
390848
408179
403184
507636
477448
528148
468484
3357795
366684
353908
495997
394217
3864940
372973
877018
563258
395735
355157
303540
416836
399244
3133677
391973
439986
482067
1317717
506583
457780
414583
396066
273126
435459
508683
946522
335423
423026
436182
545844
514722
1656254
473631
532531
347432
528754
413510
496887
523514
381678
407101
332928
455449
438377
304936
552950
375120
305319
447113
547427
385054
530668
294867
441970
762730
373736
823724
478892
382245
440067
542112
390273
544012
393933
445680
374641
605643
666742
489792
521157
437429
390023
520470
398074
828913
373813
508863
432585
386003
772089
411550
355093
422192
379642
373847
408067
391857
714269
383166
516685
490335
609566
443140
417234
396099
537630
367410
486501
790832
419163
622316
518425
515376
253187
286218
453086
400541
310260
404222
651772
482727
410006
397616
354916
600486
347289
326005
506410
438787
488836
535376
380103
346707
410361
340234
384803
460063
514397
1280454
444183
671981
373672
499833
343995
411600
341106
529857
500854
373606
391840
622253
429298
405836
423163
600426
462299
467834
356121
434236
613892
502752
464105
389604
492198
544077
348224
518416
262659
433368
337377
435319
789411
3600738
484392
980559
476811
1027680
567350
7121761
312498
389434
1620774
417319
483496
368214
612757
504229
477635
532401
440927
660558
469931
425011
1173924
426040
502583
3380263
367863
382297
413399
577628
429189
462596
1826696
595157
524064
616688
460037
6500973
405896
403108
526191
1048327
452166
552199
516078
390617
442639
272241
738906
537333
334281
728022
482355
495923
478454
361976
317922
405105
430607
329034
1339602
592076
514691
474600
1078838
534691
711931
415045
513598
366334
506906
380721
900630
445900
473076
632246
490640
408584
436048
515444
778453
293656
388324
471939
417957
316682
534615
330019
398149
422131
402912
494555
507053
361070
531755
326148
741910
445576
485665
408240
677245
359012
3066753
555329
426056
418840
596961
454782
384404
380885
513642
506738
516470
1573079
854923
325045
419544
537856
607553
350759
404193
417274
424653
501846
661555
723619
512555
583003
435106
421767
435424
284038
504425
810605
303693
563624
447528
478705
390937
435641
350558
382508
548912
557141
414106
425600
631104
374258
341716
458429
386148
547028
384978
510338
676181
350959
485945
479829
484088
418047
344221
597499
440186
401087
396598
372240
620440
473051
418885
1093309
7028339
569910
493086
618405
341725
530219
423806
364367
485399
340373
519931
467746
416296
468778
622623
393648
815351
445544
453175
369916
441525
547230
400031
536142
406068
419039
584242
305299
470768
412826
474593
395058
416649
323181
524558
439925
291460
418442
423315
360682
325337
445226
390210
542594
503918
445295
437870
410258
417569
479478
510040
555545
494427
580972
651841
439191
434312
7349313
411522
484260
656292
528509
453218
348510
514553
491719
433558
541171
688833
392719
443550
518445
493389
401711
362568
525823
390474
408272
491964
397339
481227
426172
481043
387024
392156
660475
389491
1062599
420204
417087
441294
440430
465737
312473
402943
458784
415054
447792
637135
643898
459135
455178
326667
428107
425740
518477
277079
444316
547350
567191
294260
523148
636338
475827
1036161
543628
624181
448021
512850
475406
545595
429860
497092
534338
456140
531239
564056
338176
369385
391575
517931
670405
645175
365071
518957
513366
712536
872025
326402
380662
436472
610853
352153
296312
397378
426362
432629
1103528
413021
415624
445811
348554
602345
472103
746218
652128
483886
526942
559474
470586
616724
820849
544372
477965
527558
507564
604881
376564
597136
416009
417509
440671
294397
463221
382869
510477
439077
517795
589789
505242
493566
1438348
375448
428483
501502
412729
713832
348703
489127
302894
377301
459179
436165
447873
443370
873271
576955
503490
509480
731021
589524
441885
496819
339997
345914
436719
344987
617123
529009
582710
356927
498854
559529
426151
455812
1193634
486335
908501
439784
504469
4674811
705422
392261
364122
450271
352762
432791
443436
428310
360901
531881
485509
378806
645951
2587434
460195
493890
816327
463111
893797
353264
788378
684191
375269
327040
455312
792688
396258
459370
436890
384683
687131
534682
791177
775067
375282
372441
2771686
328868
442920
255600
1084181
467842
382469
447722
398005
545348
382667
475827
399374
310472
504546
462275
438270
351231
419524
677835
514880
417307
643336
573782
519181
764845
544927
403230
384275
324402
421931
332749
551070
496561
326810
448067
407196
354699
268519
454033
409133
375136
395477
764323
789882
503348
377938
338627
414239
389033
346875
418725
447982
238589
418733
372084
341211
420413
850511
308779
395350
4924135
441840
420861
472009
304307
429216
374977
405846
267052
620350
369866
268764
443131
433945
369585
1283878
446934
383871
307614
426273
300698
418280
482521
375646
297685
460639
522525
560282
400358
546196
470855
316576
288756
407825
367199
444010
283221
385511
447513
295555
387883
393884
585160
638573
441506
523244
336067
483559
581486
362010
475028
384009
387058
447249
385063
342509
676570
1034287
405592
488680
454132
1633200
745356
458518
384784
405729
376457
320846
377334
286064
881690
389703
271026
339112
375517
587016
371232
440249
509551
381534
418638
465594
484238
605938
256476
324691
459648
407349
337978
435042
670302
398631
369768
350713
486715
460570
398204
434657
488957
658580
479426
379128
716388
332889
615599
477700
437941
370893
557863
397054
830149
345573
462372
463853
412816
393285
375113
383145
463140
469050
453037
358959
594201
457511
405805
369875
679948
754547
369608
415959
464269
412460
349251
306314
392942
1102120
519307
332315
485069
779517
596831
302719
622208
487511
556049
369585
845601
563502
269499
423752
353974
428503
431853
353841
416165
467058
448014
491926
639552
409457
318987
610240
342307
496260
602763
404929
480397
498098
797622
433153
663593
399469
503668
393305
484504
428011
1522332
435375
548084
562722
486260
417849
345482
451385
413698
775940
1234842
488256
677309
402137
458048
376629
552570
430699
585678
1126258
382742
409696
490404
460613
454010
465677
470165
475612
496925
483938
482499
349595
536614
449096
484447
655838
588379
437343
448990
478400
330133
602308
540159
401516
314811
361003
578126
615801
440319
399871
515383
430879
370816
353105
582169
330143
512625
308832
501753
379094
292536
575086
413288
615879
410262
386278
645591
330438
404965
429873
534370
317204
2030064
364608
658691
280934
409582
516160
557204
378632
474608
364106
522242
435717
484975
438912
431917
450838
361082
417854
346916
372972
468709
410213
351699
372795
447317
390103
410713
416933
700318
378419
892146
407812
353008
545259
520046
417811
473696
436983
368677
434884
339965
399144
367756
486540
495545
317910
665978
300873
539748
550635
963348
461062
342214
257109
413222
796888
348444
394267
383110
383910
359728
437872
422808
437196
399330
384019
397727
356122
416657
359638
470976
393312
376298
575200
409408
405635
346043
538996
4061983
585872
440558
439594
955915
445517
539254
455662
716317
437491
397485
504862
533276
715053
360246
485160
410756
598877
590917
420427
460999
756504
341553
526658
294447
394783
443061
559770
316056
473158
382202
525604
420742
323392
361736
495713
691517
387732
584223
557966
335680
385817
391570
523238
365600
359944
611617
447622
508850
477854
467155
431962
492639
504123
373586
386899
478746
892321
359652
350971
372316
291966
473597
402635
346266
330395
366484
368495
446769
406449
522476
391266
418150
526591
621959
583100
532856
310896
348494
481055
340832
390214
464613
448733
497608
604966
463549
428801
272666
533439
359230
552657
391415
381549
385841
1055147
306097
685274
276008
526883
559969
528592
380126
459754
479771
469247
427579
476568
458981
604978
406182
500708
358682
434684
444647
423134
627490
361748
405897
390890
481515
508265
526116
1370639
471717
591522
279219
369871
342151
300619
433988
410647
380688
253324
697855
484397
396375
267955
343481
313934
535725
518483
3435382
458669
434031
344286
450378
485841
360425
584550
399912
380242
461956
558289
2162519
1031007
556971
410499
713515
361601
491790
363212
591513
2755527
446359
395427
361955
371800
501333
461697
457287
1009839
481537
358488
478351
406870
550766
382720
335995
549490
418091
445142
297506
422829
254089
595089
805494
572141
245778
438902
460360
324747
374569
315150
271595
460161
379236
357776
482413
439240
550096
735885
365573
476643
498532
367286
310221
637029
307481
262763
445348
359948
511451
361245
407000
444720
344418
522983
307711
433491
451792
556610
529762
553542
604661
828305
251620
376884
557038
499212
299082
437161
321804
456319
500921
551291
360223
378029
628792
534991
384977
522779
439623
325801
740538
472411
890825
676424
326245
824195
365052
356470
515485
524362
368307
279605
382537
574196
423468
543459
436477
391023
586169
281206
494106
392692
675488
776130
514230
584031
488889
430669
450032
403231
325261
426059
467703
512113
376064
468020
305579
985092
336488
571947
372298
364890
306340
447159
462272
606014
415069
472646
307383
517716
2114270
431145
410844
420665
295837
281333
653631
622342
295185
378932
414405
481706
803700
449541
425015
461326
256015
340987
263128
353416
371173
426185
445541
392084
377429
502695
436715
285229
259239
518894
371681
541583
393447
367251
336694
381881
380625
360641
352184
410957
358731
424176
296314
499515
533976
234367
403377
442378
372354
364337
275614
450434
505288
335809
469669
344406
364370
408261
370793
327044
416264
460197
360675
374145
396208
424943
250155
333595
390444
304005
443860
501370
250143
358555
423909
312861
327580
339699
398277
390808
424306
675489
277609
355614
440568
406860
364353
397949
509952
478891
289285
536213
522590
448412
548401
399695
480029
437067
453913
388908
395047
361121
379223
376533
498961
342012
492398
465640
1610001
454189
483860
472794
436686
520753
397393
415642
336951
346566
438379
379884
445669
517539
390541
330986
281312
391096
426820
371205
254376
587584
352661
450751
548207
467685
454185
409428
357503
433154
755268
409323
496176
450848
647858
403338
314852
324015
349469
403020
350681
253668
361637
560909
386023
386714
339434
313186
384697
462357
336426
422177
848138
404088
386049
430807
317658
438235
368038
477383
379174
399147
435259
382701
274217
398772
403364
439735
407658
368501
478137
421235
520814
427376
372886
536968
532451
429163
525906
657591
371475
569146
409586
381437
382146
387293
519692
345271
569055
338855
268488
384963
375773
271777
689874
413233
246269
309838
530938
355235
507862
309077
380796
442517
453589
546854
273430
409715
478451
418201
427839
378792
397404
420222
405422
344292
432549
694303
325923
390582
420698
519699
411144
403442
265415
419251
402407
332670
396535
317735
259833
366537
791889
605797
422241
510791
732658
411382
828605
391493
405358
399184
346844
2695952
629843
400939
368244
399706
427720
339730
358085
369953
425180
544912
567429
1525891
440977
415526
519879
452554
336260
544208
420096
460868
930756
516561
369694
253125
478556
492501
260007
450616
551277
384034
482076
291538
514260
1283198
428282
548487
404558
374649
456805
498846
343563
774459
386529
413203
231117
544699
270999
335968
421511
929534
378049
539277
358746
525777
1350374
417507
390143
385187
313291
935457
389128
367885
381855
446640
499731
451157
498847
622432
554764
413251
391601
307947
381481
480338
538603
333917
428773
420534
608333
427711
426626
331283
387303
575736
367632
361722
342832
359273
447790
2638668
518667
521028
588176
521831
546196
469199
417202
368261
591528
444155
335947
502909
342244
503358
536921
443714
403702
405078
463682
507466
388592
402295
638661
494861
1228058
1335048
288832
428046
427956
293562
580113
426195
337717
406601
282566
753549
324361
450300
557573
348217
425641
437654
350024
478151
469281
280418
473873
442879
545155
343873
619274
379560
427506
580107
339191
444229
431753
457914
498258
734733
530310
477485
572052
511576
437019
460621
644231
295571
464428
477896
281054
447648
472170
509838
421348
389055
451953
590063
586112
434514
478122
577541
509635
544860
426919
5074508
580275
890293
399834
508445
490891
480212
509702
686501
597778
372867
384774
608079
523328
827338
476256
473991
558431
874782
662901
425212
357815
721572
332704
463555
428137
378474
433374
483466
579996
283535
387490
615685
523347
708506
785960
486389
501084
591188
492426
710053
467307
315463
374496
599981
498474
828164
533069
851002
369943
474253
594082
523782
390744
346357
501843
498646
545533
521716
586571
783496
505391
601075
296633
516575
392375
454319
569237
443503
464369
455580
509291
681146
410888
441060
528269
501287
418015
467169
540831
481288
543573
503787
609747
531456
448603
455017
438044
478567
440306
450655
475654
584963
589332
772135
369280
697724
627756
425121
451425
463923
311907
388077
593385
476678
385618
495136
601437
425579
544527
1226369
481426
502362
607837
461632
392868
429180
393674
418672
765644
663704
345765
445088
376638
413890
492514
390374
357588
525078
338286
457825
411960
279327
486414
458422
314715
434669
431522
339258
440048
425393
455532
390780
394370
369118
448079
374013
613701
414630
333424
422098
407699
572116
2398634
331674
378159
390596
384265
331045
395810
325535
241581
413599
421538
452799
422517
435689
334065
430029
393372
515074
412600
263708
331266
394634
417655
412002
492444
466483
294800
323477
260992
261482
345766
1969068
255195
301930
366703
482984
389899
364541
306990
256390
464035
452250
297399
662594
459984
465834
400116
412937
609495
491081
713237
371456
823120
468334
398644
625483
487624
396811
801080
584883
606100
786851
442529
494177
490160
502387
1397680
489460
383677
525534
432858
620430
614507
468681
489402
442520
742634
327211
362568
486197
478925
467024
527133
377812
354300
314864
748431
420100
529947
590111
606872
361353
465814
433628
412453
412729
376974
386070
370901
324058
323988
443320
362424
411360
315400
517277
388276
331019
459235
371636
311215
455975
489383
497628
263167
462968
306497
430696
371479
335961
471064
447265
319957
417408
269864
427477
391929
471171
413002
612724
405569
570016
498741
537705
419180
406931
513712
487449
377884
1386432
537063
364666
1003838
557646
353641
376652
1000287
669629
290807
385016
402683
435482
399672
514313
458417
432646
401782
298361
398537
417701
400053
357392
420640
422952
545493
474474
542286
492022
430434
548986
400338
522232
565674
296508
429576
376082
331594
494464
506320
486786
482524
493384
485312
527837
559810
479035
398035
436560
335565
567735
565342
336002
544245
570454
397660
522906
348587
487857
379199
471482
487619
437493
453338
443171
281053
437378
470225
535328
1003349
400241
487092
461105
700121
399710
440685
369593
438392
437701
609181
470210
447575
493472
472555
387122
468760
749524
459338
407352
420350
528898
551805
296330
367783
464999
281767
430797
597353
290664
476916
461749
407593
369342
282064
462019
422603
487828
386432
445797
330773
591474
441094
440108
480799
471038
295613
413657
337939
621722
348968
268228
465490
432633
415344
384607
450008
382515
376306
592926
678990
328303
399672
1394932
282915
524654
401043
469056
397370
470142
289015
366851
420044
477560
448418
624527
487837
502353
467605
485385
443217
400027
628059
326995
538751
457253
405240
564929
441402
366974
611222
322501
358678
407893
483461
504874
437149
620075
398768
349834
418970
427064
439466
420859
388867
650147
298760
505124
402532
441495
445602
471905
563535
384723
477747
1564992
355172
628918
387667
425823
342738
553333
357717
480071
574218
434605
446289
584245
643323
488627
325718
409332
657659
1507036
318637
470571
335307
599046
1614739
962838
426449
301061
451943
442637
338956
399555
426357
535815
527052
483161
484028
491849
446318
538025
347030
334260
492839
414814
585635
397879
607293
593754
426424
456016
412824
504524
1233185
296254
431821
390911
437293
386937
549904
660359
625692
470844
455521
407075
645375
488467
338522
374134
656228
439092
468322
282429
891341
411522
529948
429723
402509
363541
490868
403338
394802
1383273
303716
425216
534096
405889
369223
360095
466769
475355
450916
383980
545402
286413
318696
302766
456226
551700
273857
393398
320496
282690
729811
399617
438734
361134
363828
466936
483011
381551
510583
381514
252647
355750
389558
404895
918205
531825
404080
407509
282084
486472
431410
627775
358169
315640
333390
377446
358199
359147
491946
343628
782063
309242
357167
275015
380931
487642
292474
294328
412412
501675
291674
355585
317049
451696
365637
329893
304033
382297
294916
247746
469018
605404
381389
352087
332362
711666
290607
397232
502689
383427
444067
400591
603801
469549
334966
353305
403703
384804
497241
303841
472130
605051
361607
375552
323434
328847
346590
424642
472084
753609
338269
402720
381597
448761
430255
415006
386658
367232
460581
312462
372943
411160
299111
374001
387392
1690915
270652
467029
295929
252480
349993
414218
423796
484724
349901
478071
330801
658635
352806
350137
343591
404599
369905
412017
387894
441827
506025
536343
420194
420640
411915
468566
454257
408919
460192
441180
520841
949141
434543
429484
340050
424136
526851
320757
395506
601935
422502
409718
487125
540584
809911
467119
498930
488763
507336
313969
360300
487156
478296
335620
438590
603936
344383
667763
452293
1080092
693317
424493
602103
461118
416389
446800
630174
539471
468854
621023
703240
547365
479616
477007
415645
362444
497427
642409
641094
478521
502369
576602
761372
595309
502142
535816
1343061
529926
339184
415616
459944
617157
454582
571366
496068
744334
584442
456106
768289
460114
1549078
491798
508734
982536
488542
529664
339017
458689
777882
794883
380583
564544
399228
639082
764473
656289
521358
501269
669526
488651
796651
452416
485572
554672
371829
481043
512670
488588
367288
769675
365255
463539
2067276
456228
403139
486502
379019
331042
448584
428814
506820
585362
498480
512258
309574
355391
311711
536598
570584
404100
461742
541886
409403
410046
448245
488307
419844
572992
407553
483604
403162
432876
384728
627595
366105
602905
445108
351287
345946
426445
380729
624488
505390
364281
420095
411192
388688
437774
407991
474682
648129
560113
319227
478558
416335
387790
394672
420524
529929
376913
488561
513427
432683
415870
1620659
824786
457912
408265
391912
673102
418310
446940
447556
481290
474259
405833
597974
515660
590771
431979
444961
339919
428648
428651
378214
403872
1016040
741007
372246
506853
522930
546211
395772
406469
434963
362191
401790
325976
626574
378553
569406
717100
590759
498699
390012
562181
685620
766160
379365
562465
471998
955437
335530
470263
1227938
853556
517357
523333
483853
513829
424571
384965
464898
570753
410659
662784
461640
581544
537471
400517
820514
333860
506872
512726
428162
413898
503876
1361397
297899
385187
400839
448077
459037
330821
271950
1701880
449900
488602
478780
356752
552612
616173
1015426
2863179
536854
361432
571674
936559
307562
670365
512464
532176
540211
429164
589457
880726
449592
582196
428785
402692
628595
543773
463200
802996
507364
313583
512449
409587
455950
898248
393732
395347
521198
643963
466266
422681
527997
763636
524088
459119
371913
576211
486831
479796
376281
360344
452492
475070
329791
397299
395022
479523
370534
590830
377557
429316
306206
588162
451820
398579
477580
263372
348302
1142638
344851
553015
456859
649535
416141
381116
598594
372653
589790
302941
528137
742539
395325
382018
362235
380648
419705
501737
515485
362595
432057
397331
379107
735821
448781
343000
716833
490541
598363
419881
474956
481522
257513
880277
579145
910600
354736
577302
411007
398598
447366
346574
317605
641918
302077
438782
495236
376935
732384
407387
435936
1117268
500334
413862
492044
1575430
549015
397755
283786
393282
374984
1435666
589679
419282
478590
360624
1271406
408499
500900
565920
328035
525331
636620
668464
513272
464372
472702
526898
379174
351617
520462
462787
831745
411498
544302
434558
418169
376277
537723
408117
525391
368347
621911
484052
376721
364030
487636
549441
523642
577750
480011
1004339
399989
461574
522105
406031
364634
486746
715282
317026
410668
636174
353906
303906
498545
473086
446914
377817
338416
521706
422096
332396
380598
413343
365205
619228
447620
341274
406046
523796
454285
357953
425203
466399
562748
347633
329197
501150
466681
451824
608504
417942
622946
293134
533814
469533
474436
390741
388500
385033
514513
349704
674694
384850
415018
540120
250390
376700
748508
754395
338443
359858
403073
524513
719106
447379
476113
545254
1208205
378674
296762
538078
558037
342687
267245
303655
401230
262688
456874
1439696
475298
390099
568444
522959
296742
469255
448913
389925
389268
465018
439354
442706
630610
501863
632513
520390
417270
370959
457776
875988
659531
359639
556678
448995
340562
825099
617415
558079
403707
398098
331656
436209
659882
1349493
491623
376329
390369
392902
793407
409016
436418
427860
378980
700938
459320
426616
1659891
532517
445308
446342
525415
487119
439801
639066
445906
603907
343673
388317
379318
336916
380835
425329
682996
301070
248535
736578
582512
330706
628660
644785
443443
432828
947834
355676
306972
511893
755868
399754
460039
431336
526795
986082
499693
491183
333191
471773
333222
546766
576895
351147
466784
411931
678927
459482
840755
493476
604981
431008
755941
574681
608484
345178
403731
474097
396329
616545
390549
625371
301270
442976
524325
560357
407674
526386
417875
1581311
454123
376942
414983
802715
432662
295015
416882
414855
500199
591507
442732
383723
316917
366788
395179
311176
387488
552467
404184
536858
425022
320117
332728
441365
361060
314631
317617
359019
410505
350374
281979
571009
389106
359846
392167
295833
382873
398140
902839
383064
328302
454814
411753
448578
362470
546357
627787
403791
484812
464321
424507
593318
365287
436364
523206
457534
372552
594418
348846
746386
444017
421570
465754
352530
630457
390019
535504
401854
898835
467472
513636
853028
572466
728424
855177
445784
427715
634025
359014
503324
666516
466401
681886
489842
761247
482583
361028
610797
480831
648053
470746
639728
473661
686674
401659
449094
577688
930895
584353
483576
770321
461169
451003
414096
406779
766106
554025
544273
760984
9224824
372558
384466
425705
463508
605980
506900
781831
705816
704731
665786
504825
470910
480481
535911
565020
692884
427035
450471
666150
638771
831524
452240
586242
641293
558264
850789
340493
445248
438070
413519
482331
397419
283945
729242
766476
578651
369153
899854
488048
409640
801277
545924
489064
361726
625449
493095
444334
559641
432459
502387
379803
490738
2374933
441064
414911
541688
402337
501420
417692
593726
491132
438158
458172
970733
320264
611979
500700
400271
1470244
537398
445194
1463499
736369
715386
335034
441416
2075194
666351
441050
513375
438348
455887
454066
439047
453541
787880
524323
469873
850182
366162
442993
494442
695749
736003
640691
536331
686074
459548
411800
440471
596506
405614
474009
410239
805047
478335
1351325
474610
630268
751343
594266
616206
407156
536692
445027
579424
423209
524330
417868
401607
510534
529066
570757
439176
293192
687784
361894
427629
513472
509612
385881
1444564
630436
624423
432021
474813
485391
266722
376607
1231931
559524
499207
335395
473204
450162
429796
485331
461475
663193
452784
432902
452290
444973
520649
565452
718069
331381
465552
626275
580545
538401
354954
560831
431219
670594
477396
480897
515809
329585
328432
386401
611022
542701
2515015
583660
638550
416349
708824
1162995
417370
463655
403398
1047271
424850
506712
543926
401287
490659
382662
731410
531444
503832
549474
465931
344371
452534
431345
719675
516570
477052
567775
367681
643956
540490
305369
361113
577434
304176
427309
466810
399306
385802
351117
539891
612387
493282
498406
645059
336797
693656
435389
967620
536832
394121
790510
454213
568359
334843
479265
642200
539930
465638
520590
568937
617928
410767
540927
560974
299402
1228235
533813
499483
450154
439552
505475
546076
453666
4283635
663351
495682
667244
366167
488742
464175
544767
582546
374660
1152286
468019
974724
464268
397786
406085
707091
575989
512049
619798
458817
641092
863071
632708
622531
467169
443577
441304
510905
521718
551371
837267
513003
525673
623592
510551
413649
412896
454908
468781
809754
488982
754646
412657
489144
362136
531182
668949
684788
445335
486857
503841
458063
619148
436219
363418
546531
438171
327353
348893
586105
486449
398372
572490
414912
524601
582629
563745
488339
621314
476729
615725
542999
494332
470741
541519
525358
466285
616207
597711
521607
664835
442104
380796
704020
414659
413137
454743
506522
484258
593604
498884
759755
497331
446780
860272
449989
1048519
527307
497631
445673
618446
514226
740306
506634
756255
394528
689215
370266
486365
511328
468868
884736
562488
476532
421543
561116
433104
522329
946307
681734
369753
452293
771387
500546
491207
416548
427832
588339
1329945
1518522
454359
450121
461127
505820
338765
524710
441657
554552
608297
876024
426275
497932
547411
929343
504942
826990
441447
874312
673065
336244
469360
475228
475362
544651
422461
503653
753618
494199
861917
441935
495884
579794
521004
484315
555360
1079448
639668
413305
739028
444083
1275859
416308
798632
437800
1313467
534588
402578
467064
389286
552774
441125
886779
569845
709148
344493
495368
383822
4611247
410388
791680
390894
404960
485877
570615
555272
607288
597189
427808
392869
415585
501994
369454
632785
602995
614250
602136
476729
601844
502953
601575
668307
545409
538469
785547
531178
534578
691152
446489
525858
496544
414515
632393
333466
474524
305049
998394
615483
462430
434416
882949
517252
456801
458109
654707
390049
453311
823814
547609
443794
569413
627787
455681
437413
680964
490109
454366
675961
711074
296795
387006
441884
477962
537542
451267
740965
600757
1264715
681080
921808
439876
442292
562822
515452
451595
571330
467225
710695
568691
453712
694419
537663
565998
659219
487157
526226
538498
451134
447757
798266
564915
456648
449461
375480
1226930
718279
594490
442213
860683
775407
545472
503295
456037
395517
718436
737772
353869
428180
312198
774833
437263
480999
331676
583552
333268
652317
400476
507903
414833
407464
551674
639294
718645
473649
685082
477588
423221
471104
3399832
499128
579226
600400
425842
494219
522585
441934
404173
404100
570292
399453
521495
716812
443603
3646741
558705
506326
802239
491752
560650
435425
1288942
692703
594502
436340
484269
672120
558252
732939
418538
1350374
617012
458621
560840
573182
539331
467218
338838
654445
1157818
379064
396554
456826
433487
527189
416266
749713
773557
745685
435855
494598
402291
477654
1145817
624024
494868
402199
345778
2262092
549184
536143
796685
645124
496171
1730442
619862
362016
408213
466640
399025
459913
555384
519695
698504
447974
515471
581855
504784
601545
408339
1405953
2346229
465127
411015
489904
426833
443696
430150
422757
614797
411556
705780
466307
428074
531871
478711
622432
584763
469217
462604
499665
921029
628879
553334
399436
463183
943450
408100
445032
419248
294056
689958
530440
328781
345686
552390
621663
427186
331915
596661
914405
484095
595371
818254
444417
1117119
561066
435104
452463
468341
591243
469677
465506
545592
419265
463787
470599
438107
511389
466219
526363
449723
588223
1207490
628863
509225
458362
520590
361794
720077
638572
550402
731856
483502
2746236
472437
760686
493446
425218
442083
460384
482085
329259
445305
812889
626398
483553
357606
905726
513726
554313
443581
414582
811235
454368
444202
956132
472811
559009
425470
420222
795742
554307
1579971
461867
641842
424177
510774
309422
559955
666927
459466
545811
327809
441022
463799
818911
472826
511213
419103
785505
469774
419793
437666
558851
866342
658901
4753228
300631
508061
547657
396372
988196
510664
514040
608297
602526
440159
447706
533725
444811
570888
614468
469710
441171
445729
556517
522752
499509
579486
428733
499814
332065
430194
786809
337160
791307
528261
557731
838599
568446
537733
288979
349647
387591
401277
527330
651804
463641
508045
726420
508451
460220
428973
403444
456292
649197
643742
567328
496918
485302
431950
478963
539002
414885
473815
812462
470921
414351
477046
509814
481264
405275
475875
455100
448994
341774
1554240
514482
447487
654466
576962
495115
462264
410939
511471
453793
425836
437209
584323
425307
428773
552853
639440
567352
612100
586666
592581
459132
1061479
673721
398585
534329
807448
305856
405345
1131280
452954
459537
341782
419634
456877
775207
509553
631474
435134
525253
429626
534369
589288
450886
441783
392790
367158
413320
504075
454735
342314
856164
461711
462265
468513
533753
689272
436072
725886
612479
2794834
1613942
427438
549098
329712
574554
3133573
400873
2112866
1347597
550578
651832
285633
386315
691638
463578
576725
591745
366368
538018
849922
478060
721178
965475
687672
519093
332039
1064167
366018
684078
324155
335692
730204
598084
532714
1037558
448264
358892
474164
406698
381652
345470
479028
445976
395273
469508
493392
505051
410476
474488
1217949
357432
463623
523500
1516712
455355
396216
443423
447321
596203
281672
434830
525233
443148
1015301
337377
321180
421117
403510
363034
496352
713022
438848
2076888
2727903
497922
558406
811337
447943
493569
461190
490159
280773
425660
431447
458018
787225
362928
447873
640543
524764
492953
415565
477698
469821
381649
369943
398688
568987
420469
424963
419785
350847
494866
270064
392015
746711
471643
478368
408416
1133368
621225
356487
602511
350755
378321
375993
495231
587915
416973
2324964
413640
484480
670103
574799
405288
767800
563206
373495
464237
333380
760135
578158
449468
650061
769111
415844
413896
523172
450906
258718
425240
308691
418370
493157
334429
2628289
560686
361041
372181
399513
341787
382010
433171
265453
400412
435043
403949
458559
454016
280190
474750
288974
425255
355010
324612
487425
383551
424600
294193
484707
389020
397780
424815
381937
437905
227401
469865
539732
261445
492516
443834
434754
435080
1094207
456564
343149
309983
765491
386608
421646
407839
372935
251448
953785
429980
384949
379631
420431
290124
4544258
339111
395745
394521
862109
300660
337437
520405
447910
405413
265727
322445
277740
372183
386361
378754
5099389
347644
474830
295225
391702
521543
563307
392498
402718
311940
289491
362913
262295
568576
373504
263797
334571
496913
260612
405524
309483
452617
546436
252367
382641
423198
388570
421449
288188
384146
600644
516841
1136476
524348
399813
639769
411919
435039
996162
533787
357582
435732
476979
404269
443821
441493
454315
681296
667587
362316
393850
427838
561538
390289
894516
498680
451908
671619
409805
440449
613776
384779
485018
368688
358665
445346
594572
368578
524163
703109
570086
465694
381299
507462
550943
392157
381128
390213
523522
457604
399084
539682
502653
264654
627107
568359
369443
346816
404046
427447
374720
419320
347366
302995
260753
408748
449013
558941
392241
419690
421895
444577
515230
451002
1007165
360634
270081
437325
799131
554295
354068
485388
248427
481495
349751
286523
458941
439219
359558
346606
413316
493852
428714
409291
388156
581300
433047
432513
380381
400052
374588
360900
321479
368267
395427
454515
420236
346611
327263
461324
600297
537417
383094
273916
1274139
379627
486444
283205
459718
454551
469203
836896
411060
490584
451542
277363
493242
373299
488479
1009370
427589
660729
320421
317835
433957
280457
578746
523088
414844
472200
289277
455902
375522
363870
519864
706197
351227
469005
386992
398375
396885
440471
418413
287503
284312
249557
572047
507945
453041
480175
542037
311937
469319
410513
541715
453137
527961
920695
400863
429055
585311
566480
252378
492201
351140
555036
508501
462452
398903
594496
257550
382007
435005
316764
410488
397890
485635
404753
421454
336150
489531
392315
457730
599950
581252
281963
329284
247742
893156
339258
615604
905160
393962
441982
395144
246027
570628
306513
405712
387808
430887
424718
439652
310415
314390
281202
357968
431655
348399
440767
360731
340922
423081
342650
976578
434574
419191
502633
377620
422131
520914
386996
405063
462412
301716
276756
381049
882685
1180136
419335
335852
397983
567587
261115
371199
592537
508057
383452
499377
480808
530671
513473
403783
515075
535097
276384
435244
352675
564897
287656
525487
506163
446696
511781
390764
740606
523212
458777
328036
408558
284574
481722
255269
395777
440596
631291
343559
416232
338027
337010
289454
771592
393360
440379
416963
662329
339061
372769
369781
251603
413532
485421
455873
491958
483087
579776
424586
430913
442523
313629
448049
401827
481344
454713
818823
422238
462525
255327
361477
476491
304873
404485
355305
346698
326745
346851
443004
336016
754558
407393
434470
566228
511443
552419
567667
322146
301731
421233
306564
415182
469363
448386
542359
395671
473540
369790
433456
718117
625311
371187
594079
378609
373182
491162
293424
387286
592324
295001
328232
285648
439963
404420
368581
383317
372733
389769
411179
372286
494526
463748
345864
402677
438983
397886
367827
429108
547365
365879
341078
416427
439055
320908
273577
598989
435536
590888
458268
458437
385754
496011
376070
232626
320988
432582
414103
266549
449031
465193
383714
318466
620903
268215
647045
459634
399775
440059
317564
536311
475321
498904
1522621
511199
430907
410699
248162
545410
424073
332778
824341
260017
425546
370608
526059
565162
744706
548970
426912
472626
265597
304087
520935
277603
3285764
317775
635962
812740
381768
396655
339130
368245
391304
377707
750571
467956
454443
385693
693602
628381
486710
496132
369706
447744
512007
354335
481769
368502
276825
582173
373426
353752
369811
415945
461551
426131
470709
377402
460123
447643
400398
286857
265455
395917
472229
424514
368690
566696
360312
486225
3070563
399396
516276
393762
392566
421721
449538
420499
378219
405273
311403
476526
432656
515939
1125871
274298
502818
443720
375495
448718
496836
337414
295094
467438
302853
438666
1459550
575374
422602
638239
378310
490484
409338
450609
405756
459562
479409
332306
389806
319674
436061
1356600
397512
394205
583710
496793
480987
516387
436592
459357
438645
411539
387239
478282
475308
506233
361783
443619
597330
374414
360725
327255
400926
523707
467770
437674
509404
455935
376551
516453
477389
614235
277973
363569
414064
582801
257629
355229
448881
761726
309192
472742
467750
507438
354101
742563
329830
492873
329284
511327
478299
494853
361594
396732
469102
438885
412899
356758
413841
452692
468254
712121
362292
580483
528198
909240
448235
281021
333547
503145
528305
455200
361446
583396
427832
490538
364421
481113
370597
627835
389411
444682
688102
363879
444508
993693
453525
392069
350819
417480
597770
490829
536053
310178
548918
373249
385791
519307
402974
376044
438402
430786
490730
468318
365656
317012
400557
370023
427197
394061
283171
377136
644073
519818
848414
607317
314573
413618
339423
526840
393906
689994
435018
419222
449431
428439
306737
434337
396392
364869
409190
464921
621247
407022
444044
478946
287978
666983
521877
490437
496911
406529
416598
3557847
799497
505979
465008
686817
508633
531100
415775
556844
480173
445280
450960
537071
414043
403128
502388
395625
457464
790878
390622
317923
601619
402860
464683
484396
787470
475611
483647
483655
432839
745199
353242
469366
403941
439824
495785
502336
638603
444174
464062
407736
486457
756927
415903
513501
475033
461755
783082
295331
606937
379652
429452
312175
414965
773288
419057
513197
280981
545434
504627
503515
467324
531354
371666
769782
486469
617342
558104
379212
721912
376522
678676
657831
449705
637546
486774
758970
388510
722739
1063831
410897
390151
578619
484157
365313
418037
428311
320839
544655
398957
588055
323221
620752
413040
402599
527461
411089
389947
562020
450288
520022
364816
374779
327998
419560
615508
460444
609814
430311
425739
422790
1825966
405850
415253
1897384
431215
362244
332756
397954
593868
304893
523194
489843
430378
542539
1358263
501921
378489
468670
437533
440161
556506
546639
429260
1169829
413555
407560
463623
407706
495408
725537
504759
647473
518495
430981
476753
337512
1386846
674626
441399
534364
419963
418218
592354
488080
318543
513681
1088815
379456
455545
452018
433694
564535
269400
424314
632946
442339
394508
406338
328515
503428
434849
514858
287845
397982
431599
434687
368741
375376
419223
320586
436990
348876
267561
342574
394457
422021
565283
507560
396534
432684
447250
392635
260847
435057
259298
260616
331304
385343
436084
334131
380053
437918
358585
370299
438305
470922
1032599
312861
406351
602691
396826
424747
406791
614200
676511
382074
2229252
494743
435000
526578
462564
607580
356303
622017
483952
386473
630977
537040
425844
558053
392621
381031
545110
353095
505320
454257
509792
564144
696864
496297
527363
437974
526542
450880
388778
508422
848641
489887
408990
489494
773018
776320
316906
559469
432337
425699
504712
595299
408563
723459
619537
281754
509117
521902
564882
456763
572787
510822
278293
508778
381056
441020
578181
488055
411917
453501
896505
514364
387606
546397
689324
843755
580225
654645
480141
500734
441483
457128
440114
485024
520314
609308
399795
491096
455900
387031
416974
300425
486294
478187
449561
551405
264481
646034
557430
499168
437773
401352
502612
429110
412025
534324
539367
533730
447783
423770
389898
502756
518061
420841
275063
396827
461988
385495
507250
546274
413396
585618
821375
437695
581999
482711
727859
312912
420419
425477
413514
502957
530597
327351
340497
525697
281383
540766
381856
520871
554158
298101
378109
464700
329572
398785
397852
441494
475692
567479
616385
618610
451464
572251
432570
605038
410286
547302
317607
465357
514860
362480
435324
544537
423765
633169
391077
455122
659533
682677
578494
634411
580838
3495082
627704
417024
551748
522477
391895
427614
683323
525562
449248
530085
463849
517843
357373
535129
1496096
498687
480403
546839
468476
420025
417781
589861
435007
440480
439035
385809
439195
493981
527354
578550
453604
535402
383366
439527
482363
674058
408379
455119
526355
427987
507611
515100
438058
483634
467270
817393
375558
387591
363095
537584
376766
547577
440622
802768
401031
414066
526100
438229
470930
633242
370294
405095
304198
528708
412197
415045
444092
339206
390791
619321
427370
474781
499269
592383
520577
592573
519554
631364
539854
401683
1406726
722836
363892
505844
419021
509465
7606424
746324
513179
450014
546532
408270
376535
510910
603784
425099
696233
514919
412866
459643
375678
551622
432731
362574
472040
788762
457290
498279
578853
582319
540783
444756
460094
414384
357131
402090
516186
484928
475047
589211
485386
511944
470759
397000
477204
429229
766705
380554
459789
589082
590919
672702
409421
290429
767019
534931
347355
2629576
358683
523028
517005
468226
376398
509465
762735
733134
553140
341619
404101
458647
406152
388189
441150
426126
435186
381641
409018
555112
387809
453305
384132
445806
355041
320400
430403
437037
559807
409246
366529
409680
364388
396913
398725
387012
635291
454830
485302
536389
472384
560364
431769
431581
379277
301927
249081
574268
408645
361147
365836
491370
425655
649123
369502
416148
505022
450474
538796
427171
342229
613658
607939
391069
455549
446342
447391
305050
410078
420114
459304
829962
511469
468235
363655
502624
487798
451512
416836
424685
471135
397396
513270
643311
454457
452935
370668
442156
384312
431170
353141
462209
359995
300141
513536
530756
698986
312284
410931
349237
467085
697695
495695
581328
443264
255481
455743
421539
262401
449588
451364
403537
847411
386841
393319
367443
449887
411119
420445
551828
385800
607078
433079
983593
379983
420796
652218
596314
419679
444391
375499
536080
452325
394844
5744645
568508
464163
394539
452621
364258
587797
416327
425971
366610
415961
355642
6023132
350566
404878
500349
439596
593982
440962
373229
278591
406496
610631
339842
400191
605915
408406
373087
409695
551217
425459
412982
458836
439764
477924
488034
357843
849515
302855
608408
435764
366903
420255
532599
9192427
400115
433136
499452
1403122
338929
344569
346454
414262
427850
432818
319841
443473
406666
287438
520285
472774
346949
352808
391557
4321341
1596013
1641422
444065
486072
267168
577231
536857
404150
904715
440014
393964
595354
377905
538313
511794
390787
521873
416710
760026
478341
415486
348513
569244
427185
334309
353829
370625
7319968
445763
1244799
398114
406705
453442
340387
515986
423218
401595
658746
459229
841501
461731
499672
433010
481176
434801
513233
601929
498626
589261
678054
334546
2837781
554650
405121
594984
548453
516429
895028
444780
512110
825837
533677
378664
415805
423539
420622
796589
464158
374610
428978
502820
422509
628255
444366
267950
648379
560102
399149
448910
438416
438975
463124
393213
621339
407253
1308256
579691
663030
3888399
848250
556923
617986
311087
565417
633912
395150
484435
487094
780633
603266
414728
499515
521337
5787734
901544
365829
556408
258137
555269
447413
435650
593678
2529532
352069
458699
517024
434780
388107
446352
367641
491198
414418
422267
451891
387495
435220
378871
363913
460104
447253
497475
381698
308161
473057
793671
285342
429196
330390
605107
372607
442418
508187
5010174
390588
2236252
354675
311179
364500
420806
359466
358748
513769
438666
537466
485631
417561
540034
497036
507843
432303
662645
471202
348573
580445
489411
335556
354469
434455
361704
425140
481058
733907
561985
453324
278204
441655
440375
443614
459071
469333
475206
575798
348451
499178
478179
451579
437995
389319
363140
1633084
354522
358978
455852
444622
443001
395266
447352
358504
397779
400857
368166
339222
459238
274002
546161
374815
390104
334919
662608
327385
370709
384832
366140
362861
278166
378674
755064
466970
454119
927867
472677
424718
366959
349613
271017
315936
391400
360867
660896
421971
362288
410850
423299
396609
349538
743250
689271
245129
375252
521195
359999
1770874
403660
300719
592284
518621
345936
358694
388186
407241
450596
394999
442092
249793
379056
359308
344981
364917
362702
387562
430132
449133
417128
368092
368781
362596
396766
376379
381710
392447
1861481
351517
383959
326203
302075
581156
503975
364898
459632
393573
255915
314928
450500
366525
550508
258355
299612
393427
256867
355736
483090
399456
476690
471995
405296
351598
527593
323973
416701
623117
506740
372479
414844
365313
347192
291736
243979
377416
444581
351562
384746
439800
360434
388783
397320
381082
310996
330612
494504
395142
507177
316466
481453
404395
586085
379769
559864
494720
390488
391645
358258
362352
352922
369068
316861
304893
520403
554593
298778
425220
462934
353103
442536
419165
468762
513213
247991
420736
416756
3900360
392817
381628
431772
422835
404169
478659
256156
449976
343309
926962
394269
288972
360317
498240
343090
438446
436586
299100
392376
533164
434126
456361
410066
435182
281863
346020
409784
366824
443941
385138
641665
444171
254246
404482
498166
382797
420953
396826
308240
1559961
297741
474100
431125
366309
472326
423348
516720
429382
391503
386067
745801
412516
375332
469178
339324
426974
352008
376530
488828
464963
488147
478152
445617
410587
380258
487365
383035
294513
445713
570706
379264
498350
341367
432759
453685
405287
403412
414855
341693
339199
512672
370606
276784
404818
376914
393047
684775
386625
445799
489652
397214
441003
579738
447695
355855
500838
404901
464549
416503
364611
391577
476906
462900
478864
399240
394750
452784
363574
416248
514107
447913
549252
326851
294406
459730
236206
507517
354210
364119
371772
470796
317971
465829
296731
550680
388666
442350
370820
355364
301294
250217
368936
394139
387419
418174
297634
566312
393640
355433
362099
310061
413738
373884
334115
575207
377631
392171
365031
324274
420898
483612
437369
375984
266778
308902
425578
392220
379919
396410
3274858
407132
421216
374283
356711
320532
388248
374616
288410
289144
291345
340079
316671
316207
410344
272168
380502
517995
420522
396828
533544
281059
537231
391663
415122
415012
334802
664202
294923
378474
297375
362540
333744
764874
363209
352809
409944
444010
452889
437467
294214
393846
413709
426078
902566
310037
487077
339138
377918
483744
559632
330670
353566
452609
440183
248400
286013
394433
342937
458599
432845
246081
392136
519471
268995
419018
287540
350873
2065060
701776
371004
428821
456008
431665
343649
414620
229816
407866
742449
555259
569485
383828
442747
625697
364199
306889
411537
350829
386616
389266
363648
547588
408724
414095
462799
459872
370757
384173
228133
506440
292580
668591
275664
709718
382183
353983
368411
524678
291894
397792
352986
369856
414636
467634
356197
494526
361884
435604
357225
605159
321517
487515
379716
462714
443883
456800
244711
458615
427487
592433
517891
317825
769051
408433
409039
507330
287026
401052
488768
474400
404383
819697
416006
399025
605815
396090
362467
322249
271897
373041
349548
421994
377218
455316
423205
373332
286057
390636
289358
583909
454202
526196
522355
982360
393414
572706
353741
386332
331501
272575
342343
425090
391851
244318
406021
494147
492742
1699124
460296
407154
372960
356380
375751
394234
453943
377793
393721
276368
388327
348335
709025
1615938
1714983
448576
363974
389572
315271
243234
469177
368221
317613
363112
347589
324836
454936
545628
467618
384587
262901
518206
253283
242143
350163
278018
381859
449885
385595
309752
342877
463530
332200
272515
322371
562460
403758
332501
304249
267211
403546
463039
568730
335250
412778
371912
470374
750923
260467
345198
396282
533229
446425
533276
364004
518415
425024
525053
577104
256341
250032
415098
503698
278361
331411
369807
487189
360304
282661
317829
386067
360109
280286
417592
380441
522564
454028
359924
264033
801238
417253
458826
457323
598988
470592
1198932
417164
440867
397902
554670
428254
463168
300126
405197
719266
300811
374807
425619
335216
307218
416706
374756
449131
458819
376332
522016
314194
279076
351395
391677
422317
413532
295756
526996
378927
419403
481813
380185
256582
353771
291005
297210
362803
370379
350870
387744
324889
366038
347496
386130
265351
278889
395748
320013
321639
509709
334992
238463
286170
236438
503785
425894
683232
315570
280623
334145
377779
346974
263175
379332
241801
253172
365349
359033
275054
507949
252366
379249
361792
289887
325181
533098
397975
428774
413356
414766
357544
449840
431399
254722
301588
296288
363619
772886
365970
263300
356892
263543
338394
343383
261514
299699
374189
358487
330527
381012
330191
287791
233839
290364
321141
373721
444607
248070
292531
389788
233951
361571
358825
357261
345577
591716
360062
294343
293456
270235
449489
343599
234929
252957
315955
376859
236557
427763
277680
342580
290785
270704
330550
246021
246110
472689
431045
266566
333550
257563
465315
