5495730
12775599
7421876
12858270
9688887
18619441
41962649
10670690
14144914
10179626
5393823
7999157
5829044
6000593
7006582
25640465
5187221
18707076
16829783
5544069
11279248
16593467
8965252
5222429
33066750
16536106
5481362
9183976
6233334
6304174
4993570
11221255
6094016
7449068
4392347
16042048
6692816
19888378
5945486
6970935
7242603
11413155
10552636
5560340
6661972
5604000
12369145
5163247
37044984
17537809
6760334
6703867
6532249
34111257
5629000
8496961
5778527
8123105
6474269
11886421
6982980
23034285
13349496
17986350
13730156
5535478
5457384
6614394
8961516
11639141
5278423
7769649
5539348
6161124
6802133
14523079
11285791
12569594
6828578
11742521
6079955
6483331
7428856
6000983
5222558
9078241
10024090
5629803
6499434
12495107
6111591
7398351
28620926
5694963
10131940
5556308
9565470
11336709
5964891
11496569
9479818
10516231
12533388
9062431
5313705
7958124
7078814
6231553
5351565
13357644
9133255
9019181
9026164
6011408
6440432
9457076
7695766
5338965
10125556
6893574
7519851
12116826
7343401
6646502
8300317
14388792
17441560
7353212
15015345
6093416
18725632
7387321
18736247
16693057
17957619
8248083
6924313
9781710
4758298
6382498
4339771
8117565
17000446
7054077
9902431
12482658
5990218
18952920
7801002
9177518
6580276
11258726
6160539
17956727
5665679
6927250
5380240
8288104
11741150
12316229
8045974
6060556
12146055
29945571
8959233
9359380
6417547
9763279
16895705
9400784
4897356
5583680
7043808
5357626
8097259
4297968
6955291
5171069
7992437
4097904
9829107
10211022
6298234
6976623
5129970
5353872
5450651
7964349
11583535
5629357
8965258
6413726
22179831
5656635
5409924
6473029
5686410
12267584
5762509
13949069
10899727
6117448
7143995
4432711
18216812
4803643
7588266
4933487
15838478
14501607
15344538
10393868
6080902
5976332
10929501
9734380
11413767
6282622
11804541
9408552
8187530
9231624
6390874
9020950
5133636
13549267
5162387
8824015
9698988
6606381
8750192
6639654
5463179
6927556
5459675
9003186
9164988
11106620
4896997
5823421
5478084
5793897
13766957
5546695
6640538
10661820
5904065
7963863
4535187
11881729
5934002
6131952
7777905
5719917
4780691
9866963
7235611
5717176
5697993
10240625
6161372
9386135
13324797
5295287
6066857
13269386
5709195
5491104
9654274
7770948
16059986
10857280
6492710
4962847
5103337
5476709
6239626
5296566
10854881
14149822
6402962
6866884
15371224
15552192
7948845
12628529
5279862
5156977
5584029
14294036
7455941
17191507
6758270
4779685
11294702
9177444
9906619
27118174
6548103
6746832
9876649
14854098
8272333
4654337
5629742
8383651
5377439
7280121
35417548
6889181
6855785
12512292
8800912
5771395
9394572
6328975
5232395
8559629
8171287
5094163
5719272
4520025
6566627
5258297
25116567
7441424
12693607
22229466
7071067
5432484
7348029
5284677
7717675
4809633
7131830
8707784
7231932
8655267
7421072
5836210
6325406
6210332
6843733
7636226
8271976
9872082
5593537
9140426
12927970
5389872
6111781
10223544
43971065
9660723
5544166
20725576
12124506
5030758
6539013
5587909
7793663
14382693
6729302
5926803
6598486
5060898
5774739
7080193
5945179
7362498
9666932
10321531
8492490
13546102
6023732
7513277
47629231
6733183
9245809
5805770
9900874
9685079
6733157
4694845
13818251
8345809
6377290
6204271
6419454
26059715
7287748
10823107
5426143
6656040
6075220
6885667
8471090
20356906
6683454
7769000
13136164
5583423
5393936
7422514
7841273
6019994
9153763
26110025
5573711
14855024
6687781
7764441
28389078
5748692
14468981
11556828
13852664
5947664
6431141
8981625
5672843
4493531
5815009
5590289
10687829
6300965
8300375
6829162
5851348
6088807
13178964
7740008
8504099
5405177
14182607
6267337
6655499
11851226
7619176
7955328
17224451
4681902
8108694
12927187
9578299
4616431
6441564
14385400
7223785
19154253
6880184
14478344
10530556
6641163
9083362
23147949
20951224
12364447
15389215
5303144
5171310
11122381
7883792
14663614
6168544
9442630
10151796
10700800
6153982
5469786
12888678
6901065
5514011
5729474
16432394
30011368
6376244
28068590
11276241
7833627
6179923
10552176
6098162
5158320
7088461
6192752
6972398
4968813
8735296
6182034
9639687
6596307
7586995
9611410
6584035
6645559
6964818
4881431
14872223
6067669
5706918
6066804
10201371
4545270
7840591
8581341
6561778
5103305
5755447
7943287
5536903
4443659
5438539
13962746
10284097
9102420
8371543
13218096
4968358
7958854
17585804
4878345
6021804
6344342
8381462
7832197
8074833
9495296
5385569
4547674
11037268
9797818
18450681
12968332
6002745
4650701
4855252
7601591
4455691
7140456
8644628
10598120
6242400
15311237
5607332
6355408
8687282
7762045
6883045
8289154
6657556
4470670
9940323
5172664
5937536
5186236
5781600
8603073
14752724
5671909
4699212
7705428
4788601
6291867
5152136
7144623
5152591
5388763
5260717
4502544
5576745
5428946
5164155
5472882
4947387
5084414
4454113
4611972
5509738
4967969
4640721
6667897
6854639
5359971
3875991
4325771
5020556
9881015
6009052
8384334
4676929
4547899
5595994
5969095
4213859
4878727
5741818
7598239
5343828
3941135
4729059
4488724
9171182
8751496
5577051
4152403
6019894
14472108
5299689
4575103
6150658
21751638
7726467
5673749
5013602
6110079
4768836
7079865
7227251
8879789
4753098
6020303
8520707
5663143
5493435
9205852
5597832
5367697
5761983
4689364
5478985
6112866
9398960
10356436
6080443
5070422
10652009
10991340
5502855
10425304
5179633
5600675
14029475
6109938
10556067
4700375
6522649
7848336
4887094
5542444
7564810
10223121
5741156
7895700
4737412
4738871
7046359
7281380
5838285
9074104
4873514
21286093
9494448
9192938
5480502
5177672
9580999
5713906
6184592
8737389
6839387
4957744
4128971
5677776
5317514
5002025
6761944
6379188
5803839
4062041
4522360
5902692
9366996
4660252
4583043
8606217
6567956
5269318
6928712
12342385
4946933
6346259
7788083
10717749
14582035
6267305
5867590
6600853
9846890
10606003
6039556
5227499
7238896
7028581
5054632
7099174
3903744
6914358
5516848
8232988
9790627
5656360
6971297
7321572
4743896
6057995
6007812
5434328
13753456
4347923
5798921
4635497
4777215
6936440
5647113
8763469
3870629
5407707
5606247
6084460
6008234
5300013
5057895
5052665
6900879
4355337
23053976
7862381
4523546
6122519
9973919
8559449
5939530
4961437
5067311
8506120
9079700
7381669
12910929
6071598
4538719
4931842
4776273
5976193
4346671
4775992
4219815
5596690
4327779
4846656
4063954
5506187
5401897
4477369
4209007
5004646
4850586
4718669
5759542
6040810
5398235
11509417
7113820
6671998
5096746
4578223
5726635
5832636
5937430
6907001
5216612
6982732
4656881
5757912
4872048
5753469
5230225
4792890
6351901
5929250
4007376
5578715
4471046
8014702
6454675
5336689
4620268
6769617
5364443
3982708
6631159
10174214
9974007
4221626
4288615
4563465
5925352
5411004
5052380
6898210
4764297
4703863
6287518
4915997
4619771
4329767
5630223
3778743
8169662
4076362
3850411
6367264
6385713
5156023
5054631
7494937
5091963
10543212
11106786
5185659
4206775
5502349
7151981
6794223
4136260
6502346
8529186
4819467
5876208
4107414
4459849
4729244
5211405
5039985
4070843
7268677
5670127
5003183
8226934
6495442
8503789
8379561
10838273
5029069
3884375
9173148
9387783
4068861
5478707
9238103
4118432
7745365
6989889
7277694
5848924
9344688
5639714
6516572
5223214
4602534
4687187
5737775
5876404
3739385
4731373
4860886
5702869
6309047
5093528
9160845
4604186
13253298
4908636
7721217
5224012
4315657
6266862
8839161
5099801
4214051
5751321
6792989
4465981
5820523
5156213
5210730
4638441
7377377
5969588
5732229
4025486
4536757
8281732
8638806
5310314
5417075
7758627
8972925
4842693
5110224
4652622
5792432
4823563
4887356
4610425
4841639
5237153
4799366
5385898
7786755
4664119
6153817
5670958
7984418
7242386
5532924
7069984
4529914
5124994
6978459
4769493
4379049
5183274
6880497
9281477
4071206
4780505
4918541
5567555
6174645
7712539
6384240
5272357
4941036
5530377
11393453
4586950
5355134
8889713
7419405
5669323
5013852
8228978
4255336
4279439
5338408
5056550
5113866
4828732
5165698
4957647
7732792
7082380
8441176
6124220
4957397
5208871
9420611
4454769
7684844
6191883
4574525
6871849
3954221
5091275
9264203
4068531
6818006
6919036
5924854
5225158
6561434
5688840
6378475
5329225
19040589
5792966
4793980
4387705
7504415
5742787
5005123
4682198
5807271
4437815
8312057
4006993
5406926
4876209
4211915
9425802
5409052
6152879
6183901
4964680
4690965
6358075
5641166
4882451
7422120
3877319
6096194
7373930
7994804
5969252
5776814
5612529
7006209
9623817
6824992
7346244
5218161
4584941
11713913
6907496
7718635
5395050
6951598
8512686
4976468
6319752
4488210
4420791
5251776
5333809
6475321
4881135
5297599
6291067
5601174
5098806
8208183
4162982
6168924
5072569
6297537
4850333
5744828
7449367
4847390
4909629
4695996
4669761
5139123
11725337
5362168
4452971
6352720
7007341
5124173
5626871
5398143
6741896
5761192
8459203
5446828
6330959
28263999
6245537
6032027
9942158
5136046
5213959
10182661
11106156
11401398
6202791
4898410
4735725
4747356
6212711
7585202
5558203
5055442
5943373
5740140
5001909
6848063
6241432
6005313
7420721
4836151
5013823
5584969
11822889
6489094
7270629
11209631
8607106
6469439
6852725
5886121
3854042
6007930
8978802
4622716
7360344
4981212
4575666
6006690
4214051
5495258
5956336
11973030
6918597
5880126
5192985
5078690
4943323
5100147
9289847
6157189
4557697
8537711
7888065
5946066
5044252
4481643
6370011
4569263
7994411
6200183
5625846
6237692
7457776
6953564
5379539
4496048
4794968
4014701
4289680
8962339
7022862
5198755
5484634
5046570
5442532
11474584
4042711
4046551
4414650
6309731
4317465
6543204
4729325
10563456
4500050
11207038
5010913
5799879
4145316
5397786
6080286
5248863
5392625
16222821
4788566
5306175
4322984
4893425
5896164
5125535
5448290
15560876
8746126
10359102
5112874
6582261
6356701
6386828
9401343
3767400
8866305
6083994
4963969
11337246
7094297
4723054
6076435
4425234
5366756
6764303
4423762
3838167
5164343
5639178
5502649
9930801
5523341
5642274
4233235
5385733
7544882
5198889
4539483
4878718
3803391
11659813
4539271
5719874
5695983
5646651
5622850
6557610
4673594
5320647
4817034
4598854
8571218
4365670
4093259
5213330
6647456
5205467
5465382
5394851
5216551
6019646
4215615
5368505
5142504
5140054
4124175
5195691
6232106
4526721
8870365
7781567
5007648
4034898
4600068
5328285
4938238
5930838
4014146
5633718
4819743
5945581
5768467
12170778
4702039
5284974
6408208
7082776
6267616
5768624
5561160
6017829
4888391
7994751
14672981
8264557
7027490
9300946
5553397
5501075
4400224
5367036
4764740
4940440
6863276
9341370
5586523
8624546
6804844
6296738
5659753
6257678
5472899
6412279
5911522
8429042
6789787
4060354
5482034
7417627
5811488
5551119
6889378
5183531
4436678
4908891
5778551
7349240
5404099
5955001
6882814
9949413
8469451
5895577
5275725
5418964
4907628
5104166
8662288
9533457
6098551
5960381
7976074
7076326
4196596
6875191
9380595
11498535
9160750
5122839
4678485
4853932
4381539
9222645
5303564
11695605
11202692
10670901
4764193
4435496
4786051
5549080
6402680
4976551
9649760
7151025
25140708
7350769
5246496
7244015
6089401
4689066
6558156
3905081
3950315
5053386
5641056
4134760
6507496
5459072
5830245
5389339
4724294
5651649
4917021
4504330
4522448
5681414
9550907
5976384
15299398
5250534
5957801
5902983
4006917
4196541
5249751
6611639
5645289
4154847
5593432
4631692
3617140
4661409
5226105
5224273
4179930
4081516
4601096
3611974
4595175
4564199
4485933
4609925
4066964
4052977
5409110
4218884
5524395
4541660
7080391
5458542
11084365
8009400
4127246
4758593
4472671
4908317
5255215
4080599
4080865
4082186
3863740
5368357
4322867
4575152
4672476
6555377
8129056
4118692
6941853
4489338
5300712
3907542
4997417
4442068
4265947
11123169
9033430
4246506
5967810
6126036
9156761
4974938
3979669
4058139
4602278
5953081
5112291
4369741
6867573
13064137
4706561
4125483
4505255
6209483
6993020
6360450
4205676
5505148
12749995
12656731
4032248
4348073
4123314
4475465
4537984
4763312
5116315
4531983
4752211
4704829
6092105
4184198
5364521
5389935
4616624
4182795
4568532
7594847
4337200
5626887
4316095
4961015
4753647
5007017
4562206
4207391
11023110
5379239
4114272
8186985
4219388
6313579
4556190
4603111
4082322
4557242
5667178
4529140
4153968
4072223
4211465
3778431
4901899
4515201
3611159
3830738
6251879
4514839
4495756
6365512
4661683
5005392
12881922
4845739
4661556
6403296
4567778
6678204
12859241
5426237
9152649
3853752
5050627
4587940
5058743
5056066
4037909
4380245
3861558
11290095
7017472
7250739
4927766
4387808
8396205
9491885
5288946
4223113
5447207
4697744
6795395
4748575
7969226
4349128
6361533
5327794
5715654
4357329
6942875
5519234
4456605
4940920
6519108
4689489
4344444
4401861
3975640
5272889
9571962
4858987
5936030
4826405
4753454
5669790
4610628
4830572
5384047
4734547
5598971
8975332
5196244
5589445
5389439
5222054
4469425
5499536
4455483
7012937
4799967
3871234
5267165
4123876
3905765
11655585
6321751
4905897
3898838
4409480
4546648
6047593
5027250
5859396
4812469
5069080
4188266
6660640
7306087
5667846
13167925
7241129
4932068
6664824
4975136
4624753
4927406
5864847
4479179
4907528
4923328
4299047
5482221
4755126
4446785
5564393
5514745
4907038
5582084
4599772
8414879
5974437
5044522
4956767
3841964
5168298
6999821
4913271
6223061
5069676
6564052
4792011
4583626
12618086
3872196
4235405
4407496
7326609
5854684
4863691
5425945
4834395
4415729
4375285
4339511
5417603
4853418
5440529
5934205
5301791
6071697
12988185
4708609
5756417
6678401
5521635
4444561
5121523
4090047
4837700
4648764
4800222
5395270
4057173
4213930
8979911
4608029
6413570
3875228
5214548
10533528
5569396
4397059
7055566
6349244
3939908
4964768
5922832
3630371
7166934
9226254
8858991
4948672
4484741
4404687
7481930
4447697
4737368
4066469
4057893
5592651
8515156
4485086
4146778
4342994
6467126
9839609
5333136
3796055
4629402
5794388
4508164
3762628
3857542
4175869
3374043
3504034
4898135
3825217
3924515
4092127
4248627
3969206
3400050
3569959
3744811
3825949
3965577
4005303
3895933
14237501
4326854
4053125
3618785
3842526
3881728
8999481
6156351
3758580
4794347
4818541
4393490
5620220
4255611
3697162
5441419
3710881
5190264
4229489
5804200
5552005
4974074
5214963
6040290
5526206
4751393
4478817
5279006
4131386
4231721
5541922
4855239
5362151
4837941
6610523
4586799
8685680
4875692
9550662
10754073
4897394
6649258
5580849
3933337
4827977
5896213
4752342
4137137
4555930
6466194
6568054
4595528
9777979
4097879
3645940
4826866
4855135
4262881
4319922
4371401
3581231
4650954
4692948
3425284
4589815
3950580
4801266
3924849
4942193
4176431
4379245
4027368
3572025
4115500
3824656
4016185
4545231
5213842
5476642
4569116
4351642
4163449
3264571
3478815
2899379
4305156
3387717
4955757
4321016
4166698
6650062
4467582
3761285
4498998
3833472
5283436
3158704
4154664
4300164
3935874
4594122
4637139
3965111
5243264
4330614
5486859
4423260
4296314
5357519
4377596
6008531
5351451
4012022
4910854
4489559
4317678
5278455
5317280
5556807
14901876
5661560
4786927
4648075
5453118
4621671
4899528
4345742
5364710
3676331
3974881
4684628
5525040
4109073
4688138
5093757
5598009
5851228
5251915
4586279
4398964
4059354
5167611
4149361
3942869
4133550
4642357
4871898
4766932
6580460
7352942
4902633
4411070
4145783
5321025
3474232
12195326
4811179
7244335
3436578
4037813
10753678
4548981
4833873
5654727
3462077
4419639
4083149
3235116
8213525
8824519
13138263
5687803
8097098
4736263
3822335
4085690
3646721
3805588
3464911
4385816
3925353
3501476
4511136
4213342
5680051
4396175
3274883
3871765
6301785
3746345
5262127
4170491
3869845
4973081
4311856
3284530
3744359
3621059
3384285
3892457
4433874
4311780
3634578
3865223
3830874
4988370
3388331
11073893
3816391
3665393
4214728
4553454
4401064
3151404
4950261
7309830
3941094
4659637
3941077
3755919
4122312
4401601
3796911
4176649
4329248
3399346
4016648
5417137
4303738
11303934
3945640
4717340
5376590
5981164
3755643
4843663
4372768
4627771
4147656
3827338
4439729
4276494
6041730
5571356
3858603
4876340
4300176
4138352
5052679
5031784
4734759
3926756
4397729
4058496
3301066
3068411
3965294
3363693
3199964
4967310
3322696
6770361
3674319
3406736
3547383
10960693
4363679
4194878
4241231
4457430
10904256
4659427
3835470
4436729
4442281
3888572
3621900
4910466
3574166
5066210
7816867
6364336
5085504
4542022
4637483
4696636
3856343
4729215
3540879
4929190
4292985
3699879
5010114
5028076
3779192
4553946
4871074
3500029
3363872
3869406
3471603
4674091
3890619
4893989
3476475
3549255
3850233
4140856
4170416
6706951
4197098
6861920
5014419
4255659
3821268
5128468
4681841
6484043
4633584
4543702
3817417
5016302
4458097
3498705
4604810
9753181
5372201
5339990
3848711
5379151
3868601
4777898
4545760
5487893
4081779
4771110
5677748
3549274
4140452
4761762
3758522
4539140
4002855
3734388
4971905
4681613
3573398
4027350
4255062
4955030
3447058
8850887
4577659
6644484
3811640
5257747
6943576
5710646
3390317
4958204
3938139
9704368
4004035
3178757
4410235
4512817
3155583
3561807
4260838
4276042
3765679
4065528
5699055
3560996
3975054
3405061
4597208
4488008
4201346
4732327
4092730
4271639
12974087
3750770
4802503
5764374
3891774
3642768
4327209
4227944
4062139
4075633
4403834
5732192
4041641
5037078
5367487
4254185
5800487
4928707
3849032
4521077
4676919
4374959
4407598
3817409
4152391
3746861
4642873
3444391
4093041
4854036
3944502
6092611
3302618
4172768
4386369
3778059
3686175
3476351
4175249
3530856
3550254
4206810
4550068
4936949
4435487
4207147
4569193
3918961
5826004
4139487
3267197
3879345
3453984
12423717
3571112
4586166
4079596
3573324
7431802
3929072
4261609
3902214
4322918
4168101
4173336
5225914
4749861
4037749
4111664
13777914
4796550
3942532
6560555
4517338
8410028
11955579
3967166
3541178
4407304
5132106
4343019
4033705
3854080
4599927
4421477
4332406
4681837
4318157
4058009
4358677
4390929
4467670
3627493
4252108
4541149
5230046
4231703
4138707
4713877
4192149
3858917
3526346
4023363
3767300
4478167
4638320
3902864
4737134
6191369
4436161
5422986
5343869
4567073
4455902
5028964
5253110
4248664
4381557
3920707
4117701
4533992
4014821
4226854
5123995
3457105
5540065
3922069
3931473
9127755
4138036
4181893
5121975
4531261
5388905
3736585
5464904
4261901
8965946
6242348
3833847
5295802
5228315
5495866
4671958
5193737
4742307
4093461
5255734
3348726
5859724
3429861
5439930
4934637
5176902
4310405
6380798
3784409
4088305
5098907
6021179
4424636
8371368
4438755
5067890
3896232
14860530
4008765
4521422
4174801
8258483
3788070
4052494
5000581
4449530
8263408
11203082
4503376
4498012
6057922
4507293
4485696
4071840
4215008
4987018
3945730
9920899
9315407
4336436
4843208
3865391
5750713
9642397
4709343
4437688
4534319
5961979
3661789
5447840
4917504
4851002
11096769
4699076
6478393
8186742
4825041
5191131
4530587
4229910
4039868
4781246
4184104
3840814
3530162
5017349
4298250
4846548
3587010
3867341
3542015
11875813
3319414
3212361
3801044
4397164
4219769
4217148
3556067
4159808
3217396
4284692
4757389
3879903
3139482
4664698
4225183
3593952
3854657
3487691
3679694
9187650
4562096
4038584
3557799
3978659
3436355
6007159
5162021
3448805
3929994
3283143
3026504
5043324
3634824
4769338
4404815
3632671
3413465
3633507
4528045
3650860
3250547
3497757
3030571
4029911
4033025
3643196
2855140
3874940
4073340
5256424
4782533
3974001
3887569
3709400
3555225
3267273
4496942
3515102
2959220
7829483
3104123
4064277
4970179
4009728
3307867
4941842
4031161
3443391
3157823
3740580
3548930
5633359
3341843
7499650
3395599
3910214
3533548
4354105
3233114
8097141
3867988
5295189
3518912
4573827
3354617
4129918
3258587
3950366
3003408
3848460
3928730
4811939
3526750
3916025
20332740
4027708
4460170
3834545
4182728
4844046
4882367
4215805
4611968
4604922
5980500
4762074
4936204
16679037
7908660
5482857
4798354
4547358
10147266
5346938
5682046
4877244
4403503
4552142
5163257
4966784
3986026
3857503
3959317
4671573
5632684
4318871
4662030
6978180
6556969
4600624
6293567
5564454
4447571
4843953
5776991
5426142
4417114
5377846
5888401
5358966
5633717
4584721
5309853
4451202
5307424
5563208
5805925
5625379
11995658
10456276
6299713
5556129
5117263
5920444
10120260
5631098
5744615
5935230
5563830
6663668
4275714
5551368
8435870
15605550
9397976
7136761
7710570
10708270
7041799
9458354
4746493
5116324
9886123
5252651
5174299
4387404
5123803
5681228
5561078
6839382
4354259
5092702
4564994
6155809
5464198
14857766
5226639
7353430
5651942
7459171
7592688
5990716
5458190
4879725
5176428
3914962
3516125
6097671
5341136
5954151
5325127
5514298
5606737
5466399
6329399
5677270
8549367
8252202
5791908
6766862
5940711
13281800
6213178
6303678
5434002
5868252
5532610
8344706
5781499
5720546
4680921
5370174
5214695
12838005
5193923
5219170
14303326
21048636
5726923
11722217
8209152
11829353
5014714
5064203
5370171
6226897
7128693
8512541
4851144
5357759
5856686
5767224
6551358
5191018
4996977
4874436
4604869
4184975
11829516
5844912
5059382
5114619
5101573
6590354
7624856
14414855
5451581
5490702
7537192
6518139
4490069
5709172
6950426
5178732
5768934
5609183
5351297
6543311
5532882
6372484
4396932
6531301
4784869
5094880
4357308
5407089
5388144
4432367
4394571
9134524
6980205
6439601
7706754
5750942
5754125
5526672
5274918
5299310
17631138
7084338
4677177
4552980
3966975
4577247
5166309
4598406
4679111
4947001
4390002
5367639
8482170
4285205
4698412
4489552
9610953
5268554
5076334
5523566
4282189
4964845
5196209
5291350
6196116
4027194
4719659
4616495
4954132
4910197
4703149
4599600
9766884
5619044
10942556
5825753
6729047
12790608
4685257
4791482
4782989
6537062
6131662
5481231
4705694
5182073
6464479
5546657
5457763
4853840
5063895
11059756
4789893
4455599
4134901
7084756
5813385
5839449
6298833
10025906
5071131
7343352
3884395
10135723
7262291
21746184
17007337
5831317
6272935
4684908
5882806
6037639
6499590
9368302
4577720
6239465
6972404
5593639
5191649
4432819
5378045
5894903
6921332
8231280
4887019
10570644
5407597
5944560
4831535
4921748
4370983
8386640
4248059
7309659
4619081
5244897
5004825
12518137
8213153
5233528
6859047
12125804
6285233
8264599
7187943
5928778
11088679
5887360
4416785
6303277
13937220
10099410
6313992
6516101
4426130
6644060
5765052
5400915
5443407
5582841
19066513
8146120
8846476
7579916
5248760
4225300
7025899
5221792
4536192
9235078
5157797
10092997
9246718
4828318
5291978
6475499
6587847
5380101
4786581
6593878
5411246
7373128
6705732
6389265
7655258
4677943
4742061
6619104
4785557
7999144
4956645
7750715
5856368
7332231
9420159
5429912
4853974
6674705
6405010
5882907
7272680
5163877
6032682
6672148
6718812
6801092
5147115
9642207
4585985
6094558
7234541
6582298
10016970
4579965
7534442
18146076
16128972
5553436
6974585
5712107
7536544
10913169
7126525
5933428
4200643
12978929
4875065
10408912
6011178
4700568
6550968
6531673
8633280
8205801
6866674
4873634
5027197
4409946
8586312
14868499
6622919
5783274
10200589
4879896
5354223
5768001
5428252
6214450
4757051
6316712
8842310
6002091
6542418
4917692
6003716
9634126
18363598
13950786
4944960
6536053
6163812
8901737
4142170
6834445
4484143
4980063
5261487
19352765
6713549
6349616
5798570
8914185
7922533
6422749
5361042
8801360
4651248
11644451
5877242
5031611
7397652
9470566
6974062
4823287
5753037
5346138
7084105
6140146
7376234
5236915
5372362
5008460
4979091
6071150
4865413
4259862
4745997
4384274
4330455
4546198
4152079
6872448
4763231
7171744
4822232
7719366
16936814
6460203
4268145
5819365
5069678
5416496
6897963
9802801
6541619
9082061
10196585
4539216
4968972
6996116
6471574
8086950
4680691
4748788
4127313
6147595
4969812
5893718
3952149
5526512
6065458
4795375
6382978
10803616
4869577
5260862
5011603
20183096
10471268
6937117
5704774
6413886
5693515
4732802
4325645
8528046
5489319
4682471
7955575
5981553
4564757
16937576
5037221
4569806
5144665
4568867
4284618
6439684
6652150
7935315
4918518
6824993
6270725
4673053
3975965
4369118
4074946
4235802
5274924
5247206
6879567
4961745
4879577
4684770
5547165
5703412
12456840
5202243
6102911
4914135
10056977
6105777
9268346
6578009
11468653
5417352
5773851
7615106
9653493
6040654
13082602
6880288
8894222
4716913
5706692
11597463
6562275
4886009
4247588
6646755
5008784
11109045
4858516
5395754
5856130
8292588
11193798
13720131
5498113
5895057
5969729
5693829
4975540
5851524
4555838
5057033
5858700
5716531
13824765
12299970
6723747
6175112
5393446
6454448
6071637
5973428
6723675
7139988
6721509
9233729
6732220
9057090
8745203
5007035
6600902
5769907
6401839
6110322
7530038
5105514
5619009
7206124
8150229
5500610
4703697
5066460
9603408
14709459
5546038
5790406
6650181
5440873
8662130
9627648
6831528
4692042
7946302
9085773
4563225
6117089
6286350
17816996
13114884
5434087
4168014
6545971
5443866
8403617
4060022
4813756
5219352
7416921
8538350
4838867
5977405
10634660
11032732
5573831
4843852
5384689
7003984
9372701
4784498
7624909
4041462
6835738
5499521
9764296
5894969
7180596
5446695
4400341
4800246
4476575
5130230
7638132
7766372
10238981
7227538
4829659
21535442
5898598
4344042
5166667
6174111
4577115
5392422
5121956
5899657
5143846
5684950
4512524
4578907
4843807
4970592
4990605
5605917
5566683
4561137
5013138
15537195
5148037
3809768
5700276
5844987
4659559
4638357
5027440
5756041
4840312
4026730
5162288
4511876
4944131
4769829
4965613
4466131
5602493
5163120
4986592
4333337
5254051
5046803
5315112
5070816
9077699
16331776
7102953
11385422
14735516
6796069
6198739
5028784
6699912
6050620
4873577
5498212
11360385
5338963
5534669
3644614
5796652
5509132
4574855
7533854
6233247
6633174
6033861
6205122
7890219
10402203
7441064
7638462
4845293
7302526
6625187
11097423
12897185
5431459
5204179
6919408
7304976
5522070
11348811
7876208
5404515
11692376
15004832
8275838
6683110
3758561
5869963
6528572
5082995
6962167
5427253
8556072
5010008
13428390
11832560
4300020
10720505
5068983
5675899
4006477
5418076
3932243
4911226
6667581
10110873
4880048
4546704
4031340
8923579
5697130
5048570
8326721
17044535
4690248
8250936
5947215
11761445
6359626
8483351
5157814
8281700
9665366
8978310
28323443
5563205
8837690
12046115
13667315
5141997
5120648
22743802
5571670
7817763
10957474
4980953
17613734
17757157
15665999
7851754
5186565
6705148
4421136
6261550
4684586
10217242
6587062
9139818
5657725
6153321
6738625
5488149
7101622
5992882
5155979
6140158
5605907
5791385
5919793
12516111
4039439
5462375
5421209
12380318
11306318
9590416
8501751
9029106
7334449
5336001
10647262
5945019
4744700
12486527
6257627
4947119
5885067
5439543
5469033
7448382
4429279
12183260
5894626
9599400
5448746
5799122
14016632
28749015
5100897
8228359
3897869
6457884
5365741
6004281
6860860
4760464
10063965
5565569
5452720
6942848
11900998
6199813
6858141
11659982
13399495
7802895
20393206
14519027
5399900
23474750
7213266
5734849
6171636
4926075
7343355
14587237
7521926
5728855
6717284
5918569
9117096
6738088
12967469
6586525
5687642
10803742
13270750
16737260
30884631
7173567
4453354
8072672
5404577
6924640
24049967
5272928
5298677
11178963
6188595
15903392
8467769
6364104
5776394
9742497
4085313
7629508
5208066
13460674
3993978
4938990
5594326
5990636
9329352
11837830
17968172
14743416
5961762
4671626
7583151
7093639
12195447
9179412
7247196
5999942
12381837
11088781
13238176
4834621
4735978
7301755
11825863
9524115
5307652
5558138
4302530
7097967
6000069
16959931
6518936
10984908
12125849
5623088
5298644
5392397
5314175
5626005
6800376
4791045
10023435
7932000
6833495
11904056
7110776
8728761
5379931
4176482
5429010
13330903
4733617
6198541
4202446
9011909
4998226
27941755
31442544
10362756
5378416
4001105
8782224
4948435
4881869
11237376
8531963
6212872
6071572
4772452
5486563
6282836
4904264
4482247
24659304
5258432
10485429
5674222
5293706
7577735
4932829
7884733
4407235
4487486
5243830
6981459
5756515
5503648
5553694
12278932
6157090
5108420
3954541
6303341
12428869
10255595
5161272
18019905
4332674
7061674
4595658
5711697
6930810
6118759
5568672
5723250
7220710
5225070
6429004
4177094
11105902
7176849
4902952
9624450
6326271
5269330
4022830
6483112
4484330
8966491
6772905
4434474
13339448
4674069
5450211
5384218
4638822
7152144
9843529
7175289
13520574
5944657
32396040
5617644
4773836
4329093
6107537
5094665
5626558
4376353
5104615
9205160
5193845
4374395
10562129
4982572
9303975
7252952
5899485
12790138
4382482
8720403
7485526
6837063
11666835
6023430
5769040
5352710
5170308
4995855
14813118
4224337
14085854
5189440
5036413
6255966
6022965
6432368
6972055
4912295
9307873
5722057
7018801
4954070
5753923
7724728
6288115
9659003
5335016
5136964
5051623
11596789
5724442
5649646
4862303
5041195
7553957
6345969
5310123
9831549
5364650
13909936
5366835
4985187
5136320
11773076
5290305
5026187
5474148
11635729
20109764
7434741
6632707
4230834
4260193
4313336
11622310
6990749
7700258
5018041
10875138
8836318
4882764
6038503
6124935
5688724
10901031
5751900
5289987
4640173
4313477
6975474
4794798
4003863
4193470
10211458
4781826
13520037
5659703
4686550
5206566
10744888
3335039
4839181
8131354
6709864
6722202
5246486
6337702
4560405
4575166
5239186
5002070
4779192
9274622
4790095
5569336
18231966
5844691
5414732
6788906
5559223
10615131
5260688
7998788
7760522
5334695
4420872
5057930
5451418
4941775
4567693
10800762
4612615
5063624
8101472
4685498
6456860
5317811
4509842
5159651
5045450
17372720
13404834
4647217
5676768
6028361
15040027
7756315
4259239
18136112
5155584
5314066
8014535
6936983
3737239
4733872
5806593
4657895
5286567
11563188
6521259
5506806
4846456
4979214
10440673
6196859
5178397
12051542
4463766
7830653
4756631
4442207
5620421
4616301
11542500
4531812
4595939
3866726
7245651
11183708
4778660
5099110
4072307
6418631
7510192
6643031
10149128
4561554
16326337
5116594
4759105
3991676
4232655
4848764
4261960
12699240
5278921
6138703
5627767
6438291
6573821
5271691
5475375
4476119
4496321
4141306
6560430
4816593
12171749
5854341
5971353
7613703
5203626
6521497
17643353
5098332
8548838
4916517
10318726
4938469
4939204
12044091
4138623
7440070
6260535
4200700
11444504
5317076
4703069
12523271
4811079
5279041
13949751
7312851
6349840
6191292
12736880
9720382
4825436
15983827
9259285
5497159
5445562
5061465
4450558
6858620
7114969
4272994
7777442
5304420
4947848
6517081
7180702
5374053
4712544
7581750
9469120
17721573
3973181
5282443
5500981
12196389
6216662
6919499
7168140
5252656
6609493
4765607
5302484
6362400
6724696
6280254
5209342
3854964
4508734
4989783
7224452
5910626
4820918
4400709
4247232
4517145
4300820
5640082
5525747
6147402
4595770
4968543
7882017
5485218
19804076
9356436
7354999
5724612
4825938
4482103
5667672
6991475
5660553
10504087
14921967
7989556
4824552
5549009
5637001
5958009
5807359
7107602
4098405
6415819
4380270
4945627
5814405
7985777
4858988
8714871
5831263
4355371
4849878
4514190
5087375
4894250
4627331
5215960
11624479
15763424
5003014
7561140
3716739
5019578
4424202
5833473
3827440
9639101
6469277
4857130
11765157
4879131
3833982
11438693
6380176
7574887
3861687
4780802
12442030
5616665
4809932
5933496
13838600
11392861
4450871
4477347
4626039
5977199
8371539
4948548
4781119
4809915
4664499
4765980
4742895
5256100
10457123
5129326
5518991
4664248
15346371
6471717
4555015
4505094
10415792
5128917
6163407
7249821
5649744
16256781
5599759
5018000
5348459
8864838
9360475
5867090
4830104
5598000
5702674
4818090
6519366
3729000
5608275
4297201
5074734
4209915
4294417
13535719
24738578
5228838
14242785
4950659
4742018
8598989
6985514
4991022
7554457
4034486
5278950
4870503
5515166
4918542
5469428
3879566
4805191
6455759
5689189
5573479
4941974
10675694
6910262
5479329
4650792
5255039
4313881
4363594
3951837
5328804
5663946
13437292
6619314
4912655
5068988
6269423
7672820
11814045
4602034
6270916
11458642
6065579
7096116
7821974
9575417
4481591
20227601
13516551
14272655
5682310
9840795
8435650
5384567
6276137
7719707
5197781
4358703
22095096
10093520
4991598
6251434
5276515
5096601
5221736
5828358
7811258
4796273
14044584
21831933
6114193
7949385
5417514
4104691
5892188
6348935
12981268
4849532
5934656
4193380
8928813
9992070
5035585
6474533
5652599
6963308
7622334
4307823
5251677
4032645
5260998
4701733
4955170
5306394
9923192
10220629
6976171
5872326
4820315
5155812
6393548
5242338
7384922
20182851
19306797
4946959
6417468
6516460
5502382
8002826
5387978
9194312
5162545
5392108
6097933
13433646
5168895
11842304
19689187
10960902
13038152
4275484
4834130
9246390
7030476
5843452
4960850
5027094
3713075
5072472
5931842
21006275
12857311
6085301
5807334
16053984
7220936
4943874
20366412
5726713
5201575
5058260
7542129
23767459
11263987
4518492
4511780
13291570
36617964
36552255
19118110
22995947
19048484
12834522
22319405
10685517
9607531
5752393
23678756
17760923
11673443
5615510
5500867
6073999
15059005
9786425
10764478
5443419
5291936
4698877
6242607
4508586
6443513
5132393
7499942
5536209
7003513
11090183
3980559
4484613
5734424
6423700
4388094
4153723
5316238
6992494
5794308
6744869
5835989
5407141
4210951
7866690
4690259
6181680
6188555
16062702
4655938
4624251
5673524
13702934
10725303
8456921
21529285
23147057
30507225
4800990
5090940
11792980
7661064
4161499
3925335
10937899
10504699
7627638
5417974
4414535
4289273
18961424
8282557
5578294
5347823
6748642
12396436
4513457
6125034
4711705
5238158
4804900
6898017
4190150
6076863
6574079
12037983
5305475
7864029
8360276
42349239
5478362
15833632
16295048
5327505
15759947
5435483
7234993
9901513
14911626
6275181
8462728
4678251
7680531
7925658
4225961
5715229
12270296
4949364
4314275
8608437
11680847
28953538
7423076
4382068
6234086
6389104
39318172
5455938
6618017
6146221
16381128
7050160
4692193
6703760
6055308
16964299
18276575
5205175
5079394
4311852
9612643
5811948
5814496
4219845
4629028
6778035
4096447
5834727
5618369
5969179
4648724
5118448
6643666
4382814
4831177
6679735
5741567
4086863
4955836
4935031
5551171
5548024
4968073
5333928
5741994
13894797
5673863
5328187
5594902
4886092
5707344
5185221
13268225
13270913
5411682
12274873
6447915
15416838
9016677
5851353
3792034
5204566
4707898
6050599
4617190
5876140
7060484
4403425
5162291
4986795
5843706
14754810
4672145
4784164
7077421
5072626
5788826
4483231
3853531
5196095
8001810
28789055
4027246
6263866
7525283
4534044
4983911
5080481
5992561
5011461
5335939
4263405
13063644
5182401
3868268
8545420
6419987
4606724
5336504
4679076
6496953
5344778
6568700
10552296
4999815
11111705
4913306
5912710
4570739
4992179
5796742
4201996
4136922
6238818
4852512
6950832
5433990
6151914
4351049
5349882
6365592
20668550
5263559
11678610
5568476
5312174
10016754
8693431
5197652
9360829
5277710
4006748
3966277
4257853
4439693
5237265
5574505
6558790
15063403
5082712
7644479
4669718
6095020
5357051
14132577
4556645
4453445
4413043
5486488
7912723
5547126
5157039
4697566
3721817
5140433
5173176
3948427
3762672
4133272
6519261
11787273
8883231
5300061
5868957
6254032
4965919
11397990
4343674
4062084
3565892
12964126
5753928
12444845
5683667
4980906
12901019
6497812
5968294
4974252
5479712
5783319
8597076
5483543
4896781
4611609
6379099
4423366
12481496
5847916
4888810
4646081
11280885
4505679
5176178
4235955
4022323
8587540
5703137
5490039
6492991
10440353
5901156
5999247
4023742
5787880
5440525
4868670
4863860
4720215
11617939
4245891
8622738
6296318
5107407
4900598
5864858
13588129
4238866
5817826
6232274
5382685
4340458
4283725
6598076
4591063
4976144
4322514
5670520
4611874
13919741
12774543
7973464
4859521
5627903
4515629
16377594
10368652
6005408
22194561
3641527
6312002
5424131
4847198
13546909
4793229
7925630
6920827
4997242
4369953
5040443
5706461
4918420
6031743
6386506
6498916
6332159
6497639
6069566
5076951
4874647
5686414
4694179
4447880
5508720
7302978
8906438
4694865
5275502
5595260
6837560
5907867
4306785
6094466
7300155
4075504
5527176
6820718
11703351
6304572
7424101
4583415
5686579
5097895
5869647
5779806
12998265
3870209
5114604
6142934
4625815
5712042
5059586
4535961
4721467
4779322
5333768
7836081
6419239
4948074
13069236
4651822
5565089
4512167
4714853
5295461
5434190
6650524
5803344
6309293
4517590
4485218
5022827
4161665
5069879
7520597
7933569
12414959
5521312
6283835
4670454
4764724
3666304
5643121
7395195
4407327
5968851
4796928
4465875
4335357
5469805
3668773
5048375
6653558
6281267
5578119
4713326
7083921
6501930
8460306
4974599
11910781
5284800
10653068
3789992
7227525
4381109
5230913
13872163
5460177
5169789
5833306
3813236
5486006
3877021
4453890
10837173
7010395
5755984
4192665
5404359
5127168
5129027
5477598
4627318
5102859
7136824
4520130
5340930
4686028
10429197
4365434
5913149
6189014
3876696
4535658
15703178
6427473
11936132
4930129
6523172
8790050
4749953
4522056
13074100
6787115
6659526
5821941
4890516
4778615
5230866
5996374
5358871
6307056
5626046
12385748
4669026
5750729
7409725
5299417
3764067
6319530
4281836
4746026
5380163
4916202
3862555
5014650
5945604
3757929
3720361
12180749
4986820
5063391
4166282
7349562
4158100
4496384
5161701
6246676
5333560
5649168
6268915
4916773
5046155
6209525
4587066
12670692
4965593
5922913
4938421
8528792
5619607
4571245
4154078
4489857
3629168
4013026
5507657
4335827
5136564
4556196
5488416
4479044
4253784
5172202
4673736
5503304
5395458
4086915
4680261
4230522
4948831
4834432
10766994
5256948
4925843
5130040
7682495
9174644
5493996
5884188
5306764
4712872
4650978
10517617
5415013
4945406
5561812
5171862
3732378
4740589
5184957
4769343
3843245
6858923
10592622
6898995
5286098
4929842
4009100
5804447
13675942
5371586
4178079
9929966
5269772
5954156
4654014
4790673
4760534
4260211
5076886
4905130
6997178
5675167
4231745
4703284
6095874
4897667
5309155
3963866
4553930
4703388
5051238
5108565
5405046
10210759
4280069
4807200
13689125
7129158
4891369
5548933
5064170
5634184
5619265
5355202
4858491
4845124
4941973
5624240
5475282
5125222
7559562
4552418
4991067
5002393
4970587
4325531
4355175
5157668
5081437
11413796
5419001
5003209
4430776
6938964
5170841
12237373
6101180
5122998
4895854
4809378
4561923
12786182
7080114
5782313
6737763
10605443
4628231
5560477
5699723
4900337
6161513
4583627
4550113
5417503
4954695
4366713
5255451
4659704
4877232
4312343
5472043
5496383
4953175
5987354
5005386
4679557
5347891
4390467
4506558
4444576
4974564
5081672
4814270
4941372
5787662
6195751
4529913
4578796
4038978
4570247
4381566
5172097
4510176
6056915
4179021
5588594
7838258
6676483
4699022
5186853
13765287
4753779
4613321
4809509
5008323
5509870
6224422
7109314
5568830
4200366
3970055
9819484
5864159
5233574
3661883
5489318
3824102
5416812
5375339
6133128
11271097
4940770
5686293
9741572
7989846
6746972
6061612
4906184
7738288
5959042
6281631
5455376
4534300
6918344
4711745
4469606
5099764
6248943
8079046
4560442
6905235
4415107
10040785
6552901
4020297
10677919
4154020
6958662
5315035
4618917
7900170
5069713
6041492
5937070
4481108
5636521
4668355
5623503
5034972
7207677
3886598
4866025
4156992
4538731
6762302
5548242
3865274
4850569
5421506
5331471
4490226
4890215
5117945
8679415
11461961
5898582
4551261
5396388
5250641
5458225
4452214
6085305
9351809
5607422
5615948
5415181
5608961
5306975
4132198
4072446
8289312
4606533
4809169
4525697
4650432
5013850
5651998
4257037
4255002
4872723
5062293
4906492
7291278
4515287
6644982
6646973
6247430
7074192
6900365
5931342
4818425
4405081
5517535
4079440
5350877
4566744
4946520
5348354
4337316
4195587
3650153
4957412
5729773
5727246
3860173
5064139
4944494
4792013
4843848
5215367
3754850
4861951
4382326
5923787
6329097
4567820
4381190
4509784
5900273
11016509
4181903
13916181
4457281
4936731
9452326
6017773
5021525
25657362
3928711
6358430
8724453
3867676
5737858
5482455
4700553
4813629
5235066
4741785
4819515
5480416
4085371
5916319
6238113
4801035
5093096
4641552
4572361
13430380
4367822
4806953
3731239
4661746
4660185
5686456
4863676
4062761
4680542
5146737
7435883
4629905
4510744
6708215
4940250
14313634
6257824
6183020
6897726
4252089
11388108
5124384
4483427
4438469
6364120
7434614
4105521
5962041
4440984
4266620
5405677
5025032
4674060
5340863
4802754
11787405
5308327
7254771
5021866
4361388
4331340
4925817
6655029
5640328
4208738
5007536
4008744
5228330
4959106
4050330
6638554
4858060
4421185
4062896
7553222
5797357
5005276
6124734
4885872
6511375
4924318
4824023
6209755
4345831
4996027
5749600
4385501
9902105
4107139
4750588
4243289
4632714
4919823
4658255
5381368
15241963
5637766
11272815
5265137
6325600
5392708
4794186
5347505
4838311
4708884
5453063
6000471
5602076
5056516
4903285
5693760
5299720
9859863
4958006
6308441
7350354
6292850
4533675
4716951
5153939
5030756
5892440
4858050
5878783
4635222
4636884
5719197
5181664
7903309
5080228
5009461
4502108
5930783
19379724
5213327
8644970
4494420
4327142
14536492
6292047
5224793
6417729
5331878
4339883
4499301
13037727
3978855
5486525
5095226
4193157
5086416
7407665
4925655
3947420
4929519
7667006
5069451
5563827
5427036
5831671
3952850
4227124
4616431
6114983
4878783
11854979
12264327
5170880
4983761
4776213
6574897
4511118
5669605
8046231
4827329
10375619
4103849
4746543
5338818
8551535
5468010
4005400
6028963
5273382
4199385
4148834
4009271
4507623
4040890
11753677
4874846
4623672
3871632
4938964
5634942
5305101
3942044
6410886
4579257
4968058
6087970
6849433
5217106
5280120
7160097
6376253
5477645
5183351
3785244
5797376
5366723
4712041
4175782
4775542
4292380
3948590
6474390
7912204
5539459
4317571
6087830
4053643
5020485
5100631
4615565
7019661
4604204
5297163
8342057
3997700
3948047
3716226
5815430
7023243
4194111
5073353
5019214
5254574
4573133
4105564
4727543
4816018
4452803
3941523
4937193
5687447
9660396
5170838
4569859
7373849
5465174
5019663
6030482
4146274
15993595
5384833
4139370
5184328
3742456
4008961
4350235
3906853
12535852
7264820
5651517
5358745
5268958
6345399
4924175
4930719
4529219
4023263
7295633
4889643
3727561
4555492
5018104
5832520
5230605
6163529
7279570
5001946
4392079
5181803
4242240
4612285
7649008
12310053
4916498
7792102
5165673
4221726
5015749
5785273
3755961
17816557
5002130
5315183
3772377
4359148
5421146
4408223
4488438
3750287
3828681
7888460
4399293
7066137
5374395
4442572
4387828
5723146
4292010
4747626
6858073
5575926
4565351
5586456
5449674
7336378
5564954
4352698
4771606
4207404
6709581
5248375
4139247
5104350
4435273
4560101
4152832
4115153
3642491
3862248
5504568
5297013
4076513
6351076
4915671
3865949
4276689
4720431
4827552
5685759
7524961
7796202
5359051
4475321
5645143
4021053
7422193
3806417
5607999
6883830
3483491
5437613
5537042
4957724
5359885
4914963
6931138
4630193
6528930
5834822
4142414
7104069
4257764
4722342
4404244
4528847
4850589
4771443
4485852
5926332
4513908
9073861
7528697
5269586
5407908
4718293
5029638
7094764
6085735
4457183
5641798
6640379
6381513
4499301
4591383
4567408
8518903
4034870
6227408
4759823
4690315
5087168
6438195
5254694
4409677
11096178
3979505
5901174
3798423
5011848
4598516
5096778
4806933
4928547
6959058
4995891
5857469
4438685
4005730
4651536
9981145
13111006
4614693
5187372
4373787
4773999
5211350
4338534
3577579
6667226
5203703
5720297
4251559
4967709
4674595
4677075
4199183
5683433
6850916
4584145
4913933
4182226
6083089
4839730
5038740
4922927
15310150
4817964
4006919
5301470
10377916
5301359
6573199
4945690
4624089
5348757
4908329
5075498
5336018
4774565
5109672
4369117
4987846
8400342
4762449
5380639
5419400
5694052
5714656
4351389
6281385
6261732
4871748
5788066
5310476
6015292
4246793
3726725
4717794
4677775
4468476
4482273
4667490
7608718
4114720
5510577
4627357
4101608
5661005
5276315
5370370
5081189
3603085
4882115
6164026
6000275
5220260
4067993
3841605
4178311
5665501
6972987
4561295
5904349
4830185
6130160
4629365
5683741
8203562
5126239
5224454
3989160
4586412
4963607
4049545
4170251
5258046
4502569
8707940
4803291
8794406
5163791
5333051
5340535
6586833
4091480
5006385
7837971
3811591
4399651
5394782
5800085
4552553
4455195
5025617
5034136
4153290
4749526
10802387
5929656
6571696
5399103
4771233
3952116
4206479
4851816
4564352
4844427
4298255
4413341
4658340
4982975
5910385
5789688
4751640
5713667
8392494
4785960
4043835
4568221
9396025
5724708
4498075
4394190
3713988
6838663
4075076
5496893
13298880
6362020
7881315
4717663
3908290
5304186
6797754
4291441
4995330
5483411
4128193
4270640
10827978
5406954
5185552
5052236
5041631
4499720
5197555
4426645
8511807
5367945
10535781
5774526
3698346
6414325
4501424
5348773
5401013
4280116
4600947
4043935
5448109
4985644
5418750
6120054
5620672
5603522
7277953
11282334
5359150
6955486
4340336
4570301
4819371
4393035
4340440
8865457
10695140
5374197
5517901
4814336
5504419
6801049
4345868
14205745
6916194
3829198
6399933
5095005
5162964
5803246
6154013
4889967
4392678
5725827
5864679
5290319
7250337
4277634
5732164
5186322
4770433
11275813
5186973
5501672
6637476
5011053
6255132
4885894
4798660
6395149
7558085
5801560
4590198
10289177
6511512
4137389
3578375
7360484
4601109
4698333
5166584
4279810
7200329
4327462
8472345
4904570
3705739
4827067
4678436
3863055
8950456
4718490
4166100
7751618
4714026
6096961
4496659
4791787
3611982
5435790
5023014
4432316
8873229
4005785
4964094
4271707
5923881
3620669
4049704
4445604
3865850
4536656
3887656
7806311
3202701
5783330
4950105
3951430
4121250
3444180
9191175
4636454
4966094
3580286
4328973
5333020
3152106
3998540
3788728
3513722
3730256
3990026
3425271
4179080
6448354
4245885
3439709
4610647
4316268
4717987
4090034
4306289
4838166
3611766
6073453
4375160
4639989
3813862
3449583
4059220
4214876
18835667
3757596
3623826
6413318
3727572
5175796
4021760
6041407
4312496
4555304
4646713
4201201
4316316
3520958
3785299
3795882
4400739
5135018
5685877
4045177
4783531
4623785
3370098
3315703
4428553
4414278
4723921
8766054
4026832
4220748
4646361
3379207
5019741
6099851
4532352
4456642
4985840
3829506
4282859
6804374
10989793
4163506
6494963
4968690
5907052
3803971
4815052
5876605
9862136
4198530
4784766
4695916
4322128
4146913
4734628
4206220
4570222
4676792
4579728
5265562
4585076
4029966
4078743
17253795
4377221
3401416
6078718
4144290
3985345
4708678
5055553
6193617
9892298
4087579
4867243
4958129
5388555
3779681
4283564
4136089
3913558
5109405
5749357
5372589
4815635
6368305
11949566
5041941
11263474
4694014
4554656
4580250
14340533
4771232
5137369
11747758
5066247
7236739
4423758
5233093
8311590
4291699
5148591
6190742
5358554
6900598
6411391
5358033
5290919
5350258
4916118
4715639
13400667
15973443
4387284
5155427
4711928
4584768
8736505
5212526
5596242
4042599
4948597
9134671
11550328
5317076
6614921
4715903
4335924
3831083
6110278
4052168
12958856
4964614
4334783
7863215
3720655
5646914
4321479
5823942
4709183
5129148
5662939
4861251
10157378
5248467
4928179
4264092
4653095
9798957
5941933
4527767
11367420
6673132
7176905
5954678
4389476
4784831
5024914
5474995
10393181
6417054
4497730
5614477
5419299
5081133
5368698
6461863
37088032
4781387
5709185
7301261
9868564
6413341
9619312
9873621
5177421
9754791
7042406
11155286
5185880
4502795
5070170
11604348
10759046
10365392
5014961
9709357
7439119
4747785
4764590
5744224
8347009
8445954
4884894
8413943
4358087
7951946
4798822
6760324
4544652
5559952
11512018
9903560
11811595
4735989
5533261
5164240
4701536
4682360
8003441
5054575
10251664
5767073
4699505
6158452
6134638
3757713
5490878
34013329
11761362
4705741
5898523
5057223
4227981
7664528
3705103
4212846
6472822
4709277
7630190
6012294
4262052
4678806
4964176
4598417
4779021
4613925
8623628
5051781
4992798
5735392
4590436
4277630
5835132
4826160
4348001
3624784
4338413
4661974
3590948
5008936
3230212
3488370
5665481
4305595
3559616
5214346
4070092
5577067
5617378
3714837
4894403
4467410
3857947
4790948
3816806
4253550
5824812
6377217
4570707
5287323
4687696
4610056
4122605
4920891
5344940
4846041
3638622
4663821
3656744
4062401
5024821
3843965
4409381
4517508
4212087
4654576
5154808
4556800
4141910
4589674
5235611
4540633
9935279
4015521
3796058
5892738
5298872
4880255
4652021
3799509
6144915
4636449
7722287
4619133
4200791
3684846
4508894
4954678
4251678
4961708
4239846
4420208
4280896
4495957
3844588
3264257
5187216
5484748
6487033
4407540
5228720
4357771
5284229
5032556
3520619
4348468
3275390
6830378
10376265
4175630
4663399
4913996
4404590
3732973
3705008
6739806
8624717
6157112
5435742
4589000
3865843
4369943
3495592
5238905
3789501
4054590
4076681
4959483
3995597
3568717
4009226
4960692
4144349
4951879
5081669
4086650
4240413
4084097
4260846
4481352
4754065
4725495
5563131
3464748
3109426
4556176
4318243
3632120
3373598
4092550
3691670
3779267
3293031
4647128
3386208
4109494
4574025
5649324
3738623
4189698
3817240
4415519
4122896
3404782
4465965
4757860
4473142
4768673
7569477
5594396
3915308
5421432
6536704
3715157
8567449
4204563
5483192
3705434
5160080
4249980
4567092
4652474
5377067
3978604
3189038
5373658
5343489
4291387
5414846
3371627
4657984
3985976
3471712
4215836
3483603
4906535
4002886
4079323
3963240
4395178
4247427
3936755
4376734
3706906
4316999
4439379
3946657
3092784
4247241
4733201
3842161
4286961
4265446
3612667
4548931
5083873
3638323
9083543
4852133
4119675
7757916
4436538
3561631
5147833
4408572
4425595
7499047
4744645
12997126
3281909
4849441
3374805
3816188
4832818
4156844
3465628
5199556
4955215
3433507
3496470
4299834
5057401
3068942
3556812
4709642
4249787
4079346
3951623
3619931
4451932
4325998
8968179
4164791
4213485
3897954
7108195
3863761
4744606
4665794
4584435
3662985
4518939
4177487
4904939
5176879
4335016
3163333
4736141
8579633
5232755
3649514
3574765
4723620
3095334
4363003
4337889
5515523
3771610
3707236
4337112
5059098
4533984
4903400
3887167
3779744
4931002
5541769
8108466
4187470
5329392
3666903
4408689
4606101
4953415
11767286
3972183
4236654
3486807
4349410
3705208
5012154
4471908
3199379
3937075
3826038
6653153
8091055
4754074
4437375
4019774
4599712
4136627
4576877
4157451
4049936
4844822
4113751
4055818
4278993
3953711
3252918
10775898
3995178
4202141
3441918
4164329
3290567
8312460
4790101
3938826
3970368
5061016
3670093
4400501
5055761
3396614
3953136
4574895
4579409
3123943
3937003
4091094
3574498
11524199
3718743
4622784
3979922
4326369
3613581
4230703
3632421
3721751
3844626
3591854
3169647
3933191
4350067
3889299
4032468
3956122
5447363
3674225
4257484
7545320
3780744
4952719
3486674
4578600
4074669
8893065
4860035
3605932
3993286
7362503
3979373
3811391
3862815
4080534
6410989
4887360
4286858
5917125
3301614
4917044
3902535
4283139
4132866
3800968
4008329
4666007
3808494
5590936
4235236
5333640
4326520
3884288
3303195
3912370
4073498
3728477
5566228
2924145
4294547
5106067
3316479
4572260
4601495
3414849
9059999
4265194
4508862
5830486
3405440
4539721
4936581
4074572
4713170
3926835
3607971
4095438
8959264
3687550
3949642
4038898
3901479
3416508
18235747
3855068
3872116
3918483
3587715
4843911
4198656
4549842
4044490
4033001
4464905
4791317
4400125
3586925
3761592
3992604
3736738
3154560
4663903
4182034
3580557
3751873
3813602
3738361
3467066
3721740
3537868
4280459
3976931
3623341
3725783
5467548
4448931
2970768
6085981
4181503
4044043
4602430
3808084
3328516
4749474
4377447
3468226
3448141
3231168
4688351
4079030
3621602
4425940
4262256
3687457
4646677
3396569
4433640
3869410
4108282
4380640
4712561
7022482
7234185
3073660
5258892
4292108
4484805
5105013
4224023
7471735
4086048
4136233
3541853
3950828
4280824
4631582
4700726
4790832
8181501
4139126
4114779
4264625
4229951
4403355
4959038
3799877
3926368
4007689
3876463
3887470
5811196
4060359
6039401
4485482
5040144
3401459
4062362
3843729
4244211
4458444
7679868
3487174
5136920
4207474
5416386
4177083
4116770
3795113
7822692
3759761
5579255
4544068
4349249
3752828
3602812
4353165
4581044
4495275
5764822
4045669
5643991
6128792
4797472
6035216
6747317
3938505
4994720
7981215
4120530
3747714
3511373
5429295
5064547
5335611
4811401
3660455
4005200
3517328
3175333
15939306
4033817
3748056
3358386
3674066
4611076
3906060
4394550
3856272
3578376
4979599
4111488
4400683
4979067
3647364
3522027
3708524
3423598
3854806
4667936
4125804
3522070
3484602
4956014
4489024
4190254
4061187
5499497
4218429
3278703
3995804
4263612
4747229
4581592
3929503
4151938
5248932
4515644
4104854
4755488
5086833
4587225
4316997
4041318
4038114
4698068
3407528
4570990
4130881
3981073
3945285
4868939
3336348
3737055
3828742
4655209
3610305
4049341
3725194
4677958
4101192
5323796
3728827
3464701
4792984
5021470
3353913
3310106
4040084
3240582
3697996
4047663
4455733
4616041
3496449
3707603
4262030
3537221
3843285
3203103
3769276
3191926
3746060
3621721
3275108
3673299
4254469
3548253
3919651
4655665
5321951
3576131
4170267
3645966
3962424
3939327
4373918
13100146
3808499
7782991
5620475
4087253
4506737
3666993
3627116
3033595
3585123
4228944
3152753
4848319
4290143
3577573
4564482
3123968
3891322
4123047
3672398
3850591
3655505
5229633
3931491
3624421
3427811
3400673
3412329
3733023
4079818
3348953
4342513
4751241
4100518
3944321
3369278
5639281
4634894
3176448
3841124
3035160
3345715
3190217
3707820
4067687
3578924
4479044
3708827
4636004
3234080
3431966
6241948
3291016
4987894
3332075
3563613
3575168
3869415
4691939
3382424
3477244
5331954
4542603
2944233
5113568
3617927
4512038
3182050
4270528
5796432
3236978
3737207
4062053
4228410
3841586
4190784
3236596
3419522
4066702
3456589
3694250
3631213
3771461
3754343
3646463
3264487
3052684
3371785
3924301
3782336
3690740
4163870
2876024
3657851
3161850
3628994
4234030
3492829
3315374
3756430
3330373
2952667
4300076
3487788
3643133
3461059
3551128
2882732
3996062
3477124
3360152
5523810
4119480
7732547
3398090
3085114
4415577
3395637
3906557
3916287
4090803
4050561
3656282
3082418
3872147
4059907
3700867
4432601
4061383
4345416
3893868
4890732
4877724
4884604
3436973
3273282
2639177
2874575
3049456
3703187
3537308
4322365
4039095
4075083
4022676
3603647
3689466
3626721
3985647
4559878
3356781
3910726
4046941
3789515
3261219
3283859
2722892
2765590
3564320
4060989
3840321
3702806
3543933
3837598
3307403
3295378
3173400
3633126
3809167
4297484
3666243
3877160
3511511
4096197
