154334891
49877597
57380066
39607203
19146739
41257406
61780395
56980523
38798812
47444779
46538223
29600642
31602475
37391259
55907954
18237037
19421475
25641247
22612018
28591430
25889358
28965659
51925725
81271470
25161466
20602380
45036631
62943554
27838214
30913540
33057698
45297048
32264911
23492336
21488585
26859631
22152080
16741958
29993590
24905134
28977558
18648953
23146955
18758846
22211380
17893859
14928356
31030182
19210610
17765033
19678294
23788280
25409094
18497237
31892689
18634347
19134946
22833857
19347486
26348129
26562836
14159158
15999855
30112426
19548016
20710141
24210328
21005956
24123849
27735956
15343631
17357487
18297425
18383473
21991583
18371113
23679647
15082310
21694312
29366079
17017718
15216238
28856040
20677121
20267528
23385141
25810876
38092889
31609314
17768329
19354726
22167739
23454207
22331859
21019104
19087139
19447775
20275261
19527210
22665129
16358299
17701286
26227205
19809139
18581674
25554071
21266507
21266745
20813338
20948871
13421519
24598509
22960852
19906054
20694297
18084776
19172992
21960106
17819454
41629527
18057468
24116661
12724549
16451630
28472902
21591281
20360833
21589702
18260133
23909016
19017102
18268953
15179582
21491488
17102812
23909256
19606879
25518477
21041215
14229926
25701120
21393021
20476883
19534564
37059013
18726211
30025219
16318702
18426832
22731579
20463491
15666965
18573054
15234662
16826811
13990379
19631187
17882064
15319825
26137492
13888605
18055973
19010813
15666233
45975203
20412944
17059759
25187562
38195121
19972160
31948727
17053222
24892729
17330548
12831483
24641028
18032573
22526545
24368375
21814612
17736081
15656205
18758922
25870908
17437203
20513070
15351452
19879741
16841082
23504717
19413945
20791766
14201389
23970727
19195986
19613933
15549406
24660551
16022343
17194396
15990837
17229640
17161162
23811410
15740291
23185643
22895280
27957841
21888379
38318907
20257396
15200263
19030631
19130610
25932745
25650621
19414423
25767974
21877299
27714568
16588840
20225336
18705300
18524275
35973092
21940381
25019553
20859937
16427768
23328888
18144600
16361774
18523370
17694843
18972632
23684785
20942166
17425614
21019566
22240900
20898737
17246797
18616604
20216332
28294507
15759810
18818988
14866471
22110880
16241432
25822495
25533871
17762569
31047498
17868637
20711895
30028670
21239340
24679938
25918850
18742073
17832121
21563758
34565049
26028063
15190745
17901149
23769768
19051796
19373190
21940201
15278197
21213968
18348315
23144071
21106420
14283197
16964065
23484770
20959955
21402542
23557643
21202996
19883194
26419216
18400733
20512516
34247862
22766048
17343060
14710668
19260153
21292513
20483899
16927434
20291073
22048232
17296125
16282799
19156308
34999955
13043257
15596918
31442867
39898041
20444887
18762214
19170953
29440357
19750776
18845759
15173843
18074954
16220687
18938805
19157929
24518960
23818906
24058490
14142970
17998095
21226263
18509053
20691320
17722808
19751009
17055655
23144367
26113509
18358836
35892302
18236266
18250851
19524059
30237883
27630770
18253441
21626584
26964319
21098730
16355400
21611329
20374610
29123961
19893716
16669475
20840425
16666995
24221546
27396034
21336018
33054346
24291868
16801914
15644797
16908838
21839591
19294589
17567624
16090801
23127488
20007412
15481018
19546336
20930510
18015788
20149383
25466746
24004824
23499805
19377547
23763485
27267182
21396578
14505272
20088832
18395553
48689368
21364328
23941517
25164452
17795889
16493407
24062190
23330753
17911361
25584146
21003089
26628256
16185140
23637687
21546595
23465256
24610769
53819917
25487532
25864743
25816051
23814725
51971067
36503521
20809815
16754428
16986499
31857430
22444776
23798636
17999661
23426137
27373850
21962692
21129732
24771336
19562185
18219778
22041814
31877709
28218406
17806779
25920914
12933365
19489490
20852893
22267881
16804224
17443853
22814118
17662312
19422303
21574373
25786941
27243780
16654437
18491339
18226786
19691303
14898896
16215239
26545736
17546047
17909436
16971040
16996183
22616588
17830071
21681948
21430714
25767835
19771618
13599526
18261410
16661052
25643719
31783601
17227437
27418797
46883987
21663345
19626926
23722738
27842285
17628676
37569899
17606243
16167523
20428414
17915782
27577135
21390700
16753933
22118361
13310834
20359059
15530645
20270134
24250657
22471595
21446382
21308967
17507062
17609573
15222362
20114433
23798913
22490106
24367845
26476145
15050821
18930568
20486799
19902220
15467323
15652776
30720222
16811949
20835940
17659657
17360917
18327388
19077128
15706234
16287274
21004202
13475261
16346283
17733548
17656143
19222609
17756083
24812785
15654753
16656877
16106844
17769280
16928112
16781694
17450415
15448069
16654659
18263124
13396810
17964964
16036017
17629170
18178487
19207619
18799315
16551717
17551426
15941794
15416712
16145114
17617329
16674385
18864188
14536848
17295007
17730135
19450829
14236021
15743005
14733019
20374634
13340061
18500853
18441936
17094822
16560181
19446753
13639016
14638633
16230480
15059127
14324011
15375414
15315880
12307410
19400327
14929544
14538843
16351845
21015086
12920125
15861731
24362426
15118215
16194356
17244218
19157522
18095925
16005057
18346928
14605787
18669561
15822164
14836905
19159763
12824756
18039790
18120529
12013424
15245130
17662565
16591345
15891639
17902037
15938795
13448936
19479295
17850192
14925330
11958668
12623265
17381389
15714561
17604574
15807769
17403704
18023406
17792777
15967736
12372301
15119034
17993692
17294439
19603026
20320405
19424633
18035974
19939015
18631543
20192286
15000140
15096381
21595926
18081744
18340968
16950126
18522633
22509907
17082997
17897387
23517821
16105824
17755684
23923165
21643284
23596839
21094439
16452808
20889767
21106883
26229643
28727493
20542890
16215943
18704735
23193111
26758026
23537651
20918778
18733741
17227468
18018545
19764306
29188484
17683977
23142755
22526672
23737106
19873719
18447106
16172618
17659225
19630716
21047218
21377229
20283876
23507618
20898389
19512429
15357895
22555144
18574295
29738946
23866802
18478786
20777285
32388926
17333979
21330703
23540831
25859773
16492063
24403750
18494934
13574269
21234644
20894522
20071613
21263731
26237696
16529202
16641017
18590072
21252987
15530724
27593368
20522659
20216885
22360221
24887889
23201182
22370895
20503620
18700273
19025174
20098545
21835340
19813781
17656175
27903294
17610819
20611319
25890599
21589385
18907045
31523645
18371580
21128275
23676334
15476772
18797400
28676908
17572889
19350057
16997377
25185821
24507784
20848405
21791963
20594468
16809907
18995335
25947927
22557803
16651074
20239105
18060290
22584681
15450377
18565541
21560609
20616629
19104477
19330199
24721743
20776474
17045520
14061933
15033011
18395632
16194808
16449338
17591148
19486691
14637146
15702879
19558022
16632272
16430845
13542243
15157412
18539639
19182444
14683839
16449444
12409479
16470711
16192608
21387218
18723997
14405578
16927008
17142918
15223672
18085337
19395999
14308295
17371984
12775732
17412544
15555270
14645591
17534006
17196943
14925977
13689655
15246777
19403158
15882461
19342207
12289101
19661150
16106886
12843262
16888675
15084514
16013170
15149368
18294354
13498355
17460071
18132977
16190769
15068993
17488558
16756853
16520389
15606448
14846100
14649649
14500376
14343207
25378027
14579436
17480085
17202563
17297817
18037531
19009286
15985520
17806964
19151827
18174084
13769964
17271116
18689493
16376906
12922563
11978787
12178910
16742249
14719369
19267717
18661092
16199124
14360628
21305291
19980259
17417037
15332965
14791496
12469876
16386928
13416979
12547518
18088713
12892584
15223316
15334208
16739190
11047776
16487591
17779867
14650245
13425995
17959620
17053892
18325459
18601807
17281742
19777869
18597109
17717128
15021060
16885489
17940129
19409542
16134830
15732498
20211655
12400924
20104830
25796840
14552217
17744970
18661452
17139672
15238183
20631079
13630890
17068825
17948270
19254374
15184113
16422601
21622928
19457899
11914787
15506260
12911867
14560851
15617265
17679086
16739530
11390877
20098976
15669895
18137145
14306731
19511998
12742345
16769361
18594602
13513156
16297496
20842283
17923817
14579126
18294767
12221611
16600751
17626185
16813788
19682264
15836554
24109633
19764635
16979103
13628686
15435026
18473126
12909671
18549896
14877066
17306198
17904172
15128377
19340164
15229623
13787396
19776770
16557808
14978735
13367648
25935410
16783217
17200125
14412261
17844521
13472044
13507347
19651421
26572041
16479161
17683443
17479774
21387534
19117146
19143405
16381135
16091886
16215697
16076147
14788874
15863796
11905848
13943589
16071373
14097172
16724791
19975726
15287021
20777500
13115476
15982202
16540215
18978655
19640761
16201002
21568485
15037917
16615008
24384368
18352147
14518057
17269758
16039581
19723069
14098828
15521318
16033304
14067699
12497127
15605465
19980348
17561070
20874345
20686167
22558928
23651981
17566868
21625088
17430650
20172439
21304077
23969392
27758222
17941680
16433870
17031207
26830155
29669175
21568965
18224713
17605081
25694577
21338515
25070012
17472007
22733432
20947390
26262659
22841921
19785615
18698294
19926472
19028584
16388695
24118693
27061248
17663215
19714305
23444737
23850456
26305422
25808896
21096669
20979605
27518881
19506605
20159038
19263604
25134730
15356614
15026408
22935789
40242831
24141396
18512326
24944652
25442703
24307639
22084727
21507956
27176443
30685204
16094466
23993437
21944089
21964302
29301275
20350702
24291701
22931485
18004559
17679000
26785843
27283566
17859294
14883614
23958981
32045692
18884110
20183045
22753830
23781019
27519839
17667286
17369293
18517419
22224785
22921064
18500353
15621276
16846039
36414954
20596989
18234565
19054736
19318079
22246133
26648461
18102137
17027703
18723095
17126284
26461749
23166687
18220502
18079025
20793517
31027537
21488525
18455389
18830902
20654051
22613233
16465094
26841475
22247954
20610047
32228623
23127173
17055749
14056034
23568081
19355546
20982459
15963096
26435019
21693547
19240010
24364107
33533036
21884050
21654363
34232187
25427806
25273557
15966691
19125667
21334628
18753640
25716887
19099935
28934749
21081492
20548415
19358957
22118504
17165188
18631728
19186342
21226516
16468268
22139164
22545788
29169339
25232896
21432055
31838524
20357190
16891051
18986401
18634160
17010398
18328240
16448430
21076224
20127247
22562974
18452127
20845951
22389605
21294132
20785000
26159045
25964083
21850634
19441459
19745602
20797217
26237464
17360545
20002174
18501412
22338975
16447898
18870496
20693797
22914804
26521897
18900793
30673959
22344262
15853256
28789124
19319687
20662105
23350068
18770434
23901807
31227592
18193248
23239167
19099055
22187867
22337910
23064797
22631380
19535190
27917867
20901435
29114902
19341885
25954656
22926283
17563470
20151081
14410326
24192865
17921217
24420021
21204352
20736751
17153690
18071022
17987839
18149244
19454729
25296687
24638242
21653394
27811465
21436745
20355554
21120186
17550741
21901716
21044344
19345654
26150128
28174110
24767837
19448148
18226249
32464743
25899981
19733690
18063234
24502539
19884429
17126658
23489266
19381583
22919142
18790269
22383779
23350078
15907866
20009757
25141144
21483810
19645732
21633655
25857761
26180521
19582400
22669942
25357622
18911048
23344395
22503813
18500604
26298605
33947072
24710433
18677741
26894166
16143978
21270324
17879867
26680766
18256640
20108483
22991579
20014712
20208144
19464530
20141430
16704064
21897133
20548372
20608074
17024802
19708559
22354464
18462763
18683936
21284785
14255479
16120037
21301612
14319659
25973432
19764007
30583657
19056186
19864487
19513796
20785931
23763984
18266553
22011279
20234294
23228262
21032708
25580329
20278820
23808602
22338810
26185201
16060424
20701150
17267301
22479848
25082133
17483141
17893809
14663663
31860619
19806154
24083073
15587901
20742152
15834422
23609303
27018370
19400989
23063945
24342512
16369152
32951155
16116324
18797588
18788599
32424312
15695110
21258418
17085186
19154930
24020416
28655018
23297497
22006520
23883522
37220597
26178324
20059512
16787183
22288238
26481852
25788343
26872917
23627090
21967078
22017583
17514477
14178978
21448053
17062281
24046090
33373840
33645960
18519742
19218763
16384314
20067889
36344953
16288355
20954815
33141918
28042925
21940739
31871203
18026978
29310992
13713625
21754065
22351398
20204356
24694074
34038443
23497071
20369569
22870018
21478700
18434853
20900892
19813871
17279884
11813613
16275709
18518711
20510204
26288210
31027626
18944363
17763407
19873905
18618792
14847250
20247998
17808543
12160022
19575596
22792564
20879129
16769241
17281713
18799961
17953601
17474608
26614568
19091600
18790000
22560396
16988426
15326881
14523100
15002676
14033089
13355294
16750784
14880385
16075780
15100127
17702667
17011728
11163464
11971900
23259056
16007494
14017558
15013082
16731488
12327181
16348244
16532546
12922027
12181333
15437616
15824813
16079601
21460824
12371368
15251713
18707672
14833764
17903243
14997181
14483993
14382411
15061098
13764318
13806139
16058589
16583301
15058074
12555350
12474821
9943486
15471956
13875532
12829287
17006139
12373973
10739818
10769130
17150158
13792105
14145838
13744303
11709378
14304901
10606442
16394125
13408281
11178621
18467786
14211237
15540952
19574479
13854198
15577134
13324136
14591311
15115250
15536902
23826126
12899454
13637746
13329121
13183361
12806011
12451449
10759403
13150992
11928833
11278493
9875852
15364622
15399215
17946052
11849754
12509284
12790929
21659761
19108016
14189012
15724772
18606219
13888401
12125738
17284661
13989664
13663929
11822833
13345994
13069608
13112531
13930517
13052982
11331799
11949747
14753683
13181833
15162771
14259360
12619591
16142492
17271276
26088336
18802018
11088942
17821991
14412130
16957055
12980695
14662801
11332474
10861630
19567933
19089533
16332068
15834200
12016354
15260156
14790605
15587547
10756524
15434985
12163168
16135081
15865294
11983916
15781216
15198093
14958052
16615865
12491349
14066109
14415264
11378672
19296999
17753821
20175275
18141818
17656528
12414338
15342361
15149437
22427189
12972319
11101979
10752573
14091363
13548405
13329773
13616855
9903342
16913305
15356219
14156756
13441056
14518874
16926601
18539749
16297611
13814784
14279548
18319534
13536352
14076131
15569021
17831516
16399832
11956640
15478692
15821844
11954030
15308239
20301653
11985579
16916490
15652577
14679922
13160280
11388207
14289729
13850396
17625744
13664674
17290384
12810008
16653846
14275891
16514813
14289682
13793058
11514466
15331537
16469519
20800977
12715428
14836654
15417305
16358040
17207609
12672440
14690764
12714888
12395681
12846294
17076811
15135608
14587156
13553242
15592147
12576812
12358770
12225514
14536929
13452505
15896227
18324848
15776243
20119422
15763856
14974197
17089750
14085176
23820612
14234869
13651867
16208888
15606816
12025008
12036971
12090511
19655176
15428920
13375706
19792751
18675772
16484053
15296449
13673218
15682985
13166667
13188770
17602766
12301567
12902694
12850765
18768526
12858299
16328945
14099976
16643216
12251743
15421904
13960341
11036789
17688453
15079515
14704609
11595920
16628370
10383828
13195351
16429181
15255289
19779221
12932964
17667508
15640045
11693602
12751426
15782490
10270428
13912719
11407488
15724540
13814514
10846610
12755928
11115603
12758764
11431687
10976033
15073331
15633329
14508037
13738814
11646117
13529434
15494650
14041261
12725191
16079459
13870625
11654314
11342301
13820738
14926986
11448440
10977666
12741008
16488041
13133514
13206628
17423555
12868370
12781539
13595942
12714293
13097036
13618097
13067105
11500134
13089594
12752189
16469001
16834629
13504414
13452160
12968323
15253310
12657848
14890334
23263128
21191170
11787839
14798657
13298827
15268780
15930268
15248388
11954229
11077260
11076429
14015570
11204516
13271677
14232200
14507503
11391289
13932288
12920167
14685073
15529879
12824350
13474386
13677783
12616180
12304076
15587063
12835289
11625950
12624491
11915935
14346065
19165776
14482768
14187278
11158024
15021043
14759572
14708642
14685803
9740806
16577648
11646238
11794970
13533581
13894415
13845081
9821447
10816065
13082960
12809321
13779713
11807843
14855495
13929982
11351855
13527217
14375527
14227386
12810991
14893126
15107597
13600671
12614733
15417626
15828464
13906850
14000050
12232941
11742501
13346168
16559693
15459451
13434861
13881908
13336832
12382967
16738649
12071458
13425918
18022507
14206399
18197523
14235494
20728162
15931247
15753256
15920679
17181087
11853678
12551147
17371929
17813867
12971739
17006340
13782128
10662996
12823231
12032495
12501189
14416878
19528080
14285132
10455764
15728735
15640969
14454257
14294426
10828068
13744361
10895144
13315368
13461268
16630506
11863737
15620153
15155316
14332205
11326882
13725348
13902608
10889005
14849939
11965728
15565721
17196258
14976526
10929118
11552319
11754946
13853286
13419557
14153490
11878230
14633431
13673211
13805687
11795567
11959544
10668120
14411253
15547426
13031714
13094484
9408562
13813851
14750090
10234171
11161799
9822823
12409182
12636492
11970935
9387320
14439698
12395176
13475491
15117031
12908407
10239344
15137684
19354547
12748522
12869071
12767899
15948868
14631066
9974638
12371038
9788381
9700673
11583273
9972570
10545111
11665430
12157929
10248852
12028419
10781999
11866028
11194044
11745654
15042658
11832270
9470393
9453453
9851285
12565978
10049447
8346907
9176151
10089731
10420389
13318248
12245089
18311035
11546916
13130485
9309030
10810344
8792878
9908527
8522086
12303170
11904867
11018786
11175682
8219991
8026785
7604226
12001492
9328575
9158277
11028855
11420875
11935449
10041967
8843790
11673265
10753786
10379694
9538255
12497254
7947428
8991699
9745447
8476297
8786002
9305074
11546417
8194240
11896819
11422958
7838651
12850266
15068365
10288025
10659020
11532143
9557528
15782309
12000536
10302315
11066595
11405006
13025697
10469480
11279176
12664648
11999702
10044315
11075537
9471922
8633915
10558062
8640518
12159531
11029718
10475677
8683140
15031971
10546058
10914487
11034877
10234265
11932916
12614384
10343230
8845670
7371437
12384694
8798393
14814978
11747204
9845271
11301606
9203604
12657359
10576117
9788787
9998079
13995031
9694682
11281633
11729108
8987494
12491756
10428620
9820258
10364235
9162138
12500917
12350892
9640545
10751441
11783725
12105097
13228054
9540455
10770038
10391163
13606855
13102565
10643775
12583743
10965889
12611819
11024646
11672787
10614777
10562875
12434319
9875916
11424526
13007072
17131715
11006596
14220288
10124037
10682526
18490991
15395371
11085563
10905629
9964969
10155944
12395348
12145947
13274319
12018597
13291044
11132508
12245624
11468593
11857039
12099225
10076872
9907558
11013142
9889969
9661308
13499604
13333930
10712457
13970474
11358068
10855057
9713283
11145259
8506944
12761360
14226730
12311014
13006575
13158533
14314694
16739409
9830802
10009755
11390003
12037959
16961017
15531867
15402091
13399538
14836553
12449361
12699639
12307139
12451435
12832516
11341209
12008810
12410657
12907885
14850688
16100135
15817536
13483132
11484088
12257414
15152591
13909938
12851996
12586200
13014395
12148189
13596920
13664748
10842837
12475217
17165279
14043991
12387425
14944485
15408773
11256900
14238643
13880357
12241091
18478526
15519333
12037726
15770020
18120359
15187277
16088467
13633008
13670948
11690405
13646032
13407034
14340645
20078746
18888641
19263944
14682082
17553285
14772602
13482849
26461559
18786802
17060826
15493683
14122133
13983395
17762206
15484253
13113291
14330702
15352371
13397294
12839187
16423470
13711227
15421900
15398684
12181491
12352801
11385881
15259837
14748495
12820620
13332923
16004926
11961937
11502079
10954926
10958555
14890913
10941703
11177104
11020328
16121330
15296905
12745342
15335492
11091082
12427273
11916311
11849509
18125657
11466765
16803908
14043836
16742961
11247538
11417343
11795976
15554300
18382151
15716191
13632586
13162792
14884981
16044559
18605407
21674900
18470068
30326519
20612898
29422606
16186474
25863315
18383133
17907618
17207472
14498000
13391855
15294935
12378998
11975436
15637354
12493962
13276346
14082035
14459494
14651001
10988943
13715023
14633478
26606124
12299680
16727141
14957253
13990516
13965998
13303314
12661395
13268334
14044468
19049877
20713316
14652539
14741513
20409730
18342099
12629944
13203900
12455895
17543758
15534474
12991338
24120135
12878692
16301253
13888403
19912300
13825053
11722909
14676459
16687887
12122116
17168302
12975003
16014299
12196344
11377112
10646916
11687634
17578757
11368025
11496938
12654304
11727946
14804184
23649992
16891892
11692209
10552809
14905490
14470722
12797958
14289339
13775537
13261958
12237145
13904552
11445877
12034170
20694579
17134449
12132703
13854106
12114302
12383068
17864609
13376201
14169202
10083438
10499105
11445884
13347765
9933915
13490265
11898288
10770540
11322337
12106238
13752634
21305859
17259524
12559409
11841505
11762852
13489744
12243447
16075547
13269403
14141113
17486536
15763434
13787789
12052629
13572864
13348391
8161384
10588042
9431134
7792394
9260075
14022870
12669447
11944327
12980637
10728808
11302017
13062220
12059646
9538485
9678061
11497575
13424150
11500460
14387114
12372773
15012585
10244394
12374456
14087032
12801906
13815376
13357410
9655653
11782365
16094121
11035753
10727349
9234072
10883613
11955528
13613545
9743961
11865569
12038467
15596407
13571500
18638199
12665304
10700576
14830738
18502155
11875071
11706131
13063254
16207862
13475556
13054635
11699439
11489150
13766643
14453707
14142309
13074263
16131129
10684732
14579842
14809430
13892863
14631556
12221640
17478424
13759200
14300822
12714852
11137658
15195800
11077166
10150189
10812275
11685782
13696436
12352867
15045106
15783663
13781476
17543231
13489356
13601160
12562246
13797401
13333205
12504036
15068985
13051985
12457157
12185621
12231350
9340786
11172171
12260929
12994425
12109363
13088109
12160844
12937466
17726579
13820809
11881536
10694429
18509435
12967189
12216820
13799042
14108132
12623017
15018033
12915999
11228118
10989760
12479424
10869151
15356292
12550294
13155266
15220218
12986362
16858835
13985443
13320729
18642027
17531978
12561888
13154895
14769813
15742119
24778987
12677021
12724643
15264352
15639492
14121378
16012698
16512286
14716043
15517462
13937315
15354877
14259662
13889493
18326642
13554463
15088991
20125490
13505297
12779024
14873703
14564520
13584126
11524977
15504254
16176692
12652495
15265928
16411865
12788791
18384195
14850898
13958698
14406169
19024909
16202512
19601183
14507170
14781247
16011151
15296969
16357487
10575377
12408284
17068658
13420664
17221987
12469356
16071315
30425003
19925182
15560067
18536739
19426093
17032117
20791248
14465177
15932807
15825499
18390362
13293145
18035260
13942582
18383880
15584738
16334515
12676040
14310929
15677654
14497195
12417367
15531017
12663121
12566553
19034565
17581822
19294813
24503097
17549015
21235594
21047961
15971649
20625943
15392887
20024610
20700399
20264274
23436888
18832535
21025626
19262669
26429738
18788337
19106007
23611602
26395917
18595566
18590695
20072106
20756207
25180036
18232235
19964758
19493062
18062496
22302778
24864758
21295339
30733388
16378958
19644781
14228988
20054891
21999208
13259046
17244833
16426835
20885011
18387158
18132437
13822923
21002925
18640119
18183370
16382275
19390331
19017269
16034608
17910469
17070896
17609976
15920002
17377214
16650732
20898412
33116304
20578870
18973628
15033417
18225196
15813276
12775019
16412735
15422177
14896732
16669066
14114560
14467744
14495828
18098689
17464473
18104406
14421400
14691744
18538869
17703917
13782598
17337683
20157555
14545182
16230863
14549889
12682192
12972202
17194553
29913595
17036036
18334368
12748639
19690057
17394800
17334721
15607391
15038155
21273586
14578106
15444574
15718640
18179002
14386773
14581112
16992120
17751251
16172461
19013332
20590122
24580422
20554863
22130309
22536173
22300027
21646154
17494284
17646415
20731636
14091524
19940891
21870304
23401144
21230373
17894197
31396961
17763430
24786385
18535756
16192279
27365156
19500476
15436419
15316285
18959551
18095896
14263430
18690829
31638694
22009196
15420940
18530223
22754467
19706071
20613535
19689126
15607195
23453655
29121830
20994192
21459701
16414273
18262689
25301441
22158143
19356259
22868161
17863528
21937243
39638443
15130291
24210168
30304838
17930461
19989520
31967630
17945443
20663383
21238405
26814976
22271736
19279088
25256567
21130590
20406893
18468174
20330903
22570392
28697511
16150101
18892484
14824610
22118733
15095345
21414887
18616441
13234363
13687265
18354239
19782989
16455722
15545059
16360992
14799660
18648997
13563896
14998313
14459222
17911725
17994919
20826306
20559177
24976923
25782943
25956538
20854624
19630183
18927700
19448921
18175975
17031294
23053914
29652544
27007849
26861083
15420014
21458220
17400007
22560279
17044568
29116960
24974579
15949333
19110792
15308743
25634919
18531284
13385945
29985262
19334433
17661704
19257924
23843210
22089992
21903082
21075017
17966708
21959207
24490696
23511542
22752749
18018548
22517463
17900686
21052919
18561392
17986704
17043977
25918755
21577712
20801147
12544943
20433958
17407956
19293686
18891116
19886758
22311741
28059897
33324970
19215615
17175105
28897313
31532285
16724160
22881049
17166998
16675259
25575925
24142695
23248516
15475152
17776287
20266066
19000773
18462844
18431108
17943803
17643428
24584936
18152257
22426743
22515982
26703008
19827873
15561581
20267384
19012205
20071676
17398615
19134282
14570199
20804236
19084181
24686308
16781691
18530584
18489985
18389480
14399861
15938098
13449479
18081283
14295054
14258988
14919220
14797814
18314330
16818291
15478192
17926640
13565377
16075290
18579045
13501232
21521167
12290708
15872723
16671110
22814542
13734787
13665531
19210894
14655172
18407453
16998136
13221526
16619455
14267816
14457974
18863782
17329933
25063002
19398629
15981987
17077112
14604483
20049744
16555768
16895000
12709196
13833800
15601794
15346920
17259724
16927074
17381319
17995058
20403756
25357099
17965955
13661701
13375327
13845346
15801446
19317406
17057974
14671621
16465877
15786426
19834551
16435648
13114378
19272323
17066861
14446694
13818056
16439957
15846644
14177664
14789359
14053186
18046890
15453793
20450643
15694115
13597000
15001630
16022857
20758982
13999503
11125061
12610239
15776501
15810729
13776403
18868319
17024383
18693184
15491597
19060236
16525107
17532990
32992313
23305845
15433671
16303061
14316669
20897551
20826048
14536569
19193563
21075682
18741035
25559900
18657481
13330931
18813869
23461896
20136997
22010445
17821781
17334324
18735130
21573358
20318188
17064050
21279654
19152432
24229849
21632136
15243893
23774859
15802317
21820733
20377721
16412482
14676121
21165643
20519407
26102243
25329929
30188551
24957064
24552590
19375390
16506028
20989007
20529275
15410633
14111233
18851944
22934321
15292029
19839092
21180573
19320018
19664162
13985082
18481319
29918644
20173348
21433278
24397293
23043809
24585396
19092750
18589138
16706029
19936823
18821837
21082794
20616231
20114091
14468497
15351525
16018011
18345755
27010054
16255784
27759114
21745703
21789339
18525514
15983410
18815931
15525623
18011071
25284282
19848849
15169796
20995270
23858924
41107609
19940964
21610379
18026969
17866802
26865500
24736377
19169611
22182116
22350134
17878942
22169945
19397634
14145557
18780114
25129852
26661076
15689418
14379725
28382697
23916696
16332794
12272822
14273838
21037369
19048285
29400971
20335074
18648927
21938153
17608852
16397050
15669476
15729268
19754965
21707358
28436502
22211207
16633093
20712280
28686427
21831095
18589409
16649061
16011097
29863635
23297149
18164765
31646843
15485296
17866939
26485083
18612900
19812492
21194441
23127318
25312411
19354819
21143844
21325473
19256769
17519513
14447389
31618660
20669571
25384962
26676298
16738752
17547746
18507630
20108905
20912699
17396487
20482640
16847326
18035514
17549805
26105808
19045521
24991504
20109291
15949657
21691595
18598652
20640475
15026375
19818649
16438034
16145481
19307675
19543281
16890209
16984758
14013255
15284426
25551271
19177499
19572605
22043013
24261566
40208866
16167641
26542286
14734409
19522343
15731624
23677448
20768431
22921798
15793346
15197321
17252405
13747597
17661417
13304904
17782419
18134523
15207108
16329419
20300660
31219216
22977847
12417114
14095835
12493326
14379013
18482823
17771353
16452170
16036918
22484814
16829750
17209932
14048496
14105835
14608297
17298544
24067951
14568559
15563829
15728601
25002713
16259441
23515081
19298390
17469491
20908423
14978884
18709005
16736861
22393717
15570140
19608730
17119536
22591360
21088444
25831600
13147446
16551326
22155015
22736450
17913352
17450969
20269287
20745799
21475872
20902750
21243306
18387276
20933381
13830901
18731965
20673005
19797021
16200792
25319518
22260862
17261223
20214583
21978567
28441397
20392815
18783495
20506200
17308356
23796446
21480875
20574917
30829729
33177154
20766570
20518399
30910633
35487284
29042272
19747911
19392274
18572004
19035581
19013973
19047101
16187788
22694232
20795311
23322420
15490205
26372687
17077454
19846165
34737784
35609624
20776500
17652949
26683493
34439842
22580950
19954956
16271808
29726151
41607190
21482830
23556186
24197372
24537556
19953515
47637229
22917722
41153577
17108489
19861551
18344877
18245072
26166502
31714826
28782087
16764076
17675810
26375045
44649043
28960286
16120907
24078314
34626568
18291480
21255408
24802478
20257904
17568218
22640561
16798909
22258074
26495315
18263504
24375781
18933973
25996142
17974834
21047215
25986931
20382097
19749548
20505972
17873103
23053371
22069456
15997722
20450791
18930343
24988072
18084269
19561719
15433181
21171101
17269823
16611323
20917305
21511405
21629007
21042475
24274611
30299718
14006561
12901437
13405356
20715944
15598759
23209692
22691721
22671647
20878919
14923883
15910703
18686902
14776599
19210695
31160435
18572193
15139611
17831873
17590316
19596755
17101266
22149320
19809912
15378410
26724177
28763678
12228301
18048389
18025208
20214941
18253114
21934716
17152930
15315982
34733850
21994854
19271098
16871359
21084159
24167959
17365569
47972106
18125001
21838363
14789962
19204023
20328352
25599965
25573428
18835145
23146895
21781344
15966229
40168879
18572873
28566780
23007602
23418969
22610704
23659878
21636326
21294289
19239747
18753038
15467839
27017856
27258907
20371668
17009267
15267423
19567333
16552970
24366205
18893050
16557129
16765497
21302736
20413641
22676978
19968188
16574693
13409831
14041527
19243388
22597465
17485935
15927074
29060090
34774250
19372526
21899727
19367295
14738820
17676908
17963522
40711010
16002674
20197965
17663344
22114466
19067330
16410611
18618195
12431889
26909515
24156258
38287741
17301458
18484595
18064737
16334107
20598488
12985811
20009651
18139571
26377043
20720564
17283355
17586808
17209226
23089197
20414405
18633243
14212509
17485837
19403322
15570315
12674228
15019349
18098691
19797149
16744585
19181281
13196268
17400440
17532972
28021084
15906936
18662563
18292772
15918539
17773728
17697707
18059311
20126465
20144840
22240505
14235638
14750154
20946341
17748597
18314133
16144037
16682550
17245350
14065803
14334187
17110341
23801100
21685990
16646348
14367991
22853626
18884129
15046741
14407316
17706060
22302939
16903843
17339984
25238965
22253691
12488808
18071993
25953410
13392231
16777863
14483191
14184714
18177967
17957830
16906551
15593132
14961450
25527680
12305667
15162960
26379978
14388540
21352497
16798417
18379917
15907998
16069962
16232090
37346247
17787414
19397848
16538095
23247199
16421864
20484106
18656158
14734959
17416259
17467566
15591876
15407110
18656674
17038373
18501467
15615282
25317667
19766130
18995544
16200242
30870460
34119288
21126483
15862082
21932139
19561448
16075861
20261526
17238579
33501589
16700588
34232457
25005199
19469672
14819372
15865942
18288407
17707214
20137303
16590961
37605572
17884518
14301515
18205557
22471076
11805011
22597849
18373052
14694567
17300352
16682353
13814942
18329372
25192087
18060215
12255388
18277240
19213137
16305155
15629148
23178080
23676166
20633011
14076725
18988826
15634417
13276054
14930935
15306292
16937529
14801308
18511266
27858220
20121273
21377823
20211462
14201503
25656463
25791275
18425322
14452179
27068569
17580652
15022546
16796032
15857859
16480808
14770625
15614056
16334270
16776929
12817085
25512121
17112086
16911584
20202408
27287145
15835164
20183670
18324587
20241660
16641135
19946632
15876898
16690420
32745655
14387670
14511839
14318652
16397381
13875019
16347344
16453887
17318992
17670964
17591799
15522359
16750506
29892685
17161074
14588407
17925846
19800578
36746077
18728449
21409966
15430577
15813843
11452109
20554984
18683811
16482715
16333129
26520980
12982691
15878404
20083914
19038887
28107919
14739272
20294014
16349065
17599875
23234667
20264198
13726503
9766008
16263610
25145763
21283236
17253689
18701567
13038487
17355882
14999717
21157949
16496392
15018960
17261938
23849887
12215279
15196733
16522991
20891663
15644705
22137295
14607765
20127901
14450104
15518598
19566347
14722819
14133834
19607923
18411364
16905184
12856036
15808651
14956904
23997072
16423396
12905869
18849311
26102233
13554415
14117252
15691980
14510614
17808899
17919997
13641047
15138476
19165510
15761890
14281444
18419094
15824689
14939413
17051034
14533745
16139807
21101116
18506537
23551987
18159029
13519145
15362398
14654687
17808315
15548882
15721541
20827610
13243998
31651225
18613617
19971053
17895672
12226518
16774815
16151971
15971374
25970401
23553842
14926760
17007462
17276045
12110443
16316887
16335924
15836598
17469338
17758535
13579877
18792903
18446899
16972942
31801719
17687665
22048637
23031220
15176038
18272758
21235230
20470912
15858523
24598996
20266563
11910447
18642280
14693805
17023890
22725099
17186926
17997564
16802130
24365822
20388916
18920506
13054768
18255709
24414401
13468896
20432923
23863193
21475768
11264966
11385240
17598748
17993234
16937299
17798834
22323545
20904207
25433987
15792964
19569396
14324480
17344532
16086713
15830391
16622834
17213897
30228301
27875898
25363350
13445578
16467053
14982455
15716400
14834952
19747129
26428107
23112365
16236138
17421887
14649941
15777974
21439225
24954838
17068713
19652413
13256382
14585080
16982732
12676806
13221134
15493409
15269689
13030935
19300260
15737006
18106039
16151995
22942921
22755072
20221131
20330479
21476008
20569415
15273799
18422891
22571681
17689076
24812706
13161423
12607082
20929744
13672845
17113242
19324752
15725785
16558934
14191852
13809032
18392820
19850543
17694659
19505624
15636472
27102611
19841853
19708643
18681840
15239319
16463383
20736325
14884847
16306449
15970944
23328223
20676512
17905362
19718524
17208689
14019529
22736202
17268711
25589837
27491794
24267800
20431765
18900594
16931156
21489205
25698387
22362128
16313702
17516330
14877374
15135964
19165998
14996554
21433335
14518616
24940658
21856537
16241016
21572479
26120081
25511675
18316831
24698345
12896006
17156091
16075048
16583864
18133921
17997608
16892454
23275702
21588019
22884495
18583310
17369353
17271897
18036503
17522362
13113695
19003513
25188330
20521450
14153104
18314741
16171228
16710392
18710139
14370176
19280753
17907653
26683527
19843547
17783633
18419634
21534376
17800764
32621206
14828392
14507145
21514397
13579174
26397145
17476889
23697377
16809588
22860398
16495508
15864633
17613168
28809369
31160008
18693111
15117443
13091013
16292593
25848714
17247052
16295720
17411779
16094750
18553934
28994986
24513879
24000953
32885632
16372086
17240105
14633330
26020502
20282298
20905184
53071610
18228796
17535049
18613909
21862487
22853064
17272960
26447023
13581221
25252754
40186921
32989419
12394165
29909820
19336715
17518092
17475945
15646700
15149255
16119365
17134643
34554384
15844591
18233979
17626529
25615772
23269742
19111671
23552482
24636316
26129431
28882845
26547060
17746675
49628253
21828267
13789178
18397551
16232764
21875059
18253146
17154248
22082633
20545255
16719366
15857170
18694522
15772065
18237076
18371374
14125967
22794256
25843305
36393949
17892536
26620119
19726073
19492724
31888504
33445886
35806522
22724191
19785304
16520641
18951500
23778530
35166635
22122084
29409581
17880807
22095289
18575002
21646529
17474560
17603207
24217204
14912091
19799793
25317511
23179434
35116382
17278445
30125327
40070632
23238695
22749450
21041371
21387105
15302633
18649307
18153470
14412352
20127181
22549694
19759237
19630888
32895102
17563349
23754667
28934050
18591092
22245400
18869914
21837622
19458968
26668374
21838065
20131896
32036540
24292694
25523396
11641221
25852072
36086587
21108672
16399925
25487825
14992122
24513541
35732202
21019033
21237518
29333518
21998776
23652330
23450369
23978599
21072302
29225146
32587149
14626990
19696087
32294914
28976732
28219737
39077007
19793826
21758953
17392228
36726246
20088517
15867309
25713504
15999248
22536068
16317612
18979858
12457120
16355388
18361550
19461634
29622931
22208594
24157603
22416807
15530425
16453389
18165309
16397091
13522198
14688808
16545185
21313770
35718336
19342877
16654813
17211373
15397219
18619714
25067477
13022045
13217865
27812551
19127000
16658245
19941320
33304193
15748235
31040315
19987848
27309120
16936396
23833007
23299166
13117645
18341904
17313732
16524934
20655607
33432341
16353609
19266079
19649058
25355280
19535582
19917494
19214531
24644429
40026389
22677234
25445350
19560621
26460506
32894822
28846622
18018486
18807362
16183212
22199442
22099701
20554955
22600999
25379690
27075508
19313268
15521114
25419893
27743449
17464012
24239923
22708326
21570775
18491231
28007034
25280988
19862326
15308603
20964111
14978606
22716463
22060341
14999876
32545062
29848135
18155326
12446988
18911544
14902594
20657772
15787064
17432016
19342083
25160735
17769992
16285727
16061029
15726929
14783287
14442176
18212121
11612205
16824238
13997808
17546853
16024103
15151077
14838868
17221903
13665372
17958732
19629967
18069062
14921446
21048078
15216551
24331935
16926875
17371082
18437341
16632295
21624314
17005066
17626331
20762329
19077593
16867714
14875433
15554168
16713962
23712686
25532349
19312383
19819943
15451984
15364048
14013383
14638771
14480231
18850395
19488918
22558897
23390868
21429436
15286688
19485351
21585957
21167345
14089428
14380960
15138110
19742328
16418074
15690438
14483536
17706312
14285836
16923579
15590085
16757118
19629916
22347744
14737001
17829788
16528851
19914406
12438114
12350465
17495898
14964440
14870879
20104130
15925920
16735559
29346792
21418323
16032094
20542291
18388999
15838076
14979996
13353637
12411983
22331073
28546077
16029345
16785751
17535268
12958141
17061090
19941987
15933007
18790440
18701159
16533175
19150184
20324272
16071693
12741713
21361581
21034219
14593087
14163616
14382099
16042774
19948605
14127245
20303778
17315658
20080715
16289221
17918821
20176908
17123431
17207051
16402525
31182273
17743815
16159371
12555279
18937850
30207831
18797237
14132791
15714192
27507392
26445638
19966765
18030682
29307891
27206947
26942576
23593272
20439805
22026340
15333931
18674665
15910205
13908612
19868724
14801401
16720171
15610478
21185478
21387527
18495384
18366256
9804748
14782329
21100182
15215699
14826657
18593497
15324198
12875180
20827680
14543810
16200044
12295680
10032951
15348197
18757440
14073345
16180084
22888018
14166422
11134763
14092848
16119986
13978024
19971135
17862293
14708169
11127586
17446423
15459249
15699678
16342051
17819915
14962818
28614250
16222298
11064551
16833284
14578117
15097748
20475253
15605881
14186531
12675821
17747120
15048592
20470069
17893378
25652566
23125052
16547633
16743730
17811635
12580657
17762981
11518372
17124808
17448797
17883067
16002903
17486623
19042795
18316494
21097089
11681521
25750250
19379337
14386432
15810109
18617437
13434133
19179083
12058344
18659599
15257304
19230068
14285543
17695195
22651029
14378321
23543894
15267913
13136310
20401170
13787600
12605423
17258398
24217530
24161743
15384732
13433122
13656931
13455866
18604276
16275748
13651722
14669715
12245442
13632335
13797981
21468974
14213270
11844145
12122575
14171202
14990265
19214223
14243573
16784829
14778906
17575917
15257179
15391553
19534481
17744455
13672317
31003075
14554387
23822718
13465995
14105894
13612655
16114065
23655641
16208852
11833322
13463764
13707255
16448952
14186547
17459591
14768282
15506053
12975311
16870834
12675076
16707457
17731489
20371541
15558351
12516767
14710215
11786163
16714891
12557692
18997051
18621663
15873346
18656452
15289836
15439552
14216319
12740342
13361599
13949867
21312700
15875317
16187471
23697307
11717097
18246092
12630099
16480290
13080745
17332435
16481280
18279964
16316993
14965247
18832237
13000605
17077434
19121576
16257412
13878974
15198327
15827844
20645047
11758759
15187506
11992162
11671953
13640044
19323723
13790739
12534218
14537641
12858951
17146519
13594961
16224278
17058750
13415534
20052737
18388467
16491548
14871294
14147651
18396079
13335618
17443963
15898342
14264458
16258338
18147385
16215502
13725094
13654147
16901946
16205438
13484885
16689249
18547361
23904273
17778530
16362255
15972221
18873686
15887290
16486303
19862213
13369088
17262444
16038568
13016932
16145604
15422304
16931741
16361498
17795583
15143271
16402436
14157370
11383850
17001411
16447958
14197210
13404661
18378725
14608911
14166610
12023707
14133056
12563612
13453305
17594151
13356169
19760581
17080600
16177534
15157271
13887323
18356898
15079094
18106176
16755322
12091458
15739252
12336829
18958838
14180903
13174662
13948567
11947060
15770951
13578593
17575664
18700806
20979579
16756734
15582322
16272634
13018592
20457004
14730923
19855054
14689097
15503643
14004153
18613350
15326003
16123625
11901761
13444701
13993132
18499261
14293962
16430172
16173401
15394254
17162260
12225390
16108288
14249501
23870146
22249674
13654213
22818282
15724125
15399505
17299369
14785197
12598735
17382261
20202578
15294267
15320143
17163531
15994774
14353281
15778514
12640298
12425115
12108261
12381649
13114182
14216680
24245047
26054168
12778162
11645615
14485945
13050798
14539983
13406625
16565646
14418289
13139721
14371557
13242286
13336252
15974090
16079013
13824893
12670223
13561949
13596950
16329237
13321022
20416064
14373709
15219374
19316748
12473010
13911864
16431961
18834159
15231292
16080795
14918998
15215069
12024803
12328117
15845860
26714022
18278004
13165653
16196268
17497721
21923135
11789837
18768856
13821645
15394192
19843986
11799498
12913990
15174041
13330296
17553513
11597266
14271517
14551498
12830304
13218340
11741754
21568496
14450907
12546493
16517471
13906295
11560154
11012193
15247784
15486518
12984846
17614619
14422149
12844182
14592924
14090758
18808121
13537896
15434986
17929133
13777876
17831701
14112516
14916995
18091270
11533113
12386810
14801492
10935746
14502549
15172484
15501158
18725155
16022687
14233346
12800637
13617507
15343574
19600710
15964291
13832167
13143164
12429981
18659482
12420523
16231679
19973561
12482637
15186133
15195433
14490718
12960457
12984216
14312039
15453029
11688570
17269212
14283767
16316903
19972947
15901766
17937768
13784800
13226021
16160493
12484053
16310326
9472098
17267038
17003866
12643102
12762734
13956857
17331660
13406159
13567014
14308266
17498930
16216174
15114144
11837650
17266524
12171148
19264609
22502661
15609699
16989503
11970588
16379737
14302396
18763119
13561423
15093976
14083312
16892708
15936184
15527372
14643066
18581328
24427415
14977219
14352873
12213382
18978212
12571089
13105839
13879739
11378328
16946964
12821299
15884239
15538672
14351693
17304629
16272373
14289835
13050995
14780460
18673802
14031642
17051136
16356935
12435762
15767926
13793978
16531125
15191545
12604205
18450722
15101321
14142094
15677093
14466747
13610048
12849605
18674827
11298800
17725466
19213481
17437032
15438205
13625183
17727416
16982875
19748930
17288519
12168877
12085127
16570294
20244990
16369756
17140234
17917206
15237623
18240351
15496328
14895034
22341849
12675425
18194676
17764933
14204971
20284419
16461198
14425120
18219178
13353545
12605755
14482469
15831119
15039569
13426518
13350885
13371057
20551428
14083706
13630306
15900954
15897723
21529760
13971720
14777876
39682881
12994325
17671302
14816725
28252202
14520610
11882528
15626237
13867386
13146267
14889732
18992400
25745005
13198082
12890089
16155288
13459659
17045795
14804139
18511856
19081525
12828812
12578407
12884246
16589587
15809058
12512271
14421195
14660633
19788594
12713213
16651794
21333053
14079778
16055259
12088626
20526225
19400542
28581971
18539337
15288895
25038801
17843927
11610871
15082893
17244862
12975229
13894635
13006843
18000966
16275538
13036961
12701783
16612584
13345706
12896373
15397901
13551470
14331033
19300871
29983121
20372625
15589012
23048523
12874355
16128875
14811750
19893703
19282214
15510096
17064712
12440836
18640551
21496011
16262937
12211434
16155416
12235339
15247684
15786505
22534264
18173443
15533319
12856069
12275208
18170606
11291092
16347028
19395993
13662222
26787696
16855064
15986823
15613589
18142056
17886029
18457947
17462183
15020667
17219299
15581066
15544070
19524589
14477154
12122730
14685550
15220439
17339016
14051936
14433053
12873014
12001218
16003406
14546318
20207843
9251161
15280335
16259651
17634648
21531323
18749507
14697947
14453797
16501267
13611805
12872763
14561361
15811355
12979882
17056777
15402337
14488836
15300793
12447296
16037526
13401126
12150075
19439715
17797020
20748721
16843671
11733158
20354258
15508686
15031938
11499103
15542000
17873007
16517439
15220917
15868699
13692477
16582987
17747751
15099386
17341410
14182832
17202041
14510853
15350794
14100134
14593273
17021871
13893387
11851841
14402003
12120807
21403061
18262495
11041429
22908759
13553501
18503570
16021289
15594993
20051079
14419346
19898240
16350590
17417028
17966186
12407203
14304568
14024353
15657828
13474906
14249732
19551934
15448126
11001832
14200822
16825832
17663752
18293113
10759239
17665173
13853170
25500764
17652588
14132969
18850022
19222769
17885350
12914537
15975799
13751181
16855444
13645841
20407757
12080300
14267652
19151586
15860186
16609873
11555018
19461315
15856006
14837833
15870338
16981710
16770703
14628834
20795737
19498700
11708992
13706979
14992720
25041328
16844959
11718714
14842818
25216196
23379223
17784114
16647247
17458575
16946475
19033218
19020060
15109622
17705156
13403459
16216137
15924328
19756932
21577626
16729222
19130475
17288308
18104631
15136939
13434492
14749676
17468448
20255590
27896708
19255083
29300997
19182922
17168979
11449191
18617004
21877075
16831794
16631855
19248554
17142230
21008114
16369787
12620817
16652904
16644932
16545064
18709926
14134786
16249013
17708718
19587020
16203815
16819016
18349390
25886496
18731253
12704214
15176984
19663429
12035652
11535013
26591223
15088534
14681035
13164205
18532952
13439420
16943056
12908235
13455394
15904800
18564471
15156243
13494469
13371817
14928711
21340586
13226727
13721597
16654837
11248565
27806122
16332237
14714982
15711435
16606671
15505009
14733987
12431982
16917509
12340368
13880816
12730377
21983203
17888375
14475669
13713959
18083155
13713730
14693435
16365564
17654794
18071220
13104686
14298349
19447535
18124453
15616002
14643668
18766770
17602858
14453915
14832212
17239837
15002273
17273127
19603849
17776158
13367197
16005915
15180355
17286287
13273818
13082739
16227836
14830417
18384863
13803151
12677618
13298672
18732002
17109454
12761955
16526715
15961285
26345680
12330686
12813563
14425742
15747778
20686248
16659370
13672388
16533947
14204826
23807449
14690207
17447389
16653289
15508586
32257793
16143343
15482198
11217582
14289926
14709988
13983174
18318473
22653594
16722160
26636442
16857083
20922066
16506354
15583129
19549878
13464382
16642323
15195280
20274284
16620150
14204728
16735973
16846985
14786518
16657708
15582545
15448886
15348586
14523913
18539257
12752495
15146586
18673871
12618762
18963362
14090769
16241207
15444935
14762557
18804149
15738243
15835510
16783132
22760272
15414192
17424274
16209646
12130676
15302272
13327591
14100999
16285923
12859636
26226204
17258133
18073344
15617710
17456384
14422927
25367244
14238731
15769810
17085325
14491582
20572952
13312805
14265987
18733496
15447887
16932885
18132368
13129472
19469052
12839548
15643015
17025919
14307544
13321452
19348278
15442433
15818504
16744830
13122222
12867643
17988027
17070783
14983008
11308980
14504005
14090211
17098118
14544337
15059939
16343630
15358670
16662341
13255767
15855664
12294328
19338829
12160687
12141205
14014680
12174434
16229178
13240766
12875494
13522980
16639996
13607397
16903549
15924433
17722796
11949664
19551606
12069795
17214820
18755453
17374427
13990637
11722975
17628431
19604335
19722862
15802097
12418547
22708189
12948407
17788420
15032174
14022580
18036584
18453362
15058413
15208894
18172903
15055995
15546337
16433229
31311784
15686037
15746709
12827307
18216078
20161759
16101911
15553196
13803256
12220021
17075217
19222138
16431410
18709541
14509550
12246213
25667519
17228576
12980373
19764587
12301065
22456146
15460293
18191057
20953087
16428719
22328889
17412643
16805512
18686926
15285277
17760540
15086321
18233263
13786331
23972954
16037314
26773131
15392196
14075983
17835092
16527147
14770441
17050842
17477889
18851746
17511745
14520141
14281625
14091153
20421388
12537800
18835062
21598316
16572961
16610207
14975375
15226539
13338702
34570209
15454510
11655017
18067220
14449209
13031336
15841457
11693375
12828433
12478796
12594312
19458118
15258911
14296679
20639721
14262598
13978171
18778444
13387682
16151512
13700081
14654479
12042311
13689061
15494461
15222732
12412229
13423927
13627653
12812565
12853296
13108468
14100685
14509519
11738040
15148119
12154680
11522886
13088988
10785150
12344255
14722587
13995263
18506505
13575012
11424797
8437575
12080509
10612659
11290201
9677740
11778881
16120672
15039799
11393740
11554774
12367078
15965281
15702836
15038255
12389133
12427957
13827569
19107729
16962518
16983119
15896737
15839984
17202318
10593870
14165006
11693293
14425593
13368232
11396344
15879320
12963261
17630640
13324603
14041595
11161753
11332571
16369036
11889308
15562750
11362796
12236058
13210541
12756307
11512849
14395814
14074577
14126398
17164120
13511518
15216116
11906620
14243719
16164028
23245166
12745975
25348079
14383404
14695218
11920723
17722024
12403193
13800044
17532025
11323632
8523558
12923081
9472654
13311416
12534303
11795608
13528564
15333998
17470945
17794795
24802196
35324530
16205102
15629732
14508891
15054110
18885842
24151964
12653056
16422391
15800283
18996886
17942795
15339718
19850524
11741715
12345042
14549182
18323756
14654336
16303569
18952939
16607499
12390341
18679694
15508089
15880100
17965704
14115879
15197167
14215404
17098569
12555784
18842845
18299112
30548799
17536377
15363327
20239112
15585271
17534637
19322046
13763859
12212088
14875705
13038611
15841689
16688301
14555474
13839638
18060684
12198175
15782140
19251195
18692066
15495580
20008400
20225230
13094050
12775018
24276093
19661839
17461664
19988847
15110327
17632526
26719992
18899068
19805799
13562624
15428207
16127716
17335234
16686755
16180250
15514247
18222321
14635361
19382144
15643606
13538664
16712502
14999229
16861621
18544598
12715321
15764415
13380067
16061890
19268088
16576582
14904950
21301514
22489201
17548011
22931199
12934647
16066740
19800071
19128127
15185907
19579524
16002345
14687785
14606050
16832068
29117899
13532975
11532721
15967989
17816966
14905908
21433846
14391213
20049652
14775953
18217331
17301951
18696581
31746115
16956087
29052872
18835020
16761202
17985014
19393503
16504340
15013267
16795492
14694490
13632533
14080717
20349454
14111012
14392885
14554861
14754523
13621617
12613285
12373056
21890865
23214257
13069488
15028852
26075178
17365727
28336602
15321981
18338558
12713147
16168882
16224067
15968735
25521185
17907519
17874718
17886560
24887447
16047131
14905144
14198465
26698491
15321812
16373945
15268336
21197982
18040869
17208009
19235226
13338104
20707591
14165246
19018834
20144774
13752794
11599219
14053950
11537017
12131759
9849987
14394827
13373632
14528027
16449304
13741916
12912175
16005286
13191710
12036143
9893653
12018203
16649652
12645095
15386381
13518955
11264483
15281460
13398537
12660430
10387920
10751331
13391269
12901235
13663111
14154938
13221483
12210681
11442793
14190823
12893042
14275287
12356683
12262104
12531527
11674913
11005153
21885531
11291585
10639412
12214822
12129674
10025017
14112093
14174955
15472535
14326551
16548980
11938996
14516326
13393550
11160076
14619557
11386553
12389251
10908098
10608613
12594825
11937080
11979829
11214620
11668940
14403663
13708494
10895848
14534803
17960086
12541222
17211495
12871911
14470678
12008468
14651087
18514023
16134533
13170353
16547908
12874674
13677681
13326742
13000123
14576413
13563368
13700953
11858911
12716805
11458790
13622008
16689477
13493457
12636476
13502156
16302978
12512097
13705338
16841431
16390812
12109493
13353220
13886491
12523452
13184306
11086391
12348283
15748473
10676777
11766992
13309049
13378701
12717186
10044505
11586334
13120859
16677507
11175563
12268963
14806994
13969600
10996141
13919405
11430035
13089186
17334158
15020430
14472902
14065855
14296004
12666079
11297262
16512937
11343813
13449897
15262475
14568186
13874057
12643139
10997451
15135901
11575391
7846736
11955179
13949073
11249941
12214402
11123121
14315929
11510868
13412919
8061872
11616361
9728407
15555301
13761443
15698935
16066786
13685595
10980352
12070635
10825391
11086209
14959803
13448735
12564897
15797627
13422727
16931192
14179350
14539608
14560393
16239371
12497303
12156906
12213900
14838398
12830325
13330060
15572937
11113151
12524285
14690044
10081514
13947993
17592512
12215741
11764549
12429791
13862185
14951484
14690495
11673635
9536189
15177511
12247468
14694106
12084064
15991727
15103736
12564718
12299890
16782262
11542059
11537110
16535413
11568442
12182057
16827204
13152485
15964329
12506293
12792766
10487394
10458716
13451530
16589386
11652560
13325681
10320049
13370611
12512023
14691014
14261583
11669873
12243597
14476972
11636083
9586770
12997256
11026130
14461311
12577434
11706356
14316725
16299039
13842817
15076799
15438805
11202812
15647990
11339906
15311559
11072669
16102201
16826501
14686209
14066739
14236185
12195382
14630652
11117482
10482170
9301485
11788006
14895122
11872171
16140187
12213089
11917537
14696928
12689825
10347139
15367550
21049096
13269434
10760898
16809995
11439614
13959971
10976514
8349220
9504614
10505510
11174848
13636489
15091406
13409053
14169877
15236547
12323362
14625731
15868955
13696875
12612580
11372828
11692405
11991809
12686617
17068580
14681991
13296027
11907521
13782693
13213464
10864856
11999920
14794636
16442269
11260589
13652619
17194050
12724557
10176227
10273800
14865078
13508879
9397927
12665432
13651805
12741685
10963883
14201913
10656116
13076086
12257405
14021171
13760956
13663711
12164140
14222128
10917390
10806498
11357015
15285084
16233626
13305593
10144185
10803315
9936636
9715892
12809546
9771264
16704274
9408831
9975188
12469147
10612387
11916857
13091760
13218381
13935548
10400551
11856764
16113252
13140173
8881227
10618474
10752314
9593427
11004600
11174874
9799773
8834490
10962385
13277651
13377500
10216837
21449280
15683357
18437283
12251523
10667806
11621198
11405965
14592248
12521389
11937547
14316344
12897898
9776484
11894209
8895846
7899415
11181606
11993339
14868512
15692329
12407521
9545724
11666165
9069994
12564435
11545063
13018221
9938222
16559209
10524227
10074934
9372139
12098983
9714726
15267055
11174540
10930120
12574820
14170822
12114677
10776009
9709567
10127788
10991842
12272518
9820263
8254060
9352173
11682202
11649314
11599232
7067751
9545537
10008354
10326271
11844940
12304434
9769579
8096944
10490714
12644498
11331138
14197986
11195309
11879378
10481282
11471640
12399943
14181398
9388372
10363095
8685452
12979498
9413326
9948380
9858710
10466986
13768059
11520163
10876210
12165568
12667734
12623037
12522101
12379568
11001915
12402951
8595850
9957492
13940382
15153101
13585581
15240786
9025026
9888821
11465466
11434616
12100526
8358960
13135344
13362961
11183221
8543182
14916401
16615786
10145595
12602759
13481939
11809147
12393304
8927085
9637240
10345928
15608847
9548119
11665441
12945935
10511244
11362594
10124336
9954487
11033838
8729197
10787186
15119551
11767256
10204816
11860153
13629792
10263031
17607781
10814321
12349603
10923827
8782622
10156763
13750237
14366849
12615389
16602156
12150666
11830787
13096044
12577233
10267871
9318032
10029343
12273730
14745765
13191263
14072203
14171479
12482231
8540147
9619089
14038663
11423600
14300161
15134258
8848493
12569687
13123620
13685430
14478043
13969389
10208833
15014235
12999958
10989862
11110488
9779079
15920708
12954447
12843591
11644554
12249401
11147972
11532110
10714618
10017680
9156929
11553248
13140200
7536298
11311563
13228824
16042168
14288514
12458411
9741424
9011335
14380143
10440052
12800532
10567668
10794689
16630124
20780139
19310745
13462529
11717194
13053114
11540027
11437311
12446508
9883106
11054348
12056996
12295714
11303280
15689169
13225428
9726481
11999107
10258904
11959896
13096184
9148038
14815102
10285339
12246928
13422284
11011037
13227950
18249905
11794908
10189607
13072347
10129028
10300071
9256201
9180331
11064702
11088016
12617630
9245695
11201188
11430646
10034799
8843610
9486362
14977354
10237614
12231373
11678276
12707014
10519908
11757429
10317621
8534041
9424412
11641095
11437867
8933590
10726833
7652324
13392717
9544776
8291686
10681239
9118693
9174356
10305761
7047011
11912508
11294501
10408113
9360018
11322360
8635717
8657603
10754245
11944194
10240270
7880349
10871399
9010490
9090810
10622126
10490653
11010132
10135733
8860088
10505979
7155833
8689497
10753999
7519796
11398868
13072852
11025798
11800177
10967328
11955938
7771055
11788746
11930624
9909454
13323172
12972554
11188489
12163531
13298241
9332799
12482608
10630293
10690046
9085992
9465566
9006213
8958278
9556910
8791667
9927385
8996615
10665130
12520484
8772416
14157882
10306680
10652251
11440662
9785475
11039423
10020992
12053227
9990700
10141739
9019687
9871924
9840074
10139030
12644714
10590988
12657039
8437569
8525235
12387967
10770067
8105781
14018859
13204812
10888473
10061154
10532409
12196424
14796327
13819182
10003331
11198173
7676842
10104472
9950622
10259981
9879224
9520090
10537207
9755192
10543275
10439741
11013380
9514412
9226128
8369342
9620369
6047772
11374367
11438991
8642904
9333965
6249505
11564121
11675616
6724287
12589612
6770341
7784445
10771555
8109881
10199694
7664891
8223082
10192128
10050017
7492916
7477770
13396644
9742317
9764331
6748523
8800795
16100767
9518886
6526465
7425267
11708209
8878294
10694170
9607306
6335559
8539891
11564671
13977223
5612641
12595445
8696241
10562224
10102903
7993187
9865916
7523517
9519789
10337469
9994457
8424552
7354437
8777673
10042157
9139183
9687503
9797724
9296970
9918292
7849217
7413102
8711183
13852403
11273761
10729404
7769353
10599449
8779270
9398528
6513766
12038536
8058624
10413126
9947342
13355741
6526437
12415508
9655214
11122132
10302381
9657030
5763363
11138503
10079580
8984037
9164058
8797202
6626889
9890028
7889881
8429406
5600369
7299125
8364328
12872663
11214892
8700351
10244225
11327249
8756744
7861014
6771277
8250920
8912493
9806876
7465002
12392360
8528278
10470058
